0.000128984451294		-0.00169658660889
0.00649499893188		5.04223537445
0.0117528438568		-0.00169658660889
0.016991853714		4.41301250458
0.0222618579865		2.48474884033
0.0275769233704		0.632600784302
0.0327439308167		5.0219373703
0.0380039215088		-0.00169658660889
0.0432469844818		5.03208637238
0.048506975174		-0.00169658660889
0.0537447929382		5.0219373703
0.0590069293976		0.586931228638
0.064279794693		2.72831821442
0.0695037841797		4.00198745728
0.0747628211975		-0.00169658660889
0.0800039768219		5.02701187134
0.0852618217468		-0.00169658660889
0.0905089378357		5.03208637238
0.0957629680634		-0.00169658660889
0.101006984711		4.71747493744
0.106295824051		2.23610401154
0.111507892609		1.23645114899
0.116759777069		5.02701187134
0.122008800507		-0.00677108764648
0.127268791199		5.02701187134
0.132510900497		-0.00677108764648
0.137764930725		5.02701187134
0.143013000488		0.312914848328
0.148263931274		3.14441776276
0.153512954712		3.66707897186
0.158764839172		0.03382396698
0.164014816284		5.02701187134
0.169267892838		-0.00677108764648
0.174523830414		5.03208637238
0.179765939713		-0.00169658660889
0.18502497673		4.86970615387
0.190271854401		1.79970741272
0.195525884628		1.5003194809
0.200769901276		4.98134231567
0.206027984619		-0.00677108764648
0.211269855499		5.03208637238
0.216522932053		-0.00169658660889
0.221770763397		5.0219373703
0.227030992508		0.145460128784
0.232273817062		3.46917819977
0.237605810165		3.6214094162
0.242775917053		0.145460128784
0.24803185463		5.02701187134
0.253275871277		-0.00169658660889
0.258530855179		5.0219373703
0.263777971268		-0.00677108764648
0.269036769867		4.98134231567
0.274280786514		1.50539302826
0.279530763626		1.8200044632
0.284786939621		4.86463165283
0.290031909943		-0.00169658660889
0.295281887054		5.03208637238
0.300530910492		-0.00169658660889
0.305788993835		5.03208637238
0.311034917831		0.03382396698
0.316283941269		3.80408668518
0.321533918381		3.04800415039
0.326791763306		0.317989349365
0.332034826279		5.02701187134
0.337291955948		-0.00169658660889
0.342537879944		5.03208637238
0.347789764404		-0.00169658660889
0.353038787842		5.03208637238
0.358290910721		1.19585609436
0.363540887833		2.0838727951
0.368791818619		4.6616563797
0.374039888382		-0.00169658660889
0.379296779633		5.02701187134
0.38455581665		-0.00169658660889
0.389792919159		5.03208637238
0.39504981041		-0.00169658660889
0.400292873383		4.12377262115
0.405553817749		2.78921127319
0.410795927048		0.597080230713
0.416052818298		5.03208637238
0.421299934387		-0.00677108764648
0.426554918289		5.03208637238
0.431803941727		-0.00169658660889
0.437051773071		5.02701187134
0.442302942276		0.911691665649
0.447629928589		2.18535995483
0.4528028965		4.36734294891
0.458055973053		-0.00169658660889
0.46330499649		5.03716087341
0.468556880951		-0.00169658660889
0.473805904388		5.03208637238
0.47906088829		-0.00169658660889
0.484312772751		4.37749099731
0.489555835724		2.45430183411
0.494803905487		0.891393661499
0.500059843063		5.03716087341
0.505316972733		-0.00169658660889
0.510558843613		5.03716087341
0.515816926956		-0.00677108764648
0.521059989929		5.03716087341
0.526317834854		0.657972335815
0.531561851501		2.77398777008
0.536814928055		4.04765701294
0.542061805725		-0.00169658660889
0.547321796417		5.04223537445
0.552565813065		-0.00169658660889
0.557815790176		5.03716087341
0.563066959381		-0.00169658660889
0.568317890167		4.68195438385
0.57356595993		2.14476490021
0.578818798065		1.18570804596
0.584067821503		5.03716087341
0.589322805405		-0.00169658660889
0.594584941864		5.04223537445
0.59982085228		-0.00677108764648
0.605078935623		5.03716087341
0.610321998596		0.353509902954
0.615573883057		3.09874820709
0.62082195282		3.72797107697
0.626081943512		0.0186004638672
0.631325960159		5.04730892181
0.63657784462		-0.00169658660889
0.641824960709		5.04730892181
0.647078990936		-0.00169658660889
0.652325868607		4.87985515594
0.657622814178		2.00268268585
0.662827968597		1.48002147675
0.668080806732		5.00671482086
0.673328876495		-0.00169658660889
0.678580999374		5.04223537445
0.683830976486		-0.00169658660889
0.689082860947		5.04223537445
0.694339990616		0.180980682373
0.69958281517		3.4336566925
0.70484495163		3.45902919769
0.710083961487		0.125163078308
0.715341806412		5.04223537445
0.720586776733		-0.00169658660889
0.725843906403		5.03716087341
0.731086969376		-0.00169658660889
0.736343860626		4.98641681671
0.741588830948		1.55613708496
0.746840953827		1.76926136017
0.752089977264		4.89507770538
0.757349967957		-0.00169658660889
0.762592792511		5.04223537445
0.767843961716		-0.00677108764648
0.77309179306		5.04223537445
0.778345823288		0.0490465164185
0.783611774445		3.68737602234
0.788845777512		3.11904525757
0.794095993042		0.140385627747
0.799350976944		5.04730892181
0.804603815079		-0.00169658660889
0.8098487854		5.04223537445
0.815104961395		-0.00169658660889
0.820346832275		5.04223537445
0.825604915619		1.29226970673
0.830849885941		2.0838727951
0.836100816727		4.69717693329
0.841351985931		-0.00169658660889
0.846602916718		5.04730892181
0.851852893829		-0.00169658660889
0.857102870941		5.04223537445
0.862352848053		-0.00169658660889
0.867611885071		4.03750801086
0.872856855392		2.80950832367
0.878108978271		0.546336174011
0.883356809616		5.03716087341
0.888610839844		-0.00169658660889
0.893858909607		5.04730892181
0.899107933044		-0.00169658660889
0.904366970062		5.04223537445
0.90961098671		0.967509269714
0.914869785309		2.35281467438
0.920116901398		4.46883010864
0.925367832184		-0.00169658660889
0.930612802505		5.04223537445
0.935864925385		-0.00169658660889
0.941112995148		5.04223537445
0.946370840073		-0.00169658660889
0.951615810394		4.36734294891
0.956865787506		2.52026939392
0.962114810944		0.850798606873
0.967369794846		5.04730892181
0.972617864609		-0.00169658660889
0.977868795395		5.04223537445
0.983117818832		-0.00169658660889
0.988372802734		5.04223537445
0.993618965149		0.673195838928
0.998874902725		2.69787216187
1.00412297249		4.27600383759
1.0093729496		-0.00169658660889
1.01463079453		5.04223537445
1.01987290382		-0.00169658660889
1.02513194084		5.04730892181
1.03037595749		-0.00169658660889
1.03563284874		4.60583877563
1.04087686539		2.20565795898
1.04612779617		1.13496398926
1.05137777328		5.04730892181
1.05663490295		-0.00677108764648
1.06188392639		5.04730892181
1.06713676453		-0.00677108764648
1.07237887383		5.04730892181
1.07763981819		0.434700012207
1.08289790154		2.98711204529
1.08813381195		3.78886318207
1.09338188171		0.0186004638672
1.09863495827		5.04730892181
1.1038839817		-0.00169658660889
1.10913491249		5.04223537445
1.11439585686		-0.00169658660889
1.11963796616		4.84433460236
1.12489485741		1.94178962708
1.13013792038		1.42927742004
1.1353957653		5.02701187134
1.14063882828		-0.00169658660889
1.14589476585		5.04730892181
1.15114092827		-0.00169658660889
1.15639185905		5.04223537445
1.16164398193		0.196204185486
1.16689896584		3.35246753693
1.17214298248		3.46917819977
1.17739582062		0.0997905731201
1.18264484406		5.04223537445
1.18789696693		-0.00169658660889
1.19314599037		5.04223537445
1.19839787483		-0.00169658660889
1.20364785194		4.97626781464
1.20889997482		1.61703014374
1.21414780617		1.47494697571
1.2194018364		4.92552471161
1.22465896606		-0.00677108764648
1.22990584373		5.04223537445
1.23515892029		-0.00677108764648
1.24040198326		5.01686286926
1.24571585655		0.262170791626
1.25103592873		3.25605392456
1.25628089905		3.56051635742
1.26152992249		0.0744190216064
1.26678085327		5.04223537445
1.27203297615		-0.00169658660889
1.27728295326		5.04223537445
1.2825319767		-0.00677108764648
1.28778481483		4.94074726105
1.2930328846		1.67792224884
1.29828476906		1.65762519836
1.30353498459		4.94582176208
1.30878782272		-0.00169658660889
1.31403493881		5.04730892181
1.31929278374		-0.00169658660889
1.32454586029		5.04223537445
1.32979083061		0.0997905731201
1.33503890038		3.61633491516
1.34028983116		3.24083042145
1.34554696083		0.206352233887
1.35079097748		5.04730892181
1.35604381561		-0.00169658660889
1.36129379272		5.04223537445
1.36654782295		-0.00169658660889
1.37179279327		5.0219373703
1.37705087662		1.39883136749
1.38229489326		1.95193862915
1.38758397102		4.85955715179
1.39279580116		-0.00677108764648
1.3980448246		5.04730892181
1.40329194069		-0.00677108764648
1.40855193138		5.04730892181
1.41379189491		0.0186004638672
1.41905784607		3.89542579651
1.42430877686		2.96681404114
1.42954993248		0.444848060608
1.43480277061		5.04730892181
1.44005298615		-0.00169658660889
1.44530391693		5.04223537445
1.45055580139		-0.00677108764648
1.45581197739		5.04223537445
1.46105480194		1.08929443359
1.46630787849		2.25132751465
1.47155594826		4.55509471893
1.47680687904		-0.00169658660889
1.48205685616		5.04223537445
1.4873149395		-0.00169658660889
1.49255895615		5.04730892181
1.49782085419		-0.00677108764648
1.50306081772		4.24555778503
1.5083129406		2.64712810516
1.51356196404		0.723938941956
1.51881194115		5.04223537445
1.52406191826		-0.00677108764648
1.52931499481		5.04223537445
1.53457188606		-0.00169658660889
1.53981399536		5.04730892181
1.54507088661		0.805129051208
1.55031394958		2.58623600006
1.55557394028		4.26585483551
1.56081676483		-0.00169658660889
1.56607484818		5.04730892181
1.57132482529		-0.00169658660889
1.5765709877		5.04223537445
1.58181881905		-0.00169658660889
1.58707690239		4.51449966431
1.59232187271		2.34774017334
1.59764695168		0.78990650177
1.60282278061		5.04223537445
1.60807394981		-0.00169658660889
1.61332392693		5.04730892181
1.61857581139		-0.00677108764648
1.62382483482		5.04223537445
1.62909388542		0.571707725525
1.63433480263		2.86025238037
1.63957595825		3.91064834595
1.64482784271		-0.00169658660889
1.65007781982		5.04730892181
1.65532898903		-0.00169658660889
1.66057896614		5.04730892181
1.66583776474		-0.00169658660889
1.67108082771		4.7732925415
1.67633199692		2.0331287384
1.68158197403		1.30749225616
1.68683981895		5.04223537445
1.69208288193		-0.00169658660889
1.69734382629		5.04223537445
1.70258378983		-0.00169658660889
1.70783782005		5.04730892181
1.71308588982		0.277394294739
1.71833777428		3.23575687408
1.72358679771		3.60111141205
1.72883987427		0.0439729690552
1.73409199715		5.04223537445
1.73934483528		-0.00677108764648
1.74459481239		5.04223537445
1.74983978271		-0.00169658660889
1.75509285927		4.92552471161
1.76034188271		1.72866630554
1.76559877396		1.58658313751
1.7708427906		4.98134231567
1.7761027813		-0.00677108764648
1.78134489059		5.04730892181
1.78660488129		-0.00677108764648
1.79184699059		5.04730892181
1.79709982872		0.115014076233
1.80234885216		3.55036830902
1.80760478973		3.31694602966
1.81284785271		0.16575717926
1.81810092926		5.04730892181
1.82335186005		-0.00677108764648
1.82860183716		5.04223537445
1.83385181427		-0.00169658660889
1.83910179138		5.0219373703
1.84435391426		1.44450092316
1.8496029377		1.89612102509
1.85485982895		4.84940910339
1.86010479927		-0.00169658660889
1.86536383629		5.04730892181
1.87060689926		-0.00169658660889
1.87586283684		5.04730892181
1.88110899925		0.0186004638672
1.88636398315		3.85990524292
1.89160990715		3.00233459473
1.89686489105		0.363657951355
1.90210986137		5.04223537445
1.90736985207		-0.00169658660889
1.91261291504		5.04223537445
1.91786384583		-0.00169658660889
1.92311096191		5.04730892181
1.92836594582		1.1501865387
1.93361496925		2.20058345795
1.93886685371		4.63121032715
1.94411587715		-0.00169658660889
1.9493689537		5.04223537445
1.95462489128		-0.00169658660889
1.95986676216		5.04730892181
1.9651248455		-0.00677108764648
1.97036981583		4.18973922729
1.97562193871		2.69279766083
1.98087191582		0.637675285339
1.98612689972		5.03716087341
1.99137282372		-0.00169658660889
1.99662280083		5.04223537445
2.00187277794		-0.00169658660889
2.00712394714		5.04223537445
2.01237392426		0.840649604797
2.01762986183		2.51519489288
2.02287578583		4.34197044373
2.02812790871		-0.00169658660889
2.03337597847		5.04730892181
2.03862786293		-0.00677108764648
2.04387688637		5.03716087341
2.04912877083		-0.00169658660889
2.0543859005		4.46883010864
2.05963587761		2.40863323212
2.06488800049		0.931988716125
2.07013392448		5.04223537445
2.07538986206		-0.00169658660889
2.08063387871		5.04730892181
2.08588981628		-0.00677108764648
2.09113287926		5.04223537445
2.0963909626		0.576782226562
2.10163497925		2.8399553299
2.10689282417		4.02228546143
2.11213493347		-0.00169658660889
2.1173889637		5.04730892181
2.12264084816		-0.00169658660889
2.12788891792		5.04730892181
2.1331448555		-0.00677108764648
2.13839483261		4.72254943848
2.14364099503		2.09402179718
2.14889287949		1.22122859955
2.15414094925		5.04223537445
2.15939593315		-0.00677108764648
2.16465091705		5.04730892181
2.16989398003		-0.00169658660889
2.17515182495		5.04730892181
2.18039488792		0.312914848328
2.18565177917		3.12919425964
2.19089579582		3.70259952545
2.19614887238		0.0388984680176
2.20139694214		5.04223537445
2.20665478706		-0.00169658660889
2.21189880371		5.04730892181
2.21715188026		-0.00169658660889
2.22240495682		4.89507770538
2.22765779495		1.80985641479
2.23290395737		1.51554203033
2.23815488815		4.99149131775
2.24340391159		-0.00169658660889
2.24865984917		5.04223537445
2.25390481949		-0.00169658660889
2.2591547966		5.04223537445
2.26441192627		0.140385627747
2.26965689659		3.49962425232
2.27491497993		3.38798809052
2.28015899658		0.155609130859
2.28541684151		5.04730892181
2.29066181183		-0.00169658660889
2.29591178894		5.04730892181
2.30116081238		-0.00169658660889
2.30641794205		5.00671482086
2.31166386604		1.5003194809
2.31691193581		1.80985641479
2.32216286659		4.85955715179
2.32741498947		-0.00677108764648
2.33266496658		5.04730892181
2.33791780472		-0.00169658660889
2.34316587448		5.04223537445
2.34841799736		0.0287494659424
2.35366797447		3.81931018829
2.35892081261		3.07845020294
2.36416888237		0.186055183411
2.36943984032		5.04730892181
2.37468481064		-0.00169658660889
2.37992596626		5.04223537445
2.38518881798		-0.00169658660889
2.39042496681		5.04730892181
2.39568376541		1.22122859955
2.40092778206		2.10924434662
2.40618395805		4.68702888489
2.41142988205		-0.00169658660889
2.41668891907		5.04223537445
2.42192983627		-0.00677108764648
2.42718982697		5.04730892181
2.43243980408		-0.00677108764648
2.43768596649		4.09840106964
2.44293284416		2.79428577423
2.44818687439		0.5818567276
2.45343494415		5.04223537445
2.45868992805		-0.00677108764648
2.46393585205		5.03716087341
2.46918797493		-0.00169658660889
2.47445082664		5.04223537445
2.47968792915		0.92183971405
2.48494696617		2.41878128052
2.49018096924		4.3521194458
2.49544978142		-0.00169658660889
2.50068998337		5.04223537445
2.50594687462		-0.00169658660889
2.51118898392		5.04730892181
2.51644182205		-0.00169658660889
2.52169299126		4.39271450043
2.52695083618		2.4898223877
2.53220486641		0.871096611023
2.53748297691		5.04223537445
2.54269194603		-0.00169658660889
2.54795384407		5.04730892181
2.5531938076		-0.00169658660889
2.55844688416		5.04223537445
2.56369686127		0.627526283264
2.56894898415		2.74861621857
2.57419896126		4.17959117889
2.57945179939		-0.00169658660889
2.58470487595		5.04730892181
2.58994984627		-0.00169658660889
2.59520888329		5.04223537445
2.60044980049		-0.00677108764648
2.60570883751		4.6616563797
2.61095285416		2.17521095276
2.61620378494		1.18063354492
2.62145400047		5.04223537445
2.62671494484		-0.00677108764648
2.63195490837		5.04730892181
2.63720679283		-0.00169658660889
2.64245891571		5.04730892181
2.64771199226		0.37380695343
2.65295886993		3.07845020294
2.65820884705		3.733045578
2.6634747982		0.0135259628296
2.66870999336		5.04223537445
2.67396378517		-0.00677108764648
2.67921280861		5.04730892181
2.68446993828		-0.00169658660889
2.68971586227		4.87478065491
2.69497084618		1.92656707764
2.70022797585		1.44450092316
2.70547389984		5.0219373703
2.71072077751		-0.00169658660889
2.71597290039		5.04223537445
2.72121691704		-0.00677108764648
2.72647380829		5.04223537445
2.73171782494		0.170831680298
2.73697686195		3.39306259155
2.74221897125		3.4235086441
2.74755096436		0.0388984680176
2.7527217865		5.04223537445
2.75797176361		-0.00169658660889
2.76322388649		5.04730892181
2.76849985123		-0.00169658660889
2.77372288704		4.99149131775
2.77897691727		1.6119556427
2.78422379494		1.6728477478
2.78947591782		4.90015220642
2.79474186897		-0.00169658660889
2.79997777939		5.04223537445
2.80523395538		-0.00169658660889
2.81048178673		5.04730892181
2.8157389164		0.0591955184937
2.82097887993		3.72797107697
2.82623696327		3.13426876068
2.83149695396		0.267245292664
2.83673191071		5.04223537445
2.84198498726		-0.00169658660889
2.8472328186		5.04730892181
2.85248494148		-0.00169658660889
2.85773992538		5.04223537445
2.86298394203		1.27704620361
2.86824798584		2.03820323944
2.87348985672		4.71747493744
2.87874078751		-0.00169658660889
2.88398599625		5.04223537445
2.88923788071		-0.00677108764648
2.89449477196		5.04223537445
2.89974093437		-0.00169658660889
2.90499687195		4.0425825119
2.91023993492		2.81458282471
2.91549682617		0.531112670898
2.92074179649		5.04223537445
2.92600083351		-0.00169658660889
2.93124198914		5.04730892181
2.93649578094		-0.00677108764648
2.94174695015		5.04730892181
2.9470038414		0.982732772827
2.95224499702		2.39848423004
2.95758295059		4.67687988281
2.96274876595		-0.00169658660889
2.96799778938		5.04223537445
2.97324776649		-0.00169658660889
2.97850179672		5.04223537445
2.98375082016		-0.00169658660889
2.98900079727		4.34704494476
2.99430680275		2.69787216187
2.99951791763		0.800054550171
3.00475287437		5.04730892181
3.01000380516		-0.00169658660889
3.01525497437		5.04223537445
3.02050590515		-0.00169658660889
3.0257627964		5.04223537445
3.03100585938		0.729013442993
3.03627276421		2.6420545578
3.04154777527		4.24555778503
3.04676294327		-0.00677108764648
3.05201077461		5.04223537445
3.05726885796		-0.00169658660889
3.06251192093		5.04730892181
3.06776380539		-0.00169658660889
3.0730137825		4.61598682404
3.0782699585		2.24117851257
3.08351397514		1.1400384903
3.08876681328		5.04223537445
3.09401583672		-0.00169658660889
3.09926986694		5.04730892181
3.10452580452		-0.00169658660889
3.10976791382		5.04223537445
3.11502599716		0.429625511169
3.12026882172		3.03785610199
3.1255209446		3.80916118622
3.13077378273		0.00845146179199
3.13602685928		5.04730892181
3.14127087593		-0.00169658660889
3.14653277397		5.04223537445
3.1517739296		-0.00677108764648
3.15702295303		4.83418560028
3.16227293015		1.90626907349
3.16758799553		1.24660015106
3.17277383804		5.0219373703
3.1780269146		-0.00169658660889
3.18327689171		5.04223537445
3.18852877617		-0.00677108764648
3.19377994537		5.04223537445
3.19903993607		0.226650238037
3.20429778099		3.29664897919
3.20952987671		3.47932624817
3.21478676796		0.0896415710449
3.22003078461		5.04223537445
3.22528886795		-0.00169658660889
3.23053097725		5.04223537445
3.23578977585		-0.00169658660889
3.2410337925		4.9711933136
3.24628376961		1.60688114166
3.25153589249		1.7235918045
3.2567858696		4.93059825897
3.26203584671		-0.00169658660889
3.2672958374		5.04730892181
3.27253890038		-0.00169658660889
3.2777929306		5.04730892181
3.2830388546		0.0642700195312
3.28828883171		3.68737602234
3.29353880882		3.17486381531
3.29879283905		0.262170791626
3.30404090881		5.04730892181
3.30929493904		-0.00169658660889
3.31454992294		5.04730892181
3.31979393959		-0.00169658660889
3.32504582405		5.04223537445
3.33029484749		1.30749225616
3.33556199074		1.95701313019
3.34079480171		4.73777198792
3.3460547924		-0.00677108764648
3.35129594803		5.04223537445
3.35654878616		-0.00169658660889
3.36180496216		5.04730892181
3.36705088615		0.0135259628296
3.37231183052		3.96646690369
3.37758994102		2.98711204529
3.38280081749		0.500666618347
3.38805484772		5.04223537445
3.39330291748		-0.00169658660889
3.39855480194		5.04223537445
3.40380477905		-0.00169658660889
3.40905785561		5.04223537445
3.41431283951		1.05377388
3.41955590248		2.33251667023
3.42481279373		4.50435066223
3.43005895615		-0.00169658660889
3.43531489372		5.04223537445
3.4405579567		-0.00677108764648
3.44580984116		5.04223537445
3.45106077194		-0.00677108764648
3.45631885529		4.28615283966
3.46156191826		2.56593894958
3.46681785583		0.76960849762
3.47206282616		5.04223537445
3.47731494904		-0.00169658660889
3.4825668335		5.04730892181
3.48781490326		-0.00169658660889
3.49305582047		5.04730892181
3.49831986427		0.754385948181
3.50358176231		2.60653305054
3.50881886482		4.19481372833
3.51406788826		-0.00677108764648
3.51931881905		5.04223537445
3.52459096909		-0.00677108764648
3.52982497215		5.04223537445
3.53507685661		-0.00169658660889
3.54033279419		4.56524372101
3.54557991028		2.2919216156
3.55082178116		1.08929443359
3.5560798645		5.04730892181
3.56132388115		-0.00169658660889
3.56657576561		5.04730892181
3.57183480263		-0.00169658660889
3.5770778656		5.04730892181
3.58232688904		0.449922561646
3.5876159668		2.84502887726
3.59282898903		3.85990524292
3.59808087349		0.00337791442871
3.6033308506		5.04730892181
3.60858392715		-0.00677108764648
3.61382985115		5.04223537445
3.61908793449		-0.00169658660889
3.62433886528		4.79866504669
3.62958288193		1.98745918274
3.63483977318		1.3633108139
3.64008378983		5.03208637238
3.64533495903		-0.00169658660889
3.65058588982		5.04730892181
3.65583777428		-0.00169658660889
3.66108584404		5.04223537445
3.66634392738		0.246947288513
3.67160487175		3.24590492249
3.67684292793		3.56051635742
3.6820909977		0.0693445205688
3.68734693527		5.04730892181
3.69259190559		-0.00169658660889
3.69784379005		5.04730892181
3.70309185982		-0.00677108764648
3.70835781097		4.94074726105
3.71359491348		1.66269874573
3.71884489059		1.66777324677
3.72409486771		5.03716087341
3.72947597504		-0.00169658660889
3.7347278595		5.04223537445
3.73997282982		-0.00677108764648
3.74522280693		5.04730892181
3.75047278404		0.277394294739
3.75573182106		3.19516181946
3.76097583771		3.60111141205
3.76622486115		0.0541210174561
3.77147698402		5.04223537445
3.7767329216		-0.00169658660889
3.78197693825		5.04223537445
3.7872338295		-0.00169658660889
3.79247879982		4.92552471161
3.79773592949		1.75911235809
3.80298185349		1.60180664062
3.8082318306		4.98134231567
3.81348085403		-0.00169658660889
3.81874799728		5.04730892181
3.82398295403		-0.00169658660889
3.82923293114		5.04730892181
3.8345079422		0.140385627747
3.8397359848		3.55544185638
3.84498596191		3.3118724823
3.85024094582		0.170831680298
3.85550785065		5.04730892181
3.86073899269		-0.00677108764648
3.86599588394		5.04730892181
3.87123894691		-0.00169658660889
3.87649083138		5.01686286926
3.88174080849		1.43942642212
3.88699293137		1.88089752197
3.89225482941		4.87985515594
3.89758396149		-0.00169658660889
3.90274596214		5.04730892181
3.90799593925		-0.00677108764648
3.9132437706		5.04223537445
3.91849589348		0.0236749649048
3.92374491692		3.89035129547
3.92912077904		3.39306259155
3.93437695503		0.140385627747
3.9396238327		5.04730892181
3.94488096237		-0.00169658660889
3.95012378693		5.04223537445
3.9553809166		-0.00677108764648
3.96062588692		5.00671482086
3.96587777138		1.53076553345
3.97112798691		1.80478191376
3.97637796402		4.87478065491
3.98162794113		-0.00677108764648
3.98688578606		5.04223537445
3.99212789536		-0.00677108764648
3.99738097191		5.04730892181
4.00263094902		0.03382396698
4.00788283348		3.7837896347
4.01314878464		3.12411975861
4.01838684082		0.333211898804
4.02364778519		5.04223537445
4.02888584137		-0.00169658660889
4.03413295746		5.04730892181
4.03938484192		-0.00169658660889
4.04463577271		5.04223537445
4.04988694191		1.26689815521
4.05514788628		2.04835224152
4.06039786339		4.68702888489
4.06564378738		-0.00169658660889
4.07088899612		5.04223537445
4.07614684105		-0.00169658660889
4.08138990402		5.04730892181
4.08664083481		-0.00677108764648
4.09189176559		4.11869812012
4.09715080261		2.79428577423
4.10239291191		0.607228279114
4.10765099525		5.04730892181
4.11289477348		-0.00169658660889
4.11814594269		5.04730892181
4.1233959198		-0.00677108764648
4.12864899635		5.04223537445
4.13389587402		0.916765213013
4.13914990425		2.42385578156
4.14440584183		4.39778900146
4.14964985847		-0.00677108764648
4.15490984917		5.04223537445
4.1601498127		-0.00169658660889
4.16540193558		5.04730892181
4.17065691948		-0.00169658660889
4.1759147644		4.36734294891
4.18115282059		2.48474884033
4.18640899658		0.876170158386
4.1916718483		5.04730892181
4.19690585136		-0.00169658660889
4.2021548748		5.04730892181
4.20740699768		-0.00677108764648
4.2126557827		5.04730892181
4.21790885925		0.652897834778
4.22315788269		2.73846721649
4.2284219265		4.10854911804
4.23365783691		-0.00169658660889
4.2389087677		5.04730892181
4.24416089058		-0.00169658660889
4.24941587448		5.04223537445
4.25467085838		-0.00169658660889
4.25991392136		4.67687988281
4.26516985893		2.18535995483
4.27041292191		1.19585609436
4.27567076683		5.04730892181
4.28091597557		-0.00169658660889
4.28616595268		5.04223537445
4.29141592979		-0.00169658660889
4.29666876793		5.04223537445
4.30191779137		0.363657951355
4.30717682838		3.0632276535
4.31241798401		3.733045578
4.3176779747		0.0186004638672
4.32292079926		5.04730892181
4.32817292213		-0.00169658660889
4.3334209919		5.04730892181
4.3386797905		-0.00169658660889
4.3439218998		4.86970615387
4.34917497635		1.88089752197
4.3544318676		1.45464992523
4.35969090462		5.01686286926
4.36492776871		-0.00169658660889
4.37017583847		5.04223537445
4.37543177605		-0.00169658660889
4.38067793846		5.04730892181
4.38593792915		0.186055183411
4.39117789268		3.36769008636
4.39644384384		3.46410369873
4.40168094635		0.120088577271
4.40693187714		5.04223537445
4.41218185425		-0.00169658660889
4.41743278503		5.04223537445
4.42268395424		-0.00169658660889
4.4279358387		4.98641681671
4.43318581581		1.58150959015
4.43843793869		1.75403785706
4.44368696213		4.89507770538
4.44894099236		-0.00169658660889
4.45418787003		5.04730892181
4.4594399929		-0.00169658660889
4.46468997002		5.04730892181
4.4699409008		0.0490465164185
4.47520184517		3.71782207489
4.48044085503		3.11904525757
4.48569083214		0.297691345215
4.49093794823		5.04730892181
4.49619078636		-0.00169658660889
4.50144791603		5.04730892181
4.50670385361		-0.00677108764648
4.51194477081		5.04223537445
4.51719594002		1.28212070465
4.52244496346		2.06864929199
4.52772283554		4.7631444931
4.53294682503		-0.00169658660889
4.53819990158		5.04223537445
4.54344677925		-0.00169658660889
4.54870080948		5.04223537445
4.55394983292		-0.00169658660889
4.5592007637		4.0425825119
4.5644659996		2.85517787933
4.56970286369		0.536187171936
4.57495880127		5.04223537445
4.58020377159		-0.00169658660889
4.58545994759		5.04223537445
4.59070396423		-0.00169658660889
4.59598183632		5.04223537445
4.60120487213		0.997955322266
4.60645794868		2.38833522797
4.61170697212		4.42316055298
4.61695885658		-0.00169658660889
4.62220788002		5.04223537445
4.62754583359		-0.00169658660889
4.63270998001		5.04223537445
4.63796186447		-0.00169658660889
4.64321088791		4.34197044373
4.64846396446		2.53041744232
4.65371394157		0.845724105835
4.65896892548		5.04730892181
4.66421985626		-0.00169658660889
4.66946387291		5.04223537445
4.6747238636		-0.00169658660889
4.67996692657		5.04223537445
4.68521595001		0.693492889404
4.6904668808		2.71309566498
4.6957359314		4.16436767578
4.70096898079		-0.00169658660889
4.70622777939		5.04223537445
4.71147084236		-0.00677108764648
4.71672081947		5.04730892181
4.72197198868		-0.00169658660889
4.72722482681		4.57539176941
4.73248577118		2.25132751465
4.73773193359		1.11974048615
4.74297189713		5.04223537445
4.74822592735		-0.00169658660889
4.75347495079		5.04223537445
4.7587249279		-0.00169658660889
4.76397681236		5.04730892181
4.76922678947		0.419476509094
4.77448487282		3.00740909576
4.77972793579		3.81423568726
4.78498482704		0.00845146179199
4.79022789001		5.04730892181
4.79549098015		-0.00677108764648
4.80073189735		5.04730892181
4.80598282814		-0.00169658660889
4.81123280525		4.82911109924
4.81648993492		1.94686412811
4.82173490524		1.43435192108
4.82700181007		5.02701187134
4.83223795891		-0.00169658660889
4.83757281303		5.04223537445
4.84274196625		-0.00169658660889
4.84799194336		5.04223537445
4.85323691368		0.211426734924
4.85849094391		3.34231853485
4.86375594139		3.5199213028
4.86899185181		0.0947160720825
4.87427377701		5.04730892181
4.87949490547		-0.00677108764648
4.88474178314		5.04223537445
4.8899948597		-0.00677108764648
4.89525198936		4.96611976624
4.90050578117		1.64747619629
4.90575098991		1.70329380035
4.91099596024		4.93059825897
4.91625499725		-0.00169658660889
4.92149686813		5.04223537445
4.92674779892		-0.00677108764648
4.93199777603		5.04730892181
4.93725085258		0.0744190216064
4.94249796867		3.68737602234
4.94775295258		3.17993831635
4.95300078392		0.257096290588
4.9582529068		5.04730892181
4.96350097656		-0.00169658660889
4.9687538147		5.04223537445
4.97400283813		-0.00169658660889
4.97925782204		5.03208637238
4.98451185226		1.33793926239
4.9897608757		1.99760818481
4.99500584602		4.7631444931
