0.000131130218506		1.95701313019
0.00341606140137		2.7536907196
0.00679206848145		2.11939334869
0.0100359916687		3.04800415039
0.013286113739		1.9214925766
0.0165371894836		3.20530986786
0.0197861194611		1.80478191376
0.0230371952057		3.27127742767
0.0262880325317		1.79463291168
0.0296711921692		3.19008731842
0.0329229831696		1.93671607971
0.0362961292267		2.94651699066
0.0395472049713		2.22595500946
0.042797088623		2.69787216187
0.0460481643677		2.49489688873
0.0493001937866		2.42385578156
0.0525481700897		2.76383876801
0.0558071136475		2.15491390228
0.0591750144958		3.08352470398
0.0625500679016		1.85552597046
0.0658299922943		3.25097942352
0.0691771507263		1.78955841064
0.0725522041321		3.2103843689
0.0758011341095		1.90119457245
0.0790591239929		3.05815315247
0.0824270248413		2.1802854538
0.0856800079346		2.74354171753
0.0889341831207		2.44415378571
0.092178106308		2.45430183411
0.0955541133881		2.80950832367
0.0988030433655		2.05850028992
0.102183103561		3.11904525757
0.1055560112		1.83015346527
0.108820199966		3.2611284256
0.11218214035		1.79463291168
0.115557193756		3.19008731842
0.118808984756		1.95193862915
0.122184038162		2.93129348755
0.12556219101		2.31221961975
0.128808021545		2.58116149902
0.132184028625		2.68772315979
0.135558128357		2.16506290436
0.138809204102		3.02770709991
0.142186164856		1.88597202301
0.145560026169		3.24590492249
0.14882516861		1.78448390961
0.152188062668		3.23575687408
0.155562162399		1.90626907349
0.158810138702		3.03785610199
0.162191152573		2.19550895691
0.165561199188		2.6522026062
0.168820142746		2.57608699799
0.172188043594		2.28684806824
0.175438165665		2.89069843292
0.178689002991		1.99760818481
0.182067155838		3.15964031219
0.185315132141		1.83522796631
0.188564062119		3.2611284256
0.191817045212		1.78448390961
0.195070028305		3.25097942352
0.19831609726		1.84537696838
0.201693058014		3.08859920502
0.204944133759		2.06357479095
0.208192110062		2.87547588348
0.211444139481		2.31221961975
0.214818000793		2.52026939392
0.218067169189		2.66742610931
0.221320152283		2.25132751465
0.22456908226		2.93636798859
0.22794508934		1.95193862915
0.231198072433		3.18501281738
0.234573125839		1.79463291168
0.237823009491		3.27127742767
0.241078138351		1.79463291168
0.244321107864		3.21545886993
0.247572183609		1.89612102509
0.250827074051		3.0632276535
0.25407409668		2.09402179718
0.257322072983		2.84502887726
0.26057600975		2.34774017334
0.263826131821		2.57101249695
0.26707816124		2.61668205261
0.270334005356		2.2919216156
0.273694038391		2.9515914917
0.27694606781		1.99253368378
0.280314207077		3.19516181946
0.283581018448		1.81493091583
0.286826133728		3.26620292664
0.290083169937		1.78955841064
0.293456077576		3.20023536682
0.296706199646		1.92656707764
0.299955129623		3.03278160095
0.303206205368		2.13461589813
0.306580066681		2.71817016602
0.309838056564		2.47967433929
0.313206195831		2.33251667023
0.316581010818		2.92114448547
0.319837093353		2.01283168793
0.323208093643		3.19008731842
0.326583147049		1.79970741272
0.329964160919		3.2611284256
0.333334207535		1.85045146942
0.336584091187		3.12411975861
0.339835166931		2.01790523529
0.343083143234		2.92621898651
0.34633398056		2.25132751465
0.349592208862		2.66742610931
0.352835178375		2.52026939392
0.356088161469		2.393409729
0.359342098236		2.79428577423
0.362712144852		2.05850028992
0.365964174271		3.09367370605
0.369220018387		1.8707485199
0.372594118118		3.25097942352
0.375977993011		1.78955841064
0.379345178604		3.19008731842
0.382714986801		1.9823846817
0.385965108871		2.97188854218
0.389221191406		2.22088050842
0.392592191696		2.62175655365
0.395841121674		2.56593894958
0.399098157883		2.34774017334
0.402343034744		2.82980632782
0.405594110489		2.09402179718
0.408930063248		3.10889720917
0.412219047546		1.85552597046
0.415594100952		3.2611284256
0.418878078461		1.78448390961
0.422219991684		3.2103843689
0.42559504509		1.94686412811
0.428868055344		2.98711204529
0.43222117424		2.26655006409
0.435595989227		2.58116149902
0.438877105713		2.63190555573
0.442222118378		2.22595500946
0.445473194122		2.9515914917
0.448723077774		1.97731018066
0.452099084854		3.19516181946
0.455347061157		1.81493091583
0.458598136902		3.27127742767
0.461851119995		1.78448390961
0.46510219574		3.23575687408
0.46834897995		1.86567401886
0.471601009369		3.10382270813
0.474857091904		2.04835224152
0.478226184845		2.79428577423
0.481602191925		2.46445083618
0.484869003296		2.43907928467
0.488229036331		2.8501033783
0.491621017456		2.01283168793
0.494979143143		3.16978931427
0.498229980469		1.8200044632
0.501607179642		3.26620292664
0.504855155945		1.79463291168
0.508105039597		3.22560787201
0.51135802269		1.89104652405
0.514607191086		3.07337665558
0.517858028412		2.07879829407
0.521108150482		2.85517787933
0.52435708046		2.32744312286
0.527608156204		2.58623600006
0.530861139297		2.59638500214
0.534109115601		2.31221961975
0.537358999252		2.86532688141
0.540611028671		2.06864929199
0.543864011765		3.08859920502
0.547110080719		1.88089752197
0.550384998322		3.23068237305
0.553735017776		1.78448390961
0.556990146637		3.2611284256
0.560281038284		1.84030246735
0.563611984253		3.10889720917
0.566862106323		2.03820323944
0.570119142532		2.89577293396
0.573491096497		2.36296367645
0.576745986938		2.54564094543
0.580119132996		2.72831821442
0.583364009857		2.19550895691
0.586614131927		2.97188854218
0.589873075485		1.9722366333
0.593115091324		3.16471481323
0.596366167068		1.84030246735
0.599622011185		3.2611284256
0.602867126465		1.77940940857
0.606118202209		3.25097942352
0.609375		1.84030246735
0.61275601387		3.08352470398
0.61612200737		2.14476490021
0.619391202927		2.7536907196
0.622745990753		2.49489688873
0.625996112823		2.41370677948
0.629247188568		2.78921127319
0.632621049881		2.07879829407
0.635869026184		3.07845020294
0.63912820816		1.89104652405
0.642373085022		3.22053337097
0.645622014999		1.79970741272
0.648880004883		3.26620292664
0.652122974396		1.79970741272
0.655375003815		3.2103843689
0.658624172211		1.9214925766
0.662000179291		2.98711204529
0.665382146835		2.27162456512
0.668766975403		2.51519489288
0.672126054764		2.71817016602
0.675377130508		2.1802854538
0.678769111633		3.09367370605
0.682129144669		1.87582302094
0.68537902832		3.24083042145
0.688629150391		1.78955841064
0.692004203796		3.25097942352
0.695255994797		1.84537696838
0.698629140854		3.06830215454
0.702007055283		2.14476490021
0.70525598526		2.76383876801
0.708631038666		2.52026939392
0.712020158768		2.31729412079
0.715380191803		2.95666599274
0.718758106232		1.93164157867
0.722133159637		3.22053337097
0.725383996964		1.79970741272
0.728634119034		3.2611284256
0.732007980347		1.82507896423
0.735260009766		3.15964031219
0.738635063171		2.04835224152
0.742011070251		2.82473182678
0.745260000229		2.37818622589
0.748636007309		2.43907928467
0.752012014389		2.81458282471
0.755261182785		2.09909534454
0.758637189865		3.13426876068
0.762013196945		1.83015346527
0.765263080597		3.2611284256
0.768638134003		1.79463291168
0.772019147873		3.19008731842
0.775388002396		2.00268268585
0.77863907814		2.900847435
0.782021045685		2.32744312286
0.785390138626		2.49997138977
0.788640975952		2.70802116394
0.792031049728		2.14476490021
0.795391082764		3.09874820709
0.798768997192		1.83522796631
0.802143096924		3.2611284256
0.805392026901		1.78955841064
0.808643102646		3.23068237305
0.812019109726		1.91641807556
0.815268039703		3.03278160095
0.818644046783		2.21073246002
0.822023153305		2.63698005676
0.825272083282		2.56593894958
0.828646183014		2.25132751465
0.832022190094		2.98203754425
0.835273981094		1.95701313019
0.838647127151		3.22560787201
0.842024087906		1.78448390961
0.845276117325		3.2611284256
0.848649024963		1.85552597046
0.852022171021		3.07337665558
0.855272054672		2.09402179718
0.858651161194		2.74861621857
0.862025022507		2.51519489288
0.865275144577		2.38326072693
0.868650197983		2.88562393188
0.872044086456		1.9823846817
0.87540102005		3.20023536682
0.87877702713		1.78955841064
0.88215303421		3.25605392456
0.885410070419		1.83015346527
0.888653993607		3.12919425964
0.892035007477		2.04835224152
0.895405054092		2.81458282471
0.89865398407		2.39848423004
0.902031183243		2.44415378571
0.905281066895		2.75876522064
0.908653974533		2.07879829407
0.912031173706		3.12411975861
0.915281057358		1.85045146942
0.918658018112		3.26620292664
0.922038078308		1.78955841064
0.925409078598		3.17993831635
0.928658008575		1.96716213226
0.932035207748		2.93129348755
0.9352850914		2.26655006409
0.938657999039		2.55578994751
0.942036151886		2.7029466629
0.945285081863		2.20565795898
0.948660135269		3.04800415039
0.952053070068		1.87582302094
0.955412149429		3.25097942352
0.958789110184		1.78448390961
0.962164163589		3.19516181946
0.965414047241		1.9214925766
0.968664169312		3.02263259888
0.972038030624		2.20565795898
0.975289106369		2.69279766083
0.978664159775		2.62683105469
0.982040166855		2.25640106201
0.985291004181		2.93636798859
0.988671064377		1.93671607971
0.992041110992		3.21545886993
0.995292186737		1.79463291168
0.99866604805		3.25605392456
1.00204205513		1.85552597046
1.0052921772		3.12919425964
1.00854420662		2.01283168793
1.0117931366		2.92621898651
1.01504516602		2.24625301361
1.01829600334		2.6522026062
1.02167105675		2.61668205261
1.02506399155		2.19550895691
1.02847599983		3.07337665558
1.03182506561		1.86567401886
1.03517603874		3.25605392456
1.03842401505		1.78448390961
1.04167509079		3.25097942352
1.04493808746		1.83015346527
1.04830002785		3.08352470398
1.05167412758		2.12446784973
1.05492401123		2.80443382263
1.0581741333		2.38326072693
1.06142520905		2.53549194336
1.06467413902		2.6522026062
1.06792497635		2.26147556305
1.07117700577		2.91099643707
1.07442712784		2.02805423737
1.07767605782		3.11904525757
1.08092904091		1.86059951782
1.08417701721		3.24083042145
1.08742809296		1.78955841064
1.09068512917		3.26620292664
1.09405398369		1.85045146942
1.09730601311		3.11904525757
1.10068106651		2.0838727951
1.10392904282		2.85517787933
1.10718107224		2.33251667023
1.11045408249		2.57608699799
1.11380600929		2.69279766083
1.11705899239		2.22595500946
1.12031316757		2.9617395401
1.12368106842		1.93671607971
1.12693309784		3.19516181946
1.13028502464		1.79463291168
1.13355898857		3.27127742767
1.13680911064		1.79970741272
1.14006018639		3.20023536682
1.14331007004		1.92656707764
1.14668512344		2.97696304321
1.14994120598		2.20058345795
1.15318608284		2.72831821442
1.15643811226		2.45937633514
1.15969204903		2.45430183411
1.16293716431		2.73339271545
1.16618704796		2.19043445587
1.16944313049		2.98203754425
1.1728310585		1.90626907349
1.17619204521		3.23575687408
1.17944598198		1.78955841064
1.18281507492		3.25097942352
1.18606519699		1.84030246735
1.18932199478		3.12919425964
1.19269704819		2.07372379303
1.19594120979		2.86532688141
1.19919800758		2.32236862183
1.20244216919		2.60145950317
1.20569205284		2.5913105011
1.20894813538		2.31729412079
1.21219420433		2.86532688141
1.21544504166		2.07879829407
1.21869301796		3.12411975861
1.22207212448		1.84537696838
1.22532105446		3.25097942352
1.22869300842		1.78955841064
1.23207116127		3.2103843689
1.23532104492		1.9214925766
1.238697052		2.9515914917
1.24207210541		2.27162456512
1.24532198906		2.62683105469
1.24869704247		2.66235160828
1.25207304955		2.19550895691
1.25532317162		2.99218654633
1.2586979866		1.90119457245
1.26207518578		3.23575687408
1.26532411575		1.78955841064
1.2685751915		3.26620292664
1.27183413506		1.80985641479
1.27519202232		3.14949226379
1.27844309807		1.98745918274
1.28170704842		2.94144248962
1.28508019447		2.32236862183
1.28832817078		2.57608699799
1.29170298576		2.68264961243
1.2949590683		2.22595500946
1.29833102226		3.02770709991
1.30170607567		1.89104652405
1.30495619774		3.22560787201
1.30820512772		1.79970741272
1.31145811081		3.26620292664
1.31470608711		1.79970741272
1.31795620918		3.2103843689
1.32120800018		1.90626907349
1.32445597649		3.05815315247
1.32770705223		2.09402179718
1.33095908165		2.82980632782
1.33420920372		2.35281467438
1.33746004105		2.55578994751
1.3408601284		2.73846721649
1.34420919418		2.12446784973
1.34746098518		3.05815315247
1.35083699226		1.8707485199
1.35408711433		3.23575687408
1.35733604431		1.78955841064
1.36058807373		3.26620292664
1.36383700371		1.80478191376
1.36708712578		3.19516181946
1.37034702301		1.94178962708
1.3737142086		2.95666599274
1.37696313858		2.21580600739
1.38031005859		2.62683105469
1.38358998299		2.57608699799
1.38684010506		2.33759117126
1.39009809494		2.8501033783
1.39334106445		2.08894729614
1.39659714699		3.07337665558
1.39997601509		1.84537696838
1.40334200859		3.26620292664
1.40671801567		1.79463291168
1.40997409821		3.21545886993
1.41321897507		1.90119457245
1.41647100449		3.0632276535
1.41972017288		2.09402179718
1.42296910286		2.84502887726
1.42621898651		2.34774017334
1.42947220802		2.57101249695
1.432721138		2.61668205261
1.43597006798		2.29699611664
1.43923020363		2.88562393188
1.4425971508		1.9823846817
1.44584798813		3.15964031219
1.4491071701		1.84030246735
1.4524731636		3.26620292664
1.45572304726		1.78955841064
1.45897912979		3.23068237305
1.46222519875		1.87582302094
1.4654750824		3.10382270813
1.46872520447		2.07372379303
1.47210407257		2.79936027527
1.4753510952		2.39848423004
1.47872519493		2.37311172485
1.48210501671		2.83488082886
1.48535299301		2.0838727951
1.48873019218		3.13934326172
1.4921040535		1.8200044632
1.49535298347		3.26620292664
1.49873518944		1.79970741272
1.50210499763		3.17486381531
1.50535416603		1.94686412811
1.50860404968		3.00233459473
1.51187515259		2.17521095276
1.51523208618		2.67250061035
1.51848220825		2.51519489288
1.52173399925		2.38833522797
1.52499914169		2.80950832367
1.52836418152		2.03820323944
1.53173613548		3.15456676483
1.53498411179		1.84537696838
1.53823399544		3.25605392456
1.54148817062		1.78448390961
1.54473614693		3.25605392456
1.5479850769		1.83522796631
1.55123806		3.15456676483
1.5544860363		1.97731018066
1.55773711205		2.97188854218
1.56099009514		2.19550895691
1.56423616409		2.72324466705
1.56748914719		2.46445083618
1.57073998451		2.45430183411
1.57398915291		2.73846721649
1.57724118233		2.1802854538
1.5804901123		2.98711204529
1.58374214172		1.96208763123
1.58699011803		3.16978931427
1.59032702446		1.80478191376
1.59361815453		3.26620292664
1.5968811512		1.79463291168
1.60028505325		3.16471481323
1.60361599922		2.01283168793
1.60699319839		2.86025238037
1.61028218269		2.35281467438
1.61361813545		2.49997138977
1.6168680191		2.68264961243
1.62012219429		2.2310295105
1.6233689785		2.95666599274
1.62674403191		1.93671607971
1.62999820709		3.19008731842
1.63324713707		1.80985641479
1.63649606705		3.26620292664
1.63975310326		1.78955841064
1.64299917221		3.24083042145
1.64624905586		1.86059951782
1.64950418472		3.10889720917
1.65275216103		2.0331287384
1.65600013733		2.90592193604
1.65925717354		2.2817735672
1.66250014305		2.64712810516
1.66575098038		2.5405664444
1.66902303696		2.35281467438
1.67237615585		2.91607093811
1.67575120926		1.97731018066
1.67900800705		3.16978931427
1.68225216866		1.83015346527
1.68550109863		3.25097942352
1.68875312805		1.78955841064
1.69212913513		3.22560787201
1.69537806511		1.88089752197
1.69863009453		3.06830215454
1.70201015472		2.14476490021
1.70538020134		2.69787216187
1.70863008499		2.52026939392
1.71200609207		2.33251667023
1.71525716782		2.85517787933
1.71850609779		2.06864929199
1.72188615799		3.13426876068
1.72513699532		1.84537696838
1.72838306427		3.25605392456
1.731757164		1.78448390961
1.73500919342		3.24083042145
1.73828911781		1.86567401886
1.74163508415		3.05815315247
1.74488520622		2.09909534454
1.74813604355		2.82980632782
1.75138902664		2.37311172485
1.7547621727		2.46952533722
1.75801205635		2.71309566498
1.76126408577		2.20565795898
1.76451206207		2.96681404114
1.76776313782		1.9823846817
1.77101516724		3.15456676483
1.77426505089		1.83522796631
1.77751398087		3.25605392456
1.78076601028		1.78955841064
1.7840180397		3.25097942352
1.78726506233		1.83015346527
1.79051613808		3.14949226379
1.79376506805		1.9823846817
1.79703307152		2.9515914917
1.80039811134		2.32236862183
1.80377221107		2.52026939392
1.80714321136		2.7536907196
1.81039905548		2.14983940125
1.81377005577		3.07337665558
1.81701898575		1.90119457245
1.82031011581		3.22560787201
1.8236451149		1.78448390961
1.82689619064		3.2611284256
1.83014798164		1.8200044632
1.83339715004		3.16471481323
1.83677101135		2.01790523529
1.84002804756		2.91607093811
1.84327316284		2.25132751465
1.84652304649		2.65727710724
1.84990501404		2.62175655365
1.85327506065		2.22088050842
1.85652518272		2.9617395401
1.85977602005		1.98745918274
1.86302518845		3.14949226379
1.86627602577		1.83522796631
1.86953210831		3.2611284256
1.87290000916		1.78955841064
1.87615013123		3.23575687408
1.87940716743		1.88089752197
1.88277697563		3.03278160095
1.8860270977		2.12446784973
1.88928604126		2.79936027527
1.89265298843		2.47459983826
1.89592409134		2.42385578156
1.89928603172		2.83488082886
1.902531147		2.09909534454
1.90578603745		3.06830215454
1.90905117989		1.89612102509
1.91240620613		3.24590492249
1.91578102112		1.78448390961
1.91903305054		3.24590492249
1.92228317261		1.85045146942
1.92553305626		3.12919425964
1.92878317833		2.03820323944
1.93215918541		2.8501033783
1.93540906906		2.35281467438
1.93878412247		2.46952533722
1.94215917587		2.78921127319
1.94541120529		2.12446784973
1.94878411293		3.10889720917
1.95216298103		1.84030246735
1.95540904999		3.25605392456
1.95878720284		1.79970741272
1.96216320992		3.20023536682
1.96541714668		1.93164157867
1.9687871933		2.94144248962
1.97216320038		2.29699611664
1.97541713715		2.60653305054
1.97878909111		2.71817016602
1.98216605186		2.1701374054
1.98541498184		3.00740909576
1.98879003525		1.89104652405
1.9921810627		3.24590492249
1.99554109573		1.78955841064
1.99892306328		3.21545886993
2.00216698647		1.89612102509
2.00541806221		3.05307865143
2.00880098343		2.20058345795
2.0121691227		2.67250061035
2.01541805267		2.52026939392
2.01866912842		2.36296367645
2.0220451355		2.87547588348
2.02529406548		2.05342674255
2.02854514122		3.09874820709
2.03179907799		1.88089752197
2.03504705429		3.23068237305
2.03829813004		1.78955841064
2.04154920578		3.26620292664
2.04479598999		1.80478191376
2.0480492115		3.20530986786
2.0513021946		1.9214925766
2.05454802513		3.03278160095
2.05792403221		2.20058345795
2.06117916107		2.72324466705
2.0644261837		2.4898223877
2.06779909134		2.35788917542
2.07105112076		2.82980632782
2.07430100441		2.10416984558
2.07755112648		3.05815315247
2.0808031559		1.91134357452
2.08405303955		3.2103843689
2.08730316162		1.79970741272
2.09055519104		3.26620292664
2.09380412102		1.78955841064
2.09705400467		3.22053337097
2.10031104088		1.89104652405
2.10368013382		3.0124835968
2.10693001747		2.14983940125
2.11027407646		2.69787216187
2.11355805397		2.51012039185
2.11680698395		2.40355873108
2.12006807327		2.79428577423
2.1234331131		2.05342674255
2.12680697441		3.13934326172
2.13006711006		1.84537696838
2.13343310356		3.26620292664
2.13680911064		1.80478191376
2.14006018639		3.20530986786
2.14331102371		1.91134357452
2.14656114578		3.04800415039
2.14981818199		2.11431884766
2.1530611515		2.82473182678
2.15631103516		2.36296367645
2.15956902504		2.54564094543
2.16281318665		2.63698005676
2.1660630703		2.27669906616
2.16932010651		2.90592193604
2.1726911068		1.9722366333
2.1759390831		3.16471481323
2.17919611931		1.82507896423
2.1824400425		3.2611284256
2.1858150959		1.78955841064
2.18908715248		3.22053337097
2.19244098663		1.95193862915
2.19581604004		2.94651699066
2.19907307625		2.2310295105
2.20244216919		2.60145950317
2.20569419861		2.5913105011
2.20894908905		2.32236862183
2.21233916283		2.94651699066
2.21569418907		1.93671607971
2.2189450264		3.18501281738
2.22219514847		1.8200044632
2.22544598579		3.27127742767
2.2288210392		1.80985641479
2.23221516609		3.15964031219
2.23557209969		2.04327774048
2.23895406723		2.80950832367
2.24233007431		2.46445083618
2.24569916725		2.36296367645
2.2489490509		2.81965732574
2.25219702721		2.10924434662
2.25544810295		3.05307865143
2.2586991787		1.89612102509
2.26207709312		3.24083042145
2.26532816887		1.78448390961
2.26857614517		3.2611284256
2.27181911469		1.80985641479
2.27506899834		3.19008731842
2.27831697464		1.93164157867
2.28158020973		3.01755809784
2.28482508659		2.13969039917
2.28807520866		2.78921127319
2.29132819176		2.39848423004
2.29457712173		2.50504589081
2.29795312881		2.76383876801
2.30120706558		2.15998840332
2.30445313454		3.02263259888
2.30783009529		1.89612102509
2.31108117104		3.22560787201
2.3143351078		1.79970741272
2.31758117676		3.27127742767
2.32083106041		1.79463291168
2.32407999039		3.2103843689
2.32733106613		1.90626907349
2.33058309555		3.04292964935
2.33395910263		2.17521095276
2.33720803261		2.7536907196
2.34045815468		2.45430183411
2.34383320808		2.38326072693
2.34708404541		2.79428577423
2.35034203529		2.12446784973
2.35358405113		3.02770709991
2.35683512688		1.92656707764
2.36008906364		3.20023536682
2.36333799362		1.81493091583
2.36658811569		3.26620292664
2.36984419823		1.79463291168
2.37310218811		3.23068237305
2.37646198273		1.9214925766
2.37971305847		3.02770709991
2.38308811188		2.20565795898
2.38633918762		2.71817016602
2.38959717751		2.47967433929
2.39296507835		2.3426656723
2.39621400833		2.83488082886
2.39947104454		2.07879829407
2.40284109116		3.12919425964
2.40609097481		1.85552597046
2.40934801102		3.24590492249
2.41259098053		1.78448390961
2.41584706306		3.2611284256
2.41910219193		1.8200044632
2.42247104645		3.11397171021
2.42584300041		2.0838727951
2.4291100502		2.83488082886
2.43247008324		2.44415378571
2.4358420372		2.40355873108
2.43909597397		2.79428577423
2.44234704971		2.13461589813
2.44559597969		3.02263259888
2.44888615608		1.91641807556
2.45222115517		3.23575687408
2.45547199249		1.78955841064
2.45888018608		3.25097942352
2.46222519875		1.86567401886
2.4654750824		3.10382270813
2.4687230587		2.06864929199
2.4721031189		2.80950832367
2.47535014153		2.38326072693
2.47860097885		2.53549194336
2.48185515404		2.65727710724
2.48511815071		2.25132751465
2.48847603798		2.99726104736
2.4917280674		1.95701313019
2.4951031208		3.2103843689
2.49835300446		1.79970741272
2.50160598755		3.26620292664
2.50485515594		1.79463291168
2.50810408592		3.22053337097
2.51135706902		1.89104652405
2.51460504532		3.07337665558
2.51787519455		2.0838727951
2.52123212814		2.76891326904
2.52447915077		2.41370677948
2.52773118019		2.49997138977
2.53098416328		2.68772315979
2.53423213959		2.22595500946
2.53748202324		2.94144248962
2.54073309898		1.99253368378
2.54411005974		3.19516181946
2.54736018181		1.80985641479
2.55061006546		3.26620292664
2.55398702621		1.79970741272
2.55723810196		3.20530986786
2.56048798561		1.92656707764
2.56386017799		2.97696304321
2.56711101532		2.19043445587
2.57036805153		2.72324466705
2.57361197472		2.45937633514
2.57686305046		2.45937633514
2.58011317253		2.72324466705
2.58336400986		2.19043445587
2.58661317825		2.99218654633
2.58999609947		1.91134357452
2.59324002266		3.2103843689
2.59648919106		1.80478191376
2.59974098206		3.27127742767
2.60299110413		1.78955841064
2.60624098778		3.22560787201
2.60949707031		1.88597202301
2.6128680706		3.02263259888
2.61612010002		2.14476490021
2.61938118935		2.77398777008
2.62274217606		2.49489688873
2.62599420547		2.42385578156
2.62924718857		2.76891326904
2.63249516487		2.13969039917
2.63586902618		3.07337665558
2.63912606239		1.89104652405
2.64236998558		3.22053337097
2.64562320709		1.79970741272
2.64887809753		3.26620292664
2.65212202072		1.79970741272
2.65537118912		3.21545886993
2.65862107277		1.91641807556
2.66200113297		2.98711204529
2.66524815559		2.17521095276
2.66849803925		2.73339271545
2.67187404633		2.52534389496
2.67512512207		2.38326072693
2.67837500572		2.79936027527
2.68162918091		2.12446784973
2.68487501144		3.03785610199
2.68812704086		1.9214925766
2.69137716293		3.20023536682
2.69462704659		1.79970741272
2.69800305367		3.27127742767
2.70125603676		1.80985641479
2.70450305939		3.19516181946
2.70775103569		1.93164157867
2.71113014221		2.9617395401
2.71437907219		2.21073246002
2.71763014793		2.71309566498
2.72088718414		2.48474884033
2.72412919998		2.43907928467
2.72738099098		2.74354171753
2.7306330204		2.17521095276
2.73388409615		2.99218654633
2.73713517189		1.96208763123
2.74039006233		3.17993831635
2.74363398552		1.82507896423
2.74688315392		3.25605392456
2.75014019012		1.78448390961
2.75338315964		3.24590492249
2.75663518906		1.85045146942
2.75988507271		3.13426876068
2.76313614845		2.00268268585
2.76638698578		2.93636798859
2.76964211464		2.24625301361
2.7728869915		2.68264961243
2.77613902092		2.51012039185
2.77939009666		2.40355873108
2.78263807297		2.77906227112
2.78588700294		2.14476490021
2.78916311264		3.03278160095
2.79251408577		1.88597202301
2.79576420784		3.23068237305
2.79914808273		1.78448390961
2.80251717567		3.23068237305
2.80589008331		1.91134357452
2.80914711952		3.04800415039
2.81239104271		2.11431884766
2.81564307213		2.81965732574
2.8188970089		2.36803817749
2.82214808464		2.5405664444
2.82539415359		2.6420545578
2.82864308357		2.25132751465
2.83202219009		2.98711204529
2.8352689743		1.96716213226
2.83852100372		3.17993831635
2.84189510345		1.79970741272
2.84516119957		3.27127742767
2.84852218628		1.81493091583
2.85189700127		3.13426876068
2.85514712334		2.00268268585
2.85839700699		2.94144248962
2.86164903641		2.23610401154
2.86489915848		2.68772315979
2.8681499958		2.49997138977
2.87140107155		2.41370677948
2.87464904785		2.76891326904
2.8779001236		2.15491390228
2.88117003441		3.03278160095
2.88452601433		1.89104652405
2.8877761364		3.21545886993
2.89102697372		1.79463291168
2.89427804947		3.27127742767
2.89752697945		1.79970741272
2.90077900887		3.2103843689
2.90404701233		1.91134357452
2.90740418434		2.98711204529
2.91065502167		2.18535995483
2.91390514374		2.74354171753
2.91717100143		2.45937633514
2.92053508759		2.35788917542
2.92391109467		2.89069843292
2.92715620995		2.04327774048
2.93041801453		3.11397171021
2.93378305435		1.83522796631
2.93703198433		3.25605392456
2.94033312798		1.78448390961
2.94365906715		3.22560787201
2.9469101429		1.87582302094
2.95019698143		3.06830215454
2.95353507996		2.13969039917
2.95678710938		2.78921127319
2.96004319191		2.40355873108
2.96328616142		2.52026939392
2.96653699875		2.69279766083
2.96991801262		2.15998840332
2.9731771946		3.0124835968
2.97653913498		1.89612102509
2.97978901863		3.22560787201
2.98316311836		1.77940940857
2.98641610146		3.26620292664
2.9896709919		1.8200044632
2.99291419983		3.17486381531
2.99616408348		1.95701313019
2.99941515923		2.99218654633
3.00266504288		2.17521095276
3.00591897964		2.74861621857
3.00917315483		2.44415378571
3.01241612434		2.47459983826
3.015666008		2.7029466629
3.0189230442		2.21580600739
3.02216911316		2.95666599274
3.0254240036		1.98745918274
3.02866911888		3.17993831635
3.03206419945		1.80478191376
3.03542017937		3.26620292664
3.03871297836		1.82507896423
3.04204916954		3.15456676483
3.04530000687		1.9823846817
3.04855012894		2.94651699066
3.05192303658		2.2919216156
3.05517411232		2.62683105469
3.05842518806		2.57101249695
3.06167912483		2.3426656723
3.06492710114		2.83488082886
3.06817507744		2.09402179718
3.07142710686		3.0632276535
3.07467603683		1.90626907349
3.07792711258		3.21545886993
3.081179142		1.79970741272
3.0844271183		3.26620292664
3.08767819405		1.78955841064
3.09092903137		3.22053337097
3.09417819977		1.89612102509
3.09742903709		3.07337665558
3.10068011284		2.07879829407
3.10393118858		2.85517787933
3.10718107224		2.33251667023
3.11043715477		2.58623600006
3.11380600929		2.68772315979
3.11707019806		2.21580600739
3.12044119835		3.02770709991
3.12380814552		1.88089752197
3.12718820572		3.25605392456
3.13044118881		1.78448390961
3.13380813599		3.24083042145
3.13705921173		1.86567401886
3.14031600952		3.10382270813
3.14355897903		2.05850028992
3.14693713188		2.81458282471
3.15026903152		2.43907928467
3.15356111526		2.44922733307
3.15681099892		2.73339271545
3.16008019447		2.1701374054
3.16343712807		3.05815315247
3.16668701172		1.91134357452
3.1699450016		3.2103843689
3.17320418358		1.79970741272
3.17656612396		3.26620292664
3.17993807793		1.84537696838
3.18319010735		3.13934326172
3.186439991		1.99760818481
3.18969702721		2.93636798859
3.19294118881		2.23610401154
3.19619011879		2.68772315979
3.19944906235		2.50504589081
3.20281910896		2.31729412079
3.20606899261		2.86025238037
3.20932412148		2.06864929199
3.21269416809		3.14441776276
3.21594405174		1.85045146942
3.21920013428		3.25097942352
3.22244405746		1.77940940857
3.22569513321		3.2611284256
3.22895312309		1.83015346527
3.23232102394		3.10889720917
3.23557114601		2.05342674255
3.2389550209		2.80443382263
3.2423222065		2.45937633514
3.24557304382		2.44415378571
3.24895405769		2.81458282471
3.25219702721		2.11939334869
3.25544905663		3.04292964935
3.2586991787		1.88597202301
3.26209616661		3.24083042145
3.26545119286		1.78448390961
3.26869916916		3.25097942352
3.27208399773		1.88597202301
3.27544212341		3.02770709991
3.27869415283		2.19043445587
3.2820789814		2.68772315979
3.28533506393		2.50504589081
3.28857898712		2.393409729
3.29195308685		2.86025238037
3.29520320892		2.07372379303
3.29845404625		3.07845020294
3.30170607567		1.89104652405
3.30495500565		3.22053337097
3.30820512772		1.79970741272
3.31145715714		3.26620292664
3.31470704079		1.79970741272
3.31795620918		3.21545886993
3.32120919228		1.90626907349
3.32445812225		3.05815315247
3.327709198		2.09909534454
3.33096504211		2.82473182678
3.33433413506		2.44415378571
3.33758401871		2.45430183411
3.34096097946		2.80950832367
3.34421014786		2.11939334869
3.34746098518		3.03785610199
3.35071110725		1.91134357452
3.35408616066		3.23575687408
3.35733819008		1.78955841064
3.3605890274		3.26620292664
3.36396312714		1.83522796631
3.36721301079		3.14441776276
3.37046408653		1.98745918274
3.37371301651		2.95666599274
3.37696409225		2.21580600739
3.3803050518		2.63190555573
3.38359117508		2.59638500214
3.38696599007		2.24625301361
3.39025306702		2.9515914917
3.39359021187		1.96208763123
3.39684200287		3.17486381531
3.40011000633		1.8200044632
3.40346813202		3.26620292664
3.40671801567		1.79463291168
3.40997409821		3.21545886993
3.41323304176		1.90626907349
3.41659498215		2.98203754425
3.41997003555		2.25640106201
3.42322015762		2.66235160828
3.42647004128		2.53041744232
3.42972207069		2.38833522797
3.43297815323		2.80443382263
3.43634700775		2.04835224152
3.43960309029		3.10889720917
3.44297409058		1.83522796631
3.44622397423		3.25605392456
3.44947910309		1.78448390961
3.45272302628		3.25097942352
3.45597410202		1.83522796631
3.45923018456		3.14949226379
3.46247506142		1.9823846817
3.46572518349		2.96681404114
3.4689810276		2.20565795898
3.47222614288		2.71817016602
3.47547602654		2.46952533722
3.47872805595		2.35281467438
3.4821062088		2.83488082886
3.4853541851		2.09909534454
3.48860311508		3.06830215454
3.49197816849		1.86059951782
3.49522805214		3.24590492249
3.49848008156		1.78448390961
3.50173306465		3.26620292664
3.50498008728		1.80985641479
3.50823116302		3.17993831635
3.51148319244		1.94178962708
3.51472997665		3.00740909576
3.51798200607		2.15998840332
3.52123403549		2.76891326904
3.5244820118		2.41878128052
3.52773618698		2.49489688873
3.53100204468		2.71817016602
3.53436803818		2.13969039917
3.53773498535		3.08859920502
3.5409860611		1.88597202301
3.54423904419		3.22053337097
3.54748511314		1.79463291168
3.55073714256		3.26620292664
3.55398511887		1.79970741272
3.557254076		3.20023536682
3.56061506271		1.97731018066
3.56398701668		2.89577293396
3.56723809242		2.27162456512
3.57048916817		2.63698005676
3.57374119759		2.55071544647
3.57699012756		2.35788917542
3.58033418655		2.88055038452
3.58361411095		2.01790523529
3.5869910717		3.16471481323
3.590280056		1.8200044632
3.59361720085		3.2611284256
3.59699201584		1.80478191376
3.60027718544		3.16978931427
3.60361719131		2.01283168793
3.6069920063		2.8501033783
3.61037611961		2.41878128052
3.61374497414		2.40355873108
3.61699414253		2.77398777008
3.62027907372		2.11939334869
3.62362003326		3.09367370605
3.62699604034		1.84030246735
3.63028407097		3.25097942352
3.6336209774		1.78448390961
3.63700413704		3.20023536682
3.64039611816		1.98745918274
3.64374709129		2.87547588348
3.64712309837		2.36296367645
3.65038013458		2.53041744232
3.65374898911		2.73339271545
3.65699911118		2.1802854538
3.66029715538		3.0124835968
3.66362500191		1.90119457245
3.66687512398		3.20530986786
3.67013311386		1.79463291168
3.6735022068		3.2611284256
3.67675018311		1.80985641479
3.6800069809		3.17486381531
3.68325209618		1.94178962708
3.68650317192		2.99726104736
3.68990015984		2.25132751465
3.69327116013		2.57608699799
3.69662809372		2.68264961243
3.69988012314		2.21580600739
3.70325517654		3.0124835968
3.70650720596		1.93164157867
3.70976209641		3.19008731842
3.71300721169		1.80985641479
3.71625614166		3.2611284256
3.71950817108		1.77940940857
3.72275710106		3.23068237305
3.72600698471		1.86059951782
3.72926402092		3.09874820709
3.73263311386		2.12446784973
3.73600912094		2.71817016602
3.73927402496		2.46445083618
3.74263501167		2.33759117126
3.7460091114		2.89577293396
3.74928307533		2.01283168793
3.7526371479		3.16978931427
3.75601100922		1.79463291168
3.75926804543		3.2611284256
3.76251220703		1.78448390961
3.76576399803		3.21545886993
3.76902103424		1.88089752197
3.77238798141		3.00740909576
3.77563905716		2.15491390228
3.77901506424		2.67757511139
3.78226399422		2.49489688873
3.78551506996		2.40863323212
3.78876519203		2.79428577423
3.79214119911		2.06357479095
3.79539203644		3.07337665558
3.79864311218		1.86059951782
3.80201816559		3.24083042145
3.80528712273		1.77433586121
3.80864214897		3.22560787201
3.81201910973		1.90626907349
3.8152680397		3.04292964935
3.81851911545		2.10416984558
3.82177114487		2.80950832367
3.82502102852		2.35788917542
3.82826900482		2.55071544647
3.83152318001		2.63190555573
3.83477306366		2.27669906616
3.83802103996		2.88562393188
3.84127902985		2.0331287384
3.84464812279		3.15964031219
3.84802317619		1.79463291168
3.85127401352		3.2611284256
3.85452318192		1.78448390961
3.85777521133		3.22053337097
3.86102414131		1.8707485199
3.8642771244		3.07845020294
3.86752414703		2.04835224152
3.87077617645		2.86532688141
3.87402915955		2.30207061768
3.87729215622		2.58623600006
3.8806540966		2.68772315979
3.88402915001		2.14983940125
3.88727807999		3.00233459473
3.89053010941		1.94178962708
3.89377808571		3.17486381531
3.89703011513		1.80985641479
3.9003610611		3.25605392456
3.90365600586		1.79463291168
3.90703105927		3.16471481323
3.91031599045		1.9722366333
3.91365718842		2.88562393188
3.91703009605		2.33759117126
3.92031812668		2.53041744232
3.92365813255		2.72324466705
3.92703199387		2.10924434662
3.93041610718		3.09874820709
3.93365907669		1.85552597046
3.93703508377		3.25097942352
3.9403181076		1.77940940857
3.94366908073		3.21545886993
3.94703602791		1.92656707764
3.95031905174		3.00233459473
3.95366215706		2.2310295105
3.95703721046		2.59638500214
3.96032214165		2.60653305054
3.9636631012		2.21073246002
3.96704006195		2.99726104736
3.97033905983		1.91134357452
3.97367310524		3.24083042145
3.97716999054		1.78448390961
3.98054218292		3.20023536682
3.98378801346		1.89612102509
3.98704099655		3.04292964935
3.99037504196		2.14983940125
3.99366903305		2.72324466705
3.99704217911		2.53549194336
4.00032711029		2.33759117126
4.00366902351		2.900847435
4.00704312325		1.95701313019
4.01042819023		3.20530986786
4.01379609108		1.77940940857
4.01704597473		3.25605392456
4.02033019066		1.80478191376
4.02366805077		3.13426876068
4.02692317963		1.99253368378
4.03020620346		2.92114448547
4.03354811668		2.31221961975
4.03679609299		2.59638500214
4.04004716873		2.58116149902
4.04330015182		2.31729412079
4.04655599594		2.85517787933
4.04993319511		1.99760818481
4.05331516266		3.17993831635
4.05667519569		1.78448390961
4.06004905701		3.25605392456
4.06329917908		1.8200044632
4.0665512085		3.16471481323
4.06980609894		1.96208763123
4.07305216789		2.97696304321
4.0763001442		2.17521095276
4.07955908775		2.73339271545
4.08292913437		2.53549194336
4.08617806435		2.37311172485
4.08943414688		2.80443382263
4.09267711639		2.11431884766
4.09592914581		3.03785610199
4.09918618202		1.91134357452
4.10255503654		3.23068237305
4.10580611229		1.77940940857
4.1090631485		3.2611284256
4.11243104935		1.83015346527
4.11568212509		3.12919425964
4.11906313896		2.07372379303
4.12243199348		2.78413677216
4.12568211555		2.38833522797
4.12893819809		2.51012039185
4.13218402863		2.66235160828
4.13543200493		2.24625301361
4.13868403435		2.97696304321
4.14206504822		1.94686412811
4.14543700218		3.2103843689
4.14869308472		1.78448390961
4.15206098557		3.2611284256
4.15531206131		1.81493091583
4.15856218338		3.17486381531
4.16181302071		1.95193862915
4.16506314278		2.98711204529
4.16831803322		2.17521095276
4.17156505585		2.72831821442
4.17495417595		2.5405664444
4.17831516266		2.28684806824
4.18156719208		2.88055038452
4.18481612206		2.04327774048
4.18806505203		3.09874820709
4.19131803513		1.87582302094
4.19456505775		3.23068237305
4.19781708717		1.78448390961
4.20106911659		3.2611284256
4.2043170929		1.79970741272
4.20756912231		3.19516181946
4.21082019806		1.91641807556
4.21406912804		3.02263259888
4.21731901169		2.11431884766
4.22057008743		2.79936027527
4.22382116318		2.37818622589
4.22707104683		2.5405664444
4.23032617569		2.6522026062
4.23357200623		2.26147556305
4.23682117462		2.91099643707
4.24008011818		2.01790523529
4.24344611168		3.17486381531
4.24669909477		1.81493091583
4.25008606911		3.26620292664
4.25344920158		1.81493091583
4.25669908524		3.16978931427
4.26007509232		2.01283168793
4.26332616806		2.92621898651
4.26657414436		2.23610401154
4.2698340416		2.66235160828
4.27319312096		2.59638500214
4.27644205093		2.31729412079
4.27969813347		2.88562393188
4.28308105469		1.99253368378
4.28632807732		3.14441776276
4.2895860672		1.84030246735
4.29295301437		3.2611284256
4.29622006416		1.78448390961
4.29958605766		3.19516181946
4.30295610428		1.9722366333
4.30620503426		2.97188854218
4.30946207047		2.20058345795
4.31270718575		2.69787216187
4.31608104706		2.55578994751
4.31933808327		2.35281467438
4.32258200645		2.81965732574
4.32583212852		2.10416984558
4.32908916473		3.05815315247
4.33233308792		1.90626907349
4.33558320999		3.2103843689
4.33883309364		1.79463291168
4.3422100544		3.2611284256
4.34546017647		1.81493091583
4.34871006012		3.16978931427
4.35209107399		2.00775718689
4.35546112061		2.85517787933
4.3587141037		2.36296367645
4.36208820343		2.49489688873
4.36535310745		2.69787216187
4.36871218681		2.12446784973
4.3720870018		3.08352470398
4.37533807755		1.88597202301
4.37858915329		3.22053337097
4.38184404373		1.78955841064
4.3852159977		3.2611284256
4.38846516609		1.82507896423
4.39171600342		3.15456676483
4.3950920105		2.0331287384
4.39834213257		2.900847435
4.40159416199		2.2817735672
4.40484213829		2.63698005676
4.40809202194		2.55071544647
4.41134405136		2.36296367645
4.41459417343		2.81458282471
4.41784310341		2.11431884766
4.42109513283		3.04800415039
4.42434811592		1.91641807556
4.42759799957		3.20530986786
4.43084812164		1.79970741272
4.43409609795		3.2611284256
4.43736100197		1.78955841064
4.44072413445		3.17993831635
4.44409608841		1.99253368378
4.44734811783		2.94651699066
4.45059919357		2.22088050842
4.45385408401		2.68772315979
4.45722413063		2.58623600006
4.46047520638		2.32236862183
4.4637260437		2.86532688141
4.46709918976		2.00775718689
4.47035813332		3.13934326172
4.4736020565		1.85045146942
4.47685098648		3.24590492249
4.48010706902		1.77940940857
4.4833521843		3.2611284256
4.48660302162		1.8200044632
4.48986315727		3.16978931427
4.49324297905		2.03820323944
4.49660420418		2.82980632782
4.49987602234		2.37311172485
4.50323009491		2.46952533722
4.50647997856		2.71817016602
4.5097360611		2.19043445587
4.51310515404		3.03278160095
4.51635503769		1.91641807556
4.51960897446		3.20023536682
4.52285718918		1.80985641479
4.5261080265		3.27127742767
4.52935910225		1.78955841064
4.53260803223		3.23068237305
4.53586006165		1.8707485199
4.53911614418		3.09367370605
4.54235911369		2.05342674255
4.54560899734		2.88055038452
4.54886698723		2.30207061768
4.55211019516		2.61160755157
4.55536603928		2.57608699799
4.5586130619		2.34774017334
4.56186413765		2.8399553299
4.56511306763		2.09909534454
4.56836509705		3.0632276535
4.5716149807		1.90626907349
4.57486319542		3.2103843689
4.57811498642		1.79970741272
4.58138203621		3.26620292664
4.5847401619		1.8200044632
4.58811402321		3.12919425964
4.59136819839		2.00775718689
4.5946161747		2.93636798859
4.59786701202		2.24625301361
4.60111904144		2.66742610931
4.60436820984		2.51519489288
4.60761809349		2.39848423004
4.61087107658		2.78413677216
4.61412000656		2.14476490021
4.61737108231		3.02263259888
4.62062120438		1.93164157867
4.62387013435		3.19008731842
4.62711906433		1.81493091583
4.63037705421		3.26620292664
4.63362216949		1.78448390961
4.63687205315		3.23575687408
4.64012813568		1.86567401886
4.6434969902		3.04800415039
4.64674806595		2.12446784973
4.65012907982		2.72324466705
4.65339016914		2.46952533722
4.65675401688		2.33759117126
4.66012501717		2.90592193604
4.66337513924		2.03820323944
4.66662597656		3.11397171021
4.66988301277		1.86567401886
4.67325305939		3.2611284256
4.67650318146		1.77940940857
4.67975401878		3.24590492249
4.68312907219		1.88597202301
4.68637704849		3.08352470398
4.68963503838		2.07372379303
4.69300508499		2.77398777008
4.69627118111		2.42385578156
4.69963598251		2.40355873108
4.70300602913		2.86532688141
4.70625519753		2.06864929199
4.70951318741		3.08859920502
4.71288204193		1.83522796631
4.71627616882		3.2611284256
4.71963810921		1.80478191376
4.72288298607		3.20530986786
4.72613406181		1.91134357452
4.72938919067		3.04292964935
4.73263406754		2.10924434662
4.73588705063		2.81965732574
4.73914217949		2.37311172485
4.74251008034		2.46445083618
4.74576115608		2.74354171753
4.74914216995		2.10416984558
4.75238513947		3.04800415039
4.75563716888		1.91641807556
4.7589161396		3.22053337097
4.76226210594		1.78955841064
4.76551413536		3.26620292664
4.76876211166		1.83015346527
4.77214097977		3.13934326172
4.77539014816		2.00268268585
4.77864003181		2.91099643707
4.78201699257		2.31729412079
4.78526616096		2.59638500214
4.78851604462		2.5913105011
4.79176807404		2.31221961975
4.79514312744		2.93636798859
4.79839110374		2.00775718689
4.80164408684		3.13426876068
4.80489206314		1.85045146942
4.80814313889		3.24590492249
4.81139612198		1.78448390961
4.81464719772		3.2611284256
4.81789398193		1.8200044632
4.82114601135		3.16471481323
4.82439804077		1.95701313019
4.82764720917		2.99726104736
4.83089900017		2.1802854538
4.8341460228		2.74354171753
4.83741211891		2.45430183411
4.84077310562		2.36296367645
4.84414815903		2.89069843292
4.847397089		2.04835224152
4.8506500721		3.10382270813
4.8538980484		1.8707485199
4.85715007782		3.23068237305
4.86041212082		1.78955841064
4.86377501488		3.25097942352
4.86715006828		1.87582302094
4.87040710449		3.08859920502
4.87365102768		2.05342674255
4.87690019608		2.88055038452
4.88024020195		2.36803817749
4.88352918625		2.52534389496
4.88677811623		2.68264961243
4.89019203186		2.13969039917
4.89353299141		3.07337665558
4.89677906036		1.90119457245
4.90003013611		3.21545886993
4.90340399742		1.78448390961
4.90665602684		3.25605392456
4.90991210938		1.8200044632
4.91315603256		3.17486381531
4.91640710831		1.95193862915
4.91965699196		3.00233459473
4.92290616035		2.16506290436
4.92615914345		2.7536907196
4.92941498756		2.43907928467
4.9326581955		2.48474884033
4.93590903282		2.70802116394
4.93916606903		2.21073246002
4.94253611565		3.02770709991
4.94578504562		1.9214925766
4.94916605949		3.23068237305
4.95241308212		1.78955841064
4.9556620121		3.2611284256
4.95891904831		1.80478191376
4.96216917038		3.20023536682
4.96553897858		1.97731018066
4.9687871933		2.94651699066
4.97216701508		2.2919216156
4.97553801537		2.53041744232
4.97878909111		2.71309566498
4.98216819763		2.1701374054
4.98541712761		3.00233459473
4.98866605759		1.93671607971
4.99204015732		3.22053337097
4.99529004097		1.79463291168
4.99854397774		3.26620292664
