0.000130176544189		2.70802116394
0.00397205352783		2.52534389496
0.00672912597656		2.47967433929
0.00947117805481		2.66235160828
0.012225151062		2.35788917542
0.0149731636047		2.74354171753
0.0177211761475		2.27669906616
0.0204870700836		2.81458282471
0.0232210159302		2.21580600739
0.0259749889374		2.8399553299
0.0287239551544		2.21073246002
0.031476020813		2.83488082886
0.0342240333557		2.25132751465
0.0369729995728		2.77398777008
0.03972697258		2.33251667023
0.0424821376801		2.67250061035
0.0452239513397		2.43907928467
0.0479781627655		2.55578994751
0.0507280826569		2.56086444855
0.0534760951996		2.43907928467
0.0562610626221		2.68772315979
0.058974981308		2.31729412079
0.0617301464081		2.77398777008
0.0644769668579		2.24625301361
0.0672271251678		2.82980632782
0.0699801445007		2.21073246002
0.0727391242981		2.84502887726
0.075483083725		2.21580600739
0.0782330036163		2.80950832367
0.0809860229492		2.27669906616
0.0837340354919		2.73846721649
0.0864839553833		2.36803817749
0.089231967926		2.63190555573
0.0919849872589		2.4898223877
0.0947351455688		2.51012039185
0.0974860191345		2.61160755157
0.100238084793		2.38833522797
0.102990150452		2.72324466705
0.105736970901		2.28684806824
0.108488082886		2.79936027527
0.111238956451		2.22595500946
0.113986968994		2.8399553299
0.116738080978		2.20565795898
0.119491100311		2.82980632782
0.12224316597		2.23610401154
0.124992132187		2.78921127319
0.127742052078		2.30714511871
0.130500078201		2.69787216187
0.13324213028		2.41370677948
0.13599395752		2.58116149902
0.138744115829		2.53549194336
0.141502141953		2.45937633514
0.144246101379		2.6522026062
0.146994113922		2.34774017334
0.149750947952		2.7536907196
0.152495145798		2.25640106201
0.155245065689		2.82473182678
0.15799498558		2.22088050842
0.160748004913		2.84502887726
0.163499116898		2.21580600739
0.166246175766		2.81965732574
0.168996095657		2.25640106201
0.171748161316		2.75876522064
0.174498081207		2.34774017334
0.177247047424		2.6522026062
0.180001020432		2.45937633514
0.1827480793		2.53041744232
0.185498952866		2.58116149902
0.188249111176		2.41370677948
0.191004991531		2.7029466629
0.193753004074		2.30207061768
0.196501016617		2.78921127319
0.199252128601		2.23610401154
0.202003002167		2.8399553299
0.204753160477		2.20565795898
0.207501173019		2.84502887726
0.210260152817		2.22088050842
0.213003158569		2.80443382263
0.215756177902		2.2919216156
0.218503952026		2.72324466705
0.221255064011		2.38326072693
0.224004030228		2.61160755157
0.226760149002		2.51012039185
0.229506015778		2.46952533722
0.232254981995		2.62683105469
0.235005140305		2.36296367645
0.23775601387		2.73339271545
0.240514039993		2.27162456512
0.243257045746		2.80950832367
0.246006965637		2.22088050842
0.248758077621		2.8399553299
0.251508951187		2.20565795898
0.254260063171		2.82473182678
0.257009983063		2.24625301361
0.259762048721		2.77398777008
0.262508153915		2.32236862183
0.265259981155		2.68264961243
0.26801109314		2.42893028259
0.270761013031		2.56086444855
0.273509979248		2.55071544647
0.276260137558		2.43907928467
0.279011011124		2.67757511139
0.281763076782		2.33251667023
0.284512996674		2.76891326904
0.287261962891		2.24625301361
0.290019989014		2.82980632782
0.292762994766		2.21073246002
0.295516967773		2.84502887726
0.298264980316		2.22088050842
0.3010160923		2.81458282471
0.303764104843		2.27162456512
0.306516170502		2.74354171753
0.309266090393		2.35788917542
0.312023162842		2.63190555573
0.314768075943		2.47967433929
0.317516088486		2.51012039185
0.320274114609		2.60145950317
0.323017120361		2.38833522797
0.325767993927		2.71309566498
0.328518152237		2.29699611664
0.331268072128		2.79936027527
0.334020137787		2.2310295105
0.336769104004		2.8399553299
0.33951997757		2.21073246002
0.342396020889		2.81965732574
0.345144987106		2.25132751465
0.347896099091		2.76383876801
0.350653171539		2.3426656723
0.353398084641		2.66235160828
0.356146097183		2.45430183411
0.358896970749		2.5405664444
0.361649990082		2.57608699799
0.364398002625		2.42385578156
0.367149114609		2.69279766083
0.369904994965		2.31221961975
0.372648954391		2.78413677216
0.375400066376		2.2310295105
0.378149986267		2.83488082886
0.3809030056		2.21073246002
0.383651018143		2.8399553299
0.386401176453		2.22088050842
0.389151096344		2.80950832367
0.391904115677		2.2817735672
0.39465212822		2.72831821442
0.397418022156		2.38833522797
0.400160074234		2.61160755157
0.402904033661		2.49997138977
0.405652999878		2.49489688873
0.408404111862		2.62175655365
0.41116309166		2.36803817749
0.413905143738		2.72831821442
0.416656017303		2.2817735672
0.419404983521		2.80950832367
0.422157049179		2.22088050842
0.424905061722		2.8399553299
0.427656173706		2.20565795898
0.430444002151		2.82980632782
0.433158159256		2.24117851257
0.435907125473		2.78413677216
0.438657045364		2.31729412079
0.441419124603		2.68264961243
0.444159984589		2.42385578156
0.446910142899		2.56593894958
0.449668169022		2.55071544647
0.452409029007		2.44922733307
0.455160140991		2.66742610931
0.457911014557		2.33759117126
0.460663080215		2.76383876801
0.463408946991		2.25132751465
0.466160058975		2.82473182678
0.468913078308		2.21580600739
0.471663951874		2.84502887726
0.474411964417		2.21580600739
0.477164030075		2.81458282471
0.479921102524		2.27162456512
0.482669115067		2.74354171753
0.485414028168		2.35281467438
0.488163948059		2.63698005676
0.490916967392		2.47459983826
0.493666172028		2.52026939392
0.496417999268		2.59638500214
0.499165058136		2.39848423004
0.501919031143		2.70802116394
0.504666090012		2.29699611664
0.507416963577		2.79428577423
0.510169029236		2.2310295105
0.512917995453		2.8399553299
0.515669107437		2.21073246002
0.518419027328		2.83488082886
0.521170139313		2.22595500946
0.52391910553		2.79428577423
0.526669025421		2.29699611664
0.529420137405		2.69787216187
0.532171010971		2.39848423004
0.534922122955		2.59638500214
0.537671089172		2.52026939392
0.540503025055		2.42893028259
0.543297052383		2.68264961243
0.546046972275		2.31729412079
0.548798084259		2.77906227112
0.551553010941		2.23610401154
0.554296970367		2.82980632782
0.557051181793		2.21073246002
0.559807062149		2.8399553299
0.562549114227		2.22595500946
0.565299034119		2.80950832367
0.568068027496		2.2817735672
0.57080411911		2.72831821442
0.573551177979		2.37311172485
0.576300144196		2.62175655365
0.579051971436		2.49489688873
0.58180308342		2.49997138977
0.584553003311		2.61668205261
0.587304115295		2.38326072693
0.590054988861		2.72324466705
0.592805147171		2.2817735672
0.595554113388		2.79936027527
0.598303079605		2.22595500946
0.601056098938		2.84502887726
0.603804111481		2.20565795898
0.606554985046		2.82980632782
0.609306097031		2.23610401154
0.612055063248		2.78413677216
0.614807128906		2.31221961975
0.617558956146		2.69279766083
0.620357990265		2.43907928467
0.623057126999		2.57608699799
0.625808000565		2.5405664444
0.628561019897		2.45430183411
0.631311178207		2.66235160828
0.634058952332		2.3426656723
0.636810064316		2.76383876801
0.639604091644		2.24117851257
0.64231300354		2.82473182678
0.645061969757		2.21580600739
0.647816181183		2.84502887726
0.650571107864		2.21580600739
0.653319120407		2.81965732574
0.65606212616		2.26147556305
0.658811092377		2.7536907196
0.661563158035		2.35281467438
0.664312124252		2.64712810516
0.667063951492		2.46445083618
0.669821023941		2.52534389496
0.672564983368		2.5913105011
0.675312995911		2.40863323212
0.678065061569		2.69787216187
0.680817127228		2.29699611664
0.683563947678		2.78921127319
0.686314105988		2.23610401154
0.689064979553		2.8399553299
0.691821098328		2.21073246002
0.694566011429		2.8399553299
0.697319030762		2.22595500946
0.700067996979		2.79936027527
0.702819108963		2.2919216156
0.705569028854		2.71817016602
0.708318948746		2.393409729
0.711071014404		2.60145950317
0.713819980621		2.51519489288
0.716571092606		2.47459983826
0.719320058823		2.63190555573
0.722071170807		2.36296367645
0.724822044373		2.73846721649
0.727574110031		2.27162456512
0.730360031128		2.81965732574
0.733072042465		2.21580600739
0.735821962357		2.8399553299
0.738581180573		2.20565795898
0.741325139999		2.82473182678
0.744074106216		2.24625301361
0.746824979782		2.77398777008
0.749654054642		2.34774017334
0.752328157425		2.67250061035
0.755077123642		2.43400478363
0.757826089859		2.55578994751
0.760581970215		2.56086444855
0.76332616806		2.43400478363
0.766076087952		2.67250061035
0.768826961517		2.32236862183
0.771579027176		2.77398777008
0.774327039719		2.24625301361
0.777080059052		2.82980632782
0.779829978943		2.21073246002
0.78257894516		2.8399553299
0.78532910347		2.22088050842
0.788079023361		2.80950832367
0.790832996368		2.27162456512
0.793581008911		2.73846721649
0.796329975128		2.36803817749
0.799081087112		2.62683105469
0.801833152771		2.48474884033
0.804583072662		2.50504589081
0.807331085205		2.60653305054
0.810089111328		2.38833522797
0.812832117081		2.71817016602
0.815584182739		2.2919216156
0.818333148956		2.79936027527
0.821086168289		2.22595500946
0.823842048645		2.8399553299
0.826585054398		2.20565795898
0.829334020615		2.8399553299
0.832086086273		2.23610401154
0.83483505249		2.78921127319
0.837584972382		2.30207061768
0.840422153473		2.66742610931
0.843086957932		2.40863323212
0.845838069916		2.58623600006
0.848587036133		2.53549194336
0.851336956024		2.45937633514
0.85409116745		2.64712810516
0.856839179993		2.3426656723
0.859596014023		2.74861621857
0.862339019775		2.26147556305
0.865089178085		2.82980632782
0.867838144302		2.21580600739
0.8705971241		2.84502887726
0.873341083527		2.21073246002
0.876091003418		2.81965732574
0.878843069077		2.25640106201
0.881592988968		2.75876522064
0.884344100952		2.3426656723
0.887091159821		2.6522026062
0.889848947525		2.45937633514
0.892594099045		2.53041744232
0.89534497261		2.58116149902
0.898096084595		2.41370677948
0.900846004486		2.69787216187
0.90359711647		2.30714511871
0.906344175339		2.78413677216
0.909101009369		2.2310295105
0.911848068237		2.83488082886
0.91459608078		2.20565795898
0.917346000671		2.8399553299
0.920104026794		2.22595500946
0.922847032547		2.79936027527
0.925598144531		2.2817735672
0.928348064423		2.72324466705
0.931100130081		2.38326072693
0.933849096298		2.61160755157
0.93659901619		2.50504589081
0.939347982407		2.45937633514
0.942104101181		2.62683105469
0.944851160049		2.37311172485
0.947600126266		2.72831821442
0.950396060944		2.26147556305
0.953104019165		2.80950832367
0.955851078033		2.22595500946
0.958603143692		2.84502887726
0.961352109909		2.20565795898
0.9641020298		2.82980632782
0.966853141785		2.24625301361
0.969609022141		2.77906227112
0.97235417366		2.32236862183
0.975104093552		2.68264961243
0.977861166		2.42893028259
0.980607032776		2.56086444855
0.98335814476		2.55071544647
0.986104011536		2.44415378571
0.98885512352		2.67250061035
0.991609096527		2.32744312286
0.994364023209		2.76891326904
0.997107028961		2.25132751465
0.999866962433		2.82980632782
1.00260806084		2.21073246002
1.0053601265		2.8399553299
1.00810813904		2.21580600739
1.01085996628		2.81458282471
1.01361012459		2.26655006409
1.01635909081		2.74354171753
1.01910805702		2.36296367645
1.02186203003		2.63698005676
1.02461004257		2.47967433929
1.02736115456		2.51519489288
1.03011703491		2.60145950317
1.03286194801		2.393409729
1.03561115265		2.71309566498
1.03836202621		2.2919216156
1.04111409187		2.79936027527
1.04386305809		2.22595500946
1.04661202431		2.8399553299
1.04936408997		2.21073246002
1.05211901665		2.83488082886
1.05486512184		2.2310295105
1.05761504173		2.79936027527
1.06040000916		2.31221961975
1.06311702728		2.70802116394
1.06586503983		2.39848423004
1.06861615181		2.5913105011
1.07136702538		2.52534389496
1.07411813736		2.46445083618
1.07686805725		2.6420545578
1.07963109016		2.34774017334
1.08236813545		2.74861621857
1.08511900902		2.26147556305
1.08787202835		2.81458282471
1.09062004089		2.21580600739
1.09337115288		2.84502887726
1.09612011909		2.21073246002
1.09887099266		2.82473182678
1.10162210464		2.25132751465
1.10437011719		2.76383876801
1.10712099075		2.33759117126
1.1098780632		2.66235160828
1.1126229763		2.44922733307
1.11537218094		2.5405664444
1.11812901497		2.57608699799
1.12087702751		2.41878128052
1.12362313271		2.68264961243
1.1263730526		2.31221961975
1.12912511826		2.78413677216
1.13187599182		2.24117851257
1.13462615013		2.82980632782
1.13737607002		2.20565795898
1.14012598991		2.8399553299
1.1428771019		2.22595500946
1.14562606812		2.80443382263
1.1483771801		2.28684806824
1.15112805367		2.73339271545
1.15387797356		2.38326072693
1.15662813187		2.61668205261
1.15937900543		2.52534389496
1.16213417053		2.4898223877
1.1648850441		2.62175655365
1.1676299572		2.37818622589
1.1704211235		2.73846721649
1.17313098907		2.27669906616
1.17588305473		2.80443382263
1.1786301136		2.22088050842
1.18138217926		2.84502887726
1.18412995338		2.21073246002
1.18688201904		2.83488082886
1.18963503838		2.24117851257
1.19238209724		2.77906227112
1.19513297081		2.31221961975
1.19788312912		2.68772315979
1.20063400269		2.42385578156
1.2033829689		2.57608699799
1.20613408089		2.54564094543
1.20888495445		2.44922733307
1.21163702011		2.66235160828
1.21438503265		2.33759117126
1.21713495255		2.75876522064
1.21988606453		2.25132751465
1.22263598442		2.82473182678
1.22538614273		2.21073246002
1.2281370163		2.8399553299
1.23089003563		2.21580600739
1.23363804817		2.81965732574
1.23638701439		2.26655006409
1.23913812637		2.7536907196
1.24189400673		2.35788917542
1.2446410656		2.6420545578
1.24738907814		2.46952533722
1.25015306473		2.51519489288
1.25289416313		2.5913105011
1.25564217567		2.39848423004
1.25839304924		2.7029466629
1.2611451149		2.29699611664
1.26389217377		2.78921127319
1.26664209366		2.23610401154
1.26939296722		2.84502887726
1.27214503288		2.21073246002
1.27490115166		2.8399553299
1.27764415741		2.22595500946
1.2804350853		2.78921127319
1.28314399719		2.2919216156
1.28589510918		2.71309566498
1.28864502907		2.38833522797
1.29139614105		2.60145950317
1.29414606094		2.51519489288
1.29689717293		2.47459983826
1.29965114594		2.63698005676
1.30239796638		2.35788917542
1.30514717102		2.73846721649
1.30789804459		2.27162456512
1.31065011024		2.81458282471
1.31340003014		2.22088050842
1.31614995003		2.8399553299
1.31890106201		2.20565795898
1.3216509819		2.82473182678
1.32439994812		2.25132751465
1.3271510601		2.76891326904
1.32990598679		2.33251667023
1.33265209198		2.67250061035
1.33540701866		2.43907928467
1.33815097809		2.55071544647
1.3409011364		2.56086444855
1.34364414215		2.43400478363
1.34639596939		2.67757511139
1.34914398193		2.32236862183
1.35191202164		2.77398777008
1.35465312004		2.24117851257
1.35740303993		2.82980632782
1.3601629734		2.20565795898
1.36290502548		2.8399553299
1.36565613747		2.22088050842
1.36840510368		2.80950832367
1.37115907669		2.27669906616
1.37390613556		2.73339271545
1.37665605545		2.37311172485
1.37940597534		2.61160755157
1.38215899467		2.49489688873
1.38490915298		2.50504589081
1.3876581192		2.61160755157
1.39044117928		2.37311172485
1.39315915108		2.72324466705
1.39591002464		2.28684806824
1.39866018295		2.80443382263
1.40141296387		2.22595500946
1.40416002274		2.8399553299
1.40691018105		2.20565795898
1.40966200829		2.83488082886
1.4124109745		2.23610401154
1.41515898705		2.78921127319
1.4179110527		2.30714511871
1.4206700325		2.69279766083
1.42340898514		2.40863323212
1.42616009712		2.58116149902
1.42891097069		2.53549194336
1.43166518211		2.46445083618
1.43441200256		2.65727710724
1.43716216087		2.3426656723
1.43991398811		2.7536907196
1.44266605377		2.25640106201
1.44541406631		2.81965732574
1.44816303253		2.21580600739
1.4509241581		2.84502887726
1.45366501808		2.21580600739
1.45641517639		2.81965732574
1.45916414261		2.25640106201
1.46192002296		2.7536907196
1.46466708183		2.34774017334
1.46741914749		2.6522026062
1.47017598152		2.46445083618
1.47292304039		2.52534389496
1.47567105293		2.58116149902
1.47842001915		2.40863323212
1.48117017746		2.69787216187
1.48392105103		2.30714511871
1.48667001724		2.78921127319
1.4894220829		2.22595500946
1.49217104912		2.83488082886
1.49492096901		2.20565795898
1.49767208099		2.83488082886
1.50047016144		2.23610401154
1.50317311287		2.79936027527
1.50592803955		2.2919216156
1.50867509842		2.71817016602
1.51142597198		2.38326072693
1.51417613029		2.60653305054
1.51692414284		2.51012039185
1.51968216896		2.48474884033
1.52242398262		2.63190555573
1.5251750946		2.36803817749
1.52792906761		2.73339271545
1.53067803383		2.26655006409
1.53342700005		2.80950832367
1.53617715836		2.22088050842
1.53892612457		2.84502887726
1.54168105125		2.21073246002
1.5444290638		2.82980632782
1.54717803001		2.24625301361
1.54993700981		2.76891326904
1.55267906189		2.32236862183
1.55542898178		2.67757511139
1.55818009377		2.43400478363
1.56093215942		2.55578994751
1.56367897987		2.55578994751
1.56643104553		2.42893028259
1.56918215752		2.67250061035
1.57193613052		2.32236862183
1.57468295097		2.77398777008
1.57743215561		2.24625301361
1.58018398285		2.82980632782
1.58293294907		2.20565795898
1.58568310738		2.84502887726
1.58843398094		2.21073246002
1.59119200706		2.81458282471
1.59393501282		2.26655006409
1.5966861248		2.73846721649
1.59943604469		2.37818622589
1.60218596458		2.63190555573
1.60493707657		2.47967433929
1.60768914223		2.51012039185
1.61047315598		2.61668205261
1.61318898201		2.393409729
1.61593914032		2.71309566498
1.61868810654		2.28684806824
1.6214401722		2.79936027527
1.62418794632		2.2310295105
1.6269390583		2.8399553299
1.6296980381		2.21073246002
1.63243913651		2.83488082886
1.63519096375		2.2310295105
1.63794016838		2.78921127319
1.64069199562		2.30714511871
1.64344215393		2.7029466629
1.64619112015		2.41878128052
1.64895796776		2.58116149902
1.65169405937		2.52534389496
1.65444207191		2.45937633514
1.65719294548		2.64712810516
1.65994310379		2.34774017334
1.66269302368		2.74861621857
1.66544413567		2.26147556305
1.66819500923		2.81965732574
1.67094707489		2.21073246002
1.67369508743		2.8399553299
1.67645001411		2.21073246002
1.67919611931		2.82473182678
1.6819460392		2.25640106201
1.68469715118		2.76383876801
1.68744707108		2.33759117126
1.69019794464		2.65727710724
1.6929500103		2.44922733307
1.69569802284		2.5405664444
1.69844818115		2.57608699799
1.70120096207		2.41370677948
1.70395112038		2.68772315979
1.70669913292		2.30714511871
1.70945000648		2.79428577423
1.71220207214		2.24117851257
1.71495103836		2.8399553299
1.71770095825		2.21073246002
1.72046017647		2.83488082886
1.72320199013		2.22088050842
1.72595214844		2.79936027527
1.728703022		2.2817735672
1.73145318031		2.72831821442
1.73420214653		2.38326072693
1.73695516586		2.61160755157
1.73971295357		2.50504589081
1.74245405197		2.4898223877
1.74520516396		2.62175655365
1.74795913696		2.37311172485
1.75070714951		2.73339271545
1.7534570694		2.27669906616
1.75620818138		2.80443382263
1.75895810127		2.21580600739
1.7617161274		2.84502887726
1.76446008682		2.21073246002
1.76720809937		2.83488082886
1.76996397972		2.24117851257
1.77271008492		2.77906227112
1.77545714378		2.31729412079
1.77821111679		2.68264961243
1.78096199036		2.42893028259
1.78371095657		2.56593894958
1.78646206856		2.55071544647
1.7892100811		2.44415378571
1.79196310043		2.66742610931
1.7947101593		2.33251667023
1.79746198654		2.76383876801
1.80021810532		2.25132751465
1.80296111107		2.82473182678
1.8057141304		2.21073246002
1.80846595764		2.8399553299
1.81121397018		2.21580600739
1.81396317482		2.81458282471
1.81671309471		2.26655006409
1.81946516037		2.73339271545
1.82221603394		2.35788917542
1.82496500015		2.63698005676
1.82771515846		2.47459983826
1.83047413826		2.51519489288
1.83321595192		2.5913105011
1.83596515656		2.393409729
1.8387169838		2.70802116394
1.84146904945		2.29699611664
1.84421801567		2.79428577423
1.84697413445		2.2310295105
1.84972500801		2.8399553299
1.85246896744		2.20565795898
1.85522007942		2.8399553299
1.85797309875		2.2310295105
1.86072206497		2.79428577423
1.86347007751		2.29699611664
1.86622095108		2.70802116394
1.86897015572		2.40355873108
1.87174296379		2.58623600006
1.87447309494		2.52534389496
1.87722301483		2.47459983826
1.8799841404		2.64712810516
1.88272404671		2.35788917542
1.8854739666		2.74354171753
1.88822412491		2.26655006409
1.89097499847		2.81965732574
1.89372301102		2.21580600739
1.89647507668		2.84502887726
1.89922595024		2.21073246002
1.90197706223		2.82473182678
1.90472602844		2.24625301361
1.90747714043		2.76383876801
1.91023302078		2.33759117126
1.9129781723		2.66742610931
1.91572713852		2.44922733307
1.91847705841		2.54564094543
1.92123007774		2.57101249695
1.92397713661		2.42385578156
1.92672896385		2.67757511139
1.92947816849		2.2919216156
1.93236303329		2.80950832367
1.93510508537		2.22088050842
1.93785405159		2.8399553299
1.94060897827		2.21073246002
1.94335699081		2.82980632782
1.9461081028		2.24117851257
1.94885706902		2.78413677216
1.95160913467		2.31221961975
1.95435714722		2.69279766083
1.95710897446		2.41878128052
1.95986294746		2.56593894958
1.96260809898		2.5405664444
1.96535801888		2.45937633514
1.96810913086		2.65727710724
1.97086000443		2.33759117126
1.97360897064		2.7536907196
1.97636008263		2.25640106201
1.97911095619		2.82473182678
1.98186516762		2.21580600739
1.98461103439		2.84502887726
1.98736310005		2.21073246002
1.99011301994		2.81458282471
1.99286198616		2.26147556305
1.99561214447		2.74861621857
1.99836301804		2.34774017334
2.00111508369		2.6522026062
2.00386309624		2.45937633514
2.0066139698		2.52534389496
2.00936412811		2.60145950317
2.01211595535		2.40355873108
2.01486611366		2.7029466629
2.01762008667		2.30207061768
2.02040195465		2.79428577423
2.02311897278		2.23610401154
2.02586698532		2.83488082886
2.02861595154		2.21073246002
2.0313680172		2.8399553299
2.03411912918		2.2310295105
2.03687000275		2.79936027527
2.03962397575		2.2919216156
2.0423681736		2.71309566498
2.04512000084		2.393409729
2.04786896706		2.60145950317
2.05062103271		2.51519489288
2.05336904526		2.47967433929
2.05612301826		2.63190555573
2.05887103081		2.36296367645
2.06162214279		2.73846721649
2.06437110901		2.27162456512
2.06712198257		2.81458282471
2.0698800087		2.21580600739
2.07262301445		2.84502887726
2.07537508011		2.21073246002
2.07812404633		2.82473182678
2.08087515831		2.24625301361
2.08362603188		2.76891326904
2.08637404442		2.32744312286
2.0891251564		2.67250061035
2.09188199043		2.43907928467
2.09462714195		2.55071544647
2.0973751545		2.56086444855
2.10012817383		2.42893028259
2.10288310051		2.68264961243
2.10562801361		2.32236862183
2.10837697983		2.76891326904
2.11112904549		2.24625301361
2.1138780117		2.82980632782
2.11662912369		2.20565795898
2.1193780899		2.8399553299
2.12213110924		2.22088050842
2.12488913536		2.80950832367
2.12763094902		2.27162456512
2.13041996956		2.72831821442
2.13313102722		2.36803817749
2.13587999344		2.62683105469
2.1386320591		2.4898223877
2.1413860321		2.51012039185
2.14413309097		2.61160755157
2.14688205719		2.38833522797
2.14964008331		2.71817016602
2.15238308907		2.2817735672
2.15513515472		2.79936027527
2.15788412094		2.2310295105
2.16063594818		2.8399553299
2.16338515282		2.21073246002
2.16613602638		2.82980632782
2.16888403893		2.23610401154
2.17163896561		2.78413677216
2.17438602448		2.30714511871
2.17713499069		2.69787216187
2.17989015579		2.41370677948
2.18263697624		2.58116149902
2.18538808823		2.52534389496
2.1882610321		2.38326072693
2.19103312492		2.70802116394
2.19376516342		2.30714511871
2.19651198387		2.78413677216
2.19926095009		2.24117851257
2.20201516151		2.8399553299
2.20476603508		2.20565795898
2.20751404762		2.8399553299
2.21026611328		2.22088050842
2.2130150795		2.80443382263
2.21576714516		2.28684806824
2.21851611137		2.72324466705
2.22126698494		2.38326072693
2.22401595116		2.61160755157
2.22676610947		2.50504589081
2.22951698303		2.46952533722
2.23226904869		2.62683105469
2.23501896858		2.36803817749
2.23777008057		2.72831821442
2.24052810669		2.27162456512
2.24327111244		2.80950832367
2.24602198601		2.22088050842
2.24877214432		2.84502887726
2.25152397156		2.20565795898
2.25427317619		2.82980632782
2.25702404976		2.24117851257
2.25978112221		2.77398777008
2.26252508163		2.32236862183
2.26527309418		2.68264961243
2.26802515984		2.43400478363
2.2707760334		2.56086444855
2.27353215218		2.55578994751
2.27627515793		2.43400478363
2.27902412415		2.67250061035
2.28177595139		2.32744312286
2.2845261097		2.76891326904
2.28727507591		2.24625301361
2.29003310204		2.82980632782
2.2927801609		2.21073246002
2.29552698135		2.84502887726
2.29827713966		2.22088050842
2.30102801323		2.81458282471
2.30377697945		2.26655006409
2.30652999878		2.74354171753
2.30928015709		2.36296367645
2.31203198433		2.63190555573
2.3147790432		2.47967433929
2.31753015518		2.51519489288
2.32028007507		2.60145950317
2.32303214073		2.393409729
2.32578110695		2.70802116394
2.32853198051		2.29699611664
2.33128213882		2.79428577423
2.33403396606		2.22595500946
2.3367831707		2.83488082886
2.33953213692		2.20565795898
2.3422870636		2.83488082886
2.34503412247		2.22595500946
2.34778308868		2.79428577423
2.35054111481		2.30207061768
2.35328602791		2.7029466629
2.35603499413		2.40355873108
2.35879206657		2.58623600006
2.361536026		2.52026939392
2.36428594589		2.45937633514
2.3670361042		2.63698005676
2.36979198456		2.34774017334
2.37253808975		2.74861621857
2.37528705597		2.26147556305
2.37803912163		2.81965732574
2.38079214096		2.21580600739
2.38354110718		2.8399553299
2.38629007339		2.21073246002
2.38904094696		2.82473182678
2.39179611206		2.25640106201
2.39454102516		2.75876522064
2.39728999138		2.33251667023
2.40004897118		2.6522026062
2.40279102325		2.44922733307
2.40554118156		2.5405664444
2.40831804276		2.58623600006
2.41104602814		2.41370677948
2.41379904747		2.69279766083
2.4165430069		2.31221961975
2.41929197311		2.77906227112
2.42204499245		2.24117851257
2.42479705811		2.83488082886
2.42754912376		2.20565795898
2.43033695221		2.83488082886
2.43304800987		2.22088050842
2.43579506874		2.79936027527
2.43854403496		2.27669906616
2.4413061142		2.72831821442
2.44405508041		2.38326072693
2.44679617882		2.61668205261
2.44954705238		2.51519489288
2.45229816437		2.49489688873
2.45504903793		2.61668205261
2.45779895782		2.37311172485
2.46055817604		2.72831821442
2.4632999897		2.2817735672
2.46605014801		2.80443382263
2.4688000679		2.22088050842
2.47155404091		2.8399553299
2.47430109978		2.21073246002
2.47705101967		2.83488082886
2.47980809212		2.24117851257
2.4825501442		2.77906227112
2.48530101776		2.31221961975
2.48805618286		2.68772315979
2.49080395699		2.42385578156
2.49355316162		2.56593894958
2.49630117416		2.54564094543
2.49905514717		2.44922733307
2.50180602074		2.65727710724
2.50455403328		2.33251667023
2.50730609894		2.75876522064
2.51006412506		2.25132751465
2.51280713081		2.82473182678
2.51555609703		2.21580600739
2.51830506325		2.84502887726
2.52105903625		2.21580600739
2.52380609512		2.81458282471
2.52655816078		2.26655006409
2.52931404114		2.74861621857
2.53206014633		2.35281467438
2.53480815887		2.64712810516
2.53755807877		2.46952533722
2.54039096832		2.48474884033
2.54307508469		2.60145950317
2.54581403732		2.39848423004
2.54856204987		2.70802116394
2.55131697655		2.29699611664
2.55406308174		2.78921127319
2.55683016777		2.22595500946
2.55960202217		2.83488082886
2.56231617928		2.20565795898
2.56506514549		2.8399553299
2.5678191185		2.2310295105
2.57057404518		2.78921127319
2.57331609726		2.29699611664
2.57606506348		2.70802116394
2.57881712914		2.39848423004
2.58157014847		2.59638500214
2.58431816101		2.52026939392
2.5870680809		2.47459983826
2.58982110023		2.6420545578
2.59257006645		2.35281467438
2.59531903267		2.74354171753
2.59806895256		2.26655006409
2.60082197189		2.81965732574
2.60356998444		2.22088050842
2.60632014275		2.8399553299
2.60907101631		2.20565795898
2.61182498932		2.81965732574
2.61457800865		2.25132751465
2.61732196808		2.76891326904
2.62008500099		2.33759117126
2.62282514572		2.66742610931
2.62557196617		2.43907928467
2.62832403183		2.54564094543
2.63107800484		2.57608699799
2.63382506371		2.42385578156
2.6365749836		2.68772315979
2.63932609558		2.31729412079
2.64207911491		2.77906227112
2.64484214783		2.23610401154
2.64757514		2.82980632782
2.65036797523		2.21073246002
2.65307807922		2.84502887726
2.65582895279		2.22088050842
2.65857815742		2.80950832367
2.66132998466		2.27669906616
2.664083004		2.73339271545
2.66682910919		2.37818622589
2.66961216927		2.61160755157
2.67233204842		2.49489688873
2.67508006096		2.49997138977
2.67782902718		2.60653305054
2.68059015274		2.37818622589
2.68333101273		2.71817016602
2.68608212471		2.28684806824
2.6888320446		2.80443382263
2.69158411026		2.22595500946
2.69433307648		2.8399553299
2.69708204269		2.20565795898
2.69984817505		2.82473182678
2.70258402824		2.23610401154
2.70533394814		2.78413677216
2.7080950737		2.31729412079
2.71083807945		2.68264961243
2.71358513832		2.41370677948
2.71633505821		2.57608699799
2.7190861702		2.53549194336
2.72183799744		2.44922733307
2.72458696365		2.67250061035
2.7273581028		2.33251667023
2.73009514809		2.76383876801
2.73285412788		2.25132751465
2.73558712006		2.81965732574
2.7383389473		2.21073246002
2.7410941124		2.8399553299
2.74384307861		2.21580600739
2.74659013748		2.82473182678
2.7493391037		2.26147556305
2.75209617615		2.74861621857
2.75484204292		2.3426656723
2.75759100914		2.64712810516
2.76038002968		2.47967433929
2.76309204102		2.53041744232
2.76584196091		2.58623600006
2.76859307289		2.40355873108
2.77134394646		2.69787216187
2.77409410477		2.30207061768
2.77684497833		2.78921127319
2.77960014343		2.23610401154
2.78234410286		2.8399553299
2.78510117531		2.20565795898
2.78784513474		2.83488082886
2.79059910774		2.22595500946
2.79334497452		2.79428577423
2.79610800743		2.29699611664
2.79884696007		2.71817016602
2.80159902573		2.38833522797
2.80434703827		2.60145950317
2.80709600449		2.52026939392
2.80985617638		2.47967433929
2.81259918213		2.63190555573
2.81534814835		2.36803817749
2.81809902191		2.73846721649
2.82086610794		2.26655006409
2.82359910011		2.80950832367
2.82635116577		2.22088050842
2.82910108566		2.84502887726
2.83185315132		2.21580600739
2.83459997177		2.82980632782
2.83735108376		2.24625301361
2.84011507034		2.76383876801
2.84285402298		2.32744312286
2.84560203552		2.67757511139
2.84835195541		2.43907928467
2.85110402107		2.56086444855
2.85385298729		2.55578994751
2.85660505295		2.43907928467
2.85935401917		2.69787216187
2.86210894585		2.32236862183
2.86485505104		2.76891326904
2.86760616302		2.25132751465
2.87039995193		2.83488082886
2.87310600281		2.21073246002
2.87585711479		2.8399553299
2.87860798836		2.22088050842
2.88136100769		2.81458282471
2.88411808014		2.2817735672
2.88685917854		2.73846721649
2.88961601257		2.36803817749
2.89235806465		2.62683105469
2.89510917664		2.47967433929
2.89785909653		2.51012039185
2.90060997009		2.60653305054
2.9033601284		2.38833522797
2.90611100197		2.71309566498
2.90887618065		2.28684806824
2.91161417961		2.79428577423
2.91436195374		2.2310295105
2.91711211205		2.8399553299
2.91987109184		2.20565795898
2.92261314392		2.83488082886
2.92536401749		2.2310295105
2.9281141758		2.78921127319
2.93086409569		2.30714511871
2.93361401558		2.7029466629
2.9363629818		2.40863323212
2.93911409378		2.58623600006
2.94187307358		2.53549194336
2.94461512566		2.45937633514
2.94736599922		2.6522026062
2.95012307167		2.33759117126
2.95286417007		2.7536907196
2.95562314987		2.26147556305
2.95836806297		2.81965732574
2.96112012863		2.21580600739
2.96386814117		2.84502887726
2.96661710739		2.21073246002
2.96937012672		2.81965732574
2.97213101387		2.26147556305
2.97486901283		2.76383876801
2.97762107849		2.3426656723
2.98041200638		2.63698005676
2.98312115669		2.45937633514
2.98587107658		2.53549194336
2.9886200428		2.57608699799
2.99137616158		2.41878128052
2.99412107468		2.69279766083
2.99688911438		2.30714511871
2.99963212013		2.78921127319
3.00237607956		2.23610401154
3.00512313843		2.82980632782
3.00787615776		2.21073246002
3.01062703133		2.8399553299
3.01337599754		2.22595500946
3.0161280632		2.79936027527
3.01887512207		2.28684806824
3.0216281414		2.72324466705
3.02437615395		2.38326072693
3.02712607384		2.61160755157
3.02988314629		2.51012039185
3.03262710571		2.4898223877
3.03537797928		2.62683105469
3.03812813759		2.36803817749
3.0409309864		2.74861621857
3.04363203049		2.27669906616
3.04638004303		2.80950832367
3.04913115501		2.22595500946
3.05188512802		2.8399553299
3.0546309948		2.20565795898
3.05738210678		2.82980632782
3.0601439476		2.24625301361
3.06288194656		2.77906227112
3.06563210487		2.31729412079
3.06838202477		2.68264961243
3.0711350441		2.42385578156
3.07388401031		2.56086444855
3.07663297653		2.54564094543
3.07938408852		2.42385578156
3.08213496208		2.67250061035
3.08491611481		2.31729412079
3.08763599396		2.76383876801
3.09042310715		2.24117851257
3.09313702583		2.82473182678
3.09589004517		2.21580600739
3.09863805771		2.84502887726
3.1013879776		2.21580600739
3.10413813591		2.80950832367
3.10688900948		2.26655006409
3.10964512825		2.73846721649
3.112388134		2.35788917542
3.11513996124		2.63698005676
3.11789011955		2.47967433929
3.12064313889		2.51519489288
3.12338900566		2.60145950317
3.12614917755		2.393409729
3.12889313698		2.70802116394
3.13164305687		2.29699611664
3.13439202309		2.79936027527
3.13714313507		2.22595500946
3.13989901543		2.84502887726
3.14264297485		2.20565795898
3.1453909874		2.8399553299
3.14815306664		2.2310295105
3.15089511871		2.78921127319
3.15364313126		2.30207061768
3.15639400482		2.70802116394
3.15914416313		2.40355873108
3.16189908981		2.5913105011
3.16464495659		2.52534389496
3.16739702225		2.46952533722
3.17015314102		2.64712810516
3.17291307449		2.34774017334
3.17564511299		2.74354171753
3.17839717865		2.26147556305
3.18114995956		2.81458282471
3.18389606476		2.21580600739
3.18664813042		2.84502887726
3.18939995766		2.21073246002
3.19215416908		2.82473182678
3.19490003586		2.25132751465
3.19764995575		2.76383876801
3.20043611526		2.34774017334
3.20315003395		2.66235160828
3.20589995384		2.44922733307
3.2086520195		2.54564094543
3.21140909195		2.57101249695
3.21415305138		2.42385578156
3.21690297127		2.68264961243
3.21966099739		2.30714511871
3.22240495682		2.77906227112
3.22515511513		2.24117851257
3.22790408134		2.83488082886
3.230656147		2.20565795898
3.23340296745		2.8399553299
3.23616504669		2.22595500946
3.238904953		2.80443382263
3.24165606499		2.2817735672
3.24440598488		2.72831821442
3.2471549511		2.37818622589
3.24991416931		2.61160755157
3.25265812874		2.49489688873
3.25540804863		2.49997138977
3.25815796852		2.61668205261
3.26092600822		2.36803817749
3.26365995407		2.72831821442
3.26640796661		2.27669906616
3.2691590786		2.80443382263
3.27191710472		2.22088050842
3.2746591568		2.8399553299
3.27741003036		2.21073246002
3.28016805649		2.83488082886
3.28291010857		2.23610401154
3.28566098213		2.77906227112
3.28841209412		2.31221961975
3.29116415977		2.69279766083
3.29391217232		2.42385578156
3.29666900635		2.57101249695
3.29941511154		2.56086444855
3.30216312408		2.44922733307
3.30491495132		2.66235160828
3.30766510963		2.33759117126
3.31045007706		2.77398777008
3.31316494942		2.25132751465
3.3159160614		2.82980632782
3.31866502762		2.20565795898
3.32141709328		2.84502887726
3.32418107986		2.21580600739
3.32691597939		2.81458282471
3.32967305183		2.26655006409
3.33241701126		2.7536907196
3.33516716957		2.35788917542
3.33791899681		2.6420545578
3.34066796303		2.46952533722
3.34341716766		2.52026939392
3.34617209435		2.59638500214
3.34893417358		2.39848423004
3.35167002678		2.7029466629
3.35442495346		2.29699611664
3.35717010498		2.78413677216
3.35992908478		2.22595500946
3.36266994476		2.8399553299
3.36542201042		2.21073246002
3.36817717552		2.8399553299
3.37092399597		2.2310295105
3.37367296219		2.79428577423
3.37642502785		2.29699611664
3.37917304039		2.71309566498
3.38193416595		2.40355873108
3.38467597961		2.59638500214
3.38742613792		2.51519489288
3.39017915726		2.47459983826
3.39292502403		2.63698005676
3.39567804337		2.35788917542
3.39842700958		2.74354171753
3.40117907524		2.27669906616
3.40392804146		2.81965732574
3.40667700768		2.22088050842
3.40942597389		2.8399553299
3.41218996048		2.21073246002
3.41492915154		2.82473182678
3.41767907143		2.24625301361
3.42046499252		2.75876522064
3.4231801033		2.33251667023
3.42593002319		2.67250061035
3.42867898941		2.44415378571
3.43142604828		2.55578994751
3.43417310715		2.56086444855
3.43693614006		2.42893028259
3.43967795372		2.68264961243
3.44243216515		2.31729412079
3.44518399239		2.77398777008
3.44793510437		2.24625301361
3.45068407059		2.83488082886
3.45343518257		2.21580600739
3.4561829567		2.8399553299
3.45893311501		2.22088050842
3.46168708801		2.80950832367
3.46443605423		2.27162456512
3.467192173		2.73339271545
3.46994304657		2.37311172485
3.47268414497		2.62683105469
3.47543597221		2.4898223877
3.47818613052		2.50504589081
3.48093914986		2.61160755157
3.4836871624		2.38833522797
3.48643708229		2.72831821442
3.48920607567		2.2817735672
3.49194002151		2.80950832367
3.49469017982		2.22595500946
3.49743914604		2.8399553299
3.50020217896		2.20565795898
3.50294017792		2.83488082886
3.50569200516		2.23610401154
3.50844216347		2.78413677216
3.51119303703		2.31221961975
3.51394200325		2.69787216187
3.51669216156		2.41370677948
3.51944112778		2.56593894958
3.52219295502		2.53549194336
3.52495908737		2.45430183411
3.52769207954		2.6522026062
3.53047800064		2.33251667023
3.53319501877		2.7536907196
3.53594517708		2.25640106201
3.5386941433		2.81965732574
3.5414481163		2.21580600739
3.54419898987		2.84502887726
3.54694604874		2.21580600739
3.54970502853		2.81458282471
3.55245113373		2.26147556305
3.55519604683		2.7536907196
3.55794715881		2.34774017334
3.56070017815		2.6522026062
3.56345009804		2.46445083618
3.56619811058		2.53041744232
3.56894898415		2.58116149902
3.57170009613		2.41370677948
3.5744509697		2.7029466629
3.57719898224		2.30714511871
3.57995510101		2.79428577423
3.58270096779		2.23610401154
3.58545017242		2.83488082886
3.58821201324		2.20565795898
3.59095716476		2.8399553299
3.59370517731		2.22595500946
3.59645199776		2.79936027527
3.59920215607		2.28684806824
3.60195302963		2.71817016602
3.60470199585		2.38326072693
3.60745501518		2.60653305054
3.61021208763		2.51519489288
3.61297297478		2.47967433929
3.61570501328		2.62683105469
3.61845517159		2.36803817749
3.6212079525		2.73339271545
3.62395811081		2.27162456512
3.62671017647		2.80950832367
3.62946105003		2.21580600739
3.6322081089		2.84502887726
3.63495802879		2.21073246002
3.63771510124		2.82473182678
3.64046597481		2.24625301361
3.64321017265		2.77398777008
3.64595794678		2.32744312286
3.64870905876		2.68264961243
3.65146207809		2.43400478363
3.65421009064		2.55578994751
3.65696310997		2.55578994751
3.65971803665		2.42893028259
3.66246414185		2.67757511139
3.66521215439		2.32744312286
3.66796112061		2.77398777008
3.67071509361		2.24625301361
3.67346310616		2.82980632782
3.67622303963		2.20565795898
3.67896103859		2.8399553299
3.68171596527		2.21580600739
3.68446397781		2.81458282471
3.6872150898		2.27162456512
3.68996596336		2.73846721649
3.69271707535		2.36296367645
3.69546699524		2.62683105469
3.69821596146		2.47967433929
3.70098304749		2.50504589081
3.70371603966		2.60653305054
3.70646595955		2.393409729
3.70921707153		2.71309566498
3.71196603775		2.2919216156
3.71471714973		2.79936027527
3.71746897697		2.2310295105
3.72023010254		2.8399553299
3.72297596931		2.20565795898
3.72571897507		2.83488082886
3.72847008705		2.23610401154
3.73122000694		2.78921127319
3.73397016525		2.30207061768
3.73672008514		2.7029466629
3.73947000504		2.44415378571
3.74235105515		2.53549194336
3.74509811401		2.57608699799
3.74784708023		2.41370677948
3.7506070137		2.69279766083
3.75334906578		2.31221961975
3.75610899925		2.78921127319
3.75884914398		2.23610401154
3.76160001755		2.83488082886
3.76434898376		2.21073246002
3.76711511612		2.8399553299
3.7698571682		2.22595500946
3.77260017395		2.80443382263
3.77535200119		2.2817735672
3.77810096741		2.72324466705
3.78086996078		2.38833522797
3.78360199928		2.60653305054
3.78635215759		2.49997138977
3.78910398483		2.49489688873
3.79185700417		2.62175655365
3.79460406303		2.37311172485
3.79735517502		2.73339271545
3.80012917519		2.27162456512
3.80285596848		2.80950832367
3.80560517311		2.22088050842
3.80836105347		2.84502887726
3.81110906601		2.21073246002
3.81385612488		2.83488082886
3.81660699844		2.23610401154
3.81935715675		2.76891326904
3.82210898399		2.31729412079
3.82485795021		2.68772315979
3.82760715485		2.42385578156
3.83039402962		2.55071544647
3.83311009407		2.55071544647
3.83586001396		2.43907928467
3.83861017227		2.66742610931
3.84136104584		2.33251667023
3.84412097931		2.76891326904
3.84686017036		2.24625301361
3.84961795807		2.82980632782
3.85236096382		2.21073246002
3.85511112213		2.84502887726
3.85786104202		2.21580600739
3.86061501503		2.81458282471
3.8633749485		2.27162456512
3.86611294746		2.74861621857
3.86887717247		2.35788917542
3.87161397934		2.63698005676
3.87436509132		2.46952533722
3.87711596489		2.52026939392
3.87988615036		2.60653305054
3.88261604309		2.39848423004
3.88536405563		2.70802116394
3.88811397552		2.2919216156
3.89086914062		2.79428577423
3.89362215996		2.2310295105
3.89636802673		2.8399553299
3.89911699295		2.21073246002
3.90187311172		2.83488082886
3.90461802483		2.22595500946
3.90736699104		2.79428577423
3.91012811661		2.29699611664
3.91287016869		2.71309566498
3.91561818123		2.39848423004
3.91837000847		2.5913105011
3.92112207413		2.52534389496
3.92387199402		2.46445083618
3.92662096024		2.63698005676
3.92937111855		2.34774017334
3.93213415146		2.7536907196
3.93487215042		2.26655006409
3.93762207031		2.80950832367
3.94043207169		2.21073246002
3.9432580471		2.8399553299
3.94599914551		2.22088050842
3.9487490654		2.80950832367
3.95150113106		2.2817735672
3.9542491436		2.73339271545
3.95701599121		2.37818622589
3.95975804329		2.61668205261
3.96250104904		2.49489688873
3.96525096893		2.49997138977
3.96800017357		2.61668205261
3.97075414658		2.37818622589
3.97350096703		2.72324466705
3.9762570858		2.27669906616
3.97900915146		2.80443382263
3.98175406456		2.22595500946
3.98450398445		2.84502887726
3.98725295067		2.20565795898
3.99000597		2.82980632782
3.99275708199		2.23610401154
3.99550509453		2.78413677216
3.99825501442		2.31221961975
4.00100898743		2.69279766083
4.0037560463		2.42385578156
4.00650596619		2.57608699799
4.0092561245		2.53549194336
4.01200699806		2.43907928467
4.01475811005		2.66235160828
4.01750707626		2.3426656723
4.02027010918		2.76383876801
4.02300810814		2.25132751465
4.02575802803		2.82473182678
4.02850794792		2.21073246002
4.03126096725		2.84502887726
4.03401017189		2.21580600739
4.03676009178		2.81965732574
4.03951001167		2.2817735672
4.04239010811		2.71309566498
4.045140028		2.393409729
4.04788613319		2.60145950317
4.0506401062		2.51519489288
4.05339097977		2.47967433929
4.05615401268		2.6420545578
4.05888795853		2.36296367645
4.06164097786		2.73846721649
4.06439709663		2.26655006409
4.06714105606		2.80950832367
4.06989502907		2.22088050842
4.07264018059		2.84502887726
4.07539105415		2.21073246002
4.07814216614		2.82473182678
4.0808930397		2.25132751465
4.08364295959		2.76891326904
4.08639097214		2.32744312286
4.08914208412		2.67250061035
4.09189414978		2.44922733307
4.094643116		2.55071544647
4.09739208221		2.56086444855
4.10016298294		2.41878128052
4.10289406776		2.68264961243
4.10564398766		2.32236862183
4.10839414597		2.77398777008
4.11114597321		2.24625301361
4.11389398575		2.82980632782
4.11664605141		2.21073246002
4.11940813065		2.8399553299
4.12214708328		2.21580600739
4.12491106987		2.80950832367
4.12764811516		2.27669906616
4.13043403625		2.72831821442
4.13314914703		2.36803817749
4.1359140873		2.62175655365
4.13865017891		2.48474884033
4.1414000988		2.51012039185
4.14415216446		2.61160755157
4.14689898491		2.38326072693
4.1496629715		2.72324466705
4.15240216255		2.2817735672
4.15515017509		2.79936027527
4.15790200233		2.22595500946
4.16065311432		2.8399553299
4.16340208054		2.21073246002
4.16615414619		2.8399553299
4.16890311241		2.23610401154
4.17165398598		2.78413677216
4.17440509796		2.31221961975
4.1771531105		2.7029466629
4.17991113663		2.42385578156
4.18265414238		2.58116149902
4.1854031086		2.53041744232
4.18816709518		2.44415378571
4.19090795517		2.65727710724
4.19365715981		2.3426656723
4.19640612602		2.75876522064
4.19917106628		2.25640106201
4.20190811157		2.81965732574
4.20465707779		2.21580600739
4.20740795135		2.8399553299
4.21016407013		2.21073246002
4.21292209625		2.81965732574
4.21565794945		2.25640106201
4.21841096878		2.75876522064
4.22116112709		2.3426656723
4.22391009331		2.6522026062
4.2266600132		2.45937633514
4.22941207886		2.52026939392
4.23217916489		2.5913105011
4.23491811752		2.40863323212
4.23766207695		2.69279766083
4.24047613144		2.28684806824
4.2431640625		2.78413677216
4.24591302872		2.2310295105
4.2486641407		2.83488082886
4.25141501427		2.21073246002
4.25416517258		2.8399553299
4.25691509247		2.22595500946
4.25967216492		2.79936027527
4.26241517067		2.28684806824
4.26516413689		2.72324466705
4.26791596413		2.38833522797
4.27066802979		2.60653305054
4.27341604233		2.50504589081
4.27617907524		2.47459983826
4.2789170742		2.63190555573
4.28166913986		2.36803817749
4.28441810608		2.73846721649
4.28716802597		2.2817735672
4.28992605209		2.80950832367
4.29266810417		2.22088050842
4.29543113708		2.8399553299
4.29817008972		2.21073246002
4.30093502998		2.82980632782
4.30367207527		2.24117851257
4.30642104149		2.77398777008
4.30917310715		2.32236862183
4.31193995476		2.66742610931
4.3146750927		2.42893028259
4.31742405891		2.56086444855
4.32018613815		2.56086444855
4.32292294502		2.43907928467
4.32567405701		2.67250061035
4.3284239769		2.32744312286
4.33117604256		2.76891326904
4.33392500877		2.24625301361
4.33667397499		2.82980632782
4.33942604065		2.20565795898
4.34217500687		2.84502887726
4.34492611885		2.21073246002
4.34767699242		2.81458282471
4.35046100616		2.27669906616
4.35317611694		2.74861621857
4.35592699051		2.36803817749
4.35867714882		2.63698005676
4.36143016815		2.47967433929
4.36419010162		2.50504589081
4.36692905426		2.59638500214
4.36968612671		2.38833522797
4.37243008614		2.70802116394
4.37519407272		2.28684806824
4.37793207169		2.79428577423
4.38068008423		2.2310295105
4.38343095779		2.8399553299
4.3861811161		2.21073246002
4.38894510269		2.82980632782
4.39168310165		2.2310295105
4.39443397522		2.78921127319
4.3971850872		2.30207061768
4.39994096756		2.69787216187
4.40268301964		2.40355873108
4.40544009209		2.58623600006
4.408203125		2.53549194336
4.4109389782		2.46445083618
4.41369009018		2.64712810516
4.41643500328		2.35281467438
4.41918611526		2.74861621857
4.42193818092		2.26147556305
4.42468595505		2.81458282471
4.42743802071		2.21580600739
4.43019509315		2.84502887726
4.432929039		2.21073246002
4.43567895889		2.81965732574
4.4384291172		2.25132751465
4.44119405746		2.75876522064
4.44394111633		2.3426656723
4.44669103622		2.66235160828
4.44943904877		2.46445083618
4.45220208168		2.53041744232
4.45497012138		2.5913105011
4.45769309998		2.41370677948
4.46047616005		2.69787216187
4.46319103241		2.31221961975
4.4659409523		2.78413677216
4.46869111061		2.24117851257
4.4714550972		2.83488082886
4.47419214249		2.21073246002
4.47695803642		2.8399553299
4.47970199585		2.22595500946
4.48244309425		2.80950832367
4.48519515991		2.2817735672
4.48796010017		2.72324466705
4.49070596695		2.38326072693
4.49344611168		2.61160755157
4.4961950779		2.49997138977
4.49894499779		2.49489688873
4.50169706345		2.62175655365
4.50444602966		2.37818622589
4.50719714165		2.72831821442
4.50995612144		2.27162456512
4.51269817352		2.80443382263
4.51544904709		2.22595500946
4.51819801331		2.84502887726
4.52095198631		2.20565795898
4.52369904518		2.82980632782
4.52645015717		2.23610401154
4.52920103073		2.77906227112
4.53194904327		2.32236862183
4.53470110893		2.68772315979
4.5374519825		2.42385578156
4.54021906853		2.55578994751
4.5429520607		2.54564094543
4.54570317268		2.44415378571
4.54845094681		2.66742610931
4.55121803284		2.32236862183
4.55395317078		2.76383876801
4.55670404434		2.25132751465
4.55945515633		2.83488082886
4.56233215332		2.20565795898
4.56509494781		2.8399553299
4.56782913208		2.22595500946
4.57059001923		2.79428577423
4.5733320713		2.29699611664
4.57608604431		2.70802116394
4.57883214951		2.39848423004
4.58158397675		2.5913105011
4.58433508873		2.51519489288
4.58708405495		2.47459983826
4.58983397484		2.6420545578
4.59258317947		2.35788917542
4.59533810616		2.74354171753
4.59808397293		2.26147556305
4.60083508492		2.81458282471
4.60358595848		2.22088050842
4.60633611679		2.84502887726
4.60908412933		2.20565795898
4.61183905602		2.81965732574
4.61458611488		2.24625301361
4.61733698845		2.76891326904
4.6200940609		2.3426656723
4.62283802032		2.66742610931
4.62559103966		2.44415378571
4.62834906578		2.5405664444
4.63109016418		2.57101249695
4.63383817673		2.42385578156
4.63659000397		2.68264961243
4.63933897018		2.31729412079
4.64209198952		2.77906227112
4.64484000206		2.24117851257
4.64759111404		2.82980632782
4.65038108826		2.20565795898
4.65310716629		2.8399553299
4.65584111214		2.22088050842
4.65859103203		2.81458282471
4.66135215759		2.2817735672
4.66409707069		2.72831821442
4.66684412956		2.37311172485
4.66960215569		2.61668205261
4.67234396935		2.4898223877
4.67509508133		2.50504589081
4.67784309387		2.61160755157
4.68060302734		2.37818622589
4.68334412575		2.72324466705
4.68609905243		2.2817735672
4.6888461113		2.80443382263
4.69159817696		2.22595500946
4.69434714317		2.84502887726
4.69709801674		2.21073246002
4.69985318184		2.82980632782
4.70259714127		2.23610401154
4.70534896851		2.78413677216
4.70809912682		2.32236862183
4.71085214615		2.69279766083
4.7135989666		2.41878128052
4.71636104584		2.57101249695
4.71909999847		2.53549194336
4.72185111046		2.45430183411
4.72460007668		2.65727710724
4.72735095024		2.33759117126
4.73010897636		2.75876522064
4.73285102844		2.25640106201
4.73560214043		2.82473182678
4.73835396767		2.21073246002
4.74112200737		2.8399553299
4.74385404587		2.21073246002
4.74661111832		2.82473182678
4.74935507774		2.2817735672
4.75210905075		2.7536907196
4.75485610962		2.35281467438
4.75760507584		2.64712810516
4.76039505005		2.47967433929
4.76310610771		2.53041744232
4.7658560276		2.58623600006
4.76860713959		2.40863323212
4.77135896683		2.69787216187
4.77410912514		2.29699611664
4.77685713768		2.78413677216
4.77961397171		2.23610401154
4.78235912323		2.8399553299
4.78510808945		2.21073246002
4.78785800934		2.8399553299
4.79061317444		2.22595500946
4.79335904121		2.79428577423
4.79610896111		2.29699611664
4.79886007309		2.71817016602
4.80161213875		2.393409729
4.80437207222		2.59638500214
4.80711007118		2.51519489288
4.80986809731		2.47967433929
4.81261110306		2.63190555573
4.81536102295		2.36296367645
4.81811404228		2.73846721649
4.8208630085		2.27162456512
4.82361412048		2.81458282471
4.82636404037		2.21580600739
4.82913017273		2.8399553299
4.83187317848		2.20565795898
4.83461499214		2.83488082886
4.83736395836		2.24625301361
4.84013009071		2.76891326904
4.84286499023		2.32744312286
4.84561705589		2.67250061035
4.84836816788		2.43400478363
4.85111904144		2.55578994751
4.85386800766		2.55578994751
4.85661816597		2.43400478363
4.85936808586		2.69787216187
4.86212396622		2.32236862183
4.86487007141		2.77398777008
4.86762094498		2.24625301361
4.87040996552		2.83488082886
4.87311911583		2.21073246002
4.87587118149		2.84502887726
4.87862205505		2.21580600739
4.88137602806		2.80950832367
4.88412308693		2.27669906616
4.88687205315		2.73846721649
4.8896291256		2.36803817749
4.89238405228		2.62683105469
4.89512205124		2.48474884033
4.8978741169		2.51012039185
4.90062403679		2.60653305054
4.90337395668		2.38326072693
4.90612602234		2.71817016602
4.90887498856		2.2919216156
4.91162610054		2.79936027527
4.91437602043		2.2310295105
4.91714811325		2.8399553299
4.91988301277		2.21073246002
4.92262816429		2.83488082886
4.92537808418		2.23610401154
4.92812800407		2.78921127319
4.93087816238		2.30714511871
4.93362998962		2.69787216187
4.93638110161		2.40863323212
4.93912911415		2.58623600006
4.94188594818		2.53549194336
4.94463014603		2.45937633514
4.94738006592		2.6522026062
4.95013904572		2.3426656723
4.95288109779		2.7536907196
4.95563101768		2.25640106201
4.95838308334		2.82473182678
4.96113395691		2.21580600739
4.96388506889		2.84502887726
4.96663212776		2.21580600739
4.969383955		2.80950832367
4.97215104103		2.26655006409
4.97488307953		2.7536907196
4.97763395309		2.3426656723
4.98042798042		2.6420545578
4.98313617706		2.46445083618
4.98588609695		2.53549194336
4.98863315582		2.57608699799
4.99139213562		2.40863323212
4.99413609505		2.69279766083
4.99688601494		2.30714511871
4.99964404106		2.78413677216
