0.000124931335449		2.60145950317
0.00580406188965		1.11466598511
0.011559009552		0.302765846252
0.017303943634		0.886319160461
0.0230600833893		2.58623600006
0.0288050174713		4.23033428192
0.034558057785		4.7124004364
0.0403048992157		3.82438468933
0.0460550785065		2.06864929199
0.051805973053		0.607228279114
0.0575559139252		0.378881454468
0.0633130073547		1.57136058807
0.0690639019012		3.41843414307
0.0748229026794		4.59568977356
0.0805690288544		4.48405361176
0.0863099098206		3.10889720917
0.0920650959015		1.3125667572
0.0978229045868		0.333211898804
0.103573083878		0.734087944031
0.10932803154		2.36296367645
0.115107059479		4.0933265686
0.120822906494		4.72762393951
0.126574039459		3.9918384552
0.132367134094		2.27669906616
0.138072967529		0.723938941956
0.143825054169		0.328137397766
0.149584054947		1.36838531494
0.155324935913		3.20023536682
0.161076068878		4.51957416534
0.166830062866		4.57539176941
0.172586917877		3.30679798126
0.178328990936		1.5003194809
0.184082984924		0.383955955505
0.189837932587		0.607228279114
0.195581912994		2.13461589813
0.201332092285		3.92587184906
0.207083940506		4.7124004364
0.212835073471		4.15421867371
0.218596935272		2.51519489288
0.22433590889		0.860947608948
0.230092048645		0.302765846252
0.235836982727		1.17048454285
0.241586923599		2.96681404114
0.24733710289		4.42316055298
0.253087043762		4.6515083313
0.258845090866		3.51484680176
0.264588117599		1.71851730347
0.270348072052		0.454997062683
0.276089906693		0.49559211731
0.281841039658		1.91641807556
0.287594079971		3.74826812744
0.293349027634		4.68195438385
0.29909992218		4.28615283966
0.304841995239		2.73846721649
0.310599088669		1.01317882538
0.316344976425		0.297691345215
0.322094917297		0.992880821228
0.327847957611		2.73846721649
0.33360004425		4.30644989014
0.339356899261		4.70225143433
0.345098018646		3.70767402649
0.350850105286		1.92656707764
0.356599092484		0.541261672974
0.362359046936		0.414402008057
0.368099927902		1.70329380035
0.373857021332		3.55544185638
0.379610061646		4.63121032715
0.385352134705		4.41808605194
0.391103982925		2.96681404114
0.396855115891		1.19078159332
0.402606964111		0.312914848328
0.408356904984		0.83557510376
0.414109945297		2.50504589081
0.419863939285		4.17959117889
0.425609111786		4.72254943848
0.431360006332		3.88527679443
0.437109947205		2.14983940125
0.44286608696		0.642748832703
0.448616027832		0.348435401917
0.454361915588		1.49017047882
0.460118055344		3.33724403381
0.465861082077		4.56524372101
0.471619129181		4.51449966431
0.477363109589		3.18501281738
0.483117103577		1.38360881805
0.488871097565		0.348435401917
0.494616985321		0.683343887329
0.500374078751		2.27669906616
0.506133079529		4.03243350983
0.511871099472		4.72254943848
0.517619132996		4.05780601501
0.523370027542		2.37311172485
0.529125928879		0.76960849762
0.534872055054		0.312914848328
0.540628910065		1.29226970673
0.546371936798		3.11397171021
0.552122116089		4.48405361176
0.557873010635		4.60583877563
0.563626050949		3.39306259155
0.569375991821		1.58150959015
0.575125932693		0.409327507019
0.580883026123		0.56155872345
0.586632966995		2.05850028992
0.592386007309		3.86497974396
0.598128080368		4.70732593536
0.603878974915		4.21003723145
0.609636068344		2.5913105011
0.615382909775		0.911691665649
0.621135950089		0.302765846252
0.626881122589		1.10451793671
0.63263297081		2.88055038452
0.638381004333		4.39271450043
0.644134998322		4.67180538177
0.649897098541		3.58081436157
0.655633926392		1.79463291168
0.661391973495		0.480368614197
0.66713809967		0.460071563721
0.672892093658		1.84537696838
0.678646087646		3.6823015213
0.68438911438		4.66673088074
0.690145969391		4.34197044373
0.695890903473		2.82473182678
0.701647996902		1.07914543152
0.707390069962		0.302765846252
0.713143110275		0.931988716125
0.718893051147		2.6522026062
0.724642038345		4.26078033447
0.730400085449		4.70732593536
0.736145973206		3.77871513367
0.741899967194		2.00775718689
0.747646093369		0.576782226562
0.753396987915		0.389030456543
0.759145975113		1.61703014374
0.764897108078		3.47425174713
0.77065205574		4.60583877563
0.776402950287		4.45868110657
0.782155990601		3.04292964935
0.78790307045		1.26182365417
0.793651103973		0.323062896729
0.799401044846		0.774682998657
0.805151939392		2.42385578156
0.810913085938		4.12884712219
0.816653966904		4.72762393951
0.822410106659		3.94616889954
0.828159093857		2.2310295105
0.833904981613		0.688418388367
0.839657068253		0.333211898804
0.845405101776		1.41405487061
0.851165056229		3.25605392456
0.856924057007		4.53987121582
0.862659931183		4.5500202179
0.868407964706		3.23068237305
0.874165058136		1.45464992523
0.87991309166		0.368732452393
0.88565993309		0.632600784302
0.891421079636		2.20058345795
0.897164106369		3.96646690369
0.902915000916		4.72254943848
0.908668994904		4.11362361908
0.914417028427		2.45430183411
0.920166015625		0.825427055359
0.925918102264		0.30784034729
0.931672096252		1.22122859955
0.937417984009		3.03278160095
0.943169116974		4.4536075592
0.948929071426		4.63121032715
0.954674005508		3.46917819977
0.960420131683		1.65762519836
0.966170072556		0.429625511169
0.971921920776		0.526038169861
0.977672100067		1.97731018066
0.983423948288		3.79901218414
0.989176034927		4.69717693329
0.9949259758		4.25570678711
1.00067806244		2.68264961243
1.00643396378		0.972583770752
1.01217603683		0.302765846252
1.01792693138		1.03855037689
1.02367997169		2.79936027527
1.02943491936		4.34197044373
1.03518295288		4.69210338593
1.0409309864		3.66200447083
1.0466799736		1.87582302094
1.05243706703		0.51589012146
1.05818295479		0.429625511169
1.06393408775		1.76418685913
1.06968808174		3.60618591309
1.07542610168		4.64643383026
1.08118200302		4.38763999939
1.08693599701		2.90592193604
1.09268903732		1.13496398926
1.09843611717		0.30784034729
1.10418796539		0.871096611023
1.10993599892		2.56593894958
1.11568713188		4.21003723145
1.12143993378		4.71747493744
1.12719011307		3.84468173981
1.13294196129		2.08894729614
1.13869094849		0.612302780151
1.14444208145		0.358584403992
1.15019893646		1.54598808289
1.15594410896		3.39813613892
1.1617000103		4.58046627045
1.16744399071		4.49420261383
1.17319893837		3.12919425964
1.17895698547		1.32271575928
1.18471503258		0.338286399841
1.19045495987		0.718864440918
1.19619607925		2.33759117126
1.20194911957		4.06795406342
1.20769906044		4.72762393951
1.21345210075		4.01213645935
1.21920490265		2.31221961975
1.22495102882		0.729013442993
1.23070907593		0.323062896729
1.23645091057		1.33793926239
1.24224591255		3.18501281738
1.24795508385		4.50435066223
1.25370597839		4.58554077148
1.25945591927		3.33724403381
1.26520609856		1.52569103241
1.27095794678		0.389030456543
1.2767059803		0.592005729675
1.28246498108		2.10924434662
1.28820896149		3.90557384491
1.29396009445		4.71747493744
1.29971599579		4.16944217682
1.3054599762		2.5405664444
1.31121110916		0.876170158386
1.31696295738		0.297691345215
1.32272005081		1.1501865387
1.32846403122		2.97696304321
1.33421492577		4.41301250458
1.33997011185		4.64643383026
1.34572291374		3.53514480591
1.35146808624		1.73374080658
1.35721898079		0.454997062683
1.36297607422		0.490517616272
1.36872005463		1.89612102509
1.37447094917		3.72289657593
1.38022708893		4.68195438385
1.38596892357		4.31152439117
1.39172291756		2.76891326904
1.39746999741		1.03347587585
1.40322589874		0.302765846252
1.40897893906		0.972583770752
1.41472411156		2.71309566498
1.42047691345		4.29630184174
1.42622494698		4.69717693329
1.43197393417		3.733045578
1.43772602081		1.95193862915
1.44347906113		0.546336174011
1.44923305511		0.404253005981
1.45497894287		1.68299674988
1.46073293686		3.53007030487
1.46647906303		4.62613582611
1.47232413292		4.41808605194
1.47798204422		2.98711204529
1.48373293877		1.21107959747
1.48948907852		0.317989349365
1.49523305893		0.810203552246
1.50099110603		2.48474884033
1.50673508644		4.16436767578
1.51249098778		4.72254943848
1.51823592186		3.90557384491
1.5239880085		2.17521095276
1.52974510193		0.652897834778
1.53548908234		0.343360900879
1.54125094414		1.47494697571
1.54699397087		3.3220205307
1.55274701118		4.55509471893
1.55852413177		4.52464866638
1.56424093246		3.20530986786
1.5699930191		1.39883136749
1.57574510574		0.353509902954
1.58149790764		0.668121337891
1.58724212646		2.25132751465
1.59299707413		4.01213645935
1.59875202179		4.72762393951
1.6044960022		4.07302856445
1.61025094986		2.39848423004
1.61599898338		0.784832000732
1.62175512314		0.30784034729
1.62749695778		1.26689815521
1.63324904442		3.09367370605
1.63899898529		4.47390460968
1.64474892616		4.61598682404
1.65050601959		3.41335964203
1.65625309944		1.59673213959
1.66201090813		0.409327507019
1.66775512695		0.551410675049
1.6735060215		2.02805423737
1.67925596237		3.83960723877
1.6850039959		4.70225143433
1.69076800346		4.22018527985
1.69650602341		2.62175655365
1.70230412483		0.916765213013
1.70800995827		0.297691345215
1.71375989914		1.08421993256
1.71951699257		2.86532688141
1.72526192665		4.37241744995
1.73101711273		4.67180538177
1.73676109314		3.61126041412
1.74251413345		1.8200044632
1.74826312065		0.485443115234
1.75401496887		0.454997062683
1.75976395607		1.8200044632
1.76551508904		3.65185546875
1.77126502991		4.6616563797
1.77701711655		4.35719394684
1.78278708458		2.8399553299
1.78852701187		1.09436893463
1.79426813126		0.302765846252
1.80002093315		0.906617164612
1.80576896667		2.62175655365
1.81152701378		4.25570678711
1.81727099419		4.7124004364
1.82303094864		3.79393768311
1.82877802849		2.02805423737
1.83452391624		0.586931228638
1.84027409554		0.383955955505
1.84602999687		1.60180664062
1.8517780304		3.45395469666
1.85752797127		4.6007642746
1.86327791214		4.47390460968
1.86903500557		3.07337665558
1.87477993965		1.27704620361
1.88052797318		0.333211898804
1.88627696037		0.754385948181
1.89203691483		2.39848423004
1.89778590202		4.11362361908
1.90353298187		4.72762393951
1.90928792953		3.96646690369
1.91503500938		2.25132751465
1.92078590393		0.698567390442
1.92653393745		0.328137397766
1.93233394623		1.40898036957
1.93803405762		3.23575687408
1.94378590584		4.52972316742
1.94954800606		4.56524372101
1.955286026		3.28142547607
1.96103692055		1.47494697571
1.96678709984		0.37380695343
1.97254490852		0.622451782227
1.97828912735		2.17521095276
1.9840400219		3.95124340057
1.98979496956		4.71747493744
1.99554300308		4.12884712219
2.00129294395		2.47967433929
2.00704097748		0.83557510376
2.01279592514		0.297691345215
2.01854896545		1.2009305954
2.02429389954		3.00740909576
2.03005099297		4.43838405609
2.03579711914		4.63628482819
2.04154992104		3.48440074921
2.04729795456		1.67792224884
2.0530500412		0.439774513245
2.05881404877		0.51589012146
2.06454801559		1.94686412811
2.0703060627		3.77871513367
2.07605695724		4.69717693329
2.08180308342		4.27092933655
2.08755111694		2.70802116394
2.09330511093		0.992880821228
2.09906101227		0.292616844177
2.104804039		1.01317882538
2.11056399345		2.77398777008
2.11630511284		4.33182239532
2.12205791473		4.69210338593
2.12780594826		3.6823015213
2.13355994225		1.89612102509
2.13931012154		0.51589012146
2.14505910873		0.419476509094
2.15081596375		1.73881530762
2.15656113625		3.58081436157
2.16236209869		4.6515083313
2.16806507111		4.4028635025
2.17382001877		2.92621898651
2.17957305908		1.16033554077
2.18531298637		0.30784034729
2.19106698036		0.845724105835
2.19681501389		2.54564094543
2.20256996155		4.20496273041
2.20831608772		4.72254943848
2.21407294273		3.86497974396
2.21982598305		2.11431884766
2.22556900978		0.622451782227
2.23132109642		0.358584403992
2.23707008362		1.52569103241
2.24282312393		3.3727645874
2.24857902527		4.58046627045
2.25432705879		4.51449966431
2.26008105278		3.14949226379
2.26582312584		1.35316181183
2.27157306671		0.343360900879
2.27732300758		0.703641891479
2.28308105469		2.31729412079
2.28883290291		4.06287956238
2.29457712173		4.72254943848
2.30033397675		4.02735900879
2.30607891083		2.3426656723
2.31182909012		0.744236946106
2.31757903099		0.312914848328
2.32333302498		1.32271575928
2.32908701897		3.15964031219
2.33483791351		4.49927616119
2.34059000015		4.59568977356
2.34633398056		3.36261558533
2.35208392143		1.54598808289
2.3578350544		0.399179458618
2.36358690262		0.5818567276
2.36933708191		2.08894729614
2.37509512901		3.90050029755
2.38084197044		4.7124004364
2.38659000397		4.18466472626
2.3923459053		2.56086444855
2.39809203148		0.891393661499
2.40384411812		0.292616844177
2.40959310532		1.12988948822
2.41534399986		2.92114448547
2.42109298706		4.39778900146
2.42684793472		4.6616563797
2.43260192871		3.55544185638
2.4383430481		1.73881530762
2.44409513474		0.470220565796
2.44985198975		0.470220565796
2.45559597015		1.87582302094
2.46135306358		3.70767402649
2.46709799767		4.67687988281
2.47284913063		4.32167339325
2.47860503197		2.78413677216
2.48434996605		1.05377388
2.49010801315		0.297691345215
2.49585199356		0.952286720276
2.50160694122		2.69279766083
2.50735092163		4.28107833862
2.51310610771		4.70732593536
2.51885890961		3.74826812744
2.52460408211		1.9722366333
2.53035998344		0.556485176086
2.53610706329		0.399179458618
2.54185700417		1.65255069733
2.54760599136		3.50469875336
2.55335903168		4.62613582611
2.55910801888		4.44345855713
2.56485891342		3.0124835968
2.57061004639		1.23137664795
2.57636404037		0.323062896729
2.58211803436		0.794981002808
2.5878610611		2.46445083618
2.59361410141		4.14914417267
2.59936404228		4.72762393951
2.60511612892		3.92587184906
2.6108751297		2.19550895691
2.61661505699		0.663046836853
2.622371912		0.343360900879
2.6281170845		1.44957542419
2.63386702538		3.28649997711
2.63961696625		4.55509471893
2.64536905289		4.54494571686
2.65112805367		3.22560787201
2.65686893463		1.41912937164
2.66263008118		0.358584403992
2.66837406158		0.673195838928
2.67413711548		2.24117851257
2.6798760891		4.00198745728
2.68562698364		4.72254943848
2.6913831234		4.08825206757
2.69712901115		2.42385578156
2.70288205147		0.794981002808
2.70863604546		0.30784034729
2.71437811852		1.2516746521
2.7201321125		3.07337665558
2.72587990761		4.46883010864
2.73163700104		4.62613582611
2.7373790741		3.43873119354
2.74314498901		1.6119556427
2.74888896942		0.419476509094
2.75463294983		0.536187171936
2.76038408279		2.00775718689
2.76612591743		3.82945823669
2.77188396454		4.70732593536
2.77763605118		4.23540878296
2.78338909149		2.6420545578
2.78914999962		0.947212219238
2.79491090775		0.292616844177
2.8006401062		1.06899738312
2.80639100075		2.83488082886
2.81214809418		4.36226844788
2.81788897514		4.68195438385
2.82364106178		3.6315574646
2.82940006256		1.83522796631
2.83514595032		0.49559211731
2.84089493752		0.444848060608
2.84664607048		1.79463291168
2.85240292549		3.63663196564
2.85814809799		4.65658187866
2.86389708519		4.37241744995
2.86965298653		2.87040138245
2.8753991127		1.10959243774
2.88114905357		0.297691345215
2.88689899445		0.901542663574
2.89265203476		2.60653305054
2.89839911461		4.25570678711
2.90415692329		4.71747493744
2.90990996361		3.81931018829
2.91565108299		2.05342674255
2.92140293121		0.597080230713
2.92716598511		0.37380695343
2.93290710449		1.58150959015
2.93866109848		3.42858314514
2.94440507889		4.6007642746
2.95016694069		4.47897911072
2.95590901375		3.09367370605
2.96165895462		1.3024187088
2.96740698814		0.333211898804
2.97316408157		0.739162445068
2.97893404961		2.38326072693
2.98466110229		4.09840106964
2.99041295052		4.72762393951
2.99616312981		3.98676395416
3.00191402435		2.2817735672
3.00766396523		0.708716392517
3.01341605186		0.328137397766
3.01917505264		1.37853431702
3.02491593361		3.2103843689
3.03070211411		4.52972316742
3.03641891479		4.58046627045
3.04216909409		3.30172348022
3.04791998863		1.5003194809
3.0536699295		0.378881454468
3.05942702293		0.607228279114
3.06516909599		2.14983940125
3.07092809677		3.95124340057
3.0766711235		4.71747493744
3.08243012428		4.14406967163
3.0881729126		2.51012039185
3.09392595291		0.850798606873
3.09968209267		0.297691345215
3.10542297363		1.18570804596
3.11118912697		2.99218654633
3.11692810059		4.43330955505
3.12267804146		4.64643383026
3.12842798233		3.49454975128
3.13418102264		1.69314575195
3.13993501663		0.444848060608
3.1456849575		0.500666618347
3.15143108368		1.92656707764
3.15718197823		3.76349163055
3.16294693947		4.69210338593
3.16868209839		4.28615283966
3.17443490028		2.72831821442
3.18019104004		1.0030298233
3.18593406677		0.292616844177
3.19168591499		0.997955322266
3.19743490219		2.7536907196
3.2031891346		4.31659889221
3.20894312859		4.69717693329
3.21468997002		3.70259952545
3.22044610977		1.91134357452
3.22619009018		0.526038169861
3.23194003105		0.414402008057
3.2376909256		1.71344280243
3.24344301224		3.56559085846
3.2491979599		4.64135932922
3.25494194031		4.40793800354
3.26069903374		2.9515914917
3.26644301414		1.18063354492
3.27228093147		0.30784034729
3.27794694901		0.83557510376
3.28369903564		2.52534389496
3.28945493698		4.18973922729
3.29521393776		4.72254943848
3.30095696449		3.88527679443
3.30669808388		2.13461589813
3.31245493889		0.637675285339
3.31820011139		0.353509902954
3.32395601273		1.50539302826
3.32970690727		3.35246753693
3.33545207977		4.57031822205
3.34120893478		4.51449966431
3.346971035		3.16471481323
3.35270500183		1.37345981598
3.3584549427		0.343360900879
3.36419796944		0.683343887329
3.36995506287		2.29699611664
3.37570595741		4.03750801086
3.38146495819		4.72762393951
3.38721203804		4.05273151398
3.39295911789		2.36296367645
3.39871406555		0.759459495544
3.40446090698		0.312914848328
3.41021704674		1.3024187088
3.41596007347		3.12919425964
3.42171192169		4.48912811279
3.42746210098		4.60583877563
3.4332139492		3.38291358948
3.43897104263		1.561211586
3.44471693039		0.404253005981
3.45047402382		0.566633224487
3.45621395111		2.06864929199
3.46197390556		3.8802022934
3.46771907806		4.7124004364
3.47346901894		4.20496273041
3.47922897339		2.58116149902
3.48497104645		0.901542663574
3.49072599411		0.297691345215
3.49647092819		1.11466598511
3.50231790543		2.93129348755
3.50810098648		4.41301250458
3.51384806633		4.6616563797
3.51960396767		3.53007030487
3.52536392212		1.73374080658
3.5311319828		0.460071563721
3.53684997559		0.485443115234
3.5426030159		1.89104652405
3.54835510254		3.73812007904
3.55410194397		4.68195438385
3.55985498428		4.31152439117
3.56559491158		2.77398777008
3.57135295868		1.03347587585
3.57710790634		0.292616844177
3.58285903931		0.967509269714
3.58861708641		2.70802116394
3.5943570137		4.2912273407
3.60010910034		4.70225143433
3.60585904121		3.733045578
3.61161613464		1.94686412811
3.61736011505		0.546336174011
3.62313199043		0.404253005981
3.62886810303		1.66777324677
3.63461208344		3.5199213028
3.64036297798		4.62613582611
3.64611411095		4.43330955505
3.65187311172		2.98711204529
3.65761303902		1.21107959747
3.66336607933		0.30784034729
3.66911697388		0.794981002808
3.67488908768		2.48474884033
3.68062400818		4.15929317474
3.68636798859		4.72254943848
3.69212603569		3.90557384491
3.69786810875		2.1701374054
3.70362210274		0.652897834778
3.70937895775		0.338286399841
3.71512508392		1.45972442627
3.72087311745		3.30172348022
3.72662210464		4.5500202179
3.7323820591		4.52972316742
3.73812413216		3.20530986786
3.74387407303		1.40390586853
3.74963212013		0.348435401917
3.75537490845		0.657972335815
3.76112699509		2.24625301361
3.76687002182		4.00198745728
3.77263712883		4.71747493744
3.77837896347		4.06795406342
3.78413009644		2.39848423004
3.78988599777		0.774682998657
3.79563307762		0.302765846252
3.80138301849		1.25674915314
3.80714702606		3.08859920502
3.81288599968		4.47390460968
3.81863999367		4.61598682404
3.82438492775		3.41335964203
3.8301410675		1.60180664062
3.83588504791		0.404253005981
3.84163594246		0.536187171936
3.84739995003		2.02297973633
3.85313892365		3.83453273773
3.85893106461		4.70225143433
3.86463809013		4.22018527985
3.87039494514		2.62175655365
3.87613892555		0.926914215088
3.88189196587		0.292616844177
3.88764500618		1.07407093048
3.8933930397		2.8399553299
3.89916801453		4.37241744995
3.90489697456		4.67180538177
3.91065907478		3.59096240997
3.91653299332		1.76926136017
3.92237496376		0.454997062683
3.92814803123		0.475295066833
3.9339029789		1.88089752197
3.93965196609		3.71782207489
3.94539904594		4.67180538177
3.95117592812		4.3013753891
3.95690107346		2.76891326904
3.96264910698		1.02840232849
3.96839213371		0.28754234314
3.97415590286		0.962434768677
3.97991204262		2.69787216187
3.98565793037		4.28615283966
3.99142193794		4.69717693329
3.99715900421		3.72797107697
4.00292301178		1.94686412811
4.00866293907		0.541261672974
4.01440691948		0.394104957581
4.02016711235		1.66777324677
4.02590990067		3.5199213028
4.03166103363		4.62106132507
4.03741693497		4.42823505402
4.04317998886		2.98711204529
4.0489180088		1.20600509644
4.05466103554		0.30784034729
4.06041812897		0.794981002808
4.06616306305		2.46952533722
4.0719139576		4.15421867371
4.07766294479		4.71747493744
4.08341693878		3.90557384491
4.08917307854		2.1701374054
4.09491491318		0.652897834778
4.10067296028		0.338286399841
4.10641598701		1.45464992523
4.11217212677		3.30679798126
4.11791992188		4.55509471893
4.12367105484		4.52972316742
4.12942695618		3.20530986786
4.13519191742		1.39375686646
4.14092707634		0.348435401917
4.14667391777		0.657972335815
4.15243291855		2.24625301361
4.15817213058		4.00706195831
4.16391611099		4.72254943848
4.16967201233		4.07302856445
4.17542695999		2.39848423004
4.18118405342		0.779757499695
4.18694806099		0.302765846252
4.1926779747		1.25674915314
4.19842910767		3.09367370605
4.20418000221		4.47390460968
4.20993590355		4.62106132507
4.21568512917		3.4235086441
4.2214410305		1.6119556427
4.22718405724		0.414402008057
4.23293399811		0.541261672974
4.23868989944		2.02297973633
4.24443292618		3.83960723877
4.25019001961		4.70225143433
4.25593495369		4.23033428192
4.26169395447		2.62683105469
4.2674369812		0.931988716125
4.27318906784		0.297691345215
4.27894592285		1.08421993256
4.28468799591		2.8501033783
4.29044294357		4.37241744995
4.29619002342		4.68195438385
4.3019490242		3.61633491516
4.30768990517		1.8200044632
4.31344103813		0.490517616272
4.31921410561		0.454997062683
4.32494306564		1.80985641479
4.3307030201		3.65692996979
4.33644509315		4.6616563797
4.34227991104		4.34704494476
4.34794902802		2.85517787933
4.35369706154		1.09436893463
4.35946011543		0.297691345215
4.36518907547		0.901542663574
4.37095808983		2.62683105469
4.37670207024		4.25063228607
4.3824570179		4.71747493744
4.38820099831		3.80408668518
4.39397311211		2.02805423737
4.39970302582		0.5818567276
4.40545296669		0.378881454468
4.41122698784		1.59673213959
4.41695308685		3.44888019562
4.42270708084		4.6007642746
4.42845606804		4.46883010864
4.43420600891		3.07337665558
4.43996095657		1.28212070465
4.44570994377		0.328137397766
4.4514670372		0.749311447144
4.45720601082		2.393409729
4.46296310425		4.10854911804
4.46871709824		4.72762393951
4.47446203232		3.97661590576
4.48021197319		2.26147556305
4.48596096039		0.703641891479
4.49171996117		0.328137397766
4.4974629879		1.38360881805
4.50323605537		3.24083042145
4.50897097588		4.52972316742
4.51471495628		4.56524372101
4.52046704292		3.29664897919
4.52621793747		1.48509597778
4.5319750309		0.368732452393
4.53771805763		0.617377281189
4.54346895218		2.16506290436
4.54922389984		3.95124340057
4.55499505997		4.72254943848
4.56072211266		4.13899612427
4.56646203995		2.4898223877
4.57233500481		0.810203552246
4.5780980587		0.302765846252
4.58385205269		1.22630310059
4.58960700035		3.04292964935
4.59535002708		4.45868110657
4.60110211372		4.63121032715
4.60685110092		3.46410369873
4.61260294914		1.65255069733
4.61835193634		0.424551010132
4.62410211563		0.520963668823
4.62985992432		1.98745918274
4.63560509682		3.80916118622
4.64135694504		4.70225143433
4.64710593224		4.25570678711
4.65285801888		2.67757511139
4.65861606598		0.957360267639
4.66435909271		0.297691345215
4.67010998726		1.04362487793
4.67585992813		2.80443382263
4.68161010742		4.3521194458
4.68737196922		4.69210338593
4.69311308861		3.65692996979
4.69886803627		1.86059951782
4.704611063		0.505741119385
4.71036911011		0.429625511169
4.71611404419		1.77433586121
4.72186613083		3.6214094162
4.72761511803		4.65658187866
4.73336601257		4.38763999939
4.73914003372		2.89069843292
4.74486613274		1.13496398926
4.75063204765		0.302765846252
4.75636911392		0.876170158386
4.76212000847		2.58116149902
4.7678630352		4.22525978088
4.77362799644		4.72254943848
4.77938294411		3.83960723877
4.78512310982		2.07879829407
4.79087901115		0.607228279114
4.79662299156		0.363657951355
4.80238103867		1.55613708496
4.80812501907		3.40828514099
4.81387710571		4.59061527252
4.81963396072		4.49420261383
4.82537698746		3.11904525757
4.83113503456		1.3125667572
4.83687901497		0.333211898804
4.84262990952		0.723938941956
4.84838104248		2.36296367645
4.85413312912		4.07810306549
4.85988903046		4.73269748688
4.86563110352		4.01213645935
4.87139511108		2.29699611664
4.87713313103		0.729013442993
4.88288402557		0.323062896729
4.88864707947		1.35316181183
4.89438509941		3.19008731842
4.90014195442		4.51449966431
4.90588593483		4.59061527252
4.91163802147		3.33216953278
4.91738796234		1.51554203033
4.92316102982		0.383955955505
4.92890191078		0.597080230713
4.93463897705		2.11939334869
4.94039797783		3.92079734802
4.94614005089		4.72254943848
4.95189094543		4.16436767578
4.95764398575		2.53041744232
4.96339011192		0.871096611023
4.96913909912		0.292616844177
4.97489595413		1.16033554077
4.98065209389		2.9617395401
4.9863960743		4.42316055298
4.99214911461		4.65658187866
4.99790096283		3.53514480591
