0.00012993812561		4.86970615387
0.00378394126892		0.328137397766
0.00753808021545		4.50435066223
0.0111598968506		1.0030298233
0.01478099823		3.44380569458
0.018406867981		1.99760818481
0.0221560001373		2.53041744232
0.025780916214		3.12411975861
0.029403924942		1.35316181183
0.033035993576		4.23033428192
0.0366580486298		0.454997062683
0.0403370857239		4.85448265076
0.0440359115601		0.0997905731201
0.0476589202881		5.0219373703
0.051285982132		0.160683631897
0.0549108982086		4.64643383026
0.0585350990295		0.774682998657
0.062166929245		3.70259952545
0.0657858848572		1.86059951782
0.0694119930267		2.56086444855
0.0730700492859		3.02263259888
0.0766620635986		1.3633108139
0.0803270339966		4.15929317474
0.0839231014252		0.465146064758
0.0875449180603		4.87985515594
0.0911719799042		0.0642700195312
0.0947999954224		5.01178836823
0.0984220504761		0.221575737
0.102048873901		4.51957416534
0.105673074722		0.972583770752
0.109299898148		3.49962425232
0.112924098969		2.05342674255
0.116548061371		2.34774017334
0.120176076889		3.3118724823
0.12380194664		1.18570804596
0.127424955368		4.37241744995
0.131056070328		0.363657951355
0.134676933289		4.94582176208
0.138299942017		0.0439729690552
0.141927957535		4.95597076416
0.145552873611		0.338286399841
0.14918589592		4.38763999939
0.152802944183		1.16033554077
0.156430006027		3.28649997711
0.160062074661		2.25640106201
0.163681983948		2.12954235077
0.167304039001		3.54021930695
0.170934915543		1.00810432434
0.174556970596		4.51957416534
0.178181886673		0.262170791626
0.181813955307		4.99149131775
0.185441970825		0.0490465164185
0.189064979553		4.89507770538
0.192683935165		0.444848060608
0.196312904358		4.19988822937
0.199935913086		1.34808731079
0.20355796814		3.07845020294
0.207184076309		2.49997138977
0.210813999176		1.90626907349
0.214438915253		3.74826812744
0.218061923981		0.83557510376
0.221689939499		4.64643383026
0.225312948227		0.180980682373
0.228944063187		5.0219373703
0.232563972473		0.0744190216064
0.23618888855		4.81388759613
0.239822864532		0.571707725525
0.243439912796		4.00706195831
0.247065067291		1.54598808289
0.250693082809		2.88562393188
0.254316091537		2.72324466705
0.257941007614		1.68299674988
0.261569976807		3.92587184906
0.265196084976		0.673195838928
0.268824100494		4.75299549103
0.272444009781		0.120088577271
0.276068925858		5.03208637238
0.279695987701		0.120088577271
0.283318996429		4.70732593536
0.286946058273		0.729013442993
0.290579080582		3.82438468933
0.29419708252		1.74896335602
0.297827959061		2.68264961243
0.301450014114		2.9617395401
0.305072069168		1.47494697571
0.308708906174		4.103474617
0.312324047089		0.526038169861
0.31594991684		4.83926010132
0.319582939148		0.079493522644
0.323199987411		5.0219373703
0.326824903488		0.196204185486
0.330460071564		4.59568977356
0.334075927734		0.891393661499
0.337702035904		3.60111141205
0.341329097748		1.94686412811
0.344955921173		2.46445083618
0.348577022552		3.0124835968
0.352333068848		1.50539302826
0.355954885483		4.103474617
0.359581947327		0.551410675049
0.363205909729		4.83418560028
0.366832017899		0.079493522644
0.370464086533		5.0219373703
0.37408208847		0.186055183411
0.377706050873		4.60583877563
0.381335020065		0.871096611023
0.384957075119		3.61633491516
0.388583898544		1.85552597046
0.392333984375		2.72324466705
0.395960092545		2.91607093811
0.39959192276		1.53584003448
0.403209924698		4.08317756653
0.406836032867		0.556485176086
0.410472869873		4.81388759613
0.414087057114		0.0845680236816
0.41771197319		5.02701187134
0.421341896057		0.175906181335
0.424967050552		4.61598682404
0.428586959839		0.749311447144
0.432343006134		3.87512779236
0.435963869095		1.68807125092
0.439591884613		2.74354171753
0.443213939667		2.89069843292
0.446840047836		1.54091453552
0.450471878052		4.05780601501
0.454092025757		0.571707725525
0.457715988159		4.81388759613
0.461345911026		0.0947160720825
0.464967012405		5.02701187134
0.468591928482		0.145460128784
0.472343921661		4.74792098999
0.475970029831		0.663046836853
0.479603052139		3.90557384491
0.483221054077		1.66777324677
0.486845970154		2.76383876801
0.490477085114		2.8501033783
0.494096040726		1.561211586
0.497721910477		4.05273151398
0.501348018646		0.592005729675
0.504973888397		4.80881404877
0.508596897125		0.104865074158
0.512350082397		5.03208637238
0.515973091125		0.0947160720825
0.519602060318		4.76821899414
0.523230075836		0.64782333374
0.526850938797		3.91064834595
0.530482053757		1.63732719421
0.534101009369		2.78413677216
0.537728071213		2.8399553299
0.541374921799		1.62717819214
0.544977903366		4.02228546143
0.548603057861		0.713790893555
0.552356958389		4.69210338593
0.555979013443		0.155609130859
0.559612035751		5.03208637238
0.563230991364		0.0845680236816
0.566854953766		4.7732925415
0.570487976074		0.627526283264
0.574107885361		3.93602085114
0.577733039856		1.6221036911
0.581361055374		2.81965732574
0.584985971451		2.81458282471
0.588608026505		1.6728477478
0.592360973358		3.79393768311
0.59598493576		0.784832000732
0.59961104393		4.67180538177
0.603235006332		0.16575717926
0.606862068176		5.03208637238
0.610496044159		0.079493522644
0.61411190033		4.77836704254
0.617736101151		0.617377281189
0.62136387825		3.95631790161
0.624988079071		1.60688114166
0.628613948822		3.02263259888
0.632370948792		2.51519489288
0.635997056961		1.88089752197
0.639625072479		3.75841712952
0.643241882324		0.805129051208
0.646867036819		4.66673088074
0.650501012802		0.170831680298
0.654116868973		5.0219373703
0.657742023468		0.079493522644
0.661370038986		4.79866504669
0.66499710083		0.607228279114
0.668653964996		4.03750801086
0.672369003296		1.35823631287
0.675994873047		3.07337665558
0.679620981216		2.51519489288
0.68324804306		1.88597202301
0.686872005463		3.75841712952
0.690502882004		0.830501556396
0.694123983383		4.6616563797
0.697747945786		0.180980682373
0.701374053955		5.02701187134
0.704998016357		0.0744190216064
0.708657979965		4.83418560028
0.712373018265		0.449922561646
0.716000080109		4.21003723145
0.719633102417		1.32779026031
0.723249912262		3.09367370605
0.726876020432		2.48474884033
0.730510950089		1.94686412811
0.734134912491		3.71782207489
0.737751960754		0.830501556396
0.741379976273		4.62613582611
0.745007038116		0.191129684448
0.74872803688		4.99656581879
0.752382040024		0.0439729690552
0.756006002426		4.90015220642
0.759631872177		0.434700012207
0.763256072998		4.22525978088
0.766881942749		1.33286476135
0.770514011383		3.12919425964
0.774132966995		2.45937633514
0.777757883072		1.93164157867
0.78138589859		3.70767402649
0.785011053085		0.866022109985
0.788670063019		4.58554077148
0.792383909225		0.277394294739
0.796010017395		4.98134231567
0.799643039703		0.0439729690552
0.803261995316		4.91537570953
0.806885957718		0.419476509094
0.810518026352		4.25063228607
0.814137935638		1.3024187088
0.817761898041		3.13934326172
0.821389913559		2.43907928467
0.825016975403		1.96208763123
0.828645944595		3.6823015213
0.8322660923		0.871096611023
0.835889101028		4.62106132507
0.839516878128		0.201278686523
0.843141078949		5.0219373703
0.846765995026		0.0591955184937
0.850478887558		4.89507770538
0.854145050049		0.404253005981
0.857768058777		4.26585483551
0.86140203476		1.27197170258
0.865019083023		3.15964031219
0.868651866913		2.40355873108
0.872268915176		1.9823846817
0.875894069672		3.67722702026
0.879523038864		0.896468162537
0.883147001266		4.6007642746
0.886770963669		0.206352233887
0.890430927277		5.00671482086
0.89414691925		0.0439729690552
0.897772073746		4.92045021057
0.901398897171		0.399179458618
0.905026912689		4.28615283966
0.908655881882		1.2516746521
0.912276029587		3.18501281738
0.915899991989		2.38833522797
0.919528961182		1.99760818481
0.923150062561		3.65692996979
0.926775932312		0.916765213013
0.930484056473		4.48912811279
0.934153079987		0.30784034729
0.937777042389		4.9711933136
0.941405057907		0.0439729690552
0.945029020309		4.93567276001
0.948661088943		0.378881454468
0.952280044556		4.29630184174
0.955905914307		1.24152565002
0.959537982941		3.21545886993
0.963156938553		2.36803817749
0.966782093048		2.02297973633
0.97044801712		3.55544185638
0.974164962769		1.1400384903
0.977783918381		4.3521194458
0.981543064117		0.449922561646
0.98516201973		4.89507770538
0.988792896271		0.0541210174561
0.992409944534		4.99656581879
0.996036052704		0.262170791626
0.999661922455		4.49420261383
1.00328493118		1.02332782745
1.00691008568		3.44888019562
1.01054501534		2.08894729614
1.0141620636		2.2919216156
1.01778888702		3.36769008636
1.02141594887		1.14511299133
1.02503800392		4.40793800354
1.02867102623		0.333211898804
1.03229093552		4.9610452652
1.03591489792		0.0388984680176
1.03954792023		4.95089626312
1.04316592216		0.363657951355
1.04679298401		4.33689689636
1.05051088333		1.04869937897
1.05416893959		3.46917819977
1.05779290199		2.07879829407
1.06142091751		2.32236862183
1.06504702568		3.33724403381
1.06867694855		1.17555904388
1.07229709625		4.38763999939
1.07592201233		0.338286399841
1.07954692841		4.95089626312
1.0831720829		0.0439729690552
1.08680295944		4.9610452652
1.0904610157		0.30784034729
1.09417295456		4.51957416534
1.09779787064		0.982732772827
1.10142803192		3.50469875336
1.10504889488		2.06357479095
1.10868096352		2.35788917542
1.11229896545		3.3220205307
1.1159260273		1.17555904388
1.11955809593		4.37241744995
1.12317800522		0.358584403992
1.12682199478		4.93567276001
1.13043189049		0.0439729690552
1.13405203819		4.95597076416
1.13767910004		0.348435401917
1.14130592346		4.37749099731
1.14493107796		1.15526103973
1.14855289459		3.35246753693
1.15230488777		2.03820323944
1.15593004227		2.35788917542
1.15955686569		3.29157447815
1.16318106651		1.2009305954
1.16680693626		4.36226844788
1.17043995857		0.368732452393
1.17406392097		4.94074726105
1.17768406868		0.0439729690552
1.18131399155		4.96611976624
1.18493390083		0.328137397766
1.18855810165		4.43838405609
1.19231104851		0.952286720276
1.19593691826		3.54529380798
1.19957304001		1.99253368378
1.2031879425		2.38833522797
1.20681095123		3.27635097504
1.21044898033		1.24152565002
1.21406292915		4.34704494476
1.21768903732		0.37380695343
1.22131609917		4.93059825897
1.22494196892		0.0490465164185
1.22856402397		5.00164031982
1.23231697083		0.216501235962
1.23594093323		4.56524372101
1.23956799507		0.92183971405
1.2431910038		3.56051635742
1.24681806564		1.99253368378
1.2504529953		2.43400478363
1.25407004356		3.24083042145
1.25769400597		1.23645114899
1.26131892204		4.33689689636
1.26494407654		0.383955955505
1.26856994629		4.90522670746
1.27232193947		0.0693445205688
1.2759449482		5.01686286926
1.2795779705		0.206352233887
1.28319597244		4.57539176941
1.28682494164		0.891393661499
1.29045796394		3.60111141205
1.29407405853		1.9722366333
1.29769802094		2.43400478363
1.30132603645		3.22560787201
1.30494904518		1.25674915314
1.30857396126		4.240483284
1.31233286858		0.541261672974
1.31595087051		4.84433460236
1.31957793236		0.0845680236816
1.32320094109		5.01686286926
1.3268289566		0.196204185486
1.33046007156		4.6007642746
1.3340780735		0.891393661499
1.33770394325		3.60111141205
1.34133005142		1.94178962708
1.34495401382		2.45937633514
1.3485789299		3.03278160095
1.35233688354		1.51554203033
1.35595703125		4.103474617
1.35958790779		0.546336174011
1.36320900917		4.83418560028
1.36683106422		0.079493522644
1.37046504021		5.02701187134
1.37408208847		0.186055183411
1.3777089119		4.6007642746
1.38133597374		0.871096611023
1.38496208191		3.6315574646
1.38858509064		1.86059951782
1.39233589172		2.72324466705
1.39596009254		2.91607093811
1.39958786964		1.52061653137
1.40321087837		4.0933265686
1.40683794022		0.556485176086
1.41046905518		4.81896209717
1.41408991814		0.0845680236816
1.41771388054		5.02701187134
1.42134308815		0.180980682373
1.42496800423		4.62106132507
1.42859101295		0.744236946106
1.43234205246		3.87005329132
1.43596506119		1.68807125092
1.43960094452		2.75876522064
1.44321703911		2.900847435
1.44684290886		1.54091453552
1.45047402382		4.05780601501
1.45409393311		0.571707725525
1.45771789551		4.81896209717
1.46134591103		0.0947160720825
1.46496987343		5.02701187134
1.46859502792		0.145460128784
1.47234606743		4.7631444931
1.47597908974		0.657972335815
1.47959899902		3.89035129547
1.48322200775		1.66777324677
1.4868478775		2.76383876801
1.49047899246		2.8501033783
1.49409890175		1.561211586
1.49772310257		4.05273151398
1.50135087967		0.586931228638
1.50497508049		4.80881404877
1.50860095024		0.109939575195
1.51235198975		5.03716087341
1.51597595215		0.0947160720825
1.51960706711		4.76821899414
1.52322793007		0.64782333374
1.52685189247		3.91572284698
1.53048110008		1.64747619629
1.53409695625		2.77398777008
1.53772592545		2.84502887726
1.54135894775		1.59673213959
1.54498004913		4.02735900879
1.54860687256		0.652897834778
1.55235791206		4.68702888489
1.55598306656		0.155609130859
1.55960893631		5.02701187134
1.56323194504		0.0947160720825
1.56685709953		4.7732925415
1.57048487663		0.632600784302
1.57410907745		3.9309463501
1.57773399353		1.62717819214
1.58136105537		2.81965732574
1.58498501778		2.81965732574
1.58861088753		1.6728477478
1.59236001968		3.80408668518
1.59598588943		0.78990650177
1.59961295128		4.68195438385
1.60323691368		0.16575717926
1.60686206818		5.03208637238
1.61049389839		0.079493522644
1.61411499977		4.78344154358
1.61773991585		0.622451782227
1.62136697769		3.96139240265
1.62499189377		1.59673213959
1.6286149025		2.96681404114
1.63236999512		2.52534389496
1.63599205017		1.87582302094
1.6396188736		3.76856613159
1.64324307442		0.805129051208
1.64686608315		4.66673088074
1.65050601959		0.180980682373
1.65411901474		5.03208637238
1.65774393082		0.079493522644
1.66137290001		4.79359054565
1.66499590874		0.602153778076
1.66865706444		4.04765701294
1.67237091064		1.3633108139
1.67599701881		3.07845020294
1.67963004112		2.47459983826
1.6832549572		1.90626907349
1.68687295914		3.76349163055
1.69050502777		0.830501556396
1.69412302971		4.65658187866
1.69774794579		0.180980682373
1.7013759613		5.02701187134
1.70500302315		0.0744190216064
1.70865893364		4.83418560028
1.71237492561		0.444848060608
1.71600103378		4.19988822937
1.7196290493		1.34301376343
1.72325086594		3.09367370605
1.72687697411		2.47967433929
1.73050999641		1.91641807556
1.73413109779		3.72797107697
1.7377538681		0.840649604797
1.74138188362		4.64135932922
1.74500393867		0.180980682373
1.74870204926		5.00671482086
1.75238204002		0.0439729690552
1.75600910187		4.90522670746
1.75963997841		0.429625511169
1.76326298714		4.23540878296
1.76688194275		1.32271575928
1.77051591873		3.12919425964
1.77413201332		2.46445083618
1.77775907516		1.93164157867
1.78138589859		3.71274757385
1.78501200676		0.85587310791
1.78866887093		4.59061527252
1.79238700867		0.282468795776
1.79601192474		4.98641681671
1.79963898659		0.0439729690552
1.80326199532		4.90522670746
1.80688786507		0.419476509094
1.81052207947		4.26585483551
1.81413888931		1.30749225616
1.81776499748		3.14441776276
1.82139086723		2.43400478363
1.82501387596		1.95193862915
1.82864689827		3.68737602234
1.8322660923		0.876170158386
1.83589100838		4.61598682404
1.83952593803		0.211426734924
1.84314107895		5.0219373703
1.84676790237		0.0693445205688
1.85048294067		4.89507770538
1.85414505005		0.399179458618
1.85776901245		4.25570678711
1.86139702797		1.28212070465
1.86502099037		3.15964031219
1.86865186691		2.39848423004
1.87227106094		1.97731018066
1.87590193748		3.66200447083
1.87952494621		0.896468162537
1.88314890862		4.60583877563
1.88677191734		0.206352233887
1.89043402672		5.00671482086
1.89415001869		0.0388984680176
1.89777398109		4.93059825897
1.90140199661		0.399179458618
1.90502595901		4.28107833862
1.90865707397		1.24660015106
1.91227507591		3.17993831635
1.91592407227		2.2817735672
1.91966104507		2.26655006409
1.92327809334		3.41335964203
1.92690396309		1.10451793671
1.93053793907		4.42823505402
1.93415403366		0.30784034729
1.93777799606		4.97626781464
1.94140601158		0.0439729690552
1.94503307343		4.93567276001
1.94866394997		0.378881454468
1.95228099823		4.29630184174
1.95590686798		1.24660015106
1.95953297615		3.20023536682
1.96315693855		2.36296367645
1.96678304672		2.01790523529
1.97048997879		3.47425174713
1.9741590023		1.12481498718
1.9777879715		4.41808605194
1.98141288757		0.328137397766
1.98503494263		4.96611976624
1.98867201805		0.0439729690552
1.99228787422		4.94074726105
1.99591088295		0.37380695343
1.99954295158		4.32674789429
2.0031619072		1.22630310059
2.00678801537		3.22053337097
2.01044988632		2.27162456512
2.01416492462		2.2919216156
2.01778888702		3.3727645874
2.02141809464		1.14511299133
2.02504086494		4.41301250458
2.0286719799		0.338286399841
2.03229093552		4.9610452652
2.03591799736		0.0439729690552
2.03954291344		4.94582176208
2.04316806793		0.363657951355
2.04679703712		4.33689689636
2.05049610138		1.07407093048
2.05416989326		3.47425174713
2.05779504776		2.07879829407
2.06142091751		2.32236862183
2.06504607201		3.34231853485
2.06867790222		1.16541004181
2.07229495049		4.39271450043
2.07592201233		0.343360900879
2.07955694199		4.95089626312
2.08317303658		0.0439729690552
2.08679890633		4.95089626312
2.09045886993		0.317989349365
2.09417390823		4.52464866638
2.0978000164		0.982732772827
2.10143208504		3.50977325439
2.105052948		2.05342674255
2.10868287086		2.35788917542
2.1123008728		3.3220205307
2.11592507362		1.17555904388
2.11955499649		4.37241744995
2.12317705154		0.343360900879
2.12680387497		4.95089626312
2.13042998314		0.0439729690552
2.13405609131		4.9610452652
2.13767910004		0.338286399841
2.14130687714		4.36734294891
2.14493107796		1.16541004181
2.14855504036		3.36769008636
2.15230798721		2.03820323944
2.15593194962		2.36296367645
2.15956401825		3.28142547607
2.16318297386		1.2009305954
2.16680908203		4.36734294891
2.17044091225		0.368732452393
2.17405986786		4.94074726105
2.17768788338		0.0439729690552
2.18131709099		4.9711933136
2.18493890762		0.333211898804
2.188560009		4.44345855713
2.19231009483		0.942137718201
2.19593787193		3.53007030487
2.1995639801		2.00775718689
2.2031879425		2.38326072693
2.206813097		3.27127742767
2.21044707298		1.23137664795
2.21407103539		4.34197044373
2.217689991		0.37380695343
2.22131800652		4.93567276001
2.22494101524		0.0439729690552
2.22856497765		5.00164031982
2.23233509064		0.191129684448
2.23594808578		4.63121032715
2.23970293999		0.734087944031
2.24332308769		3.79393768311
2.24694800377		1.72866630554
2.25058102608		2.67757511139
2.25419807434		2.97696304321
2.25782299042		1.46479797363
2.26145005226		4.12884712219
2.26509094238		0.536187171936
2.2687048912		4.84433460236
2.27232789993		0.0744190216064
2.27594995499		5.02701187134
2.27957987785		0.191129684448
2.28320288658		4.58554077148
2.28682899475		0.901542663574
2.29045891762		3.60618591309
2.294080019		1.95701313019
2.2977039814		2.44415378571
2.30133104324		3.2103843689
2.30495500565		1.26689815521
2.30857992172		4.21511173248
2.31233000755		0.531112670898
2.3159558773		4.82403659821
2.31958889961		0.079493522644
2.32320809364		5.02701187134
2.32683587074		0.196204185486
2.3304669857		4.60583877563
2.33408594131		0.881244659424
2.33770799637		3.60618591309
2.34133696556		1.93671607971
2.34496188164		2.47459983826
2.34858608246		3.0124835968
2.35233807564		1.5104675293
2.35596299171		4.07302856445
2.35958909988		0.551410675049
2.36321306229		4.83418560028
2.36683702469		0.0845680236816
2.370470047		5.0219373703
2.37409090996		0.180980682373
2.37771201134		4.61091327667
2.38134002686		0.860947608948
2.38496398926		3.6315574646
2.38859009743		1.84537696838
2.39233899117		2.72831821442
2.39596700668		2.87040138245
2.39959907532		1.54091453552
2.40321707726		4.07810306549
2.40684199333		0.556485176086
2.41047501564		4.82403659821
2.4140958786		0.0845680236816
2.41771793365		5.02701187134
2.4213449955		0.170831680298
2.42496991158		4.62613582611
2.42859506607		0.734087944031
2.43234801292		3.88527679443
2.43597197533		1.64747619629
2.43961906433		2.79936027527
2.44322395325		2.87547588348
2.44684696198		1.55613708496
2.45048093796		4.05273151398
2.45410108566		0.5818567276
2.45772194862		4.81388759613
2.46135306358		0.0896415710449
2.46497392654		5.03208637238
2.46860003471		0.140385627747
2.47235894203		4.76821899414
2.47597503662		0.637675285339
2.47960996628		3.91064834595
2.48322796822		1.65762519836
2.48685193062		2.77398777008
2.49048495293		2.83488082886
2.49410510063		1.56628608704
2.49772691727		4.04765701294
2.50135588646		0.597080230713
2.50498199463		4.80881404877
2.50860500336		0.109939575195
2.51235795021		5.03208637238
2.51598000526		0.0845680236816
2.51960802078		4.7732925415
2.52323198318		0.64782333374
2.52685689926		3.92079734802
2.53048992157		1.62717819214
2.53411102295		2.79936027527
2.53773498535		2.82980632782
2.5413620472		1.59165763855
2.54498505592		4.02228546143
2.548609972		0.723938941956
2.55236792564		4.67687988281
2.55598592758		0.170831680298
2.55962109566		5.03208637238
2.56323599815		0.0845680236816
2.5668618679		4.7732925415
2.57049202919		0.627526283264
2.57411503792		3.94616889954
2.57773804665		1.61703014374
2.58136487007		2.82473182678
2.58499288559		2.79936027527
2.58861494064		1.69314575195
2.59236907959		3.78886318207
2.59598994255		0.810203552246
2.59961795807		4.67180538177
2.60324287415		0.16575717926
2.60686707497		5.03208637238
2.61050009727		0.079493522644
2.61412000656		4.78851604462
2.61774396896		0.612302780151
2.62136507034		3.95631790161
2.62498688698		1.6119556427
2.62861204147		2.97696304321
2.63236999512		2.52026939392
2.63599586487		1.90119457245
2.6396279335		3.76349163055
2.64324593544		0.810203552246
2.64687108994		4.66673088074
2.65050506592		0.180980682373
2.65412306786		5.02701187134
2.65774798393		0.079493522644
2.66137290001		4.79866504669
2.66500592232		0.592005729675
2.66865706444		4.03750801086
2.67237401009		1.35823631287
2.67599987984		3.10382270813
2.67962598801		2.49997138977
2.68324995041		1.9214925766
2.68687605858		3.75841712952
2.69050788879		0.83557510376
2.69412899017		4.6515083313
2.69775104523		0.175906181335
2.70138001442		5.02701187134
2.70500206947		0.0693445205688
2.70866107941		4.83418560028
2.71237897873		0.444848060608
2.71600389481		4.23540878296
2.71963906288		1.32779026031
2.72325491905		3.09874820709
2.7268819809		2.47459983826
2.73051595688		1.93164157867
2.73413395882		3.73812007904
2.73775696754		0.83557510376
2.74138307571		4.63121032715
2.74500989914		0.186055183411
2.74870705605		5.00671482086
2.75238704681		0.0439729690552
2.75600910187		4.91537570953
2.75963401794		0.424551010132
2.7632598877		4.22525978088
2.76688504219		1.31764125824
2.7705180645		3.14441776276
2.77413797379		2.45430183411
2.77778100967		1.9722366333
2.78138899803		3.70259952545
2.78501391411		0.860947608948
2.78864502907		4.62106132507
2.79226493835		0.186055183411
2.79589104652		5.01686286926
2.79952287674		0.0693445205688
2.80314087868		4.83926010132
2.8067688942		0.556485176086
2.8104300499		4.10854911804
2.81414198875		1.3024187088
2.81776595116		3.14949226379
2.82139396667		2.43400478363
2.82502007484		1.96208763123
2.82864904404		3.67722702026
2.83226799965		0.871096611023
2.8358938694		4.61091327667
2.83952093124		0.201278686523
2.84314489365		5.01686286926
2.84677004814		0.0642700195312
2.85048699379		4.90015220642
2.85414886475		0.404253005981
2.8577709198		4.26585483551
2.86139798164		1.27704620361
2.86502289772		3.15964031219
2.86865401268		2.39848423004
2.87227201462		1.9823846817
2.87590003014		3.67215251923
2.87952494621		0.891393661499
2.88315010071		4.6007642746
2.88677597046		0.206352233887
2.89044308662		5.00671482086
2.89415502548		0.0439729690552
2.89777803421		4.93059825897
2.90140390396		0.389030456543
2.90502905846		4.2912273407
2.90865898132		1.24660015106
2.91228199005		3.19516181946
2.91590309143		2.38833522797
2.91953206062		2.01283168793
2.92315602303		3.64678096771
2.9267809391		0.92183971405
2.93049097061		4.48912811279
2.93416190147		0.317989349365
2.93778300285		4.96611976624
2.9414088726		0.0388984680176
2.94503307343		4.94074726105
2.94866394997		0.378881454468
2.95228600502		4.30644989014
2.95590996742		1.23645114899
2.95954203606		3.22053337097
2.96315908432		2.36296367645
2.96678590775		2.0331287384
2.97044897079		3.55036830902
2.97416591644		1.13496398926
2.9777879715		4.42316055298
2.98141407967		0.328137397766
2.98504209518		4.96611976624
2.98867297173		0.0388984680176
2.99228906631		4.94074726105
2.99591398239		0.37380695343
2.99954104424		4.32674789429
3.0031709671		1.20600509644
3.00679206848		3.22560787201
3.01045203209		2.26655006409
3.01417207718		2.30714511871
3.01779294014		3.36769008636
3.02141809464		1.14511299133
3.02508401871		4.33689689636
3.02880191803		0.465146064758
3.03242087364		4.88492965698
3.03604793549		0.0693445205688
3.03967809677		5.00164031982
3.04329800606		0.246947288513
3.04692196846		4.50942516327
3.05055499077		0.987807273865
3.05417990685		3.49962425232
3.05779910088		2.07372379303
3.06142687798		2.33251667023
3.06505203247		3.32709503174
3.06868195534		1.18570804596
3.07230186462		4.38256549835
3.07592391968		0.343360900879
3.0795519352		4.95089626312
3.08317804337		0.0388984680176
3.08680200577		4.95597076416
3.09049701691		0.282468795776
3.09418106079		4.52972316742
3.09780287743		0.972583770752
3.10143089294		3.50977325439
3.10505390167		2.05342674255
3.10868906975		2.36803817749
3.11230492592		3.30679798126
3.11593604088		1.19078159332
3.11956191063		4.36734294891
3.12318205833		0.353509902954
3.12680792809		4.95089626312
3.13043904305		0.0439729690552
3.1340739727		4.9711933136
3.13768386841		0.338286399841
3.14131093025		4.37749099731
3.1449508667		1.12988948822
3.14856004715		3.46410369873
3.15231490135		2.01283168793
3.15593600273		2.37311172485
3.15956306458		3.28142547607
3.16318702698		1.20600509644
3.16681408882		4.36226844788
3.17044591904		0.37380695343
3.17407798767		4.93567276001
3.17768788338		0.0439729690552
3.18133997917		4.98134231567
3.18506503105		0.211426734924
3.18869805336		4.57031822205
3.19231510162		0.942137718201
3.1959400177		3.54021930695
3.19957494736		1.9823846817
3.20319199562		2.38833522797
3.20681786537		3.2611284256
3.21044993401		1.23645114899
3.21408510208		4.32167339325
3.21769499779		0.37380695343
3.22132086754		4.93059825897
3.22496199608		0.0490465164185
3.22857499123		5.01178836823
3.23232197762		0.211426734924
3.23594594002		4.57031822205
3.23957395554		0.906617164612
3.24319791794		3.56559085846
3.24682188034		1.98745918274
3.25045704842		2.43907928467
3.25409007072		3.20023536682
3.25769996643		1.24152565002
3.2613260746		4.32674789429
3.26495099068		0.389030456543
3.2685739994		4.90522670746
3.27232503891		0.0744190216064
3.27595090866		5.01686286926
3.27958393097		0.201278686523
3.28320193291		4.58046627045
3.28682899475		0.901542663574
3.29046106339		3.60618591309
3.29409599304		1.92656707764
3.2977039814		2.43907928467
3.30133104324		3.22053337097
3.30497288704		1.29226970673
3.30857896805		4.25063228607
3.31233000755		0.531112670898
3.3159558773		4.84433460236
3.31958293915		0.0845680236816
3.3232049942		5.0219373703
3.32683205605		0.186055183411
3.33046388626		4.6007642746
3.33410000801		0.866022109985
3.33770799637		3.60618591309
3.34134197235		1.92656707764
3.34496092796		2.46445083618
3.34858393669		3.02770709991
3.35233902931		1.51554203033
3.35596108437		4.103474617
3.35959601402		0.56155872345
3.36321306229		4.82911109924
3.36683797836		0.079493522644
3.37047290802		5.03208637238
3.37410593033		0.175906181335
3.37771391869		4.60583877563
3.38134288788		0.85587310791
3.38498401642		3.66200447083
3.38858890533		1.86059951782
3.39234209061		2.72831821442
3.39596509933		2.91099643707
3.39959192276		1.53076553345
3.40321803093		4.08825206757
3.40684294701		0.56155872345
3.41047692299		4.81896209717
3.41410899162		0.0896415710449
3.41771888733		5.02701187134
3.42134594917		0.175906181335
3.42496991158		4.62106132507
3.42859506607		0.723938941956
3.4323489666		3.88527679443
3.435972929		1.67792224884
3.43960595131		2.76383876801
3.4432220459		2.88562393188
3.44684791565		1.54091453552
3.45048093796		4.05273151398
3.45411992073		0.637675285339
3.45784807205		4.7124004364
3.46147608757		0.145460128784
3.46510386467		5.03208637238
3.46873402596		0.0845680236816
3.47235202789		4.75806999207
3.47597694397		0.668121337891
3.47960305214		3.90557384491
3.48322701454		1.65762519836
3.48685288429		2.76383876801
3.49048495293		2.8399553299
3.49411988258		1.60180664062
3.49772906303		4.04765701294
3.50135803223		0.592005729675
3.50497889519		4.80881404877
3.50860500336		0.109939575195
3.51235508919		5.03716087341
3.51598095894		0.0947160720825
3.51961302757		4.76821899414
3.52323102951		0.642748832703
3.52685689926		3.92079734802
3.53049302101		1.6221036911
3.53412389755		2.82473182678
3.53773498535		2.82980632782
3.54136109352		1.59165763855
3.54500102997		4.00198745728
3.54860901833		0.713790893555
3.55236291885		4.68702888489
3.55598807335		0.155609130859
3.55961298943		5.03208637238
3.5632379055		0.0896415710449
3.56686902046		4.78344154358
3.57049608231		0.617377281189
3.57412791252		3.96646690369
3.57773804665		1.6221036911
3.58137202263		2.8399553299
3.58499193192		2.80443382263
3.58861398697		1.6728477478
3.59236598015		3.79393768311
3.59599089622		0.794981002808
3.59962391853		4.64643383026
3.60338687897		0.267245292664
3.60699486732		5.00164031982
3.61062192917		0.0439729690552
3.6142449379		4.87985515594
3.61787009239		0.470220565796
3.62149500847		4.17959117889
3.62511491776		1.38868236542
3.62874007225		3.0632276535
3.63237190247		2.53041744232
3.63599705696		1.88089752197
3.63962507248		3.76856613159
3.64324808121		0.805129051208
3.64687490463		4.6616563797
3.65050506592		0.175906181335
3.65413999557		5.02701187134
3.65774989128		0.0744190216064
3.66137909889		4.79866504669
3.66500091553		0.597080230713
3.66865801811		4.04765701294
3.6723780632		1.35316181183
3.67600297928		3.08352470398
3.67963910103		2.47967433929
3.68325400352		1.89104652405
3.6868789196		3.75334262848
3.69051408768		0.840649604797
3.69414305687		4.64135932922
3.69775390625		0.175906181335
3.70138096809		5.02701187134
3.70502090454		0.0693445205688
3.7086648941		4.83926010132
3.71238303185		0.434700012207
3.71600699425		4.21511173248
3.71963405609		1.32779026031
3.72325897217		3.10382270813
3.72688293457		2.47967433929
3.73051691055		1.92656707764
3.73414993286		3.70767402649
3.73776102066		0.845724105835
3.74138593674		4.64135932922
3.74500894547		0.191129684448
3.74869799614		5.01178836823
3.75238895416		0.0388984680176
3.75601196289		4.90522670746
3.7596449852		0.419476509094
3.76326298714		4.23033428192
3.76688790321		1.31764125824
3.77052307129		3.13934326172
3.77415394783		2.42385578156
3.77776408195		1.93671607971
3.78139209747		3.70259952545
3.78503108025		0.886319160461
3.78864789009		4.62106132507
3.79227209091		0.196204185486
3.7958920002		5.0219373703
3.79952001572		0.0591955184937
3.80314207077		4.81896209717
3.80677008629		0.551410675049
3.81043195724		4.11362361908
3.81415891647		1.27197170258
3.8177690506		3.14441776276
3.82139587402		2.42385578156
3.82502007484		1.96208763123
3.82865095139		3.6823015213
3.83227109909		0.876170158386
3.83589792252		4.61091327667
3.83953404427		0.206352233887
3.84314799309		5.01686286926
3.84677505493		0.0591955184937
3.85047602654		4.89507770538
3.85416603088		0.378881454468
3.85777592659		4.26585483551
3.86140203476		1.27197170258
3.86504197121		3.19516181946
3.8686580658		2.38833522797
3.87227606773		1.98745918274
3.87590098381		3.67215251923
3.87952804565		0.92183971405
3.88315391541		4.6007642746
3.88678002357		0.216501235962
3.8904440403		5.00671482086
3.89416909218		0.0388984680176
3.89777898788		4.93059825897
3.9014070034		0.394104957581
3.90503692627		4.29630184174
3.90866589546		1.23137664795
3.9122800827		3.18501281738
3.91590595245		2.38326072693
3.91954088211		2.02805423737
3.92315888405		3.64678096771
3.92678308487		0.911691665649
3.93049001694		4.48405361176
3.93417596817		0.328137397766
3.93778395653		4.9711933136
3.94141101837		0.0388984680176
3.94505310059		4.94582176208
3.94866800308		0.368732452393
3.95228600502		4.31152439117
3.9559109211		1.24152565002
3.95953989029		3.24590492249
3.96316409111		2.32236862183
3.96678900719		2.02805423737
3.97044992447		3.56051635742
3.97418189049		1.15526103973
3.97778987885		4.42316055298
3.98141598701		0.328137397766
3.98504090309		4.9610452652
3.9886739254		0.0388984680176
3.99229192734		4.94582176208
3.99591898918		0.368732452393
3.99955201149		4.34197044373
4.00316691399		1.21615409851
4.00679302216		3.22560787201
4.01045608521		2.26655006409
4.01418399811		2.33251667023
4.0178000927		3.34231853485
4.02142190933		1.1501865387
4.0250620842		4.38256549835
4.02867698669		0.338286399841
4.03229594231		4.9610452652
4.03592395782		0.0388984680176
4.03955006599		4.95597076416
4.04317307472		0.363657951355
4.0467979908		4.34197044373
4.05050396919		1.05884838104
4.05419301987		3.51484680176
4.05780005455		2.07372379303
4.0614259243		2.33251667023
4.0650510788		3.34231853485
4.06868195534		1.17048454285
4.07230186462		4.37241744995
4.07594108582		0.353509902954
4.07956194878		4.95089626312
4.08317804337		0.0490465164185
4.08680391312		4.95089626312
4.09046792984		0.30784034729
4.09419393539		4.54494571686
4.09780693054		0.97765827179
4.10143303871		3.50977325439
4.10507488251		2.00775718689
4.10868692398		2.35788917542
4.11230802536		3.3118724823
4.11593198776		1.19078159332
4.11955904961		4.3521194458
4.12318301201		0.353509902954
4.12680792809		4.94582176208
4.13044500351		0.0439729690552
4.1340739727		4.9711933136
4.13768386841		0.328137397766
4.14131188393		4.37749099731
4.14493608475		1.15526103973
4.14856004715		3.38291358948
4.15231204033		2.02805423737
4.15593695641		2.37311172485
4.15957093239		3.26620292664
4.16318893433		1.21107959747
4.16681289673		4.35719394684
4.17044901848		0.383955955505
4.17407798767		4.93059825897
4.17769002914		0.0388984680176
4.18131899834		4.9711933136
4.18494200706		0.328137397766
4.18856501579		4.44853305817
4.19231891632		0.937063217163
4.19594407082		3.54021930695
4.19956898689		1.96716213226
4.2031929493		2.40863323212
4.20681905746		3.26620292664
4.21045207977		1.23645114899
4.21408295631		4.31659889221
4.21769499779		0.37380695343
4.22132492065		4.93059825897
4.22494697571		0.0439729690552
4.22857093811		5.00164031982
4.23232507706		0.206352233887
4.23594999313		4.58046627045
4.23958086967		0.906617164612
4.24320197105		3.58081436157
4.24682402611		1.98745918274
4.25045895576		2.43400478363
4.25408887863		3.2103843689
4.25769996643		1.24152565002
4.2613260746		4.32674789429
4.26495194435		0.389030456543
4.26857590675		4.89507770538
4.27240109444		0.104865074158
4.27607893944		5.04223537445
4.27970504761		0.115014076233
4.28333902359		4.73269748688
4.2869579792		0.713790893555
4.2905819416		3.82945823669
4.2942199707		1.71344280243
4.2978310585		2.67757511139
4.30146098137		2.93129348755
4.30508303642		1.48509597778
4.30871605873		4.10854911804
4.3123319149		0.536187171936
4.3159570694		4.84433460236
4.31958794594		0.0744190216064
4.32320809364		5.0219373703
4.32683396339		0.196204185486
4.3304669857		4.61091327667
4.33409810066		0.866022109985
4.33770895004		3.61126041412
4.34133791924		1.94178962708
4.34496092796		2.46445083618
4.34858608246		2.99726104736
4.35234093666		1.50539302826
4.35596990585		4.08317756653
4.35959100723		0.571707725525
4.36321496964		4.83418560028
4.36683893204		0.079493522644
4.37047195435		5.02701187134
4.37410402298		0.170831680298
4.37771701813		4.61091327667
4.38134407997		0.85587310791
4.38496494293		3.62648391724
4.3885910511		1.85045146942
4.39234209061		2.72831821442
4.39596891403		2.91099643707
4.39960098267		1.54598808289
4.4032189846		4.08317756653
4.40684390068		0.56155872345
4.41047787666		4.81896209717
4.41410899162		0.0896415710449
4.41771888733		5.02701187134
4.42134594917		0.170831680298
4.42497086525		4.62106132507
4.42859506607		0.723938941956
4.43234992027		3.88527679443
4.435972929		1.68299674988
4.43959903717		2.78413677216
4.4432220459		2.88055038452
4.44684886932		1.54598808289
4.45048308372		4.05273151398
4.45411300659		0.602153778076
4.45772409439		4.81896209717
4.46135306358		0.0845680236816
4.46497607231		5.03208637238
4.46860599518		0.140385627747
4.47235298157		4.7631444931
4.47597789764		0.657972335815
4.4796090126		3.90557384491
4.48322892189		1.66269874573
4.48685503006		2.76891326904
4.49048995972		2.83488082886
4.49411892891		1.59165763855
4.49773001671		4.0425825119
4.50135707855		0.597080230713
4.50498008728		4.80881404877
4.50860500336		0.109939575195
4.51235890388		5.03208637238
4.51598191261		0.0896415710449
4.51960992813		4.78344154358
4.52323389053		0.64782333374
4.52686095238		3.92587184906
4.53049087524		1.62717819214
4.53412389755		2.81458282471
4.5377368927		2.83488082886
4.5413620472		1.59673213959
4.54498696327		4.01721096039
4.548609972		0.713790893555
4.55236506462		4.68702888489
4.55598902702		0.160683631897
4.55962204933		5.03208637238
4.5632379055		0.0845680236816
4.5668618679		4.7732925415
4.57049798965		0.617377281189
4.5741288662		3.96646690369
4.57774209976		1.61703014374
4.5813729763		2.8399553299
4.58499097824		2.80443382263
4.58861589432		1.68299674988
4.59236693382		3.79901218414
4.59599208832		0.78990650177
4.59961891174		4.6515083313
4.60324501991		0.16575717926
4.60686898232		5.02701187134
4.61066794395		0.0439729690552
4.61437797546		4.96611976624
4.61801695824		0.302765846252
4.62175393105		4.55509471893
4.62536406517		0.97765827179
4.62899208069		3.51484680176
4.63262200356		2.0331287384
4.6362490654		2.39848423004
4.63988208771		3.28142547607
4.64350008965		1.2009305954
4.64712500572		4.36226844788
4.65075302124		0.368732452393
4.65437889099		4.94074726105
4.65800309181		0.03382396698
4.66162896156		4.9711933136
4.66525506973		0.323062896729
4.66888308525		4.39778900146
4.67250299454		1.13496398926
4.67612791061		3.30172348022
4.67975497246		2.24625301361
4.68337988853		2.13969039917
4.68700504303		3.52499580383
4.69063091278		1.01317882538
4.69427895546		4.44853305817
4.69800686836		0.37380695343
4.70163297653		4.93567276001
4.70525598526		0.0439729690552
4.70888900757		4.96611976624
4.71250605583		0.317989349365
4.71613287926		4.4028635025
4.71976494789		1.10959243774
4.7233850956		3.33216953278
4.727009058		2.22595500946
4.73063707352		2.16506290436
4.73427605629		3.47932624817
4.737885952		1.03347587585
4.74151206017		4.49927616119
4.74515390396		0.28754234314
4.74876904488		4.98641681671
4.75238895416		0.0439729690552
4.75601196289		4.9103012085
4.75963902473		0.409327507019
4.76326298714		4.23033428192
4.76689004898		1.3125667572
4.77052307129		3.13934326172
4.77415800095		2.41878128052
4.7777659893		1.93671607971
4.78139400482		3.69752502441
4.78501701355		0.860947608948
4.78865003586		4.62106132507
4.7922680378		0.191129684448
4.7958920002		5.0219373703
4.79952502251		0.0591955184937
4.80314302444		4.82911109924
4.80677390099		0.551410675049
4.81044387817		4.12884712219
4.81415987015		1.27704620361
4.81777095795		3.14441776276
4.82139801979		2.43400478363
4.82502102852		1.96716213226
4.82865309715		3.67722702026
4.83227205276		0.871096611023
4.83589696884		4.61091327667
4.83952593803		0.211426734924
4.84314799309		5.0219373703
4.84677505493		0.0591955184937
4.85047888756		4.89000320435
4.85416603088		0.383955955505
4.85777497292		4.26585483551
4.86140203476		1.27704620361
4.86502599716		3.15964031219
4.86865901947		2.38326072693
4.87227702141		1.98745918274
4.87590289116		3.66707897186
4.879529953		0.896468162537
4.88315391541		4.6007642746
4.88678002357		0.206352233887
4.89044809341		5.00164031982
4.89417004585		0.0388984680176
4.89778089523		4.92552471161
4.90140795708		0.389030456543
4.90503096581		4.28107833862
4.90866398811		1.24152565002
4.91228508949		3.19008731842
4.91590809822		2.38833522797
4.9195420742		2.06357479095
4.92316389084		3.63663196564
4.92678689957		0.916765213013
4.93049407005		4.48405361176
4.93417787552		0.328137397766
4.93778610229		4.96611976624
4.94141292572		0.0388984680176
4.94503688812		4.93567276001
4.94866800308		0.37380695343
4.95228791237		4.30644989014
4.95591402054		1.23137664795
4.95954799652		3.23068237305
4.96316504478		2.36296367645
4.96678805351		2.02805423737
4.97045302391		3.54529380798
4.97418189049		1.15526103973
4.97779202461		4.41808605194
4.98141908646		0.328137397766
4.98504304886		4.9711933136
4.98867607117		0.0439729690552
4.9922940731		4.94074726105
4.99591803551		0.368732452393
4.99954509735		4.3521194458
