0.000125169754028		-0.00169658660889
0.0115671157837		5.04223537445
0.0232191085815		1.6221036911
0.0347020626068		0.460071563721
0.0461990833282		5.04730892181
0.0577051639557		-0.00169658660889
0.0692090988159		4.86463165283
0.0807120800018		3.05307865143
0.0922150611877		-0.00169658660889
0.103711128235		5.04730892181
0.115218162537		-0.00677108764648
0.126716136932		3.68737602234
0.138216018677		4.51957416534
0.149717092514		-0.00169658660889
0.161219120026		5.05238342285
0.172728061676		-0.00169658660889
0.184221029282		2.42385578156
0.195732116699		5.05238342285
0.20722413063		-0.00169658660889
0.218725204468		5.04730892181
0.230256080627		0.810203552246
0.241779088974		1.09436893463
0.253359079361		5.04730892181
0.264858007431		-0.00169658660889
0.276358127594		5.04730892181
0.287860155106		2.38833522797
0.299363136292		0.00337791442871
0.310864210129		5.04223537445
0.322372198105		-0.00677108764648
0.333873033524		4.22018527985
0.345367193222		3.87512779236
0.356868028641		-0.00169658660889
0.368370056152		5.04730892181
0.379873037338		-0.00169658660889
0.391373157501		2.98203754425
0.40288901329		5.04730892181
0.414386034012		-0.00169658660889
0.42588019371		5.04730892181
0.437380075455		0.211426734924
0.448880195618		1.70836830139
0.460383176804		5.05238342285
0.471890211105		-0.00169658660889
0.48339009285		5.04730892181
0.494893074036		1.55106258392
0.506391048431		0.480368614197
0.51789021492		5.04730892181
0.529390096664		-0.00169658660889
0.540894031525		4.88492965698
0.552399158478		3.02263259888
0.563896179199		-0.00169658660889
0.575404167175		5.04730892181
0.586906194687		-0.00169658660889
0.598400115967		3.71274757385
0.609901189804		4.48405361176
0.621403217316		-0.00677108764648
0.632911205292		5.04730892181
0.644405126572		-0.00677108764648
0.655908107758		2.43907928467
0.667411088943		5.04730892181
0.678914070129		-0.00677108764648
0.690410137177		5.04730892181
0.701918125153		0.749311447144
0.713430166245		1.14511299133
0.724919080734		5.04223537445
0.736423015594		-0.00169658660889
0.747920036316		5.04730892181
0.759420156479		2.15491390228
0.77092218399		0.0642700195312
0.782430171967		5.04730892181
0.793930053711		-0.00169658660889
0.805425167084		4.41808605194
0.81693315506		3.65692996979
0.828431129456		-0.00169658660889
0.839933156967		5.04730892181
0.851431131363		-0.00169658660889
0.862943172455		3.16471481323
0.874443054199		4.99149131775
0.885938167572		-0.00677108764648
0.897443056107		5.04730892181
0.908938169479		0.0693445205688
0.920441150665		1.90119457245
0.931947231293		5.04223537445
0.94358420372		-0.00169658660889
0.955071210861		5.04730892181
0.966572999954		1.52569103241
0.978079080582		0.485443115234
0.989575147629		5.04730892181
1.00107622147		-0.00677108764648
1.01258420944		4.89000320435
1.02408719063		3.0124835968
1.0355861187		-0.00169658660889
1.04708123207		5.04223537445
1.05858302116		-0.00169658660889
1.070084095		3.73812007904
1.08158612251		4.45868110657
1.09309411049		-0.00677108764648
1.104596138		5.04730892181
1.11609005928		-0.00169658660889
1.12759208679		2.46952533722
1.13909816742		5.04730892181
1.15059399605		-0.00169658660889
1.16209721565		5.04730892181
1.17373418808		0.92183971405
1.1852312088		1.02332782745
1.19672513008		5.04730892181
1.20822811127		-0.00169658660889
1.21973514557		5.04730892181
1.23123002052		2.33759117126
1.24273920059		0.00845146179199
1.25423312187		5.04730892181
1.2657392025		-0.00169658660889
1.27723503113		4.27092933655
1.28873801231		3.82945823669
1.30024409294		-0.00169658660889
1.31182312965		5.05238342285
1.32337403297		-0.00169658660889
1.33487510681		2.8399553299
1.34637522697		5.04730892181
1.3578710556		-0.00169658660889
1.36937308311		5.04730892181
1.38087415695		0.333211898804
1.39237713814		1.57643508911
1.40388512611		5.04730892181
1.41537904739		-0.00677108764648
1.4268860817		5.04223537445
1.43838214874		1.69314575195
1.44988322258		0.358584403992
1.46138715744		5.04730892181
1.47289514542		-0.00677108764648
1.48438715935		4.78344154358
1.49588823318		3.18501281738
1.50739812851		-0.00169658660889
1.51889109612		5.04730892181
1.53039216995		-0.00677108764648
1.54190015793		3.5706653595
1.55340218544		4.64135932922
1.56489801407		-0.00169658660889
1.57639908791		5.04730892181
1.58790612221		-0.00169658660889
1.59940004349		2.31221961975
1.61090302467		5.05238342285
1.62241315842		-0.00169658660889
1.63391208649		5.04730892181
1.64540815353		0.881244659424
1.65691518784		1.03347587585
1.66841006279		5.05238342285
1.6799120903		-0.00677108764648
1.69141316414		5.04730892181
1.70291519165		2.31729412079
1.71444511414		0.00845146179199
1.72591805458		5.04730892181
1.73741912842		-0.00169658660889
1.74892020226		4.2912273407
1.76042103767		3.80408668518
1.77192807198		-0.00169658660889
1.78342700005		5.04730892181
1.794932127		-0.00677108764648
1.80642819405		3.04292964935
1.81792902946		5.03208637238
1.82943201065		-0.00677108764648
1.84093403816		5.04730892181
1.85243606567		0.160683631897
1.86393809319		1.75911235809
1.87544202805		5.04223537445
1.88693809509		-0.00169658660889
1.89843821526		5.04730892181
1.90994119644		1.46987247467
1.92144107819		0.546336174011
1.93294906616		5.05238342285
1.94444513321		-0.00169658660889
1.95594501495		4.93059825897
1.96744799614		2.93636798859
1.97894906998		-0.00677108764648
1.99045205116		5.04730892181
2.00195813179		-0.00169658660889
2.0135910511		3.57573986053
2.02507901192		4.60583877563
2.03658223152		-0.00677108764648
2.04808115959		5.04730892181
2.05958414078		-0.00169658660889
2.07108616829		2.32744312286
2.08259510994		5.04730892181
2.09409403801		-0.00169658660889
2.10558915138		5.04730892181
2.11709117889		0.866022109985
2.12859416008		1.05884838104
2.14009523392		5.04730892181
2.15159511566		-0.00169658660889
2.16310501099		5.04730892181
2.1746070385		2.30714511871
2.1861011982		0.0236749649048
2.19760322571		5.04223537445
2.20910310745		-0.00169658660889
2.22060418129		4.31152439117
2.23210501671		3.84975624084
2.24361610413		-0.00169658660889
2.25510907173		5.04730892181
2.26661109924		-0.00169658660889
2.27811121941		3.07337665558
2.28961205482		5.0219373703
2.3011162281		-0.00169658660889
2.31262207031		5.04730892181
2.32412219048		0.145460128784
2.3356192112		1.79463291168
2.34712100029		5.05238342285
2.35862207413		-0.00169658660889
2.3701441288		5.04730892181
2.38162612915		1.45464992523
2.39312601089		0.551410675049
2.40462803841		5.04730892181
2.41612911224		-0.00169658660889
2.42763113976		4.93567276001
2.43913221359		2.92621898651
2.45063304901		-0.00169658660889
2.4621360302		5.04730892181
2.47376918793		-0.00169658660889
2.48526120186		3.6214094162
2.49676609039		4.58554077148
2.50826501846		-0.00169658660889
2.51976513863		5.04730892181
2.53126811981		-0.00169658660889
2.54277610779		2.34774017334
2.55427718163		5.04730892181
2.56577301025		-0.00677108764648
2.57727408409		5.04730892181
2.5887761116		0.830501556396
2.60027718544		1.09436893463
2.61186218262		5.05238342285
2.62341117859		-0.00677108764648
2.63491201401		5.04730892181
2.64640808105		2.46952533722
2.65790915489		-0.00169658660889
2.66941022873		5.04730892181
2.68091320992		-0.00677108764648
2.69241809845		4.15421867371
2.7039141655		3.96646690369
2.71541500092		-0.00169658660889
2.72692203522		5.04730892181
2.73841810226		-0.00169658660889
2.74992203712		2.90592193604
2.76142001152		5.04730892181
2.77292323112		-0.00169658660889
2.78442907333		5.04730892181
2.79593014717		0.277394294739
2.80742812157		1.63732719421
2.8189291954		5.04730892181
2.83043003082		-0.00169658660889
2.84193611145		5.04223537445
2.85343718529		1.62717819214
2.86494612694		0.404253005981
2.87643814087		5.04730892181
2.88793706894		-0.00677108764648
2.89944219589		4.83418560028
2.91094303131		3.10889720917
2.92244815826		-0.00169658660889
2.93394517899		5.05238342285
2.94545221329		-0.00169658660889
2.95694804192		3.63663196564
2.9684472084		4.56524372101
2.97995018959		-0.00169658660889
2.99145102501		5.04730892181
3.00296020508		-0.00169658660889
3.01445603371		2.36296367645
3.02596116066		5.04730892181
3.03745818138		-0.00169658660889
3.04895806313		5.04730892181
3.06046104431		0.820352554321
3.07196903229		1.01317882538
3.08360004425		5.04730892181
3.09509015083		-0.00677108764648
3.1066031456		5.04730892181
3.11809301376		2.44415378571
3.1295940876		-0.00169658660889
3.14109516144		5.04223537445
3.15260410309		-0.00169658660889
3.16410303116		4.17959117889
3.17559909821		3.93602085114
3.18710923195		-0.00169658660889
3.19860219955		5.04730892181
3.21010422707		-0.00169658660889
3.22160410881		2.93636798859
3.2331161499		5.04730892181
3.24460721016		-0.00169658660889
3.25611019135		5.04730892181
3.26761722565		0.262170791626
3.2791121006		1.64747619629
3.29061317444		5.04730892181
3.30211520195		-0.00677108764648
3.31376409531		5.04730892181
3.32525014877		1.82507896423
3.33674907684		0.267245292664
3.34825110435		5.04730892181
3.35975217819		-0.00169658660889
3.37125205994		4.68702888489
3.38276410103		3.3118724823
3.39425611496		-0.00169658660889
3.40577316284		5.03716087341
3.41725921631		-0.00677108764648
3.42875814438		3.48440074921
3.44026613235		4.75299549103
3.45185804367		-0.00169658660889
3.46339511871		5.04730892181
3.47489404678		0.0186004638672
3.48639202118		2.0331287384
3.49789214134		5.04730892181
3.50939416885		-0.00677108764648
3.52090001106		5.04730892181
3.5324010849		1.18570804596
3.5438990593		0.784832000732
3.55540418625		5.04730892181
3.56692314148		-0.00169658660889
3.57840299606		5.03208637238
3.5899181366		2.66235160828
3.60140705109		-0.00169658660889
3.61291003227		5.04730892181
3.62441015244		-0.00169658660889
3.63591623306		4.01721096039
3.64741206169		4.12377262115
3.6589140892		-0.00169658660889
3.67041611671		5.04730892181
3.68192219734		-0.00169658660889
3.69341921806		2.76891326904
3.70491409302		5.04730892181
3.71642112732		-0.00169658660889
3.72792315483		5.05238342285
3.73942613602		0.414402008057
3.75092720985		1.49524497986
3.76243209839		5.05238342285
3.77394413948		-0.00169658660889
3.78543019295		5.04730892181
3.79693818092		1.79463291168
3.80843400955		0.282468795776
3.81993508339		5.03716087341
3.83143615723		-0.00169658660889
3.84294199944		4.70225143433
3.85443902016		3.28649997711
3.86593914032		-0.00169658660889
3.87744116783		5.04730892181
3.88894605637		-0.00169658660889
3.90044522285		3.49962425232
3.91195511818		4.84433460236
3.92358112335		-0.00677108764648
3.93507504463		5.04730892181
3.94657611847		0.0135259628296
3.95807909966		2.04835224152
3.96957921982		5.04730892181
3.98108005524		-0.00169658660889
3.99258804321		5.04730892181
4.00408911705		1.19078159332
4.01558303833		0.805129051208
4.02708816528		5.04730892181
4.03858709335		-0.00169658660889
4.05008816719		5.03716087341
4.06158900261		2.61160755157
4.073097229		-0.00169658660889
4.08459305763		5.04730892181
4.0960931778		-0.00169658660889
4.10759711266		4.0425825119
4.11909723282		4.12884712219
4.13059616089		-0.00169658660889
4.14210319519		5.04730892181
4.15374016762		-0.00677108764648
4.16522908211		2.60145950317
4.17673015594		5.04223537445
4.18823218346		-0.00169658660889
4.19973301888		5.04730892181
4.21123313904		0.566633224487
4.22274112701		1.33286476135
4.2342441082		5.04730892181
4.24573922157		-0.00169658660889
4.25724220276		5.04730892181
4.26874017715		1.96716213226
4.28024220467		0.160683631897
4.29177904129		5.04223537445
4.30324721336		-0.00169658660889
4.3147521019		4.56524372101
4.32624912262		3.45902919769
4.33774900436		-0.00169658660889
4.34925317764		5.04730892181
4.36075305939		-0.00169658660889
4.37225914001		3.29664897919
4.38376021385		4.87478065491
4.39525914192		-0.00169658660889
4.40675902367		5.04730892181
4.41826105118		0.0135259628296
4.42976713181		2.05850028992
4.44126415253		5.04730892181
4.45276618004		-0.00169658660889
4.46427106857		5.04730892181
4.47577500343		1.15526103973
4.48726820946		0.794981002808
4.49876999855		5.04223537445
4.51027822495		-0.00169658660889
4.52186012268		5.00671482086
4.53340220451		2.80443382263
4.54492402077		-0.00677108764648
4.55640411377		5.04730892181
4.56790518761		-0.00169658660889
4.57940411568		3.90557384491
4.59090614319		4.27092933655
4.60241508484		-0.00169658660889
4.61392402649		5.04730892181
4.62541723251		-0.00677108764648
4.63691210747		2.63190555573
4.64841413498		5.04223537445
4.65991520882		-0.00169658660889
4.67142510414		5.04730892181
4.6829252243		0.556485176086
4.69441914558		1.35823631287
4.70591616631		5.04730892181
4.71742200851		-0.00677108764648
4.72892403603		5.04730892181
4.74042415619		1.96716213226
4.75193309784		0.160683631897
4.76342821121		5.04730892181
4.77493000031		-0.00169658660889
4.78643703461		4.57539176941
4.79794716835		3.45902919769
4.80943417549		-0.00677108764648
4.820936203		5.04730892181
4.83244514465		-0.00169658660889
4.84394311905		3.36261558533
4.85544013977		4.87985515594
4.86695408821		-0.00677108764648
4.87844204903		5.05238342285
4.88994407654		0.00845146179199
4.90144515038		2.09909534454
4.9129691124		5.04223537445
4.9244492054		-0.00677108764648
4.93595004082		5.04223537445
4.94745612144		1.12481498718
4.95895314217		0.840649604797
4.970454216		5.04730892181
4.98197507858		-0.00169658660889
4.99358916283		4.99149131775
