0.000126838684082		-0.00169658660889
0.00731086730957		5.04730892181
0.0145690441132		2.34774017334
0.0218110084534		-0.00169658660889
0.0290589332581		5.00164031982
0.03630900383		5.03208637238
0.0435588359833		-0.00677108764648
0.0508120059967		2.27669906616
0.0580649375916		5.04223537445
0.0653169155121		0.358584403992
0.0725688934326		-0.00169658660889
0.0798239707947		5.04730892181
0.0870749950409		3.2611284256
0.0943310260773		-0.00169658660889
0.101574897766		4.37241744995
0.108829021454		5.04223537445
0.116075992584		-0.00169658660889
0.123334884644		1.31764125824
0.130578994751		5.04223537445
0.137830018997		1.17048454285
0.145118951797		-0.00169658660889
0.152336835861		5.04223537445
0.159581899643		4.22018527985
0.166833877563		-0.00169658660889
0.1740899086		3.4235086441
0.181334972382		5.04223537445
0.188587903976		-0.00677108764648
0.195837974548		0.429625511169
0.20308804512		5.04223537445
0.210339069366		2.04327774048
0.217594861984		-0.00169658660889
0.22484588623		5.04223537445
0.232089996338		4.99656581879
0.239346027374		-0.00169658660889
0.246592998505		2.49997138977
0.25385093689		5.04223537445
0.261098861694		0.191129684448
0.268348932266		-0.00169658660889
0.275603055954		5.04730892181
0.282852888107		2.98203754425
0.290097951889		-0.00169658660889
0.297350883484		4.64135932922
0.304605007172		5.04730892181
0.311851978302		-0.00169658660889
0.319103956223		1.6221036911
0.326354980469		5.04223537445
0.333608865738		0.937063217163
0.340855836868		-0.00169658660889
0.348106861115		5.04223537445
0.355361938477		3.95631790161
0.362612962723		-0.00169658660889
0.369866847992		3.70259952545
0.377110004425		5.04223537445
0.384366035461		-0.00169658660889
0.391612052917		0.688418388367
0.398862838745		5.04223537445
0.406115055084		1.77940940857
0.413370847702		-0.00677108764648
0.420614957809		5.04223537445
0.427870988846		4.81388759613
0.435121059418		-0.00677108764648
0.442375898361		2.77906227112
0.449619054794		5.04223537445
0.456866979599		0.0591955184937
0.464132070541		0.0388984680176
0.471372842789		5.04223537445
0.478623867035		2.69279766083
0.485872983932		-0.00169658660889
0.493131875992		4.84433460236
0.500375986099		5.04223537445
0.50763297081		-0.00677108764648
0.514883041382		1.89104652405
0.522171020508		5.04223537445
0.529383897781		0.688418388367
0.536630868912		-0.00169658660889
0.543886899948		5.04730892181
0.551132917404		3.65185546875
0.55838394165		-0.00169658660889
0.565635919571		4.00198745728
0.572890043259		5.04730892181
0.580133914948		-0.00677108764648
0.58747792244		0.703641891479
0.594775915146		5.04223537445
0.602014064789		1.91134357452
0.609266996384		-0.00169658660889
0.616517066956		5.04223537445
0.623770952225		4.85448265076
0.631017923355		-0.00169658660889
0.638268947601		2.73339271545
0.645520925522		5.04223537445
0.652780056		0.0896415710449
0.660019874573		0.0287494659424
0.667270898819		5.04223537445
0.674530029297		2.76383876801
0.681773900986		-0.00169658660889
0.689024925232		4.81388759613
0.69627404213		5.04223537445
0.703526973724		-0.00677108764648
0.710778951645		1.83015346527
0.718029975891		5.04730892181
0.72527885437		0.739162445068
0.732543945312		-0.00169658660889
0.739781856537		5.04730892181
0.747032880783		3.71782207489
0.754292011261		-0.00169658660889
0.76153588295		3.93602085114
0.768785953522		5.04223537445
0.776035070419		-0.00169658660889
0.783293008804		0.881244659424
0.790536880493		5.04223537445
0.797790050507		1.57643508911
0.80503988266		-0.00677108764648
0.812299966812		5.04730892181
0.819547891617		4.66673088074
0.826792955399		-0.00169658660889
0.834049940109		2.97696304321
0.841295003891		5.04223537445
0.848546981812		0.0135259628296
0.855797052383		0.125163078308
0.863052845001		5.04730892181
0.870296955109		2.47459983826
0.877554893494		-0.00169658660889
0.884799957275		4.95089626312
0.892050027847		5.04223537445
0.899430036545		-0.00169658660889
0.906678915024		1.75911235809
0.91393494606		5.04223537445
0.921180963516		0.78990650177
0.928432941437		-0.00169658660889
0.935683965683		5.04730892181
0.942940950394		3.80916118622
0.950182914734		-0.00677108764648
0.957511901855		3.65692996979
0.964810848236		5.04223537445
0.972061872482		-0.00169658660889
0.979311943054		0.505741119385
0.986563920975		5.04730892181
0.99382185936		1.9722366333
1.00106287003		-0.00169658660889
1.00831985474		5.04223537445
1.01556706429		4.91537570953
1.0228228569		-0.00169658660889
1.03006792068		2.61160755157
1.03731894493		5.04223537445
1.04457592964		0.145460128784
1.05182099342		0.00845146179199
1.059071064		5.04730892181
1.06632399559		2.87547588348
1.07357907295		-0.00169658660889
1.08084607124		4.67687988281
1.08807706833		5.04223537445
1.09532690048		-0.00169658660889
1.10258388519		1.68807125092
1.10982894897		5.04223537445
1.11707806587		0.83557510376
1.12433195114		-0.00169658660889
1.13158202171		5.04223537445
1.13883185387		3.83960723877
1.14608287811		-0.00169658660889
1.15334200859		3.78886318207
1.16058397293		5.04223537445
1.16783595085		-0.00677108764648
1.17508792877		0.76960849762
1.18234395981		5.04223537445
1.18958902359		1.68807125092
1.19684004784		-0.00677108764648
1.20409297943		5.04730892181
1.21134090424		4.74792098999
1.21859288216		-0.00169658660889
1.2258439064		2.87040138245
1.23309493065		5.04730892181
1.2403459549		0.03382396698
1.24759984016		0.0693445205688
1.25485396385		5.04730892181
1.26209902763		2.86532688141
1.26948285103		-0.00169658660889
1.27672696114		4.66673088074
1.28397703171		5.04223537445
1.29122495651		-0.00677108764648
1.29847884178		1.64240169525
1.30572891235		5.04730892181
1.31298494339		0.916765213013
1.32023096085		-0.00677108764648
1.32752203941		5.04730892181
1.33473992348		3.93602085114
1.34198093414		-0.00677108764648
1.34923505783		3.74826812744
1.35648798943		5.04730892181
1.36373305321		-0.00677108764648
1.37098693848		0.708716392517
1.3782389164		5.04223537445
1.38549089432		1.74896335602
1.39274096489		-0.00169658660889
1.39998984337		5.04730892181
1.40724205971		4.79359054565
1.41449904442		-0.00169658660889
1.42174291611		2.81965732574
1.42899703979		5.04223537445
1.4362449646		0.0541210174561
1.44350290298		0.0439729690552
1.45074605942		5.04223537445
1.45800685883		2.70802116394
1.46525502205		-0.00169658660889
1.47250795364		4.84940910339
1.47974801064		5.04223537445
1.48700499535		-0.00169658660889
1.49427700043		1.84537696838
1.5015039444		5.04730892181
1.50875496864		0.652897834778
1.51600503922		-0.00677108764648
1.52326202393		5.04223537445
1.53050804138		3.6214094162
1.53775906563		-0.00677108764648
1.54501104355		4.02735900879
1.55226588249		5.04730892181
1.55951094627		-0.00169658660889
1.56676292419		0.982732772827
1.57401990891		5.04223537445
1.58126306534		1.48509597778
1.58851504326		-0.00169658660889
1.59577298164		5.04223537445
1.60301804543		4.57539176941
1.61026906967		-0.00169658660889
1.61752700806		3.05815315247
1.62477087975		5.04223537445
1.63201999664		0.0186004638672
1.63927388191		0.16575717926
1.64652204514		5.04730892181
1.65378189087		2.40863323212
1.66102385521		-0.00677108764648
1.66827607155		4.97626781464
1.6755259037		5.03716087341
1.68278288841		-0.00169658660889
1.69002890587		2.15998840332
1.69729185104		5.04730892181
1.70453095436		0.419476509094
1.71177887917		-0.00677108764648
1.71903586388		5.04730892181
1.7262840271		3.34231853485
1.73354101181		-0.00169658660889
1.7407848835		4.30644989014
1.74803495407		5.04223537445
1.75529289246		-0.00169658660889
1.76254296303		1.24660015106
1.76978707314		5.04223537445
1.77704405785		1.24660015106
1.78428888321		-0.00169658660889
1.79153800011		5.04223537445
1.7987909317		4.29630184174
1.8060438633		-0.00169658660889
1.81329393387		3.35246753693
1.82054591179		5.04223537445
1.82779502869		-0.00169658660889
1.8350520134		0.348435401917
1.84230399132		5.04730892181
1.84954595566		2.10416984558
1.85680103302		-0.00677108764648
1.86405086517		5.03716087341
1.87129998207		4.98134231567
1.87855100632		-0.00677108764648
1.88580298424		2.45430183411
1.89305186272		5.04223537445
1.90030288696		0.211426734924
1.90756106377		-0.00677108764648
1.91481184959		5.04223537445
1.9220559597		3.3220205307
1.92943501472		-0.00169658660889
1.93668484688		4.24555778503
1.94394087791		5.04730892181
1.95118403435		-0.00169658660889
1.95844602585		1.16033554077
1.96568894386		5.04730892181
1.97293806076		1.28719520569
1.98019099236		-0.00169658660889
1.98751997948		5.04223537445
1.99482488632		4.70732593536
2.00206589699		-0.00169658660889
2.00932097435		2.94144248962
2.0165719986		5.04730892181
2.0238199234		0.0186004638672
2.0310690403		0.109939575195
2.03832197189		5.04730892181
2.04557299614		2.50504589081
2.05282497406		-0.00169658660889
2.06007385254		4.94074726105
2.06733202934		5.04730892181
2.07457685471		-0.00677108764648
2.0818259716		2.06864929199
2.08907794952		5.04730892181
2.09632992744		0.520963668823
2.10358190536		-0.00169658660889
2.11083006859		5.04223537445
2.11808300018		3.46410369873
2.12533402443		-0.00677108764648
2.13258600235		4.17451667786
2.13983488083		5.04730892181
2.14709091187		-0.00677108764648
2.15434288979		1.11974048615
2.16158986092		5.04730892181
2.16884589195		1.3633108139
2.17609000206		-0.00169658660889
2.18334197998		5.04223537445
2.19059085846		4.41808605194
2.19784402847		-0.00169658660889
2.20509290695		3.22053337097
2.2123439312		5.04223537445
2.219591856		-0.00677108764648
2.22685289383		0.252021789551
2.23409700394		5.04223537445
2.24134898186		2.25640106201
2.24861693382		-0.00169658660889
2.25585103035		5.0219373703
2.2631008625		5.01686286926
2.2703499794		-0.00169658660889
2.27760887146		2.32236862183
2.28485488892		5.04730892181
2.29210305214		0.500666618347
2.29948091507		-0.00169658660889
2.30673789978		5.04730892181
2.31398797035		3.54529380798
2.32123184204		-0.00169658660889
2.32848405838		4.12377262115
2.3357360363		5.04730892181
2.34299087524		-0.00169658660889
2.35023593903		1.08421993256
2.35756993294		5.04730892181
2.36486506462		1.71344280243
2.37210702896		-0.00169658660889
2.37936401367		5.04730892181
2.38662290573		4.78344154358
2.3938729763		-0.00169658660889
2.40111684799		2.83488082886
2.40837001801		5.04223537445
2.41562104225		0.0490465164185
2.42287707329		0.0591955184937
2.43012094498		5.04730892181
2.43741297722		2.7536907196
2.44462490082		-0.00169658660889
2.45187306404		4.86970615387
2.45913100243		5.04223537445
2.46638393402		-0.00169658660889
2.47363495827		1.93164157867
2.48087596893		5.04730892181
2.4881298542		0.622451782227
2.49537801743		-0.00169658660889
2.50263690948		5.04223537445
2.50988101959		3.59096240997
2.51713204384		-0.00677108764648
2.52438187599		4.06287956238
2.53163385391		5.04223537445
2.53888607025		-0.00169658660889
2.54614305496		0.992880821228
2.55339384079		5.04730892181
2.56063604355		1.44450092316
2.56789183617		-0.00169658660889
2.57514405251		5.04223537445
2.5823969841		4.57031822205
2.58964085579		-0.00169658660889
2.59689307213		3.10382270813
2.60414290428		5.04223537445
2.6113948822		-0.00169658660889
2.61865186691		0.180980682373
2.62590289116		5.04223537445
2.63315296173		2.36296367645
2.64039707184		-0.00169658660889
2.6476559639		4.98134231567
2.65489888191		5.03716087341
2.66215705872		-0.00677108764648
2.66940283775		2.21580600739
2.67665290833		5.04223537445
2.6839120388		0.404253005981
2.69115304947		-0.00169658660889
2.69840693474		5.04223537445
2.70565795898		3.30679798126
2.71291399002		-0.00169658660889
2.72015786171		4.33182239532
2.72745990753		5.04223537445
2.73466086388		-0.00169658660889
2.74191188812		1.19078159332
2.74916505814		5.04730892181
2.75641489029		1.20600509644
2.763671875		-0.00677108764648
2.77091383934		5.04730892181
2.77816700935		4.27092933655
2.78542304039		-0.00169658660889
2.79267191887		3.3727645874
2.79991889		5.04730892181
2.80716991425		-0.00169658660889
2.81442093849		0.383955955505
2.82167196274		5.04223537445
2.82892489433		2.09402179718
2.8361749649		-0.00169658660889
2.84343695641		5.03716087341
2.85067391396		4.9711933136
2.85792684555		-0.00169658660889
2.86518406868		2.45937633514
2.87243390083		5.04223537445
2.87967896461		0.201278686523
2.88692998886		-0.00169658660889
2.89418196678		5.04730892181
2.90142989159		3.0124835968
2.90868496895		-0.00169658660889
2.91594004631		4.59568977356
2.92318892479		5.04730892181
2.93043494225		-0.00169658660889
2.93768906593		1.54091453552
2.94495105743		5.04223537445
2.95218896866		0.952286720276
2.95943903923		-0.00677108764648
2.96669101715		5.04223537445
2.97393989563		3.9918384552
2.98119091988		-0.00677108764648
2.9884428978		3.66200447083
2.99569606781		5.04223537445
3.0029489994		-0.00677108764648
3.01020002365		0.627526283264
3.0174908638		5.04223537445
3.02470493317		1.83522796631
3.03194904327		-0.00169658660889
3.03920102119		5.04223537445
3.046448946		4.84940910339
3.05370187759		-0.00169658660889
3.06095600128		2.72831821442
3.06821393967		5.04730892181
3.07545495033		0.0744190216064
3.08271384239		0.0287494659424
3.08995604515		5.04730892181
3.0972070694		2.73339271545
3.10446596146		-0.00169658660889
3.11171293259		4.80373954773
3.11896085739		5.04223537445
3.12621092796		-0.00169658660889
3.13346195221		1.84030246735
3.14071202278		5.04730892181
3.14796495438		0.718864440918
3.15521883965		-0.00169658660889
3.16246986389		5.04730892181
3.16971993446		3.733045578
3.17697000504		-0.00677108764648
3.18422102928		3.93602085114
3.19146895409		5.04223537445
3.19872093201		-0.00169658660889
3.20597195625		0.906617164612
3.21322202682		5.04223537445
3.22047305107		1.55613708496
3.2277238369		-0.00169658660889
3.23497486115		5.04223537445
3.24223184586		4.65658187866
3.24947595596		-0.00169658660889
3.25672888756		3.00740909576
3.26398301125		5.04223537445
3.2712290287		0.00845146179199
3.27847886086		0.135311126709
3.28572893143		5.04730892181
3.29298901558		2.47967433929
3.30023193359		-0.00169658660889
3.30757594109		4.83418560028
3.31488204002		5.04730892181
3.32211494446		-0.00169658660889
3.32936406136		1.77940940857
3.33661484718		5.04223537445
3.34387207031		0.794981002808
3.351115942		-0.00677108764648
3.35837507248		5.04223537445
3.36561894417		3.7837896347
3.37287306786		-0.00677108764648
3.38012194633		3.78886318207
3.38745594025		5.04223537445
3.3947558403		-0.00169658660889
3.40199995041		0.424551010132
3.40925097466		5.04730892181
3.4165019989		1.96208763123
3.42375898361		-0.00169658660889
3.43100094795		5.04223537445
3.43825387955		4.92045021057
3.44550490379		-0.00169658660889
3.45276904106		2.56593894958
3.46000790596		5.04730892181
3.46725797653		0.150534629822
3.47451305389		0.00337791442871
3.48176002502		5.04223537445
3.48900985718		2.88055038452
3.49626088142		-0.00169658660889
3.50351691246		4.71747493744
3.51076292992		5.04223537445
3.51801991463		-0.00677108764648
3.52526307106		1.71344280243
3.53253293037		5.04223537445
3.53976607323		0.830501556396
3.54701590538		-0.00677108764648
3.55427384377		5.04730892181
3.56153297424		3.88527679443
3.56877088547		-0.00169658660889
3.57602000237		3.81423568726
3.58327889442		5.04223537445
3.59052085876		-0.00677108764648
3.59777498245		0.774682998657
3.60502505302		5.04223537445
3.61228084564		1.73374080658
3.61952590942		-0.00677108764648
3.62677884102		5.04223537445
3.63403487206		4.7631444931
3.64127802849		-0.00169658660889
3.64853000641		2.89069843292
3.65578103065		5.04730892181
3.66303801537		0.0388984680176
3.67028284073		0.079493522644
3.67754292488		5.04223537445
3.68478488922		2.59638500214
3.69203495979		-0.00677108764648
3.69941401482		4.66673088074
3.7066628933		5.04730892181
3.71392202377		-0.00169658660889
3.72116398811		1.64747619629
3.72841787338		5.04730892181
3.73566603661		0.896468162537
3.74292802811		-0.00677108764648
3.75016999245		5.04730892181
3.75751304626		4.19481372833
3.7647960186		-0.00169658660889
3.77204489708		3.26620292664
3.77929592133		5.04223537445
3.78655004501		-0.00169658660889
3.79380893707		0.37380695343
3.80104899406		5.04223537445
3.80830407143		2.0838727951
3.81555294991		-0.00169658660889
3.82283687592		5.02701187134
3.83005189896		4.9711933136
3.83730506897		-0.00677108764648
3.84455394745		2.49489688873
3.85180497169		5.04730892181
3.85905694962		0.191129684448
3.86630702019		-0.00677108764648
3.87357997894		5.04730892181
3.88081002235		3.01755809784
3.88806200027		-0.00677108764648
3.89531207085		4.59061527252
3.90257000923		5.04223537445
3.90981292725		-0.00169658660889
3.91706490517		1.58658313751
3.92432188988		5.04730892181
3.93156385422		0.942137718201
3.93881988525		-0.00169658660889
3.94606804848		5.04223537445
3.95332098007		3.98676395416
3.96056890488		-0.00169658660889
3.96782684326		3.66200447083
3.97507095337		5.04730892181
3.98233103752		-0.00169658660889
3.98957204819		0.64782333374
3.9968419075		5.04730892181
4.00407505035		1.83522796631
4.01132583618		-0.00677108764648
4.0185790062		5.04223537445
4.02583098412		4.83926010132
4.03308486938		-0.00677108764648
4.04032993317		2.76891326904
4.04758787155		5.04223537445
4.05483198166		0.0744190216064
4.06207990646		-0.00169658660889
4.06946086884		5.04223537445
4.07671284676		3.07845020294
4.08396792412		-0.00169658660889
4.09121084213		4.57539176941
4.09846496582		5.04223537445
4.10572886467		-0.00169658660889
4.11296987534		1.5003194809
4.12021493912		5.04223537445
4.12750387192		1.09944343567
4.13471603394		-0.00169658660889
4.14196896553		5.04223537445
4.14921784401		4.03243350983
4.15647006035		-0.00169658660889
4.16372704506		3.60618591309
4.17097091675		5.04223537445
4.17822289467		-0.00169658660889
4.18547391891		0.586931228638
4.19273495674		5.04223537445
4.19997596741		1.85552597046
4.20722699165		-0.00169658660889
4.21447587013		5.04223537445
4.2217259407		4.86463165283
4.22898006439		-0.00169658660889
4.23622894287		2.62175655365
4.24349284172		5.04223537445
4.25073099136		0.0896415710449
4.25798487663		0.0236749649048
4.2652349472		5.04223537445
4.27248907089		2.80443382263
4.27973484993		-0.00169658660889
4.28698587418		4.79359054565
4.2942378521		5.04223537445
4.30148696899		-0.00677108764648
4.30874085426		1.79463291168
4.31599593163		5.04223537445
4.32324886322		0.779757499695
4.33048987389		-0.00169658660889
4.33775806427		5.04223537445
4.34499597549		3.76349163055
4.35224986076		-0.00169658660889
4.35949397087		3.86497974396
4.36674690247		5.04223537445
4.37399792671		-0.00169658660889
4.38124799728		0.860947608948
4.38849902153		5.04223537445
4.39575695992		1.6221036911
4.40300393105		-0.00677108764648
4.41025185585		5.04223537445
4.41755700111		4.79866504669
4.42475485802		-0.00169658660889
4.43200492859		2.87547588348
4.43925595284		5.04223537445
4.44650697708		0.0186004638672
4.45375204086		0.109939575195
4.4610118866		5.04223537445
4.46826004982		2.57608699799
4.47551703453		-0.00169658660889
4.48276901245		4.93567276001
4.49001288414		5.04223537445
4.49726390839		-0.00169658660889
4.50451588631		2.06357479095
4.51176404953		5.04223537445
4.51901507378		0.510815620422
4.52626895905		-0.00169658660889
4.53351902962		5.04223537445
4.54077196121		3.46917819977
4.54802083969		-0.00169658660889
4.55527687073		4.17451667786
4.56252884865		5.04730892181
4.56978702545		-0.00169658660889
4.577023983		1.12988948822
4.58427500725		5.04223537445
4.5915248394		1.33286476135
4.59877586365		-0.00169658660889
4.60602688789		5.04223537445
4.61327886581		4.42316055298
4.62052989006		-0.00169658660889
4.62778306007		3.24083042145
4.63503789902		5.04730892181
4.6422958374		-0.00169658660889
4.64953303337		0.267245292664
4.65678405762		5.04730892181
4.66403484344		2.24117851257
4.67128586769		-0.00169658660889
4.67853689194		5.0219373703
4.68578696251		5.01686286926
4.69303894043		-0.00169658660889
4.700289011		2.25640106201
4.70754289627		5.04223537445
4.71479701996		0.317989349365
4.72204184532		-0.00677108764648
4.72929191589		5.04730892181
4.73654389381		3.17486381531
4.7437980175		-0.00169658660889
4.75104689598		4.44853305817
4.75829696655		5.04223537445
4.76554703712		-0.00169658660889
4.77279901505		1.40390586853
4.78004789352		5.04730892181
4.787307024		1.10959243774
4.79455399513		-0.00677108764648
4.80181884766		5.04223537445
4.80905485153		4.15421867371
4.81630587578		-0.00169658660889
4.82355499268		3.46917819977
4.83080291748		5.04730892181
4.83805799484		-0.00169658660889
4.84530901909		0.480368614197
4.85255885124		5.04223537445
4.85980892181		1.96208763123
4.86708784103		-0.00677108764648
4.87431788445		5.04730892181
4.88156199455		4.92045021057
4.8888130188		-0.00169658660889
4.89606595039		2.58116149902
4.90332102776		5.04730892181
4.91056704521		0.140385627747
4.91781806946		0.00337791442871
4.92507100105		5.03716087341
4.93233299255		3.02770709991
4.93956899643		-0.00677108764648
4.94682693481		4.70225143433
4.95407295227		5.04223537445
4.96132087708		-0.00169658660889
4.96857404709		1.68807125092
4.97582507133		5.04730892181
4.98307991028		0.860947608948
4.9903280735		-0.00169658660889
4.99758505821		5.04223537445
