0.000127077102661		5.02701187134
0.0130701065063		0.226650238037
0.0259511470795		1.52061653137
0.0388209819794		4.84433460236
0.0516920089722		-0.00169658660889
0.064572095871		5.04223537445
0.0774509906769		0.348435401917
0.0903270244598		1.39883136749
0.103203058243		4.92552471161
0.116084098816		-0.00169658660889
0.128958940506		5.04223537445
0.141840934753		0.439774513245
0.154715061188		1.29226970673
0.167587041855		4.99149131775
0.180463075638		-0.00169658660889
0.193346977234		5.04730892181
0.206218004227		0.520963668823
0.219095945358		1.18063354492
0.231971025467		5.02701187134
0.244846105576		-0.00677108764648
0.257755994797		5.04223537445
0.27060008049		0.617377281189
0.283482074738		1.08421993256
0.29635310173		5.04730892181
0.309226989746		-0.00169658660889
0.322112083435		5.04223537445
0.334985971451		0.708716392517
0.347861051559		0.972583770752
0.360734939575		5.04223537445
0.373615026474		-0.00169658660889
0.38649392128		5.04730892181
0.399366140366		0.794981002808
0.412295103073		0.916765213013
0.425122022629		5.04223537445
0.437997102737		-0.00677108764648
0.450874090195		5.03716087341
0.463762998581		0.891393661499
0.476628065109		0.784832000732
0.489504098892		5.04730892181
0.502388000488		-0.00169658660889
0.515262126923		5.04223537445
0.528132915497		0.992880821228
0.541010141373		0.683343887329
0.553890943527		5.03716087341
0.566766023636		-0.00169658660889
0.579641103745		5.04223537445
0.592522144318		1.07914543152
0.605396032333		0.602153778076
0.618268013		5.04223537445
0.631149053574		-0.00169658660889
0.644025087357		5.04730892181
0.65690612793		1.19585609436
0.66977596283		0.51589012146
0.682658910751		5.04223537445
0.695532083511		-0.00677108764648
0.708405971527		5.04730892181
0.721282958984		1.22630310059
0.734162092209		0.434700012207
0.747036933899		5.04730892181
0.759916067123		-0.00169658660889
0.772789955139		5.04730892181
0.785665035248		1.38868236542
0.798542022705		0.358584403992
0.811448097229		5.04223537445
0.824298143387		-0.00169658660889
0.837175130844		5.04223537445
0.850053071976		1.5003194809
0.862935066223		0.277394294739
0.875808954239		5.04223537445
0.888679981232		-0.00169658660889
0.901564121246		5.04223537445
0.914441108704		1.58658313751
0.927309989929		0.206352233887
0.940190076828		5.04223537445
0.95306801796		-0.00169658660889
0.965939044952		5.04223537445
0.978816986084		1.70329380035
0.991699934006		0.145460128784
1.00456809998		5.04223537445
1.01744604111		-0.00677108764648
1.03032112122		5.04223537445
1.04320597649		1.79463291168
1.05608296394		0.079493522644
1.06895399094		5.04223537445
1.08183097839		-0.00169658660889
1.0947060585		5.01178836823
1.10758709908		1.89104652405
1.12046098709		0.0287494659424
1.13333797455		5.04730892181
1.14621496201		-0.00169658660889
1.15908908844		4.95597076416
1.17196702957		2.00775718689
1.18484807014		0.00337791442871
1.19771814346		5.04223537445
1.21059513092		-0.00677108764648
1.22347402573		4.89000320435
1.23635101318		2.10924434662
1.24922513962		-0.00677108764648
1.26210999489		5.04223537445
1.27498412132		-0.00677108764648
1.28785610199		4.80373954773
1.30073308945		2.21073246002
1.31361103058		-0.00169658660889
1.32648491859		5.04223537445
1.33936214447		-0.00169658660889
1.35229706764		4.75299549103
1.36511707306		2.32236862183
1.37799692154		-0.00169658660889
1.39086794853		5.04223537445
1.40375208855		-0.00169658660889
1.41662096977		4.64135932922
1.42949700356		2.41878128052
1.44238495827		-0.00677108764648
1.45525693893		5.04730892181
1.46812796593		-0.00677108764648
1.48100399971		4.52972316742
1.49388003349		2.52534389496
1.50676512718		-0.00169658660889
1.51963496208		5.04223537445
1.53251099586		-0.00169658660889
1.54538798332		4.43330955505
1.55826401711		2.62683105469
1.571144104		-0.00169658660889
1.58402514458		5.04730892181
1.5968940258		-0.00677108764648
1.60977005959		4.33182239532
1.62265396118		2.71817016602
1.63553094864		-0.00169658660889
1.64839911461		5.04223537445
1.66127991676		-0.00169658660889
1.67416405678		4.22525978088
1.6870341301		2.82473182678
1.69990706444		-0.00677108764648
1.71279096603		5.04730892181
1.725659132		-0.00677108764648
1.73853898048		4.11362361908
1.75141501427		2.92114448547
1.76429200172		-0.00169658660889
1.77716612816		5.04223537445
1.79004192352		-0.00169658660889
1.80292701721		4.00198745728
1.81579709053		3.02263259888
1.82867503166		-0.00169658660889
1.84155297279		5.04223537445
1.85442996025		-0.00169658660889
1.86730313301		3.8802022934
1.88018012047		3.12411975861
1.89305591583		-0.00169658660889
1.9059419632		5.04730892181
1.91882705688		-0.00169658660889
1.93168902397		3.77871513367
1.94456291199		3.22053337097
1.95743894577		-0.00169658660889
1.97031593323		5.04223537445
1.98319792747		-0.00677108764648
1.99607014656		3.65185546875
2.00894594193		3.3118724823
2.02183413506		-0.00169658660889
2.03470396996		5.04223537445
2.04757714272		-0.00169658660889
2.06045103073		3.53514480591
2.07333612442		3.40828514099
2.08620595932		-0.00677108764648
2.09908413887		5.04730892181
2.11196398735		-0.00169658660889
2.12483596802		3.4235086441
2.13771295547		3.50469875336
2.15058898926		-0.00169658660889
2.16346693039		5.04223537445
2.17634296417		-0.00677108764648
2.18921995163		3.29157447815
2.20209693909		3.59603691101
2.2149720192		-0.00677108764648
2.22785401344		5.04223537445
2.24072813988		-0.00677108764648
2.2536110878		3.19008731842
2.26647806168		3.69752502441
2.27935600281		-0.00677108764648
2.29232597351		5.04223537445
2.30523991585		-0.00169658660889
2.31810903549		3.17993831635
2.33098697662		3.69752502441
2.34386301041		-0.00677108764648
2.35673999786		5.04730892181
2.36961698532		-0.00169658660889
2.38249993324		3.04800415039
2.39537501335		3.7837896347
2.40824794769		-0.00169658660889
2.42112398148		5.04223537445
2.43401193619		-0.00677108764648
2.44687604904		2.93129348755
2.45975494385		3.8802022934
2.4726369381		-0.00169658660889
2.48550701141		5.04223537445
2.49838399887		-0.00169658660889
2.51126003265		2.87547588348
2.52413797379		3.96139240265
2.53701400757		-0.00677108764648
2.54988908768		5.04223537445
2.56276798248		-0.00677108764648
2.57564210892		2.67250061035
2.58851909637		4.05273151398
2.60140514374		-0.00169658660889
2.61427092552		5.04730892181
2.62715506554		-0.00677108764648
2.64002513885		2.56593894958
2.65291810036		4.12884712219
2.66578006744		-0.00169658660889
2.67865514755		5.04223537445
2.69153499603		-0.00169658660889
2.70441412926		2.43400478363
2.71728610992		4.22525978088
2.73016095161		-0.00169658660889
2.7430460453		5.04223537445
2.75591993332		-0.00169658660889
2.76879191399		2.31221961975
2.78166913986		4.31152439117
2.79455113411		-0.00169658660889
2.80742192268		5.04730892181
2.82030105591		-0.00169658660889
2.83318305016		2.20565795898
2.84605193138		4.39778900146
2.85892891884		-0.00169658660889
2.87180709839		5.04730892181
2.88468408585		-0.00169658660889
2.89755702019		2.07372379303
2.91043400764		4.47390460968
2.92331600189		-0.00169658660889
2.93618798256		5.04223537445
2.94906592369		0.0135259628296
2.96194005013		1.96208763123
2.97481608391		4.56016921997
2.98769307137		-0.00677108764648
3.00056910515		5.04223537445
3.01345300674		0.0541210174561
3.02633404732		1.85045146942
3.03920102119		4.63628482819
3.05208301544		-0.00169658660889
3.06495404243		5.04223537445
3.07782912254		0.120088577271
3.09070611		1.70836830139
3.10359096527		4.7124004364
3.11646008492		-0.00677108764648
3.1293361187		5.04223537445
3.14231014252		0.135311126709
3.15511202812		1.63732719421
3.16797304153		4.78851604462
3.18085002899		-0.00677108764648
3.19373106956		5.04730892181
3.20660305023		0.28754234314
3.21947813034		1.49524497986
3.23236703873		4.85448265076
3.24523305893		-0.00677108764648
3.25810909271		5.04223537445
3.27100014687		0.338286399841
3.28386712074		1.38868236542
3.29673814774		4.94582176208
3.30961513519		-0.00169658660889
3.32249808311		5.04223537445
3.33538103104		0.444848060608
3.34825706482		1.29226970673
3.36111998558		4.98134231567
3.37400102615		-0.00677108764648
3.38687491417		5.04223537445
3.39975214005		0.541261672974
3.4126291275		1.16541004181
3.42550992966		5.02701187134
3.43838310242		-0.00169658660889
3.4512629509		5.04730892181
3.46413898468		0.597080230713
3.47701907158		1.06899738312
3.4898891449		5.04730892181
3.50277113914		-0.00169658660889
3.51564097404		5.04223537445
3.5285179615		0.723938941956
3.54140114784		0.972583770752
3.55429410934		5.04223537445
3.56716299057		-0.00169658660889
3.58002495766		5.04223537445
3.59290313721		0.815278053284
3.60577607155		0.85587310791
3.61865496635		5.04223537445
3.63153505325		-0.00169658660889
3.64440703392		5.04223537445
3.65728402138		0.901542663574
3.67017602921		0.784832000732
3.68304395676		5.04223537445
3.69591403008		-0.00169658660889
3.70879101753		5.04223537445
3.72166991234		1.0030298233
3.73454403877		0.678269386292
3.74742507935		5.04223537445
3.76029706001		-0.00169658660889
3.77317714691		5.04730892181
3.78605103493		1.09436893463
3.79892611504		0.586931228638
3.8118019104		5.03716087341
3.82468700409		-0.00677108764648
3.83755707741		5.04223537445
3.85043907166		1.19585609436
3.86331391335		0.520963668823
3.87620711327		5.03716087341
3.88906407356		-0.00169658660889
3.90194606781		5.04223537445
3.91481804848		1.30749225616
3.92769408226		0.419476509094
3.94057202339		5.04730892181
3.95345306396		-0.00169658660889
3.96632409096		5.04223537445
3.97920203209		1.38868236542
3.99209809303		0.358584403992
4.00495409966		5.04730892181
4.01783013344		-0.00169658660889
4.0307059288		5.04223537445
4.04359507561		1.49524497986
4.05646014214		0.272319793701
4.0693359375		5.04730892181
4.08227109909		-0.00169658660889
4.09510612488		5.04223537445
4.1079659462		1.60688114166
4.12084507942		0.201278686523
4.1337249279		5.04223537445
4.1465959549		-0.00169658660889
4.15947294235		5.04223537445
4.17236614227		1.68807125092
4.18522691727		0.130236625671
4.19810199738		5.04223537445
4.21097898483		-0.00169658660889
4.22386193275		5.04223537445
4.23673295975		1.80985641479
4.24961495399		0.079493522644
4.26249313354		5.04223537445
4.27536892891		-0.00169658660889
4.2882399559		5.01178836823
4.30111908913		1.85045146942
4.31399393082		0.0236749649048
4.32686901093		5.04223537445
4.33974409103		-0.00169658660889
4.3526289463		4.95089626312
4.36549806595		2.01283168793
4.37837696075		0.00845146179199
4.39128112793		5.04223537445
4.40413594246		-0.00169658660889
4.41700601578		4.85955715179
4.42988204956		2.12954235077
4.44276499748		-0.00169658660889
4.45563602448		5.04223537445
4.46851301193		-0.00169658660889
4.48139405251		4.79359054565
4.4942650795		2.22595500946
4.50714302063		-0.00677108764648
4.52001905441		5.04223537445
4.5328950882		-0.00677108764648
4.54577493668		4.70225143433
4.55864810944		2.32236862183
4.57153296471		-0.00169658660889
4.58440113068		5.04223537445
4.59728002548		-0.00677108764648
4.61017012596		4.62613582611
4.62303805351		2.43400478363
4.63590812683		-0.00169658660889
4.64879107475		5.04223537445
4.66166901588		-0.00169658660889
4.67454600334		4.52464866638
4.68741393089		2.53041744232
4.70030212402		-0.00169658660889
4.7131690979		5.04223537445
4.72604513168		-0.00169658660889
4.73892092705		4.40793800354
4.75180411339		2.63190555573
4.76467394829		-0.00169658660889
4.77755212784		5.04223537445
4.7904279232		-0.00677108764648
4.80331110954		4.32167339325
4.81617593765		2.73846721649
4.82905912399		-0.00677108764648
4.8419380188		5.04223537445
4.85481095314		-0.00677108764648
4.86769294739		4.20496273041
4.88056492805		2.83488082886
4.89344501495		-0.00169658660889
4.90632104874		5.04223537445
4.91920804977		-0.00169658660889
4.9320731163		4.08317756653
4.94495296478		2.93636798859
4.95782399178		-0.00677108764648
4.97070097923		5.04223537445
4.98359203339		-0.00169658660889
4.99646496773		3.99691295624
