0.000126838684082		3.90050029755
0.00489687919617		0.333211898804
0.00853180885315		2.86025238037
0.0121459960938		4.50942516327
0.0157659053802		0.926914215088
0.01939702034		1.44957542419
0.0230169296265		4.80881404877
0.0266418457031		2.12954235077
0.0302698612213		0.541261672974
0.0338938236237		4.18973922729
0.0375208854675		3.46410369873
0.0411460399628		0.328137397766
0.0447688102722		2.9515914917
0.0483939647675		4.43330955505
0.0520198345184		0.850798606873
0.0556488037109		1.55106258392
0.0592768192291		4.82911109924
0.0628998279572		2.00775718689
0.0665259361267		0.602153778076
0.0701529979706		4.28615283966
0.0738048553467		3.3220205307
0.0774409770966		0.30784034729
0.0810258388519		3.08859920502
0.08464884758		4.35719394684
0.0882790088654		0.76960849762
0.0919098854065		1.69314575195
0.095535993576		4.82911109924
0.0991678237915		1.86059951782
0.102787017822		0.663046836853
0.106408834457		4.36734294891
0.110039949417		3.22560787201
0.113660812378		0.30784034729
0.117286920547		3.27127742767
0.120913982391		4.27092933655
0.124537944794		0.703641891479
0.128170013428		1.83015346527
0.131790876389		4.82403659821
0.135414838791		1.74388885498
0.13907289505		0.754385948181
0.142665863037		4.44853305817
0.146291017532		3.10382270813
0.149919033051		0.312914848328
0.153540849686		3.35246753693
0.15716791153		4.18973922729
0.160794973373		0.632600784302
0.164417982101		1.95701313019
0.168049812317		4.81388759613
0.171672821045		1.61703014374
0.175294876099		0.810203552246
0.178927898407		4.52464866638
0.182544946671		2.98203754425
0.186177015305		0.317989349365
0.18979883194		3.47932624817
0.193423032761		4.12377262115
0.197046995163		0.5818567276
0.200673818588		2.09402179718
0.204298973083		4.79359054565
0.20792889595		1.49524497986
0.211548805237		0.881244659424
0.215175867081		4.58554077148
0.218804836273		2.83488082886
0.222424030304		0.323062896729
0.226049900055		3.60111141205
0.229678869247		4.04765701294
0.233301877975		0.531112670898
0.236925840378		2.21580600739
0.240556955338		4.76821899414
0.244176864624		1.39375686646
0.247809886932		0.967509269714
0.251428842545		4.6515083313
0.25505399704		2.70802116394
0.258684873581		0.348435401917
0.262305021286		3.72289657593
0.265933990479		3.96139240265
0.269554853439		0.475295066833
0.273172855377		2.3426656723
0.276799917221		4.73777198792
0.280434846878		1.28212070465
0.284056901932		1.05377388
0.28768992424		4.70225143433
0.29131102562		2.58116149902
0.294934034348		0.378881454468
0.298570871353		3.84468173981
0.302186012268		3.86497974396
0.305810928345		0.429625511169
0.309437990189		2.4898223877
0.313058853149		4.69717693329
0.316686868668		1.18570804596
0.320312976837		1.1501865387
0.32393693924		4.74284648895
0.327569007874		2.44415378571
0.331187963486		0.414402008057
0.334813833237		3.93602085114
0.338445901871		3.75334262848
0.342064857483		0.394104957581
0.345690011978		2.61160755157
0.349316835403		4.63121032715
0.352941036224		1.08929443359
0.356566905975		1.24660015106
0.360198974609		4.77836704254
0.36381983757		2.32744312286
0.367453813553		0.465146064758
0.371068954468		4.03750801086
0.374696016312		3.65692996979
0.378326892853		0.353509902954
0.381945848465		2.74861621857
0.385571956635		4.55509471893
0.389204978943		0.982732772827
0.392824888229		1.3633108139
0.396446943283		4.80373954773
0.400074958801		2.20058345795
0.403700828552		0.505741119385
0.407321929932		4.16944217682
0.41095495224		3.54021930695
0.414573907852		0.333211898804
0.418206930161		2.88562393188
0.421823978424		4.48405361176
0.425452947617		0.906617164612
0.429112911224		1.51554203033
0.432703018188		4.81896209717
0.436326026917		2.0838727951
0.439953804016		0.556485176086
0.443578958511		4.23033428192
0.447203874588		3.39306259155
0.450830936432		0.317989349365
0.454455852509		3.0124835968
0.458084821701		4.39778900146
0.461707830429		0.820352554321
0.465329885483		1.59673213959
0.468956947327		4.83418560028
0.472585916519		1.94686412811
0.476207017899		0.617377281189
0.479833841324		4.31659889221
0.483456850052		3.31694602966
0.487085819244		0.30784034729
0.490708827972		3.13426876068
0.494333982468		4.32674789429
0.49796795845		0.744236946106
0.501585960388		1.72866630554
0.505211830139		4.82911109924
0.508836984634		1.82507896423
0.512462854385		0.688418388367
0.516086816788		4.39778900146
0.519716024399		3.19008731842
0.523345947266		0.302765846252
0.526965856552		3.26620292664
0.530591964722		4.24555778503
0.534215927124		0.683343887329
0.537846803665		1.86567401886
0.541486978531		4.81896209717
0.545090913773		1.69822025299
0.548717021942		0.754385948181
0.55234503746		4.47897911072
0.555970907211		3.05307865143
0.559593915939		0.30784034729
0.563218832016		3.39813613892
0.566844940186		4.16944217682
0.570469856262		0.617377281189
0.574095010757		1.99760818481
0.57772898674		4.80373954773
0.581346035004		1.57643508911
0.584972858429		0.83557510376
0.588598966599		4.54494571686
0.592221975327		2.92621898651
0.595846891403		0.317989349365
0.599474906921		3.52499580383
0.603098869324		4.09840106964
0.606724023819		0.56155872345
0.610350847244		2.13969039917
0.613972902298		4.78851604462
0.617607831955		1.45464992523
0.621225833893		0.916765213013
0.624851942062		4.61091327667
0.628477811813		2.79428577423
0.632104873657		0.333211898804
0.635735034943		3.65692996979
0.639356851578		4.01721096039
0.642979860306		0.510815620422
0.646603822708		2.26655006409
0.650231838226		4.75806999207
0.653856039047		1.34808731079
0.657493829727		1.01825332642
0.661106824875		4.6616563797
0.664731025696		2.66235160828
0.668362855911		0.358584403992
0.671983957291		3.76856613159
0.675607919693		3.9309463501
0.679239988327		0.460071563721
0.682861804962		2.40355873108
0.68648481369		4.72254943848
0.690111875534		1.24152565002
0.693737030029		1.08929443359
0.697360038757		4.74792098999
0.70098900795		2.53041744232
0.704610824585		0.394104957581
0.708238840103		3.87512779236
0.711861848831		3.83453273773
0.715487003326		0.419476509094
0.719151973724		2.57608699799
0.722739934921		4.66673088074
0.726364850998		1.1501865387
0.7299888134		1.19585609436
0.733623981476		4.75806999207
0.737238883972		2.36803817749
0.740865945816		0.429625511169
0.744494915009		3.9816904068
0.748136997223		3.70767402649
0.751744031906		0.37380695343
0.755368947983		2.65727710724
0.759071826935		4.5500202179
0.762619972229		1.04869937897
0.766243934631		1.29226970673
0.769870996475		4.78344154358
0.773495912552		2.28684806824
0.777119874954		0.475295066833
0.780745983124		4.07810306549
0.7843708992		3.6214094162
0.787999868393		0.348435401917
0.791620969772		2.78413677216
0.795246839523		4.53479766846
0.798879861832		0.952286720276
0.802498817444		1.39883136749
0.806123971939		4.80881404877
0.809751987457		2.15998840332
0.813377857208		0.526038169861
0.817003011703		4.17451667786
0.820628881454		3.49962425232
0.824250936508		0.328137397766
0.827883958817		2.92114448547
0.831502914429		4.4536075592
0.835129022598		0.881244659424
0.838760852814		1.52569103241
0.842381954193		4.82403659821
0.846005916595		2.02297973633
0.849637031555		0.5818567276
0.853255033493		4.26078033447
0.856884002686		3.38798809052
0.860512971878		0.312914848328
0.86413192749		3.04800415039
0.867764949799		4.36734294891
0.871383905411		0.794981002808
0.875007867813		1.64240169525
0.878640890121		4.82911109924
0.882257938385		1.90626907349
0.885885000229		0.642748832703
0.88951086998		4.34704494476
0.893134832382		3.27127742767
0.896760940552		0.30784034729
0.90038895607		3.18501281738
0.904013872147		4.29630184174
0.907639026642		0.723938941956
0.911264896393		1.77433586121
0.914886951447		4.82403659821
0.918521881104		1.77940940857
0.922139883041		0.708716392517
0.925765037537		4.42823505402
0.929391860962		3.13934326172
0.933013916016		0.30784034729
0.936642885208		3.3118724823
0.94026684761		4.22525978088
0.94389295578		0.657972335815
0.947523832321		1.91641807556
0.951143026352		4.81896209717
0.954768896103		1.65762519836
0.958400964737		0.78990650177
0.962019920349		4.50435066223
0.965646028519		3.0124835968
0.969275951385		0.30784034729
0.972899913788		3.44888019562
0.976521968842		4.13392162323
0.98015499115		0.597080230713
0.983772039413		2.04327774048
0.98739695549		4.77836704254
0.991027832031		1.53076553345
0.994650840759		0.860947608948
0.998281955719		4.57031822205
1.00189900398		2.88562393188
1.00552296638		0.317989349365
1.00915980339		3.57573986053
1.01277589798		4.07810306549
1.01639986038		0.551410675049
1.0200278759		2.17521095276
1.0236518383		4.77836704254
1.02727794647		1.38360881805
1.03090596199		0.947212219238
1.03452992439		4.63628482819
1.03816103935		2.74354171753
1.04177999496		0.338286399841
1.04540491104		3.69245052338
1.04906892776		3.96139240265
1.05265593529		0.49559211731
1.05628085136		2.30207061768
1.05990791321		4.74792098999
1.06353187561		1.31764125824
1.06715703011		1.03347587585
1.0707859993		4.68195438385
1.0744099617		2.61668205261
1.07804203033		0.368732452393
1.08165884018		3.80408668518
1.08528900146		3.89542579651
1.08891701698		0.439774513245
1.09253501892		2.43907928467
1.09616184235		4.70225143433
1.09978795052		1.22122859955
1.10341501236		1.12481498718
1.10703802109		4.72762393951
1.11066484451		2.48474884033
1.11429190636		0.409327507019
1.11792397499		3.91572284698
1.12154102325		3.78886318207
1.12518382072		0.389030456543
1.12879896164		2.58116149902
1.1324160099		4.6515083313
1.13604402542		1.11466598511
1.13967084885		1.23137664795
1.14329385757		4.76821899414
1.14691591263		2.36803817749
1.15054702759		0.444848060608
1.15416884422		4.01213645935
1.15780282021		3.6823015213
1.16141986847		0.363657951355
1.16504597664		2.7029466629
1.16867685318		4.57539176941
1.17229795456		1.01825332642
1.17592287064		1.32779026031
1.17954802513		4.78851604462
1.18317294121		2.24625301361
1.18679690361		0.49559211731
1.19042396545		4.10854911804
1.19404888153		3.58588886261
1.19768691063		0.338286399841
1.20129990578		2.82980632782
1.20492696762		4.50942516327
1.20855903625		0.926914215088
1.2121758461		1.43942642212
1.21580195427		4.81388759613
1.21942996979		2.11431884766
1.22305202484		0.541261672974
1.22667884827		4.20496273041
1.23030495644		3.46410369873
1.23393201828		0.317989349365
1.23756289482		2.97188854218
1.24117898941		4.42823505402
1.2448079586		0.845724105835
1.24843597412		1.561211586
1.25205492973		4.81896209717
1.25568199158		1.99253368378
1.25930500031		0.602153778076
1.26292586327		4.28615283966
1.26654887199		3.35246753693
1.27018785477		0.30784034729
1.27380800247		3.09367370605
1.27743887901		4.34197044373
1.28105998039		0.774682998657
1.28468680382		1.70329380035
1.28831791878		4.82911109924
1.29193592072		1.8707485199
1.29556202888		0.668121337891
1.29918789864		4.37749099731
1.30281281471		3.22560787201
1.30643701553		0.297691345215
1.31007194519		3.23575687408
1.31368899345		4.27092933655
1.31731390953		0.683343887329
1.3209438324		1.8200044632
1.32456493378		4.81896209717
1.32819199562		1.73881530762
1.33181595802		0.734087944031
1.33544182777		4.45868110657
1.33910393715		3.05815315247
1.34269285202		0.302765846252
1.34631800652		3.35754108429
1.34994602203		4.19988822937
1.35356783867		0.642748832703
1.35719394684		2.04327774048
1.36082792282		4.80881404877
1.36444592476		1.6119556427
1.36807894707		0.820352554321
1.37169599533		4.52464866638
1.37532091141		2.96681404114
1.37895488739		0.317989349365
1.38257098198		3.48440074921
1.38619685173		4.12377262115
1.38982796669		0.5818567276
1.39344787598		2.07879829407
1.39707303047		4.79359054565
1.40070199966		1.5003194809
1.4043238163		0.891393661499
1.40795683861		4.59568977356
1.41157484055		2.8399553299
1.41520094872		0.323062896729
1.41883182526		3.61633491516
1.42245697975		4.04765701294
1.42607998848		0.531112670898
1.42970490456		2.22088050842
1.43332791328		4.76821899414
1.43695497513		1.38868236542
1.44058084488		0.97765827179
1.44420289993		4.64643383026
1.44783902168		2.69279766083
1.45145487785		0.343360900879
1.45508098602		3.72797107697
1.45871281624		3.96139240265
1.46233296394		0.470220565796
1.46595883369		2.34774017334
1.46958589554		4.73269748688
1.4732170105		1.27704620361
1.47683501244		1.06392288208
1.48046183586		4.69717693329
1.48408389091		2.57101249695
1.4877178669		0.378881454468
1.49133586884		3.84468173981
1.49496197701		3.86497974396
1.49859285355		0.424551010132
1.50221300125		2.47967433929
1.50584101677		4.68702888489
1.50946593285		1.19078159332
1.51308989525		1.15526103973
1.51671481133		4.74284648895
1.52034187317		2.44922733307
1.52396392822		0.414402008057
1.52759885788		3.95631790161
1.53121781349		3.76349163055
1.5348470211		0.378881454468
1.53847384453		2.62175655365
1.54209399223		4.63121032715
1.54571795464		1.08421993256
1.54934597015		1.25674915314
1.55296993256		4.76821899414
1.55659484863		2.32236862183
1.56022286415		0.465146064758
1.5638449192		4.04765701294
1.56747698784		3.65185546875
1.57109689713		0.353509902954
1.5747218132		2.74354171753
1.57835388184		4.55509471893
1.58197283745		0.997955322266
1.58559894562		1.3633108139
1.58922982216		4.79866504669
1.59285092354		2.19550895691
1.59647583961		0.510815620422
1.60010004044		4.14406967163
1.60372495651		3.54529380798
1.60735082626		0.317989349365
1.61098194122		2.88055038452
1.61460185051		4.47897911072
1.61823797226		0.896468162537
1.6218559742		1.48002147675
1.62547898293		4.81388759613
1.62914180756		2.0331287384
1.63273000717		0.566633224487
1.63635492325		4.23033428192
1.63997983932		3.4235086441
1.64360594749		0.30784034729
1.64723587036		3.06830215454
1.65085601807		4.40793800354
1.65448284149		0.820352554321
1.65811491013		1.6119556427
1.66173481941		4.81896209717
1.66535902023		1.94686412811
1.66898488998		0.632600784302
1.67261099815		4.32167339325
1.67623591423		3.29157447815
1.67986798286		0.30784034729
1.68348693848		3.13934326172
1.68711400032		4.32167339325
1.69073700905		0.754385948181
1.69436192513		1.72866630554
1.69799399376		4.82403659821
1.70161390305		1.8200044632
1.70523881912		0.693492889404
1.70886492729		4.4028635025
1.71248793602		3.17993831635
1.71611595154		0.297691345215
1.71974301338		3.27635097504
1.72336483002		4.25063228607
1.72699284554		0.678269386292
1.7306189537		1.8707485199
1.73424482346		4.81896209717
1.73787498474		1.68807125092
1.7414958477		0.76960849762
1.74511694908		4.47897911072
1.7487449646		3.04800415039
1.752368927		0.30784034729
1.75599503517		3.40321063995
1.75962591171		4.16436767578
1.763245821		0.622451782227
1.76687383652		1.99760818481
1.77050089836		4.80373954773
1.77412199974		1.57643508911
1.77775597572		0.845724105835
1.78137397766		4.5500202179
1.78500294685		2.91607093811
1.78862595558		0.317989349365
1.79224991798		3.53007030487
1.79587483406		4.09840106964
1.79950284958		0.56155872345
1.80312800407		2.12954235077
1.80675292015		4.78851604462
1.81037783623		1.45972442627
1.81400299072		0.92183971405
1.81763291359		4.61598682404
1.82125282288		2.78921127319
1.82487797737		0.333211898804
1.82850384712		3.65185546875
1.83212685585		4.02228546143
1.83575582504		0.505741119385
1.83938097954		2.26147556305
1.84300494194		4.75806999207
1.84663295746		1.35316181183
1.85025787354		1.0030298233
1.85388302803		4.6616563797
1.85751080513		2.6522026062
1.86113381386		0.358584403992
1.8647608757		3.76856613159
1.8683848381		3.93602085114
1.87201595306		0.454997062683
1.875633955		2.38833522797
1.87926793098		4.72254943848
1.88288593292		1.25674915314
1.88651299477		1.09436893463
1.89013791084		4.7124004364
1.89376282692		2.53041744232
1.89738798141		0.409327507019
1.90101289749		3.8802022934
1.90463781357		3.82945823669
1.90826797485		0.409327507019
1.91191601753		2.56086444855
1.91551589966		4.67180538177
1.91914987564		1.1501865387
1.92276501656		1.18063354492
1.92639183998		4.74792098999
1.93001794815		2.40355873108
1.93364286423		0.434700012207
1.93726801872		4.02228546143
1.94089388847		3.72797107697
1.94451880455		0.368732452393
1.94814586639		2.66235160828
1.95177292824		4.61091327667
1.95539593697		1.05377388
1.95910286903		1.37853431702
1.96264696121		4.78344154358
1.96627187729		2.2817735672
1.96989893913		0.480368614197
1.97352194786		4.07810306549
1.9771490097		3.61633491516
1.98077392578		0.343360900879
1.98440599442		2.79936027527
1.98803591728		4.52464866638
1.9916498661		0.962434768677
1.99527692795		1.39883136749
1.99890780449		4.80373954773
2.00252699852		2.15998840332
2.0061519146		0.531112670898
2.00977802277		4.17451667786
2.01340198517		3.50469875336
2.01702880859		0.317989349365
2.02065396309		2.92621898651
2.02427887917		4.45868110657
2.02791190147		0.866022109985
2.03153085709		1.52569103241
2.03515481949		4.81896209717
2.0387878418		2.01790523529
2.04240703583		0.586931228638
2.0460319519		4.26078033447
2.04965996742		3.37783908844
2.05328202248		0.312914848328
2.0569088459		3.05815315247
2.06053900719		4.37241744995
2.06416201591		0.78990650177
2.06779384613		1.65762519836
2.07141089439		4.82403659821
2.07503700256		1.91134357452
2.0786678791		0.652897834778
2.08228588104		4.34704494476
2.08591294289		3.2611284256
2.08953881264		0.297691345215
2.09316301346		3.18501281738
2.09679293633		4.29630184174
2.1004140377		0.723938941956
2.10403990746		1.77940940857
2.1076669693		4.82403659821
2.1112909317		1.77433586121
2.1149148941		0.713790893555
2.11854982376		4.43330955505
2.12216687202		3.13426876068
2.12579202652		0.302765846252
2.12941789627		3.31694602966
2.13304495811		4.22018527985
2.13666892052		0.657972335815
2.14029598236		1.91134357452
2.14391803741		4.81896209717
2.1475520134		1.64747619629
2.15117192268		0.794981002808
2.15479683876		4.49927616119
2.15842700005		2.99726104736
2.16204786301		0.30784034729
2.16567087173		3.44888019562
2.16929888725		4.14406967163
2.17292690277		0.597080230713
2.17655086517		2.04327774048
2.18017601967		4.80373954773
2.1837990284		1.54091453552
2.18743181229		0.871096611023
2.19105291367		4.56524372101
2.19467592239		2.87547588348
2.19830799103		0.323062896729
2.20192790031		3.57573986053
2.20555281639		4.07302856445
2.20918989182		0.536187171936
2.21280288696		2.1802854538
2.21642780304		4.78344154358
2.22005581856		1.42420387268
2.22368097305		0.947212219238
2.22730493546		4.67180538177
2.23093390465		2.73339271545
2.2345559597		0.348435401917
2.23818898201		3.70259952545
2.24180793762		3.9918384552
2.2454328537		0.490517616272
2.24910593033		2.37311172485
2.25268602371		4.74792098999
2.25630784035		1.32271575928
2.25993585587		1.03347587585
2.26355981827		4.68195438385
2.26718497276		2.5405664444
2.27081394196		0.368732452393
2.27443695068		3.80916118622
2.27806997299		3.89035129547
2.28168702126		0.439774513245
2.28531384468		2.44415378571
2.28894495964		4.70225143433
2.29256296158		1.22122859955
2.2961909771		1.12481498718
2.29981803894		4.73269748688
2.30344200134		2.47459983826
2.30706596375		0.409327507019
2.3106918335		3.92079734802
2.31431794167		3.79393768311
2.31795191765		0.389030456543
2.3215739727		2.58116149902
2.32519388199		4.6515083313
2.32882881165		1.10959243774
2.33244395256		1.21615409851
2.33606886864		4.75806999207
2.33969497681		2.36296367645
2.34331989288		0.454997062683
2.34694480896		4.01213645935
2.35057282448		3.68737602234
2.35419583321		0.358584403992
2.35782384872		2.71309566498
2.36144781113		4.58554077148
2.3650739193		1.02332782745
2.36870789528		1.33286476135
2.37232303619		4.79359054565
2.37595200539		2.24117851257
2.37957596779		0.49559211731
2.38320183754		4.11362361908
2.38682603836		3.57573986053
2.39045286179		0.333211898804
2.39407682419		2.84502887726
2.39770889282		4.50435066223
2.40132904053		0.926914215088
2.40495681763		1.43942642212
2.40858387947		4.80881404877
2.41220498085		2.10924434662
2.41582894325		0.551410675049
2.41945791245		4.20496273041
2.42308187485		3.45395469666
2.42670798302		0.317989349365
2.43033599854		2.97696304321
2.43397784233		4.41301250458
2.43759083748		0.840649604797
2.44121003151		1.561211586
2.44483184814		4.82403659821
2.44846582413		1.9823846817
2.45208501816		0.607228279114
2.45570993423		4.28615283966
2.45933699608		3.34231853485
2.46296095848		0.30784034729
2.46659302711		3.11397171021
2.47021484375		4.3521194458
2.4738368988		0.764533996582
2.47746992111		1.69822025299
2.48108696938		4.82403659821
2.48471283913		1.8707485199
2.4883480072		0.673195838928
2.49196481705		4.37241744995
2.49558997154		3.21545886993
2.49922394753		0.302765846252
2.50284099579		3.23575687408
2.50646781921		4.27600383759
2.51009488106		0.693492889404
2.51371884346		1.82507896423
2.51734495163		4.81896209717
2.52096986771		1.73374080658
2.52459383011		0.744236946106
2.52822589874		4.4536075592
2.53184294701		3.09367370605
2.53547096252		0.30784034729
2.53913092613		3.40321063995
2.54272294044		4.19481372833
2.54635000229		0.637675285339
2.54997396469		1.95193862915
2.55359792709		4.81388759613
2.55722284317		1.52569103241
2.56086301804		0.825427055359
2.56447696686		4.52972316742
2.56810998917		2.94651699066
2.57172584534		0.317989349365
2.57535290718		3.49454975128
2.57897782326		4.11362361908
2.58260202408		0.576782226562
2.5862288475		2.09402179718
2.58986997604		4.79359054565
2.59347891808		1.49524497986
2.59710502625		0.896468162537
2.60074687004		4.59568977356
2.60435700417		2.82473182678
2.60798287392		0.333211898804
2.61160898209		3.61633491516
2.61523294449		4.02735900879
2.61886501312		0.520963668823
2.62248182297		2.22595500946
2.62610793114		4.76821899414
2.62975001335		1.36838531494
2.63335990906		0.97765827179
2.63698792458		4.64643383026
2.64061188698		2.69279766083
2.64424681664		0.363657951355
2.64786791801		3.73812007904
2.65148687363		3.95124340057
2.6551129818		0.470220565796
2.65875196457		2.37818622589
2.6623609066		4.73777198792
2.66598796844		1.28719520569
2.66961693764		1.06392288208
2.67324185371		4.69717693329
2.67686295509		2.56593894958
2.68049097061		0.383955955505
2.68413090706		3.8802022934
2.68774700165		3.84975624084
2.69136691093		0.419476509094
2.6949930191		2.52026939392
2.69862294197		4.68702888489
2.70224380493		1.18063354492
2.70586800575		1.15526103973
2.70949697495		4.73777198792
2.71312499046		2.43400478363
2.71674489975		0.429625511169
2.72037291527		3.95631790161
2.72399497032		3.72289657593
2.72762584686		0.378881454468
2.73124504089		2.62683105469
2.73487496376		4.63121032715
2.73850488663		1.07407093048
2.74212503433		1.25674915314
2.74575090408		4.76821899414
2.74937582016		2.31729412079
2.75300002098		0.470220565796
2.75662302971		4.04765701294
2.76025080681		3.63663196564
2.76387786865		0.348435401917
2.76750683784		2.76891326904
2.77114701271		4.53479766846
2.77475380898		0.987807273865
2.77838397026		1.36838531494
2.78200483322		4.79866504669
2.78562784195		2.20058345795
2.78925991058		0.520963668823
2.79288196564		4.14406967163
2.79650402069		3.51484680176
2.80013394356		0.333211898804
2.80375695229		2.89069843292
2.80739402771		4.39778900146
2.81113600731		0.805129051208
2.81475782394		1.62717819214
2.81838989258		4.82403659821
2.82201385498		1.9214925766
2.82563400269		0.637675285339
2.82926392555		4.33689689636
2.83288502693		3.27635097504
2.83651089668		0.30784034729
2.84013581276		3.16978931427
2.84375882149		4.31659889221
2.84738588333		0.703641891479
2.85101389885		1.74896335602
2.85463881493		4.82403659821
2.85826396942		1.79970741272
2.86190485954		0.713790893555
2.8655128479		4.41301250458
2.86921286583		3.06830215454
2.87278103828		0.302765846252
2.87638902664		3.30172348022
2.88001799583		4.23033428192
2.88364601135		0.657972335815
2.88726687431		1.95193862915
2.89089488983		4.81388759613
2.89451694489		1.67792224884
2.89814996719		0.779757499695
2.90178203583		4.49927616119
2.90539383888		3.02263259888
2.90905404091		0.312914848328
2.91264486313		3.4235086441
2.91628503799		4.14914417267
2.91989684105		0.602153778076
2.92352199554		2.01790523529
2.92714691162		4.80881404877
2.93077492714		1.55106258392
2.93439793587		0.85587310791
2.9380300045		4.56016921997
2.94164800644		2.89577293396
2.94527387619		0.323062896729
2.94889903069		3.55544185638
2.95252299309		4.08317756653
2.95616602898		0.531112670898
2.95977687836		2.14983940125
2.96340084076		4.78344154358
2.9670279026		1.42420387268
2.97065591812		0.926914215088
2.97427892685		4.61091327667
2.97790980339		2.7536907196
2.98152685165		0.338286399841
2.98515701294		3.6823015213
2.98877882957		4.00198745728
2.99240493774		0.49559211731
2.99603390694		2.33251667023
2.99965691566		4.75806999207
3.00328087807		1.33793926239
3.00690603256		1.01317882538
3.01053881645		4.67180538177
3.01415896416		2.63190555573
3.01779294014		0.37380695343
3.02140903473		3.78886318207
3.02503395081		3.91064834595
3.02865886688		0.444848060608
3.03228497505		2.42385578156
3.0359108448		4.71747493744
3.03957986832		1.19585609436
3.04316401482		1.10959243774
3.04678893089		4.71747493744
3.05041599274		2.50504589081
3.05404281616		0.409327507019
3.05767083168		3.90557384491
3.06128883362		3.80408668518
3.06491684914		0.399179458618
3.06854295731		2.56086444855
3.07216596603		4.6616563797
3.07579398155		1.12988948822
3.07943487167		1.21615409851
3.0830450058		4.7631444931
3.08667087555		2.37818622589
3.09029388428		0.444848060608
3.09393501282		4.01213645935
3.09755301476		3.68737602234
3.10117197037		0.368732452393
3.10479903221		2.69279766083
3.10842895508		4.59061527252
3.11204886436		1.02840232849
3.11567401886		1.30749225616
3.11930704117		4.79359054565
3.12292385101		2.26655006409
3.12654995918		0.490517616272
3.13017582893		4.0933265686
3.13381481171		3.56559085846
3.13742899895		0.338286399841
3.14105081558		2.82473182678
3.14467692375		4.51957416534
3.14831495285		0.926914215088
3.15192699432		1.41405487061
3.15555286407		4.80373954773
3.15920495987		2.09402179718
3.162804842		0.541261672974
3.16642999649		4.18973922729
3.17005586624		3.47425174713
3.17370295525		0.312914848328
3.17730784416		3.06830215454
3.18093299866		4.43838405609
3.18455481529		0.85587310791
3.18820285797		1.58150959015
3.19180798531		4.82403659821
3.19543385506		2.00775718689
3.19910287857		0.622451782227
3.20268392563		4.27600383759
3.2063100338		3.35246753693
3.20993590355		0.30784034729
3.21355986595		3.07845020294
3.21718502045		4.33689689636
3.22081685066		0.76960849762
3.2244348526		1.66777324677
3.22806882858		4.82911109924
3.23168683052		1.88597202301
3.23531198502		0.657972335815
3.238945961		4.37749099731
3.24256300926		3.23575687408
3.24619102478		0.302765846252
3.24981594086		3.21545886993
3.25343990326		4.28615283966
3.25708293915		0.693492889404
3.26068997383		1.79970741272
3.26431703568		4.82911109924
3.26794886589		1.73881530762
3.2715690136		0.723938941956
3.27519488335		4.43838405609
3.27882099152		3.10382270813
3.28244280815		0.30784034729
3.28607201576		3.35246753693
3.28969693184		4.20496273041
3.29331898689		0.637675285339
3.29694485664		1.93671607971
3.30057382584		4.81388759613
3.30419683456		1.63225269318
3.30782294273		0.800054550171
3.31144785881		4.50942516327
3.31507396698		2.98711204529
3.31870484352		0.317989349365
3.3223259449		3.47425174713
3.325963974		4.11869812012
3.32957482338		0.586931228638
3.33320498466		2.0838727951
3.33684182167		4.79866504669
3.34045290947		1.5104675293
3.34407901764		0.876170158386
3.34771084785		4.58046627045
3.35132002831		2.8501033783
3.35494399071		0.328137397766
3.3585729599		3.59603691101
3.36220598221		4.05273151398
3.36584496498		0.51589012146
3.36945581436		2.21073246002
3.37307882309		4.77836704254
3.37670683861		1.39883136749
3.38034582138		0.972583770752
3.38395595551		4.63628482819
3.38758897781		2.71309566498
3.39120984077		0.353509902954
3.3948328495		3.71274757385
3.39846587181		3.96646690369
3.40208387375		0.475295066833
3.40570998192		2.33251667023
3.40933585167		4.74792098999
3.41295981407		1.29734420776
3.41658592224		1.04362487793
3.42022895813		4.70225143433
3.42383885384		2.58623600006
3.4274699688		0.383955955505
3.43108797073		3.84468173981
3.43471384048		3.87512779236
3.43834495544		0.424551010132
3.4419670105		2.47459983826
3.44559288025		4.69717693329
3.44922590256		1.19078159332
3.45284080505		1.12988948822
3.45646691322		4.73269748688
3.46009087563		2.43400478363
3.46371603012		0.414402008057
3.46734380722		4.01721096039
3.47097182274		3.76856613159
3.47459197044		0.389030456543
3.47822785378		2.61668205261
3.48184585571		4.64135932922
3.48547101021		1.09436893463
3.48913097382		1.26689815521
3.49272084236		4.76821899414
3.49634480476		2.3426656723
3.49997282028		0.465146064758
3.5035970211		4.03243350983
3.50722193718		3.62648391724
3.51085090637		0.358584403992
3.5144739151		2.73339271545
3.51810693741		4.56016921997
3.52172493935		1.0030298233
3.52534890175		1.33286476135
3.52897882462		4.80373954773
3.53260087967		2.22088050842
3.53622603416		0.505741119385
3.53985595703		4.12884712219
3.54349088669		3.53514480591
3.54710292816		0.333211898804
3.55072999001		2.87040138245
3.55435299873		4.49420261383
3.55800890923		0.881244659424
3.56160497665		1.45972442627
3.56522989273		4.81896209717
3.56886196136		2.08894729614
3.5724799633		0.556485176086
3.57610487938		4.21511173248
3.57973384857		3.4336566925
3.58335781097		0.323062896729
3.58698391914		3.00233459473
3.59061098099		4.38256549835
3.59425497055		0.810203552246
3.59788298607		1.6119556427
3.60148596764		4.83418560028
3.60511088371		1.96208763123
3.60873699188		0.617377281189
3.61237192154		4.31659889221
3.61598682404		3.31694602966
3.61961293221		0.30784034729
3.62325501442		3.16471481323
3.62686300278		4.33182239532
3.6304898262		0.754385948181
3.63411283493		1.70836830139
3.63774490356		4.82911109924
3.64136600494		1.84030246735
3.64498901367		0.678269386292
3.64862203598		4.39778900146
3.65225887299		3.15964031219
3.65586781502		0.30784034729
3.65949583054		3.27127742767
3.66311883926		4.25570678711
3.66674494743		0.678269386292
3.67037796974		1.86567401886
3.67399287224		4.82403659821
3.67762684822		1.70329380035
3.68124389648		0.749311447144
3.68487000465		4.4637556076
3.68850183487		3.0632276535
3.6921210289		0.312914848328
3.69574785233		3.38798809052
3.69937396049		4.17959117889
3.70299887657		0.612302780151
3.7066218853		1.9823846817
3.71025300026		4.80881404877
3.71387481689		1.59673213959
3.71750497818		0.830501556396
3.72113895416		4.53987121582
3.72474980354		2.94651699066
3.72838282585		0.317989349365
3.73200082779		3.53007030487
3.73562598228		4.103474617
3.73925995827		0.56155872345
3.74287796021		2.11431884766
3.74650287628		4.78851604462
3.75013303757		1.46987247467
3.75375390053		0.901542663574
3.75737786293		4.64643383026
3.76101088524		2.80443382263
3.76462888718		0.333211898804
3.76825881004		3.64170646667
3.77188181877		4.02735900879
3.77550697327		0.510815620422
3.7791659832		2.2919216156
3.78276395798		4.76821899414
3.78638291359		1.3633108139
3.79002594948		1.0030298233
3.79363584518		4.65658187866
3.79725790024		2.62683105469
3.80090284348		0.363657951355
3.80450987816		3.75334262848
3.80814290047		3.92587184906
3.8117609024		0.460071563721
3.81538581848		2.39848423004
3.81904888153		4.71747493744
3.82263994217		1.25674915314
3.82626390457		1.07407093048
3.82990384102		4.7124004364
3.83351588249		2.55578994751
3.83713889122		0.389030456543
3.84076499939		3.85990524292
3.8444018364		3.81931018829
3.84801602364		0.414402008057
3.85164189339		2.52026939392
3.85526895523		4.68195438385
3.85889387131		1.15526103973
3.8625190258		1.17048454285
3.8661429882		4.74792098999
3.86976790428		2.42385578156
3.87339401245		0.429625511169
3.87701892853		3.96139240265
3.8806438446		3.733045578
3.88428401947		0.368732452393
3.88790297508		2.6522026062
3.89152097702		4.62106132507
3.89515590668		1.03347587585
3.89877796173		1.28212070465
3.90239787102		4.78344154358
3.90602302551		2.30207061768
3.90965104103		0.470220565796
3.91327881813		4.06287956238
3.91691589355		3.61126041412
3.92052793503		0.348435401917
3.92415380478		2.80950832367
3.92777681351		4.54494571686
3.93140101433		0.967509269714
3.93502783775		1.38360881805
3.93865990639		4.80881404877
3.94227981567		2.17521095276
3.9459028244		0.520963668823
3.94953083992		4.15421867371
3.95315504074		3.51484680176
3.95677781105		0.328137397766
3.96040892601		2.91607093811
3.96403193474		4.4536075592
3.96766090393		0.876170158386
3.97128295898		1.5003194809
3.97490596771		4.82403659821
3.97854089737		2.04327774048
3.98216080666		0.576782226562
3.98578381538		4.24555778503
3.98941087723		3.39306259155
3.9930369854		0.317989349365
3.99665999413		3.04292964935
4.00028991699		4.38256549835
4.00391292572		0.800054550171
4.00756382942		1.66269874573
4.0111618042		4.82911109924
4.01478791237		1.9214925766
4.01842093468		0.637675285339
4.02205300331		4.3521194458
4.02566385269		3.28142547607
4.02929592133		0.30784034729
4.03291392326		3.17486381531
4.03653788567		4.30644989014
4.0401699543		0.718864440918
4.0437939167		1.76418685913
4.04749202728		4.82911109924
4.05104398727		1.78955841064
4.05466794968		0.698567390442
4.05830097198		4.42316055298
4.06193184853		3.12919425964
4.0655579567		0.30784034729
4.06917595863		3.3118724823
4.0727930069		4.22525978088
4.07643198967		0.652897834778
4.08004784584		1.89612102509
4.08367180824		4.82403659821
4.08731293678		1.55106258392
4.09105086327		0.860947608948
4.09467291832		4.57031822205
4.09830403328		2.87040138245
4.10193896294		0.328137397766
4.10554981232		3.56559085846
4.10918092728		4.05780601501
4.11280202866		0.541261672974
4.11643886566		2.20058345795
4.12005901337		4.78344154358
4.1236770153		1.41912937164
4.12730193138		0.967509269714
4.13092803955		4.63121032715
4.1345539093		2.74861621857
4.13818192482		0.338286399841
4.14180493355		3.69245052338
4.14542984962		3.98676395416
4.149091959		0.470220565796
4.15268087387		2.32236862183
4.15631985664		4.74284648895
4.15993499756		1.30749225616
4.16355490685		1.02840232849
4.16718196869		4.72254943848
4.17081189156		2.60653305054
4.17443799973		0.368732452393
4.17806601524		3.81423568726
4.18168282509		3.89542579651
4.18531298637		0.444848060608
4.1889359951		2.44922733307
4.1925599575		4.70732593536
4.19618582726		1.18570804596
4.1998128891		1.11974048615
4.20343780518		4.73269748688
4.207062006		2.4898223877
4.21068882942		0.399179458618
4.21431398392		3.91572284698
4.21794700623		3.78886318207
4.2215628624		0.389030456543
4.22518992424		2.58116149902
4.22881484032		4.6515083313
4.23244690895		1.09944343567
4.23606801033		1.23137664795
4.23969197273		4.76821899414
4.24331593513		2.36296367645
4.24694395065		0.449922561646
4.25056886673		4.01213645935
4.25419402122		3.68737602234
4.25782680511		0.358584403992
4.26144480705		2.71309566498
4.26507091522		4.58554077148
4.2686958313		1.01317882538
4.27232003212		1.31764125824
4.27594590187		4.79866504669
4.27958583832		2.22088050842
4.28319787979		0.490517616272
4.28682184219		4.103474617
4.29045081139		3.57573986053
4.29409003258		0.338286399841
4.29770684242		2.85517787933
4.30132484436		4.50435066223
4.30495095253		0.926914215088
4.30857682228		1.43435192108
4.31219983101		4.81896209717
4.31582593918		2.11939334869
4.31945300102		0.541261672974
4.32307600975		4.19988822937
4.32670402527		3.45902919769
4.33032989502		0.312914848328
4.33396792412		2.99218654633
4.3375878334		4.41808605194
4.34120202065		0.83557510376
4.34483599663		1.57136058807
4.34846782684		4.82911109924
4.3520720005		1.99760818481
4.35569596291		0.597080230713
4.35935497284		4.32167339325
4.36295795441		3.34739303589
4.36658191681		0.30784034729
4.37021183968		3.10889720917
4.37383294106		4.3521194458
4.37746691704		0.754385948181
4.38108301163		1.68807125092
4.3847079277		4.83926010132
4.38835692406		1.81493091583
4.39195990562		0.657972335815
4.39558696747		4.37241744995
4.39921784401		3.22053337097
4.40283703804		0.30784034729
4.40646195412		3.23068237305
4.41008996964		4.27092933655
4.41371202469		0.693492889404
4.41733789444		1.86567401886
4.42096400261		4.82911109924
4.42458796501		1.73881530762
4.4282169342		0.749311447144
4.43184089661		4.4536075592
4.43546581268		3.10382270813
4.43912792206		0.30784034729
4.4427189827		3.36769008636
4.44634199142		4.19481372833
4.44997000694		0.627526283264
4.45359182358		1.96208763123
4.45724081993		4.79866504669
4.4609708786		1.46987247467
4.464594841		0.901542663574
4.46822690964		4.62106132507
4.47184491158		2.81965732574
4.47547292709		0.328137397766
4.4791328907		3.66707897186
4.48272490501		4.03243350983
4.48634791374		0.520963668823
4.48997497559		2.24117851257
4.49359703064		4.7732925415
4.49722480774		1.33286476135
4.50084996223		0.982732772827
4.50447487831		4.65658187866
4.50810098648		2.67250061035
4.51172590256		0.348435401917
4.51535201073		3.74826812744
4.5189769268		3.95124340057
4.52260303497		0.465146064758
4.5262298584		2.37818622589
4.52985692024		4.73269748688
4.53347682953		1.26689815521
4.53710484505		1.06899738312
4.54072999954		4.70732593536
4.54435586929		2.55071544647
4.54798698425		0.383955955505
4.55161690712		3.87005329132
4.55523085594		3.84975624084
4.55887103081		0.409327507019
4.56248497963		2.51012039185
4.56612491608		4.67687988281
4.56974196434		1.15526103973
4.5733590126		1.16541004181
4.57698583603		4.75299549103
4.58061289787		2.41878128052
4.5842359066		0.419476509094
4.58786988258		3.96646690369
4.5914850235		3.74319458008
4.5951089859		0.368732452393
4.59876203537		2.67757511139
4.60236382484		4.62106132507
4.60600280762		1.05377388
4.60961699486		1.27197170258
4.61323881149		4.78344154358
4.61686301231		2.30714511871
4.62050294876		0.470220565796
4.62411499023		4.05780601501
4.62774586678		3.6315574646
4.6313829422		0.338286399841
4.63499188423		2.77398777008
4.63862299919		4.53987121582
4.64224386215		0.967509269714
4.64586782455		1.37853431702
4.6494948864		4.80881404877
4.65312004089		2.1802854538
4.65680098534		0.566633224487
4.66052103043		4.28615283966
4.66412091255		3.39306259155
4.66774892807		0.312914848328
4.67137384415		3.05307865143
4.67499780655		4.37749099731
4.67862486839		0.78990650177
4.68225693703		1.65255069733
4.68587398529		4.83418560028
4.68949985504		1.91134357452
4.69312381744		0.637675285339
4.69674897194		4.34197044373
4.70039081573		3.24083042145
4.70399999619		0.302765846252
4.70762586594		3.18501281738
4.71125197411		4.2912273407
4.71487593651		0.718864440918
4.71850800514		1.77940940857
4.7221288681		4.83418560028
4.72575592995		1.78448390961
4.72938394547		0.708716392517
4.73300480843		4.43330955505
4.7366309166		3.14949226379
4.74025583267		0.30784034729
4.7438788414		3.3118724823
4.74751281738		4.22018527985
4.75113081932		0.657972335815
4.75475692749		1.90119457245
4.7583899498		4.81896209717
4.76200890541		1.66269874573
4.76563191414		0.779757499695
4.76926803589		4.50435066223
4.77288389206		3.02263259888
4.77651000023		0.30784034729
4.78013682365		3.45395469666
4.78375887871		4.14914417267
4.78738594055		0.546336174011
4.79114103317		2.21073246002
4.79476881027		4.77836704254
4.79839396477		1.40898036957
4.80201387405		0.947212219238
4.80563592911		4.63628482819
4.80928993225		2.70802116394
4.81289100647		0.343360900879
4.81651496887		3.70259952545
4.82014083862		3.97154140472
4.82376790047		0.480368614197
4.82739186287		2.36803817749
4.83101701736		4.74792098999
4.83464193344		1.3024187088
4.83827590942		1.04362487793
4.84189295769		4.69210338593
4.84551692009		2.60653305054
4.8491768837		0.378881454468
4.85277080536		3.81423568726
4.85639381409		3.88527679443
4.86002182961		0.439774513245
4.86364603043		2.45937633514
4.8672709465		4.68702888489
4.87089681625		1.19585609436
4.87452292442		1.12481498718
4.87817001343		4.74284648895
4.881772995		2.47967433929
4.88539600372		0.404253005981
4.88907599449		3.97154140472
4.89264893532		3.7837896347
4.89627480507		0.394104957581
4.89990091324		2.5913105011
4.90352487564		4.63628482819
4.9071598053		1.09436893463
4.91077780724		1.22630310059
4.91440081596		4.76821899414
4.91804790497		2.33251667023
4.9216530323		0.449922561646
4.92527794838		4.01721096039
4.92891001701		3.67215251923
4.93254303932		0.358584403992
4.9361538887		2.72324466705
4.93977999687		4.57539176941
4.94340491295		1.00810432434
4.94702982903		1.32779026031
4.95065784454		4.80373954773
4.95428299904		2.2310295105
4.95791292191		0.500666618347
4.96153283119		4.11362361908
4.96515703201		3.5706653595
4.96878480911		0.338286399841
4.97242593765		2.89069843292
4.97603392601		4.49927616119
4.97966194153		0.92183971405
4.98328781128		1.46987247467
4.98691296577		4.82403659821
4.99054098129		2.09909534454
4.99416089058		0.541261672974
4.99779391289		4.21511173248
