0.000126838684082		2.56593894958
0.00460290908813		2.3426656723
0.00911283493042		3.74826812744
0.0136108398438		0.784832000732
0.0182309150696		3.80408668518
0.0227308273315		2.43907928467
0.0272328853607		1.41912937164
0.031730890274		4.2912273407
0.0362958908081		1.10451793671
0.0408589839935		2.77398777008
0.0453548431396		3.43873119354
0.0498578548431		0.830501556396
0.0543558597565		4.12377262115
0.05885887146		1.87582302094
0.0633578300476		1.91641807556
0.0678648948669		4.10854911804
0.0723578929901		0.830501556396
0.0768749713898		3.49962425232
0.0813689231873		2.78921127319
0.0858709812164		1.16033554077
0.0904068946838		4.3013753891
0.0948798656464		1.28212070465
0.0993700027466		2.60653305054
0.103873968124		3.59096240997
0.108371973038		0.784832000732
0.1128718853		4.03750801086
0.117376804352		2.05342674255
0.121876001358		1.73374080658
0.12637591362		4.17959117889
0.130873918533		0.881244659424
0.135375976562		3.35754108429
0.13987493515		2.94651699066
0.144382953644		1.05377388
0.148876905441		4.28615283966
0.153377771378		1.40390586853
0.157877922058		2.41370677948
0.162380933762		3.72289657593
0.166879892349		0.76960849762
0.171378850937		3.94616889954
0.175886869431		2.22088050842
0.180380821228		1.58658313751
0.184887886047		4.24555778503
0.189380884171		0.952286720276
0.193883895874		3.19008731842
0.198382854462		3.09874820709
0.202882766724		0.97765827179
0.20738196373		4.26078033447
0.211877822876		1.52569103241
0.216446876526		2.17521095276
0.221009969711		3.9816904068
0.225520849228		0.794981002808
0.230017900467		3.68737602234
0.234519958496		2.58116149902
0.239014863968		1.3024187088
0.24351477623		4.31152439117
0.24801492691		1.13496398926
0.252514839172		2.81458282471
0.257015943527		3.41843414307
0.261514902115		0.83557510376
0.266019821167		4.13899612427
0.270509958267		1.83522796631
0.275014877319		1.92656707764
0.279522895813		4.08825206757
0.284020900726		0.825427055359
0.288520812988		3.55544185638
0.293020963669		2.74354171753
0.297520875931		1.19585609436
0.302020788193		4.30644989014
0.306522846222		1.24660015106
0.311022996902		2.6420545578
0.315528869629		3.5706653595
0.320021867752		0.800054550171
0.324524879456		4.05273151398
0.329026937485		2.01283168793
0.333523988724		1.65762519836
0.338155984879		4.23540878296
0.342652797699		0.942137718201
0.347153902054		3.21545886993
0.351650953293		3.07845020294
0.356152772903		0.987807273865
0.360652923584		4.26585483551
0.365152835846		1.52061653137
0.369659900665		2.2817735672
0.374160766602		3.83960723877
0.378655910492		0.76960849762
0.38315486908		3.85483074188
0.387657880783		2.35788917542
0.392161846161		1.45972442627
0.396660804749		4.27600383759
0.401160955429		1.02332782745
0.405659914017		3.03278160095
0.410158872604		3.23068237305
0.414666891098		0.911691665649
0.419160842896		4.22525978088
0.42366194725		1.76926136017
0.428288936615		1.95193862915
0.432787895203		4.06795406342
0.437288999557		0.825427055359
0.441787958145		3.58081436157
0.446322917938		2.77398777008
0.450788974762		1.20600509644
0.455290794373		4.31152439117
0.459781885147		1.22122859955
0.464345932007		2.49997138977
0.468926906586		3.70767402649
0.473419904709		0.774682998657
0.477920770645		3.96646690369
0.482420921326		2.16506290436
0.486923933029		1.6221036911
0.491418838501		4.23033428192
0.495921850204		0.931988716125
0.500419855118		3.23575687408
0.504922866821		3.0632276535
0.509429931641		0.992880821228
0.513929843903		4.26585483551
0.5184237957		1.49524497986
0.522924900055		2.30714511871
0.527426958084		3.81931018829
0.531924962997		0.76960849762
0.536426782608		3.85990524292
0.540924787521		2.33251667023
0.545434951782		1.48002147675
0.549926996231		4.27600383759
0.554435968399		1.00810432434
0.558928966522		3.06830215454
0.56342792511		3.22053337097
0.567930936813		0.916765213013
0.57243180275		4.22525978088
0.576932907104		1.64240169525
0.581430912018		2.15491390228
0.585941791534		3.94109535217
0.590431928635		0.784832000732
0.594938993454		3.73812007904
0.5994348526		2.50504589081
0.603935956955		1.35316181183
0.608434915543		4.29630184174
0.612934827805		1.09436893463
0.617436885834		2.88055038452
0.621934890747		3.35754108429
0.626438856125		0.850798606873
0.630938768387		4.16944217682
0.635444879532		1.79970741272
0.639937877655		1.99253368378
0.644440889359		4.04765701294
0.648944854736		0.820352554321
0.653439998627		3.61126041412
0.657944917679		2.68264961243
0.662442922592		1.23137664795
0.666945934296		4.31152439117
0.67146396637		1.22630310059
0.675951004028		2.69279766083
0.680442810059		3.49454975128
0.684945821762		0.810203552246
0.689443826675		4.09840106964
0.693947792053		1.94178962708
0.698445796967		1.83522796631
0.70294880867		4.13899612427
0.707444906235		0.85587310791
0.711941003799		3.46917819977
0.71648478508		2.900847435
0.720948934555		1.12481498718
0.725451946259		4.30644989014
0.729952812195		1.32271575928
0.734456777573		2.52026939392
0.738948822021		3.63663196564
0.743450880051		0.779757499695
0.747951984406		4.00198745728
0.752452850342		2.10924434662
0.756953954697		1.68807125092
0.761452913284		4.20496273041
0.765955924988		0.906617164612
0.77045583725		3.29664897919
0.77496099472		3.01755809784
0.779455900192		1.03347587585
0.783960819244		4.27600383759
0.788462877274		1.45464992523
0.792957782745		2.36803817749
0.797459840775		3.77364063263
0.801958799362		0.76960849762
0.806460857391		3.90050029755
0.810959815979		2.2817735672
0.815466880798		1.53076553345
0.819960832596		4.26078033447
0.824466943741		0.982732772827
0.82896399498		3.12411975861
0.833461999893		3.15964031219
0.837968826294		0.942137718201
0.842466831207		4.24555778503
0.846966981888		1.59165763855
0.851463794708		2.21073246002
0.855965852737		3.89542579651
0.860466957092		0.779757499695
0.864966869354		3.79393768311
0.869467973709		2.44922733307
0.873977899551		1.38360881805
0.878468990326		4.28615283966
0.882967948914		1.06392288208
0.887469768524		2.94651699066
0.89196896553		3.30172348022
0.896471977234		0.876170158386
0.900971889496		4.18973922729
0.905478954315		1.75403785706
0.909977912903		2.04327774048
0.914481878281		4.02228546143
0.918973922729		0.800054550171
0.923473834991		3.56559085846
0.928120851517		2.84502887726
0.932600975037		1.15526103973
0.937102794647		4.30644989014
0.941600799561		1.28212070465
0.946108818054		2.55578994751
0.950601816177		3.60618591309
0.955108880997		0.779757499695
0.95959687233		4.03243350983
0.964095830917		2.05850028992
0.968603849411		1.71851730347
0.973102807999		4.18973922729
0.977605819702		0.891393661499
0.982105970383		3.34231853485
0.986606836319		2.96681404114
0.991105794907		1.05377388
0.9956138134		4.28615283966
1.00010585785		1.41405487061
1.00460791588		2.40863323212
1.00910687447		3.73812007904
1.01383280754		0.805129051208
1.01835894585		3.66200447083
1.02285480499		2.60145950317
1.0273578167		1.28212070465
1.03185486794		4.30644989014
1.03639793396		1.19585609436
1.04086494446		2.77906227112
1.04536700249		3.44888019562
1.04986691475		0.820352554321
1.05437994003		4.11362361908
1.05886793137		1.88597202301
1.06336688995		1.90626907349
1.06787180901		4.10854911804
1.07236886024		0.840649604797
1.0768699646		3.5199213028
1.08136892319		2.77906227112
1.08586978912		1.16541004181
1.09037089348		4.31152439117
1.09487891197		1.28212070465
1.0993719101		2.59638500214
1.10387396812		3.58588886261
1.10837197304		0.78990650177
1.1128718853		4.04765701294
1.11737394333		2.04327774048
1.12187480927		1.73881530762
1.12637686729		4.18466472626
1.13087391853		0.886319160461
1.13538384438		3.35246753693
1.13987588882		2.94651699066
1.14438199997		1.06392288208
1.14887595177		4.29630184174
1.15337777138		1.39883136749
1.15787887573		2.42893028259
1.16237878799		3.71782207489
1.16688299179		0.76960849762
1.17137980461		3.94109535217
1.17588090897		2.21073246002
1.18038082123		1.59165763855
1.18488788605		4.240483284
1.18938183784		0.947212219238
1.19388484955		3.19008731842
1.19838285446		3.10382270813
1.20288276672		0.97765827179
1.20738792419		4.25570678711
1.2118768692		1.55613708496
1.21645593643		2.16506290436
1.22101378441		3.9816904068
1.22551989555		0.794981002808
1.23001384735		3.69752502441
1.2345199585		2.58623600006
1.23901486397		1.30749225616
1.24351382256		4.30644989014
1.24801492691		1.12988948822
1.25251579285		2.81458282471
1.25701785088		3.41335964203
1.26151490211		0.83557510376
1.26601791382		4.14406967163
1.27050876617		1.83522796631
1.27501392365		1.93164157867
1.27952194214		4.08317756653
1.28402876854		0.830501556396
1.28851890564		3.56051635742
1.29302096367		2.73846721649
1.29752182961		1.19078159332
1.30202388763		4.31659889221
1.30652284622		1.24660015106
1.3110229969		2.63698005676
1.3155298233		3.56051635742
1.3200237751		0.794981002808
1.32452487946		4.06287956238
1.32902383804		2.00775718689
1.3335249424		1.66777324677
1.33815288544		4.23033428192
1.3426527977		0.937063217163
1.34715986252		3.20023536682
1.35165381432		3.08352470398
1.35615491867		0.987807273865
1.36065483093		4.26585483551
1.36515784264		1.52061653137
1.36965799332		2.28684806824
1.37416291237		3.83960723877
1.37865591049		0.774682998657
1.38315582275		3.85483074188
1.38765788078		2.35281467438
1.39215898514		1.45972442627
1.39668083191		4.28615283966
1.40116000175		1.01317882538
1.40566277504		3.03278160095
1.41016077995		3.23575687408
1.41467094421		0.906617164612
1.4191608429		4.22018527985
1.42366099358		1.76418685913
1.42828989029		1.95701313019
1.43278694153		4.06795406342
1.43728995323		0.820352554321
1.44178676605		3.58081436157
1.44632387161		2.77398777008
1.45079088211		1.20600509644
1.45529794693		4.31152439117
1.4597837925		1.21615409851
1.46428894997		2.66742610931
1.46879482269		3.54021930695
1.47329378128		0.800054550171
1.47779488564		4.07302856445
1.48229384422		1.9823846817
1.48680186272		1.78955841064
1.49129390717		4.15421867371
1.49579787254		0.860947608948
1.50029683113		3.42858314514
1.50480484962		2.89577293396
1.50929999352		1.09944343567
1.51380181313		4.3013753891
1.51829886436		1.34808731079
1.52279996872		2.49489688873
1.52730083466		3.66707897186
1.53180098534		0.774682998657
1.5363779068		3.91064834595
1.54092788696		2.33251667023
1.54543590546		1.47494697571
1.54992794991		4.27092933655
1.55443477631		1.00810432434
1.55893182755		3.05815315247
1.56342887878		3.20530986786
1.56792998314		0.92183971405
1.5724298954		4.23033428192
1.57693195343		1.64240169525
1.58143091202		2.15491390228
1.58593797684		3.94109535217
1.59043192863		0.78990650177
1.5949409008		3.72797107697
1.59943795204		2.51519489288
1.60393691063		1.35316181183
1.60843586922		4.3013753891
1.6129348278		1.09436893463
1.61743688583		2.88055038452
1.62193584442		3.35754108429
1.62644791603		0.850798606873
1.63093996048		4.16944217682
1.63543891907		1.78955841064
1.6399409771		1.99760818481
1.64444088936		4.04765701294
1.64893198013		0.810203552246
1.65343284607		3.6214094162
1.657943964		2.68264961243
1.66244077682		1.24152565002
1.66694498062		4.30644989014
1.67144393921		1.19585609436
1.6759519577		2.69787216187
1.68044495583		3.49962425232
1.68494582176		0.805129051208
1.68944478035		4.0933265686
1.69395279884		1.95701313019
1.69844698906		1.84030246735
1.702947855		4.13392162323
1.70744490623		0.850798606873
1.7119410038		3.47425174713
1.71645784378		2.86532688141
1.72094893456		1.11974048615
1.72545099258		4.30644989014
1.72995090485		1.31764125824
1.73445892334		2.52026939392
1.73895096779		3.63663196564
1.74345397949		0.774682998657
1.74795293808		4.00706195831
1.75245285034		2.10416984558
1.75695586205		1.67792224884
1.76145482063		4.21003723145
1.76596093178		0.911691665649
1.77045583725		3.29664897919
1.77496385574		3.0124835968
1.77945685387		1.02840232849
1.78395986557		4.28615283966
1.78845787048		1.44957542419
1.79295778275		2.36803817749
1.79745984077		3.76856613159
1.80195999146		0.76960849762
1.80646181107		3.90557384491
1.81095981598		2.27162456512
1.81546282768		1.54091453552
1.81996297836		4.26078033447
1.82446885109		0.987807273865
1.828966856		3.11397171021
1.83346295357		3.15964031219
1.83784484863		1.03347587585
1.84234189987		4.28615283966
1.84684181213		1.43435192108
1.85134077072		2.393409729
1.85584878922		3.76349163055
1.86034178734		0.76960849762
1.86484193802		3.91064834595
1.86934280396		2.25640106201
1.87385082245		1.54091453552
1.87834477425		4.25570678711
1.88284397125		0.967509269714
1.88734698296		3.13934326172
1.89184379578		3.13934326172
1.89637994766		0.931988716125
1.90084695816		4.24555778503
1.90536189079		1.59165763855
1.90984988213		2.22595500946
1.91435885429		3.89035129547
1.91884994507		0.774682998657
1.92334985733		3.79901218414
1.92785382271		2.43400478363
1.93235087395		1.41405487061
1.9368519783		4.28615283966
1.94135284424		1.05377388
1.94586277008		2.9515914917
1.95035290718		3.29157447815
1.954859972		0.876170158386
1.95934581757		4.20496273041
1.96384882927		1.71344280243
1.96835684776		2.06357479095
1.97285580635		3.99691295624
1.97735595703		0.800054550171
1.98185682297		3.67722702026
1.98643684387		2.71817016602
1.99098587036		1.1501865387
1.99548983574		4.30644989014
1.99998283386		1.27197170258
2.00448393822		2.59638500214
2.00897693634		3.57573986053
2.01348495483		0.774682998657
2.018242836		3.77871513367
2.02274394035		2.45430183411
2.0272397995		1.40898036957
2.03173184395		4.2912273407
2.03628277779		1.08421993256
2.0407409668		2.97188854218
2.04524898529		3.30172348022
2.04974079132		0.891393661499
2.05424690247		4.19481372833
2.05874300003		1.71344280243
2.06324291229		2.07372379303
2.06774687767		4.00198745728
2.07224297523		0.800054550171
2.07674884796		3.67215251923
2.08124494553		2.61160755157
2.08575296402		1.28212070465
2.09024596214		4.31152439117
2.09475398064		1.1501865387
2.09924793243		2.79428577423
2.10374879837		3.4336566925
2.10824894905		0.830501556396
2.11274886131		4.12884712219
2.11725091934		1.8707485199
2.12175178528		1.91641807556
2.12633681297		4.15929317474
2.13087677956		0.881244659424
2.13537788391		3.36769008636
2.1398768425		2.9515914917
2.14438486099		1.05884838104
2.14887881279		4.2912273407
2.15337991714		1.39375686646
2.15787982941		2.43907928467
2.16238188744		3.72289657593
2.16688299179		0.76960849762
2.17138195038		3.94109535217
2.1758878231		2.22088050842
2.180382967		1.59165763855
2.18489599228		4.24555778503
2.18938279152		0.952286720276
2.19388580322		3.19516181946
2.19838190079		3.09874820709
2.20288491249		0.97765827179
2.20738387108		4.26585483551
2.21187782288		1.52061653137
2.21644377708		2.1802854538
2.22101378441		3.9816904068
2.2255218029		0.800054550171
2.23001480103		3.69752502441
2.23452186584		2.57608699799
2.23901677132		1.30749225616
2.24351596832		4.31152439117
2.24801683426		1.12988948822
2.25251698494		2.81458282471
2.25701785088		3.40828514099
2.26151585579		0.83557510376
2.26602196693		4.14406967163
2.27050876617		1.83015346527
2.27501487732		1.92656707764
2.27952194214		4.08317756653
2.28402876854		0.830501556396
2.28852081299		3.55544185638
2.29302287102		2.73846721649
2.29752182961		1.19585609436
2.30202198029		4.31152439117
2.3065237999		1.23645114899
2.31102490425		2.6420545578
2.31552577019		3.56051635742
2.32002496719		0.794981002808
2.32453179359		4.05780601501
2.32902693748		2.00775718689
2.33352589607		1.6728477478
2.33815383911		4.240483284
2.34265494347		0.937063217163
2.34715485573		3.22053337097
2.35165286064		3.07845020294
2.35616183281		0.987807273865
2.36065387726		4.26585483551
2.36515498161		1.51554203033
2.36965584755		2.29699611664
2.37419080734		3.87512779236
2.37865781784		0.76960849762
2.38315796852		3.84975624084
2.38765883446		2.35281467438
2.39215779305		1.46987247467
2.39665985107		4.27600383759
2.40116000175		1.01317882538
2.40566086769		3.03785610199
2.41016292572		3.23575687408
2.41466879845		0.906617164612
2.4191608429		4.22018527985
2.42366290092		1.76418685913
2.42829179764		1.95701313019
2.4327878952		4.06287956238
2.43729090691		0.820352554321
2.44178986549		3.58588886261
2.44632077217		2.75876522064
2.45078992844		1.21107959747
2.45529294014		4.31152439117
2.4597837925		1.21615409851
2.46429395676		2.65727710724
2.46879291534		3.53007030487
2.47329378128		0.800054550171
2.47779583931		4.07302856445
2.48229598999		1.9823846817
2.48679590225		1.79970741272
2.49129581451		4.15421867371
2.49580478668		0.866022109985
2.50029778481		3.4235086441
2.5048058033		2.89069843292
2.50929784775		1.10451793671
2.51380085945		4.29630184174
2.51829981804		1.34808731079
2.52279996872		2.49489688873
2.52730298042		3.67215251923
2.53180193901		0.774682998657
2.53637695312		3.91064834595
2.54092788696		2.32744312286
2.54543685913		1.47494697571
2.54992699623		4.27092933655
2.55443787575		1.00810432434
2.5589299202		3.0632276535
2.56343078613		3.2103843689
2.56793093681		0.916765213013
2.57243084908		4.22525978088
2.5769329071		1.63732719421
2.58143281937		2.16506290436
2.58594179153		3.94109535217
2.59043478966		0.784832000732
2.59494185448		3.733045578
2.59943580627		2.50504589081
2.60394287109		1.34301376343
2.60843682289		4.29630184174
2.61293578148		1.09436893463
2.61743998528		2.88562393188
2.62193799019		3.35754108429
2.62644100189		0.85587310791
2.63093876839		4.16944217682
2.63544583321		1.79970741272
2.639939785		1.99760818481
2.64444184303		4.0425825119
2.64894199371		0.815278053284
2.65343999863		3.61633491516
2.65794277191		2.67757511139
2.66244387627		1.23137664795
2.66694688797		4.31152439117
2.67144393921		1.19585609436
2.67595291138		2.69279766083
2.6804459095		3.49962425232
2.68494796753		0.810203552246
2.68944692612		4.09840106964
2.69394779205		1.93671607971
2.69844985008		1.83522796631
2.70295000076		4.13392162323
2.70744681358		0.85587310791
2.71193981171		3.47932624817
2.71645998955		2.86025238037
2.72095179558		1.12481498718
2.72545289993		4.3013753891
2.72995495796		1.31764125824
2.73445892334		2.52534389496
2.73895287514		3.63663196564
2.74345898628		0.779757499695
2.74795389175		4.00706195831
2.75245499611		2.09909534454
2.75695586205		1.68299674988
2.76145577431		4.21003723145
2.76595592499		0.906617164612
2.77045583725		3.30172348022
2.77496385574		3.0124835968
2.77945685387		1.03347587585
2.78396081924		4.27600383759
2.78845977783		1.44957542419
2.79295897484		2.37311172485
2.79746294022		3.77364063263
2.80195999146		0.76960849762
2.80646300316		3.90050029755
2.81096196175		2.27162456512
2.81546998024		1.52569103241
2.81996297836		4.25570678711
2.82447385788		0.982732772827
2.82896590233		3.12919425964
2.83346295357		3.14949226379
2.83796787262		0.942137718201
2.84246683121		4.25063228607
2.84696888924		1.59165763855
2.85146689415		2.21073246002
2.8559679985		3.89035129547
2.86046791077		0.774682998657
2.86496782303		3.79393768311
2.86946988106		2.44415378571
2.87397789955		1.38868236542
2.878469944		4.2912273407
2.88297581673		1.06899738312
2.88747286797		2.94651699066
2.89197182655		3.30172348022
2.89647388458		0.876170158386
2.9009718895		4.19481372833
2.90547895432		1.73881530762
2.90997385979		2.04835224152
2.91448283195		4.01721096039
2.9189748764		0.800054550171
2.92347598076		3.5706653595
2.92810487747		2.80443382263
2.93260097504		1.15526103973
2.93710494041		4.30644989014
2.94160294533		1.28212070465
2.94611096382		2.56086444855
2.95060491562		3.60618591309
2.95511078835		0.784832000732
2.95959997177		4.03243350983
2.96409893036		2.05342674255
2.96860480309		1.7235918045
2.97310495377		4.19481372833
2.9776058197		0.891393661499
2.98210597038		3.34231853485
2.98660993576		2.96681404114
2.99110794067		1.05884838104
2.99561476707		4.28615283966
3.00010800362		1.41405487061
3.0046107769		2.41370677948
3.00910878181		3.733045578
3.0136179924		0.76960849762
3.018242836		3.79901218414
3.02275896072		2.45937633514
3.02724099159		1.41912937164
3.03173995018		4.28615283966
3.03627300262		1.06899738312
3.04074192047		2.97188854218
3.04524087906		3.28142547607
3.04974293709		0.886319160461
3.05425000191		4.18973922729
3.05874300003		1.72866630554
3.0632519722		2.05850028992
3.06774783134		3.99691295624
3.07224488258		0.794981002808
3.07674789429		3.6823015213
3.0812458992		2.5913105011
3.08574581146		1.28719520569
3.09024691582		4.30644989014
3.09475588799		1.15526103973
3.09924983978		2.79936027527
3.10375189781		3.42858314514
3.10824894905		0.825427055359
3.11274981499		4.13392162323
3.11725091934		1.86059951782
3.12175297737		1.91134357452
3.12632989883		4.15421867371
3.13087677956		0.886319160461
3.13538479805		3.35246753693
3.13988089561		2.94144248962
3.14438390732		1.05884838104
3.14887976646		4.29630184174
3.15337991714		1.39883136749
3.15788292885		2.42385578156
3.16238689423		3.72289657593
3.1668817997		0.774682998657
3.17138195038		3.94616889954
3.17588376999		2.21073246002
3.180382967		1.59165763855
3.18489098549		4.24555778503
3.18938398361		0.942137718201
3.19388580322		3.19008731842
3.19838500023		3.10382270813
3.20288586617		0.982732772827
3.20738482475		4.26078033447
3.21187877655		1.52061653137
3.21643781662		2.19550895691
3.22101593018		3.9816904068
3.22552084923		0.794981002808
3.23001480103		3.69752502441
3.23452186584		2.58116149902
3.23901486397		1.3125667572
3.24351477623		4.30644989014
3.24801588058		1.12988948822
3.25251579285		2.81458282471
3.25701785088		3.40828514099
3.26151585579		0.83557510376
3.26601982117		4.13899612427
3.27051281929		1.83015346527
3.27501583099		1.93164157867
3.27952384949		4.07810306549
3.28403091431		0.825427055359
3.28852081299		3.56051635742
3.29302096367		2.73339271545
3.29752397537		1.19078159332
3.30203199387		4.30644989014
3.30652499199		1.24660015106
3.31102490425		2.6420545578
3.31553196907		3.55544185638
3.32002496719		0.78990650177
3.3245279789		4.06287956238
3.32902598381		1.99760818481
3.33352684975		1.66269874573
3.33815383911		4.23540878296
3.34265398979		0.942137718201
3.3471558094		3.21545886993
3.35165381432		3.07337665558
3.35616183281		0.982732772827
3.36065578461		4.26585483551
3.36515879631		1.51554203033
3.36965799332		2.28684806824
3.37416481972		3.83453273773
3.37865781784		0.774682998657
3.38315987587		3.84975624084
3.38766098022		2.35788917542
3.39215993881		1.46479797363
3.39666199684		4.27600383759
3.40116095543		1.01317882538
3.40566492081		3.03278160095
3.41016197205		3.23068237305
3.41466999054		0.911691665649
3.41916298866		4.22018527985
3.42366290092		1.75911235809
3.42828989029		1.95701313019
3.43278980255		4.06287956238
3.43729281425		0.820352554321
3.44180989265		3.54529380798
3.4463288784		2.77398777008
3.45079278946		1.2009305954
3.45529985428		4.31152439117
3.4597837925		1.21615409851
3.46428894997		2.67250061035
3.46879482269		3.53514480591
3.47329497337		0.78990650177
3.47779798508		4.07302856445
3.48229789734		1.9823846817
3.48679995537		1.79463291168
3.49129581451		4.14914417267
3.49579882622		0.860947608948
3.50029683113		3.4336566925
3.5048058033		2.89069843292
3.50929999352		1.09944343567
3.51380181313		4.3013753891
3.51829886436		1.34301376343
3.52279996872		2.49997138977
3.52730488777		3.66707897186
3.53180193901		0.76960849762
3.53637981415		3.90557384491
3.54092788696		2.33251667023
3.54543590546		1.47494697571
3.54992985725		4.27092933655
3.55443692207		1.00810432434
3.55893182755		3.05815315247
3.56343197823		3.20023536682
3.56793093681		0.916765213013
3.57243299484		4.23033428192
3.57693386078		1.63732719421
3.58143997192		2.14476490021
3.58594179153		3.94109535217
3.59043478966		0.784832000732
3.5949409008		3.73812007904
3.59943699837		2.49997138977
3.60393881798		1.34808731079
3.60843682289		4.3013753891
3.61293792725		1.08929443359
3.61743879318		2.88055038452
3.6219367981		3.34739303589
3.62644100189		0.85587310791
3.63093996048		4.16944217682
3.63544893265		1.78955841064
3.6399409771		1.99760818481
3.64444184303		4.0425825119
3.64894199371		0.810203552246
3.65344190598		3.61126041412
3.65794587135		2.67250061035
3.66244482994		1.23645114899
3.6669459343		4.31152439117
3.67144393921		1.19585609436
3.6759519577		2.7029466629
3.68044495583		3.48947525024
3.68494796753		0.805129051208
3.68944787979		4.08825206757
3.69394898415		1.94178962708
3.69844698906		1.84537696838
3.702947855		4.13392162323
3.70744681358		0.845724105835
3.71194386482		3.47425174713
3.71645998955		2.86532688141
3.72095680237		1.11466598511
3.72545385361		4.3013753891
3.72995281219		1.31764125824
3.73445987701		2.52534389496
3.73895382881		3.63663196564
3.74345493317		0.76960849762
3.74795389175		4.00706195831
3.75245594978		2.10416984558
3.75695991516		1.67792224884
3.7614569664		4.20496273041
3.76595687866		0.906617164612
3.77045798302		3.29664897919
3.77496480942		3.0124835968
3.77945780754		1.02840232849
3.78395986557		4.28615283966
3.78845977783		1.44957542419
3.79295992851		2.37311172485
3.79746198654		3.76349163055
3.80196285248		0.76960849762
3.80646395683		3.90050029755
3.81096196175		2.26147556305
3.81546282768		1.53584003448
3.81996393204		4.25570678711
3.82447099686		0.982732772827
3.82896399498		3.12919425964
3.83346486092		3.14949226379
3.83796882629		0.942137718201
3.84246587753		4.24555778503
3.84696793556		1.58150959015
3.8514688015		2.21073246002
3.85597586632		3.90050029755
3.86047387123		0.774682998657
3.86497092247		3.7837896347
3.86947083473		2.43907928467
3.87397694588		1.39375686646
3.878469944		4.2912273407
3.8829729557		1.05884838104
3.88747286797		2.94144248962
3.89197182655		3.29664897919
3.89647579193		0.876170158386
3.90097284317		4.19481372833
3.90548276901		1.73881530762
3.90997576714		2.05342674255
3.91448497772		4.01213645935
3.9189748764		0.794981002808
3.92347693443		3.5706653595
3.92810583115		2.80950832367
3.93260383606		1.1501865387
3.93710494041		4.30644989014
3.94162583351		1.31764125824
3.94611382484		2.56593894958
3.95060586929		3.60618591309
3.95511293411		0.774682998657
3.95959997177		4.03750801086
3.96410083771		2.06357479095
3.96860694885		1.71851730347
3.97310781479		4.18973922729
3.97760796547		0.891393661499
3.98210787773		3.34739303589
3.98660778999		2.9617395401
3.99110889435		1.05884838104
3.99561595917		4.2912273407
4.00011587143		1.42927742004
4.0046107769		2.40863323212
4.00910782814		3.72797107697
4.0136179924		0.774682998657
4.01824092865		3.80408668518
4.02274179459		2.41878128052
4.02724099159		1.41912937164
4.03174185753		4.2912273407
4.03627181053		1.06899738312
4.04074287415		2.96681404114
4.04524183273		3.27635097504
4.04974293709		0.891393661499
4.05425000191		4.19481372833
4.05874300003		1.70329380035
4.06324481964		2.06864929199
4.06774783134		3.99691295624
4.07224488258		0.794981002808
4.07674789429		3.67215251923
4.08124494553		2.58623600006
4.08574795723		1.29226970673
4.09024882317		4.30644989014
4.09475684166		1.14511299133
4.09924793243		2.79428577423
4.10375094414		3.42858314514
4.10824894905		0.830501556396
4.11275076866		4.13392162323
4.11725187302		1.86567401886
4.1217508316		1.91641807556
4.12633180618		4.15421867371
4.13087797165		0.881244659424
4.13538479805		3.35246753693
4.1398859024		2.9515914917
4.14438676834		1.05884838104
4.14887976646		4.2912273407
4.15338087082		1.39883136749
4.15788078308		2.43907928467
4.16238284111		3.72289657593
4.16688394547		0.764533996582
4.17138290405		3.94109535217
4.17589092255		2.21580600739
4.18038487434		1.59165763855
4.18489289284		4.240483284
4.18938398361		0.952286720276
4.19388699532		3.19008731842
4.19838500023		3.09874820709
4.20288681984		0.972583770752
4.20738577843		4.26078033447
4.21187877655		1.52061653137
4.21643686295		2.20058345795
4.22101378441		3.97154140472
4.225522995		0.794981002808
4.23001480103		3.70259952545
4.23452496529		2.58116149902
4.23901581764		1.30749225616
4.24351787567		4.30644989014
4.24801683426		1.12988948822
4.25251793861		2.81458282471
4.25701999664		3.40828514099
4.26151895523		0.83557510376
4.26602196693		4.14406967163
4.27051281929		1.82507896423
4.27501893044		1.92656707764
4.27952980995		4.0933265686
4.28403091431		0.830501556396
4.28852391243		3.55544185638
4.29302382469		2.73846721649
4.29752492905		1.19078159332
4.30202293396		4.30644989014
4.30652594566		1.23645114899
4.31102585793		2.6420545578
4.31553387642		3.56051635742
4.32002592087		0.794981002808
4.3245279789		4.05780601501
4.32902789116		1.99760818481
4.33352780342		1.6728477478
4.33815693855		4.23540878296
4.34265494347		0.931988716125
4.34715795517		3.21545886993
4.35165596008		3.07845020294
4.35616397858		0.987807273865
4.3606569767		4.26585483551
4.36515879631		1.51554203033
4.36965799332		2.2919216156
4.37416577339		3.83960723877
4.37865877151		0.76960849762
4.38315987587		3.84975624084
4.3876619339		2.35788917542
4.39216089249		1.46987247467
4.39666199684		4.27600383759
4.40116095543		1.01317882538
4.40566396713		3.04292964935
4.41016483307		3.22560787201
4.41466879845		0.901542663574
4.41917085648		4.21511173248
4.42366480827		1.75911235809
4.42829179764		1.96208763123
4.43278980255		4.06287956238
4.43729186058		0.815278053284
4.44179391861		3.58081436157
4.44632387161		2.75876522064
4.45079398155		1.20600509644
4.45530295372		4.31152439117
4.45978593826		1.24152565002
4.46431088448		2.62683105469
4.46879577637		3.53007030487
4.47329592705		0.794981002808
4.47779679298		4.07810306549
4.48229598999		1.97731018066
4.48679995537		1.79463291168
4.49129986763		4.15421867371
4.49580597878		0.866022109985
4.50029993057		3.4235086441
4.50480079651		2.88055038452
4.50930190086		1.09944343567
4.51380681992		4.3013753891
4.51830291748		1.34301376343
4.52280282974		2.49489688873
4.52730584145		3.67215251923
4.53180384636		0.774682998657
4.53638386726		3.90050029755
4.54092979431		2.32236862183
4.54543995857		1.48002147675
4.54993081093		4.27092933655
4.55444478989		1.00810432434
4.5589389801		3.04800415039
4.56343197823		3.20530986786
4.56793284416		0.92183971405
4.57243299484		4.23033428192
4.57693696022		1.63732719421
4.58143377304		2.15491390228
4.5859348774		3.9309463501
4.59043598175		0.779757499695
4.59494495392		3.733045578
4.59943985939		2.51012039185
4.60393881798		1.35316181183
4.60843896866		4.29630184174
4.61293792725		1.08421993256
4.61743998528		2.88562393188
4.62193989754		3.35246753693
4.62644100189		0.85587310791
4.63093996048		4.17451667786
4.63544297218		1.78448390961
4.63994193077		2.00268268585
4.64445090294		4.0425825119
4.64894199371		0.810203552246
4.65344285965		3.61126041412
4.657943964		2.67250061035
4.66244387627		1.23137664795
4.6669459343		4.31152439117
4.67144584656		1.19585609436
4.67595481873		2.69279766083
4.68044686317		3.48947525024
4.68494796753		0.805129051208
4.68944787979		4.09840106964
4.69394898415		1.93671607971
4.69846081734		1.8200044632
4.70295000076		4.12884712219
4.70744776726		0.850798606873
4.71194195747		3.48440074921
4.71645879745		2.8501033783
4.72095298767		1.12481498718
4.72545385361		4.30644989014
4.72995281219		1.31764125824
4.73446178436		2.52534389496
4.73895382881		3.62648391724
4.74345493317		0.779757499695
4.74795389175		4.00706195831
4.75245594978		2.09909534454
4.75695776939		1.68299674988
4.76145887375		4.21003723145
4.76595878601		0.901542663574
4.77045989037		3.29157447815
4.77496480942		3.01755809784
4.77945995331		1.03347587585
4.78396081924		4.28107833862
4.78845977783		1.43942642212
4.79296088219		2.37311172485
4.79746389389		3.77364063263
4.8019618988		0.764533996582
4.80646491051		3.90050029755
4.81096386909		2.27162456512
4.81547093391		1.53076553345
4.81996393204		4.25570678711
4.82446980476		0.972583770752
4.82896494865		3.12919425964
4.83346486092		3.15456676483
4.83800196648		0.911691665649
4.84259796143		4.17959117889
4.84711098671		1.76926136017
4.85159683228		2.0331287384
4.85609793663		4.01721096039
4.86059784889		0.805129051208
4.86509895325		3.64170646667
4.86959791183		2.63190555573
4.87412285805		1.23137664795
4.87859988213		4.30644989014
4.88309979439		1.17048454285
4.88760185242		2.71817016602
4.89210295677		3.45902919769
4.89660286903		0.815278053284
4.90110182762		4.11362361908
4.90560388565		1.90119457245
4.91010284424		1.86567401886
4.91461396217		4.11869812012
4.91911888123		0.845724105835
4.92360496521		3.37783908844
4.9282310009		2.98203754425
4.93273091316		1.03855037689
4.93723487854		4.28107833862
4.94173192978		1.42927742004
4.9462659359		2.34774017334
4.9507329464		3.74826812744
4.95524382591		0.76960849762
4.95973396301		3.92079734802
4.96423578262		2.25132751465
4.9687359333		1.55106258392
4.97323489189		4.25063228607
4.97774481773		0.972583770752
4.98223590851		3.14441776276
4.98673987389		3.13934326172
4.99125385284		0.947212219238
4.99574494362		4.24555778503
