0.00012993812561		2.19550895691
0.00330495834351		3.02263259888
0.0065610408783		2.12954235077
0.0098090171814		2.76891326904
0.0130560398102		2.47967433929
0.0163059234619		2.36803817749
0.0195589065552		2.86025238037
0.0228049755096		2.06864929199
0.0260548591614		3.04800415039
0.0293128490448		2.0331287384
0.032557964325		2.92621898651
0.0358078479767		2.2817735672
0.0390610694885		2.58623600006
0.0423099994659		2.66742610931
0.0455560684204		2.20058345795
0.048810005188		2.98203754425
0.0520579814911		2.00775718689
0.0553109645844		3.02770709991
0.0585680007935		2.12446784973
0.0618159770966		2.76891326904
0.0650980472565		2.4898223877
0.0683598518372		2.35788917542
0.0715680122375		2.8501033783
0.0748178958893		2.07372379303
0.0780689716339		3.04800415039
0.0813179016113		2.02805423737
0.0845708847046		2.93129348755
0.0878260135651		2.27669906616
0.0910708904266		2.58623600006
0.0943200588226		2.66235160828
0.0975759029388		2.20058345795
0.100821971893		2.97696304321
0.104073047638		2.00775718689
0.107328891754		3.02770709991
0.11057305336		2.11431884766
0.113822937012		2.78413677216
0.117084980011		2.46952533722
0.120324850082		2.393409729
0.123573064804		2.8399553299
0.126824855804		2.05342674255
0.130200862885		3.05307865143
0.133450031281		2.04835224152
0.136702060699		2.89069843292
0.139950037003		2.32744312286
0.143199920654		2.52534389496
0.146453857422		2.72831821442
0.149703979492		2.15998840332
0.15295290947		3.00740909576
0.156200885773		2.00268268585
0.159455060959		3.00740909576
0.162703990936		2.15491390228
0.165960073471		2.72324466705
0.169208049774		2.52534389496
0.17245388031		2.33251667023
0.175705909729		2.88562393188
0.178956031799		2.04835224152
0.182205915451		3.04800415039
0.185456037521		2.04327774048
0.18870806694		2.89069843292
0.191959857941		2.32744312286
0.195208072662		2.53549194336
0.198463916779		2.71309566498
0.201708078384		2.1701374054
0.20495891571		3.00233459473
0.208250045776		2.00268268585
0.211458921432		3.00740909576
0.214709043503		2.14476490021
0.217967033386		2.73339271545
0.221210956573		2.51519489288
0.224461078644		2.3426656723
0.227710962296		2.88055038452
0.23096203804		2.04835224152
0.234212875366		3.05307865143
0.23747587204		2.04327774048
0.240711927414		2.900847435
0.243963003159		2.30714511871
0.247220039368		2.5405664444
0.250465869904		2.70802116394
0.253712892532		2.17521095276
0.257037878036		3.0124835968
0.260215997696		2.00268268585
0.263464927673		3.0124835968
0.266722917557		2.15998840332
0.269967079163		2.74354171753
0.273216962814		2.50504589081
0.276468038559		2.34774017334
0.279720067978		2.87547588348
0.282968044281		2.05342674255
0.286216020584		3.05307865143
0.289470911026		2.03820323944
0.292717933655		2.91099643707
0.295969963074		2.29699611664
0.299219846725		2.55578994751
0.302469015121		2.69279766083
0.30572104454		2.18535995483
0.308974027634		2.99726104736
0.312223911285		2.00775718689
0.315470933914		3.01755809784
0.318722963333		2.12954235077
0.321969985962		2.75876522064
0.325222969055		2.49489688873
0.32847905159		2.35788917542
0.331722021103		2.86025238037
0.334972858429		2.05850028992
0.33830499649		3.04800415039
0.341476917267		2.0331287384
0.344725847244		2.92114448547
0.347977876663		2.2919216156
0.351227998734		2.56593894958
0.354476928711		2.68264961243
0.357735872269		2.17521095276
0.360977888107		2.99218654633
0.364228010178		2.00775718689
0.3674929142		3.01755809784
0.370728969574		2.12954235077
0.373977899551		2.76383876801
0.377238988876		2.4898223877
0.380477905273		2.37311172485
0.383730888367		2.86025238037
0.386987924576		2.05850028992
0.390233039856		3.04800415039
0.393481969833		2.0331287384
0.396731853485		2.92621898651
0.399986028671		2.28684806824
0.4032330513		2.57101249695
0.406482934952		2.67757511139
0.409736871719		2.19043445587
0.412986040115		2.98711204529
0.416233062744		2.00775718689
0.419487953186		3.02263259888
0.422736883163		2.12446784973
0.425986051559		2.76383876801
0.429240942001		2.47967433929
0.432487010956		2.38326072693
0.435736894608		2.85517787933
0.438987016678		2.06864929199
0.44223690033		3.04800415039
0.445488929749		2.02805423737
0.448739051819		2.93129348755
0.451991081238		2.27669906616
0.455240011215		2.58116149902
0.458498001099		2.67250061035
0.461740016937		2.20058345795
0.464989900589		2.98203754425
0.468329906464		2.00775718689
0.471618890762		3.00233459473
0.474866867065		2.15998840332
0.47811794281		2.71309566498
0.481369972229		2.53549194336
0.484637975693		2.31221961975
0.487869024277		2.89577293396
0.491121053696		2.04327774048
0.494370937347		3.05307865143
0.497627019882		2.04835224152
0.500869989395		2.89069843292
0.504122018814		2.33251667023
0.507371902466		2.52026939392
0.510622024536		2.72831821442
0.513871908188		2.15491390228
0.517129898071		3.0124835968
0.5203769207		2.00775718689
0.523622989655		3.00740909576
0.526871919632		2.20058345795
0.530255079269		2.64712810516
0.53350186348		2.59638500214
0.536750078201		2.24117851257
0.540003061295		2.93636798859
0.543251991272		2.02297973633
0.546501874924		3.04292964935
0.549754858017		2.07372379303
0.553004026413		2.84502887726
0.556253910065		2.393409729
0.559505939484		2.46445083618
0.562753915787		2.77906227112
0.566005945206		2.11431884766
0.56926202774		3.02770709991
0.572504043579		2.01283168793
0.575754880905		2.97696304321
0.57900595665		2.20058345795
0.582257032394		2.66742610931
0.585506916046		2.58623600006
0.588758945465		2.27162456512
0.592006921768		2.93129348755
0.595257997513		2.02805423737
0.598509073257		3.03785610199
0.601758003235		2.07372379303
0.605010032654		2.85517787933
0.608294963837		2.40355873108
0.611508846283		2.47967433929
0.614760875702		2.76891326904
0.618016004562		2.11431884766
0.621262073517		3.02770709991
0.624511957169		2.00775718689
0.627763032913		2.98203754425
0.631012916565		2.19550895691
0.634260892868		2.67757511139
0.637521028519		2.57608699799
0.640763998032		2.2817735672
0.644012928009		2.92621898651
0.647264957428		2.02297973633
0.650512933731		3.04800415039
0.653763055801		2.06357479095
0.657027006149		2.8501033783
0.660265922546		2.37311172485
0.663514852524		2.48474884033
0.666766881943		2.80443382263
0.670037031174		2.11939334869
0.673269987106		3.02263259888
0.676517963409		2.00775718689
0.679769992828		2.99218654633
0.683017969131		2.18535995483
0.68626999855		2.67757511139
0.689522027969		2.56593894958
0.692770004272		2.28684806824
0.69601893425		2.92114448547
0.699270009995		2.0331287384
0.702520847321		3.05307865143
0.70577287674		2.05850028992
0.709022045135		2.86532688141
0.712270021439		2.35788917542
0.715523004532		2.49489688873
0.718775033951		2.75876522064
0.722023010254		2.13461589813
0.725275039673		3.01755809784
0.728524923325		2.00775718689
0.731773853302		2.99726104736
0.735024929047		2.17521095276
0.738353967667		2.6420545578
0.741527080536		2.56086444855
0.744777917862		2.29699611664
0.748025894165		2.91099643707
0.751277923584		2.0331287384
0.754528045654		3.04800415039
0.757785081863		2.05342674255
0.761033058167		2.87040138245
0.76428103447		2.35281467438
0.767534971237		2.49997138977
0.770784854889		2.74861621857
0.774033069611		2.13969039917
0.777281045914		3.01755809784
0.78053188324		2.00268268585
0.78378200531		2.99726104736
0.787039041519		2.17521095276
0.790282011032		2.69787216187
0.793531894684		2.55071544647
0.796784877777		2.27669906616
0.800034999847		2.91099643707
0.803284883499		2.03820323944
0.806534051895		3.04800415039
0.809786081314		2.05342674255
0.813035011292		2.87547588348
0.816283941269		2.34774017334
0.819535970688		2.51012039185
0.822788953781		2.74354171753
0.826039075851		2.14476490021
0.829288959503		3.0124835968
0.832537889481		2.00775718689
0.835788011551		3.00233459473
0.839038848877		2.1701374054
0.842288017273		2.70802116394
0.845538854599		2.5405664444
0.848790884018		2.31729412079
0.852038860321		2.900847435
0.855289936066		2.04327774048
0.85854101181		3.04800415039
0.861790895462		2.04835224152
0.865041017532		2.88562393188
0.868376016617		2.37818622589
0.871672868729		2.44415378571
0.874917984009		2.80443382263
0.878175020218		2.10416984558
0.881418943405		3.03278160095
0.884667873383		2.01283168793
0.887919902802		2.97188854218
0.891170024872		2.21580600739
0.894420862198		2.6522026062
0.897677898407		2.60145950317
0.900919914246		2.26147556305
0.904172897339		2.94144248962
0.907428979874		2.02297973633
0.910672903061		3.04292964935
0.913923025131		2.07879829407
0.917177915573		2.83488082886
0.920425891876		2.393409729
0.923671960831		2.46445083618
0.92692399025		2.82473182678
0.930176973343		2.11431884766
0.933424949646		3.02770709991
0.936675071716		2.01283168793
0.939925909042		2.97696304321
0.943176031113		2.20565795898
0.946425914764		2.66235160828
0.949678897858		2.5913105011
0.952928066254		2.27162456512
0.956176996231		2.93636798859
0.959430932999		2.02805423737
0.962678909302		3.04800415039
0.965929985046		2.06864929199
0.969179868698		2.84502887726
0.972434997559		2.38833522797
0.975677967072		2.46952533722
0.978934049606		2.78413677216
0.982183933258		2.11939334869
0.985434055328		3.02770709991
0.988682985306		2.00775718689
0.991930961609		2.98203754425
0.995182991028		2.19550895691
0.998440027237		2.66235160828
1.00168204308		2.58116149902
1.00493407249		2.27162456512
1.00823998451		2.9515914917
1.01143598557		2.02805423737
1.01468491554		3.04800415039
1.01794099808		2.06864929199
1.02118706703		2.85517787933
1.02443599701		2.37818622589
1.02768707275		2.47967433929
1.03093600273		2.76891326904
1.03418803215		2.12954235077
1.03744506836		3.02263259888
1.04068803787		2.01283168793
1.04393792152		2.98711204529
1.04718995094		2.19043445587
1.05043888092		2.68264961243
1.05368995667		2.57101249695
1.05694198608		2.26147556305
1.06019186974		2.92114448547
1.06344199181		2.02805423737
1.06669306755		3.04800415039
1.06994199753		2.06357479095
1.07319688797		2.85517787933
1.07644295692		2.36803817749
1.07969594002		2.48474884033
1.08294200897		2.75876522064
1.08619499207		2.13461589813
1.08944606781		3.01755809784
1.09269595146		2.00775718689
1.09594607353		2.98711204529
1.09919786453		2.18535995483
1.10244703293		2.68772315979
1.10569596291		2.56593894958
1.108948946		2.2919216156
1.11219906807		2.91099643707
1.11544895172		2.0331287384
1.11870002747		3.04800415039
1.12194800377		2.05850028992
1.12519788742		2.86532688141
1.12845897675		2.36296367645
1.13170003891		2.49489688873
1.13494992256		2.7536907196
1.13827705383		2.10924434662
1.14145302773		3.02263259888
1.14470100403		2.00775718689
1.14795207977		2.99218654633
1.15120100975		2.1802854538
1.15445494652		2.69279766083
1.15771007538		2.55578994751
1.16095590591		2.30207061768
1.16420292854		2.90592193604
1.16746091843		2.0331287384
1.17070293427		3.04800415039
1.17396092415		2.05850028992
1.17721104622		2.87040138245
1.18045687675		2.34774017334
1.18370485306		2.50504589081
1.18698906898		2.75876522064
1.19020700455		2.14476490021
1.1934568882		3.01755809784
1.19670796394		2.00775718689
1.19995903969		2.99218654633
1.20320796967		2.16506290436
1.20645904541		2.70802116394
1.20970988274		2.54564094543
1.21295905113		2.31221961975
1.21620988846		2.900847435
1.21946191788		2.04327774048
1.22271203995		3.04800415039
1.2259619236		2.05342674255
1.22921490669		2.88562393188
1.23246407509		2.33759117126
1.23571491241		2.51519489288
1.23896503448		2.73339271545
1.24221491814		2.14983940125
1.24546504021		3.0124835968
1.24871397018		2.00268268585
1.25196504593		3.00233459473
1.25521397591		2.15998840332
1.25847101212		2.71309566498
1.26171588898		2.53549194336
1.26496601105		2.32236862183
1.26829886436		2.93129348755
1.27159285545		2.01283168793
1.27484893799		3.04292964935
1.27809405327		2.07879829407
1.28134393692		2.82980632782
1.2845928669		2.39848423004
1.28784489632		2.45430183411
1.29109597206		2.78921127319
1.29434490204		2.11431884766
1.29760193825		3.03785610199
1.3008480072		2.01790523529
1.30409598351		2.97188854218
1.3073489666		2.21073246002
1.31059789658		2.65727710724
1.31384801865		2.59638500214
1.31710505486		2.25640106201
1.32035493851		2.94144248962
1.32359790802		2.02297973633
1.32684993744		3.03278160095
1.33010101318		2.07879829407
1.33335185051		2.8399553299
1.33660197258		2.393409729
1.33984994888		2.46445083618
1.34310007095		2.77906227112
1.34635305405		2.11939334869
1.34960484505		3.02770709991
1.352850914		2.01283168793
1.35610389709		2.97696304321
1.35935401917		2.20058345795
1.36260390282		2.66235160828
1.36585307121		2.58623600006
1.36910605431		2.27162456512
1.37235593796		2.93129348755
1.37561106682		2.02297973633
1.37885499001		3.04292964935
1.38210701942		2.07372379303
1.3853559494		2.8501033783
1.38860797882		2.38326072693
1.39185786247		2.47459983826
1.39510703087		2.76891326904
1.39836502075		2.11939334869
1.40160799026		3.02770709991
1.40485787392		2.01283168793
1.40811705589		2.98203754425
1.41136097908		2.19043445587
1.41460990906		2.66742610931
1.41786599159		2.58116149902
1.42111206055		2.2817735672
1.42436385155		2.92114448547
1.42761802673		2.02805423737
1.4308578968		3.04292964935
1.43410396576		2.06357479095
1.4373588562		2.86025238037
1.44061207771		2.36803817749
1.44386291504		2.48474884033
1.44711399078		2.76383876801
1.4503660202		2.12954235077
1.45361399651		3.01755809784
1.45686507225		2.00775718689
1.46011590958		2.98711204529
1.46336507797		2.18535995483
1.46661806107		2.68264961243
1.46986699104		2.56593894958
1.47311687469		2.2919216156
1.47637104988		2.92114448547
1.47961997986		2.02805423737
1.48286986351		3.04292964935
1.48611903191		2.05850028992
1.48936891556		2.86025238037
1.4926199913		2.36296367645
1.49586892128		2.49489688873
1.49912285805		2.75876522064
1.50237107277		2.13461589813
1.50562691689		3.02263259888
1.50887203217		2.01283168793
1.51212096214		2.99218654633
1.51537203789		2.1802854538
1.51862406731		2.68772315979
1.52187299728		2.55071544647
1.52512407303		2.30207061768
1.52843904495		2.94144248962
1.5316259861		2.0331287384
1.53487300873		3.04800415039
1.53813195229		2.05850028992
1.54137706757		2.86532688141
1.54462599754		2.35281467438
1.54787707329		2.49997138977
1.55112791061		2.74861621857
1.55437707901		2.13969039917
1.5576338768		3.01755809784
1.56087899208		2.00775718689
1.56412696838		2.99726104736
1.56738400459		2.17521095276
1.57062792778		2.69787216187
1.57387804985		2.54564094543
1.57714104652		2.29699611664
1.58037996292		2.90592193604
1.58363199234		2.04327774048
1.58687996864		3.04800415039
1.59013104439		2.05342674255
1.59338092804		2.87547588348
1.59663391113		2.34774017334
1.59988188744		2.51012039185
1.60313200951		2.73846721649
1.60638189316		2.14476490021
1.60963392258		3.0124835968
1.61288285255		2.00775718689
1.61613297462		3.00233459473
1.61938500404		2.1701374054
1.62263393402		2.70802116394
1.62588500977		2.53549194336
1.62913703918		2.31221961975
1.63238501549		2.900847435
1.63563704491		2.04327774048
1.63888692856		3.04800415039
1.64213705063		2.04835224152
1.64538908005		2.88562393188
1.6486389637		2.33759117126
1.65188789368		2.52534389496
1.65514206886		2.73339271545
1.65839600563		2.14983940125
1.66163992882		3.00740909576
1.66489100456		2.00775718689
1.66814303398		3.00740909576
1.67139101028		2.15998840332
1.67464184761		2.71309566498
1.67790102959		2.53549194336
1.68114304543		2.32236862183
1.6843919754		2.89577293396
1.68764400482		2.04835224152
1.69089508057		3.04800415039
1.69414401054		2.04327774048
1.69740104675		2.88562393188
1.70064496994		2.33251667023
1.70389485359		2.53041744232
1.70715308189		2.72324466705
1.71039700508		2.15998840332
1.71367096901		3.0124835968
1.7168970108		2.00775718689
1.72014904022		3.00740909576
1.72339701653		2.15491390228
1.72664904594		2.72324466705
1.72989702225		2.51519489288
1.73314905167		2.33251667023
1.73639893532		2.88562393188
1.73965096474		2.04835224152
1.74289894104		3.04800415039
1.74615192413		2.04327774048
1.74940395355		2.89577293396
1.75265097618		2.31729412079
1.75590085983		2.53549194336
1.75915503502		2.71817016602
1.762403965		2.1701374054
1.76565289497		2.99726104736
1.76890397072		2.01283168793
1.77215504646		3.0124835968
1.77540397644		2.14983940125
1.77866196632		2.73339271545
1.7819070816		2.51012039185
1.78515505791		2.3426656723
1.7884118557		2.88055038452
1.79165697098		2.05342674255
1.79490995407		3.05307865143
1.79816699028		2.04327774048
1.80140995979		2.90592193604
1.80465698242		2.30207061768
1.80791687965		2.5405664444
1.81115889549		2.70802116394
1.81440901756		2.17521095276
1.81766700745		2.99726104736
1.82090997696		2.00775718689
1.8241610527		3.0124835968
1.82741904259		2.13969039917
1.8306620121		2.74354171753
1.83391189575		2.49997138977
1.83716988564		2.34774017334
1.84041285515		2.87547588348
1.84366297722		2.05850028992
1.84691405296		3.04800415039
1.85029006004		2.06357479095
1.8535399437		2.85517787933
1.85679006577		2.38833522797
1.86004185677		2.48474884033
1.86329293251		2.76383876801
1.86654305458		2.13461589813
1.86979293823		3.02263259888
1.8730430603		2.00268268585
1.87629199028		2.99218654633
1.87954998016		2.19043445587
1.88279294968		2.68772315979
1.88604402542		2.56086444855
1.88929486275		2.2919216156
1.89254307747		2.91099643707
1.89579606056		2.0331287384
1.89904594421		3.04800415039
1.90229392052		2.05850028992
1.90554499626		2.87040138245
1.90879702568		2.36296367645
1.91204690933		2.49997138977
1.91529607773		2.7536907196
1.91854786873		2.13969039917
1.92179703712		3.01755809784
1.92504906654		2.00268268585
1.92837786674		2.97188854218
1.93154907227		2.17521095276
1.93479895592		2.69787216187
1.93805789948		2.56086444855
1.94130086899		2.29699611664
1.94455289841		2.91099643707
1.94780993462		2.0331287384
1.95105099678		3.04800415039
1.95430088043		2.05850028992
1.95755887032		2.87040138245
1.96080207825		2.34774017334
1.96405100822		2.50504589081
1.96730995178		2.74861621857
1.97055506706		2.14983940125
1.97380590439		3.01755809784
1.97706103325		2.00775718689
1.9803109169		2.99726104736
1.98355603218		2.1701374054
1.98680901527		2.67757511139
1.99005889893		2.55071544647
1.99330687523		2.31729412079
1.9965569973		2.900847435
1.99980998039		2.03820323944
2.00305891037		3.05307865143
2.00630998611		2.04835224152
2.00955986977		2.88055038452
2.01280903816		2.33759117126
2.01605796814		2.51012039185
2.01931095123		2.73846721649
2.02255988121		2.14983940125
2.02581000328		3.0124835968
2.02906298637		2.00775718689
2.03231096268		2.99726104736
2.03556394577		2.16506290436
2.03881406784		2.71309566498
2.04206085205		2.53549194336
2.04531288147		2.32236862183
2.04856395721		2.89577293396
2.05181503296		2.03820323944
2.05506396294		3.05307865143
2.05835199356		2.05850028992
2.06156587601		2.88562393188
2.0648150444		2.33251667023
2.06806707382		2.52534389496
2.07131791115		2.72324466705
2.07456707954		2.15998840332
2.0778169632		3.00740909576
2.08107304573		2.00775718689
2.08431792259		3.00233459473
2.08756995201		2.15491390228
2.09081792831		2.72324466705
2.09406995773		2.53041744232
2.09732604027		2.32744312286
2.10057091713		2.88562393188
2.1038210392		2.04327774048
2.10707688332		3.04800415039
2.1103219986		2.04835224152
2.11357402802		2.89577293396
2.11682295799		2.3426656723
2.12007308006		2.53041744232
2.12332296371		2.71309566498
2.12657284737		2.16506290436
2.12982606888		3.00740909576
2.13307404518		2.00268268585
2.1363260746		3.00740909576
2.13957595825		2.14983940125
2.14282488823		2.73339271545
2.14607596397		2.51519489288
2.14932799339		2.33759117126
2.15257906914		2.88562393188
2.15582489967		2.04835224152
2.15907907486		3.04800415039
2.16232705116		2.03820323944
2.16557788849		2.900847435
2.16882896423		2.31729412079
2.17207789421		2.5405664444
2.17532896996		2.70802116394
2.17857885361		2.1701374054
2.18184804916		3.00740909576
2.18508195877		2.00775718689
2.18836593628		3.00740909576
2.19158101082		2.14476490021
2.19483089447		2.73339271545
2.19808793068		2.51012039185
2.20133185387		2.34774017334
2.20458292961		2.87547588348
2.20783996582		2.04835224152
2.21109104156		3.05307865143
2.21433496475		2.0331287384
2.21759104729		2.91099643707
2.22083592415		2.30207061768
2.22408390045		2.55071544647
2.22734189034		2.7029466629
2.23058700562		2.17521095276
2.23383808136		2.99726104736
2.2370929718		2.00775718689
2.24033904076		3.0124835968
2.24358701706		2.13969039917
2.24683904648		2.69787216187
2.25023198128		2.58116149902
2.25347399712		2.28684806824
2.2567179203		2.91607093811
2.25997185707		2.02805423737
2.26322197914		3.04292964935
2.26647090912		2.05850028992
2.26972103119		2.86025238037
2.27296996117		2.36803817749
2.27622103691		2.4898223877
2.27947688103		2.76383876801
2.2827270031		2.13461589813
2.28597187996		3.01755809784
2.28922486305		2.00775718689
2.29247403145		2.99218654633
2.2957239151		2.18535995483
2.29897785187		2.68264961243
2.30222606659		2.56086444855
2.30547690392		2.29699611664
2.30872702599		2.91607093811
2.31197500229		2.0331287384
2.31522607803		3.04292964935
2.31848597527		2.06357479095
2.32172584534		2.87040138245
2.32497692108		2.35281467438
2.32832598686		2.44415378571
2.33160185814		2.80950832367
2.33485603333		2.09909534454
2.33811187744		3.03785610199
2.34136795998		2.01790523529
2.34460806847		2.9617395401
2.34786105156		2.25132751465
2.3511068821		2.62683105469
2.35435605049		2.61668205261
2.35761284828		2.24117851257
2.36085700989		2.95666599274
2.36410903931		2.01790523529
2.36736392975		3.03278160095
2.37060785294		2.0838727951
2.37385797501		2.81965732574
2.37711691856		2.42385578156
2.38035798073		2.43907928467
2.38361692429		2.80950832367
2.3868598938		2.0838727951
2.39011096954		3.03278160095
2.39336204529		2.01283168793
2.39661097527		2.96681404114
2.39986300468		2.22595500946
2.40311288834		2.63698005676
2.40636205673		2.61160755157
2.40961503983		2.24625301361
2.41286301613		2.94651699066
2.41611289978		2.02297973633
2.4193649292		3.04292964935
2.42261505127		2.07879829407
2.42586493492		2.82473182678
2.42911601067		2.40863323212
2.43236589432		2.44922733307
2.43561697006		2.79936027527
2.43886995316		2.09402179718
2.44211792946		3.02770709991
2.44538497925		2.01283168793
2.44861888885		2.97188854218
2.4518699646		2.23610401154
2.4551179409		2.6420545578
2.45837807655		2.60653305054
2.46162104607		2.25640106201
2.46486902237		2.94144248962
2.46812200546		2.02297973633
2.47136807442		3.04800415039
2.47462105751		2.07372379303
2.47787499428		2.83488082886
2.48112297058		2.39848423004
2.48439097404		2.44415378571
2.48762488365		2.79428577423
2.49087500572		2.10924434662
2.49412298203		3.02770709991
2.49738192558		2.00775718689
2.50062394142		2.97696304321
2.50387406349		2.21073246002
2.50713205338		2.6420545578
2.51037788391		2.5913105011
2.51362490654		2.26147556305
2.51687598228		2.9515914917
2.5201189518		2.02805423737
2.52336907387		3.04292964935
2.52661991119		2.06864929199
2.52988004684		2.83488082886
2.53312802315		2.38833522797
2.53638005257		2.46445083618
2.53962898254		2.78413677216
2.54288005829		2.11939334869
2.54612898827		3.02263259888
2.54939603806		2.01283168793
2.55263185501		2.97696304321
2.55588006973		2.21580600739
2.55913496017		2.66235160828
2.56238102913		2.58116149902
2.56563091278		2.27669906616
2.56888389587		2.93129348755
2.57213306427		2.02805423737
2.57538104057		3.04800415039
2.57863497734		2.06864929199
2.58188486099		2.84502887726
2.58513903618		2.38326072693
2.5883898735		2.47459983826
2.59163403511		2.77398777008
2.59488606453		2.12954235077
2.59814286232		3.02770709991
2.60138487816		2.00775718689
2.60463690758		2.98203754425
2.60789489746		2.19550895691
2.61113786697		2.67757511139
2.61438894272		2.57101249695
2.61764502525		2.2817735672
2.62088704109		2.92114448547
2.62413787842		2.02805423737
2.62739491463		3.04292964935
2.63064002991		2.06357479095
2.63388895988		2.86025238037
2.63714504242		2.37311172485
2.64039206505		2.48474884033
2.64364004135		2.75876522064
2.64689207077		2.09909534454
2.65027689934		3.03785610199
2.65352201462		2.01790523529
2.65676784515		2.93636798859
2.66002106667		2.25132751465
2.66327285767		2.61668205261
2.66651797295		2.63190555573
2.66977095604		2.2310295105
2.67302203178		2.9617395401
2.67627000809		2.01790523529
2.67952203751		3.03785610199
2.68277096748		2.09402179718
2.68602705002		2.80443382263
2.68927407265		2.42893028259
2.69252085686		2.42893028259
2.69577097893		2.81458282471
2.6990249157		2.09402179718
2.70227193832		3.03785610199
2.70552301407		2.01790523529
2.70877504349		2.95666599274
2.71202301979		2.23610401154
2.71527385712		2.62683105469
2.71852588654		2.62683105469
2.72177505493		2.23610401154
2.72502398491		2.95666599274
2.72837305069		2.00775718689
2.73165607452		3.02263259888
2.73490285873		2.13461589813
2.73816204071		2.74861621857
2.74141907692		2.49997138977
2.74465584755		2.36296367645
2.74791002274		2.88055038452
2.75115299225		2.05850028992
2.75440406799		3.05307865143
2.75766301155		2.0331287384
2.76090502739		2.91607093811
2.76415705681		2.2919216156
2.7674138546		2.56593894958
2.77065587044		2.68264961243
2.77390694618		2.18535995483
2.7771589756		2.98711204529
2.78040790558		2.00268268585
2.78365898132		3.02263259888
2.78691506386		2.14983940125
2.79015994072		2.76383876801
2.7934088707		2.47967433929
2.79666090012		2.37311172485
2.79990887642		2.86025238037
2.80316185951		2.06864929199
2.80641102791		3.04800415039
2.80966305733		2.02805423737
2.81291007996		2.92114448547
2.81616306305		2.2817735672
2.81941485405		2.57608699799
2.82266306877		2.67757511139
2.82591605186		2.19550895691
2.82916498184		2.98203754425
2.83241605759		2.00775718689
2.83566498756		3.02263259888
2.83891797066		2.12954235077
2.84216594696		2.76891326904
2.84545397758		2.4898223877
2.84866786003		2.38326072693
2.8519179821		2.86025238037
2.85516691208		2.06357479095
2.85842490196		3.04800415039
2.86166906357		2.02297973633
2.86491894722		2.92621898651
2.86817193031		2.27162456512
2.87141895294		2.58623600006
2.87467002869		2.66742610931
2.87792086601		2.20565795898
2.88116908073		2.97696304321
2.88442087173		2.01283168793
2.88767695427		3.02263259888
2.89092302322		2.11431884766
2.8941719532		2.77906227112
2.89742898941		2.46445083618
2.90067195892		2.393409729
2.90392398834		2.8399553299
2.90717601776		2.07879829407
2.91042399406		3.04800415039
2.91367387772		2.02297973633
2.91692399979		2.92114448547
2.92017602921		2.26147556305
2.92342805862		2.59638500214
2.92667508125		2.65727710724
2.92992687225		2.21580600739
2.93317699432		2.97188854218
2.93642902374		2.01283168793
2.93968105316		3.02770709991
2.94292902946		2.10924434662
2.94617795944		2.79428577423
2.94944596291		2.45937633514
2.95268392563		2.40355873108
2.95593094826		2.84502887726
2.959182024		2.0838727951
2.96243190765		3.04292964935
2.96568107605		2.01790523529
2.96893286705		2.94651699066
2.97218394279		2.25132751465
2.97543287277		2.60653305054
2.97868704796		2.64712810516
2.98193502426		2.22088050842
2.98518490791		2.97188854218
2.98844599724		2.00775718689
2.99168491364		3.02770709991
2.99493288994		2.09909534454
2.99818491936		2.79428577423
3.00143694878		2.44415378571
3.00468587875		2.40863323212
3.00798606873		2.84502887726
3.01119184494		2.0838727951
3.01444101334		3.04292964935
3.01769685745		2.02297973633
3.02093887329		2.9515914917
3.02418899536		2.25132751465
3.02744197845		2.60653305054
3.03069186211		2.63698005676
3.0339410305		2.2310295105
3.03719687462		2.96681404114
3.04044103622		2.01283168793
3.04369091988		3.03278160095
3.04694390297		2.12446784973
3.05032086372		2.74354171753
3.05357098579		2.50504589081
3.0568189621		2.32744312286
3.06007194519		2.88055038452
3.06332302094		2.05342674255
3.06657004356		3.04800415039
3.06982302666		2.03820323944
3.07307195663		2.91099643707
3.07632088661		2.30207061768
3.07957196236		2.55071544647
3.08282184601		2.69787216187
3.08607292175		2.1802854538
3.08932900429		2.99726104736
3.0925719738		2.00268268585
3.09582304955		3.01755809784
3.09907507896		2.13461589813
3.10232400894		2.7536907196
3.10557293892		2.49489688873
3.10882687569		2.35788917542
3.11207485199		2.86532688141
3.11532688141		2.05850028992
3.11857700348		3.04800415039
3.12182688713		2.0331287384
3.12507605553		2.91607093811
3.1284070015		2.33759117126
3.1317050457		2.4898223877
3.134953022		2.7536907196
3.13823699951		2.12446784973
3.14146900177		3.02263259888
3.14470791817		2.00775718689
3.14796090126		2.98203754425
3.15120601654		2.1802854538
3.15445590019		2.69787216187
3.15771389008		2.56086444855
3.16095685959		2.30207061768
3.16420698166		2.91099643707
3.16746497154		2.0331287384
3.17070794106		3.04800415039
3.17395806313		2.05850028992
3.17721605301		2.87040138245
3.18045806885		2.35281467438
3.18371105194		2.50504589081
3.18699193001		2.76383876801
3.1902179718		2.13969039917
3.19345998764		3.02263259888
3.19670987129		2.00775718689
3.19996190071		2.99218654633
3.20321297646		2.1701374054
3.20646190643		2.70802116394
3.20971488953		2.55071544647
3.21296191216		2.31221961975
3.21621489525		2.90592193604
3.21946787834		2.0331287384
3.22273588181		3.04800415039
3.22596693039		2.05342674255
3.22921800613		2.88055038452
3.23246693611		2.3426656723
3.23571705818		2.51519489288
3.23896789551		2.74354171753
3.24221801758		2.14983940125
3.24548196793		3.0124835968
3.24871993065		2.00775718689
3.25196790695		2.99218654633
3.2552189827		2.1701374054
3.25847697258		2.7029466629
3.26171898842		2.53549194336
3.26496887207		2.32236862183
3.2683160305		2.93636798859
3.27159500122		2.01790523529
3.27484607697		3.03785610199
3.27809786797		2.07879829407
3.28134703636		2.83488082886
3.28459692001		2.40355873108
3.28784990311		2.44922733307
3.29110598564		2.79428577423
3.29434990883		2.10416984558
3.29760503769		3.03278160095
3.3008480072		2.01790523529
3.30409789085		2.97696304321
3.30735087395		2.21073246002
3.31060099602		2.6522026062
3.31385087967		2.5913105011
3.31710791588		2.26147556305
3.32036995888		2.94651699066
3.32364702225		2.01790523529
3.32685303688		3.03278160095
3.33022904396		2.11431884766
3.33349204063		2.77398777008
3.33673405647		2.46445083618
3.33997893333		2.37311172485
3.34323000908		2.84502887726
3.34647893906		2.07372379303
3.34973406792		3.04800415039
3.35298299789		2.02297973633
3.35623288155		2.94144248962
3.35948491096		2.26147556305
3.36273288727		2.5913105011
3.36598205566		2.65727710724
3.36923694611		2.21580600739
3.37248396873		2.97696304321
3.37573289871		2.01283168793
3.37898588181		3.02770709991
3.38223385811		2.10924434662
3.38548398018		2.78921127319
3.3887360096		2.45430183411
3.39199090004		2.39848423004
3.39523601532		2.83488082886
3.39849591255		2.07879829407
3.40173697472		3.04292964935
3.40498590469		2.02297973633
3.40827393532		2.93129348755
3.41148996353		2.25640106201
3.41473889351		2.60145950317
3.41799592972		2.64712810516
3.42123794556		2.22595500946
3.42448806763		2.96681404114
3.42774605751		2.00775718689
3.43099093437		3.02263259888
3.43423986435		2.09909534454
3.43751502037		2.78413677216
3.44074201584		2.44415378571
3.44398999214		2.39848423004
3.44724392891		2.83488082886
3.45049285889		2.0838727951
3.45374298096		3.03785610199
3.45699906349		2.01790523529
3.46024489403		2.94651699066
3.46349406242		2.24625301361
3.46674489975		2.57101249695
3.46999788284		2.63698005676
3.47324705124		2.22595500946
3.47649502754		2.96681404114
3.47974705696		2.01283168793
3.48299789429		3.03278160095
3.48624801636		2.09402179718
3.48949885368		2.80443382263
3.4927520752		2.43907928467
3.49599790573		2.42385578156
3.49924993515		2.81965732574
3.50249886513		2.08894729614
3.50574994087		3.03785610199
3.50900006294		2.01790523529
3.51224899292		2.95666599274
3.51550102234		2.24117851257
3.51874995232		2.62175655365
3.5219938755		2.62175655365
3.52524399757		2.24117851257
3.5285089016		2.9617395401
3.53175401688		2.01283168793
3.53500390053		3.03785610199
3.53828907013		2.10416984558
3.54151988029		2.80443382263
3.54475808144		2.42893028259
3.54801297188		2.40863323212
3.55125403404		2.81458282471
3.55450606346		2.09402179718
3.5577609539		3.03785610199
3.56100487709		2.01283168793
3.56425905228		2.9617395401
3.56751394272		2.23610401154
3.57075691223		2.63190555573
3.5740070343		2.62175655365
3.57726693153		2.23610401154
3.58050894737		2.9515914917
3.58375787735		2.01790523529
3.58701491356		3.03785610199
3.59026002884		2.0838727951
3.59351491928		2.81965732574
3.59676003456		2.43400478363
3.60001206398		2.43907928467
3.60326099396		2.80443382263
3.60651302338		2.10416984558
3.6097638607		3.03785610199
3.61301398277		2.01283168793
3.61626386642		2.96681404114
3.61951589584		2.22595500946
3.62276387215		2.6420545578
3.62601685524		2.61160755157
3.62926506996		2.25132751465
3.63251495361		2.94651699066
3.63576507568		2.02297973633
3.63901686668		3.04292964935
3.64226603508		2.0838727951
3.64554595947		2.80950832367
3.64876890182		2.40863323212
3.65201592445		2.43400478363
3.6552670002		2.80950832367
3.65851998329		2.10416984558
3.66176891327		3.03785610199
3.66501903534		2.00775718689
3.66835093498		2.94144248962
3.67164492607		2.27669906616
3.67489886284		2.57101249695
3.67814898491		2.67250061035
3.68139600754		2.20058345795
3.68464899063		2.98203754425
3.68789887428		2.00775718689
3.69114685059		3.02770709991
3.6944038868		2.11431884766
3.69765496254		2.76891326904
3.70089793205		2.46445083618
3.70414996147		2.38326072693
3.70740699768		2.8501033783
3.71065092087		2.07372379303
3.71389985085		3.04292964935
3.71715593338		2.02297973633
3.72041797638		2.93129348755
3.72365188599		2.26655006409
3.72689986229		2.5405664444
3.73028087616		2.72831821442
3.73354387283		2.14983940125
3.73678207397		3.01755809784
3.74003100395		2.01283168793
3.7432808876		3.00233459473
3.746530056		2.15491390228
3.74978089333		2.72324466705
3.7530310154		2.52534389496
3.75628185272		2.32236862183
3.75953292847		2.89577293396
3.76278090477		2.04835224152
3.76603198051		3.04800415039
3.76928496361		2.04327774048
3.77253198624		2.89069843292
3.77578306198		2.32236862183
3.77903699875		2.53041744232
3.78228402138		2.71817016602
3.78553390503		2.16506290436
3.78878593445		3.00233459473
3.79203391075		2.00775718689
3.79529190063		3.00740909576
3.79853796959		2.14983940125
3.80178785324		2.73339271545
3.80503606796		2.51519489288
3.8083319664		2.31221961975
3.81153798103		2.88562393188
3.81478905678		2.05342674255
3.81804394722		3.04800415039
3.82128787041		2.03820323944
3.82453989983		2.89577293396
3.82779693604		2.31729412079
3.83103895187		2.53549194336
3.83428907394		2.70802116394
3.83756303787		2.15998840332
3.84079194069		3.00233459473
3.84404087067		2.00775718689
3.84729290009		3.0124835968
3.85054397583		2.14476490021
3.85379505157		2.73339271545
3.85704994202		2.51012039185
3.86029696465		2.3426656723
3.86354398727		2.87547588348
3.86679387093		2.03820323944
3.87017202377		3.04800415039
3.87342000008		2.06357479095
3.87666893005		2.85517787933
3.87992191315		2.37311172485
3.88317108154		2.47967433929
3.88642287254		2.76891326904
3.88967585564		2.12446784973
3.89292287827		3.02263259888
3.89617991447		2.00268268585
3.89942407608		2.99218654633
3.90267395973		2.19550895691
3.90592598915		2.67757511139
3.90917491913		2.57101249695
3.91244292259		2.27669906616
3.91567587852		2.92114448547
3.91892886162		2.02805423737
3.92217707634		3.04800415039
3.92544198036		2.06864929199
3.92869496346		2.85517787933
3.93192696571		2.37311172485
3.93517994881		2.49489688873
3.93843507767		2.76383876801
3.94167995453		2.12954235077
3.9449300766		3.02263259888
3.94818997383		2.00775718689
3.95143008232		2.99218654633
3.95467996597		2.1802854538
3.95793795586		2.68772315979
3.96118092537		2.56086444855
3.96443200111		2.29699611664
3.96768903732		2.91607093811
3.97093296051		2.0331287384
3.97418403625		3.04800415039
3.97743988037		2.05850028992
3.98068284988		2.86532688141
3.9839348793		2.35281467438
3.98719286919		2.49489688873
3.99043607712		2.7536907196
3.9936850071		2.14476490021
3.9969420433		3.03785610199
4.00031495094		2.01283168793
4.00356292725		2.9617395401
4.00681185722		2.25132751465
4.01006197929		2.63190555573
4.01331186295		2.61668205261
4.01656293869		2.24117851257
4.01981496811		2.9515914917
4.02306485176		2.01790523529
4.02631306648		3.04292964935
4.02958106995		2.09402179718
4.03281497955		2.81965732574
4.0360660553		2.42893028259
4.03931689262		2.42893028259
4.04256606102		2.80443382263
4.04581785202		2.10416984558
4.04906892776		3.03278160095
4.05231904984		2.01283168793
4.05556702614		2.96681404114
4.05882096291		2.22595500946
4.06206989288		2.6420545578
4.06532001495		2.61160755157
4.06856894493		2.25132751465
4.07182097435		2.94144248962
4.07507205009		2.01790523529
4.07839894295		3.03278160095
4.08169603348		2.12446784973
4.0849468708		2.76891326904
4.08823084831		2.4898223877
4.09144902229		2.38326072693
4.09469890594		2.8501033783
4.09795999527		2.06864929199
4.10119891167		3.04800415039
4.10446596146		2.02805423737
4.10770797729		2.92621898651
4.11094903946		2.27669906616
4.11420106888		2.58116149902
4.11747097969		2.67757511139
4.12071895599		2.18535995483
4.12397003174		2.99218654633
4.12720990181		2.00775718689
4.13045287132		3.03278160095
4.13370394707		2.11939334869
4.13703393936		2.72831821442
4.14033198357		2.53549194336
4.1435790062		2.31729412079
4.14683008194		2.91607093811
4.15008091927		2.04835224152
4.15333104134		3.05307865143
4.15657997131		2.04835224152
4.15983200073		2.89069843292
4.16308307648		2.33251667023
4.16633296013		2.52534389496
4.16958594322		2.72831821442
4.17283201218		2.15998840332
4.1760840416		3.00740909576
4.17933487892		2.00268268585
4.18258404732		3.00740909576
4.18583393097		2.15998840332
4.18908596039		2.71817016602
4.19233608246		2.52534389496
4.19558596611		2.32744312286
4.19884395599		2.89069843292
4.20208907127		2.04835224152
4.20533704758		3.05307865143
4.208589077		2.04327774048
4.21183800697		2.89577293396
4.21508789062		2.33251667023
4.2183740139		2.51519489288
4.22160506248		2.72831821442
4.22483992577		2.15998840332
4.2280960083		3.0124835968
4.2313439846		2.00268268585
4.23459196091		3.0124835968
4.23784804344		2.15491390228
4.24109101295		2.72831821442
4.24434304237		2.51519489288
4.2475938797		2.33759117126
4.2508430481		2.88562393188
4.25409293175		2.04835224152
4.25735092163		3.05307865143
4.26059293747		2.04327774048
4.26384401321		2.89577293396
4.26710104942		2.31729412079
4.27034592628		2.5405664444
4.27359390259		2.70802116394
4.27684497833		2.13969039917
4.28009796143		2.99726104736
4.2833468914		2.00775718689
4.28659796715		3.0124835968
4.28984904289		2.14476490021
4.29309797287		2.73846721649
4.29634785652		2.50504589081
4.2996070385		2.33759117126
4.30285000801		2.87547588348
4.30609989166		2.05342674255
4.30935406685		3.05307865143
4.31260299683		2.03820323944
4.3158519268		2.91099643707
4.31910300255		2.30714511871
4.32235193253		2.55071544647
4.32561802864		2.71309566498
4.32886004448		2.17521095276
4.33210301399		3.00233459473
4.33535599709		2.00775718689
4.33860397339		3.0124835968
4.34185600281		2.13969039917
4.34510493279		2.74861621857
4.34836292267		2.50504589081
4.35160589218		2.35281467438
4.35485601425		2.86532688141
4.35811400414		2.05850028992
4.36135792732		3.04800415039
4.36460590363		2.0331287384
4.36786389351		2.91099643707
4.37110900879		2.2919216156
4.37435793877		2.56086444855
4.37761592865		2.69279766083
4.38085794449		2.18535995483
4.38410806656		2.99218654633
4.38736701012		2.00775718689
4.39060997963		3.01755809784
4.39385986328		2.12954235077
4.39711904526		2.7536907196
4.40036988258		2.49489688873
4.40361094475		2.36803817749
4.40686297417		2.900847435
4.41023993492		2.0331287384
4.41350197792		3.05307865143
4.41673803329		2.06357479095
4.41999101639		2.86532688141
4.42324495316		2.36803817749
4.42649102211		2.49997138977
4.42974305153		2.74861621857
4.43298888206		2.14476490021
4.43624305725		3.02263259888
4.43949699402		2.00775718689
4.44273996353		2.99726104736
4.44599199295		2.1701374054
4.44924402237		2.69787216187
4.45249295235		2.55071544647
4.45574307442		2.30714511871
4.45899486542		2.90592193604
4.46224308014		2.03820323944
4.46549487114		3.04800415039
4.46874499321		2.05342674255
4.47199392319		2.88055038452
4.47524595261		2.3426656723
4.47849988937		2.50504589081
4.481746912		2.73846721649
4.4849960804		2.14476490021
4.4882850647		3.02770709991
4.49149703979		2.00268268585
4.49474906921		2.99726104736
4.49800491333		2.1701374054
4.50125408173		2.7029466629
4.50451588631		2.55071544647
4.5077559948		2.31221961975
4.51100206375		2.900847435
4.5142519474		2.04327774048
4.51751995087		3.04800415039
4.52076005936		2.05850028992
4.52399396896		2.88562393188
4.52724599838		2.33251667023
4.53050398827		2.51519489288
4.53375387192		2.73339271545
4.53700995445		2.14983940125
4.54025697708		3.01755809784
4.54350805283		2.00268268585
4.54675507545		2.99726104736
4.55000591278		2.15998840332
4.55325603485		2.71817016602
4.55650401115		2.53041744232
4.55975699425		2.32236862183
4.5630068779		2.89577293396
4.56625699997		2.04327774048
4.56950998306		3.04800415039
4.57275700569		2.04835224152
4.57600903511		2.89069843292
4.57925987244		2.32744312286
4.58250904083		2.52534389496
4.58575892448		2.72324466705
4.5890109539		2.15491390228
4.59226107597		3.0124835968
4.59551095963		2.00775718689
4.59876298904		3.00740909576
4.60201597214		2.15491390228
4.605260849		2.72324466705
4.60851407051		2.52534389496
4.6117670536		2.33759117126
4.61501288414		2.89069843292
4.61830091476		2.04327774048
4.62152791023		3.04800415039
4.62476396561		2.04835224152
4.62802004814		2.89069843292
4.63126993179		2.32744312286
4.63451695442		2.5405664444
4.63777303696		2.71309566498
4.64101791382		2.1701374054
4.64426994324		3.00740909576
4.64752101898		2.00775718689
4.65076804161		3.00740909576
4.65401887894		2.14476490021
4.65727591515		2.71309566498
4.66053795815		2.52026939392
4.66376900673		2.3426656723
4.66702604294		2.88562393188
4.67027187347		2.05342674255
4.67351984978		3.04800415039
4.67676997185		2.05342674255
4.68014907837		2.8501033783
4.68339705467		2.37818622589
4.68664598465		2.47967433929
4.68989896774		2.76383876801
4.69314789772		2.12446784973
4.69639897346		3.02770709991
4.69964885712		2.01283168793
4.7029030323		2.98711204529
4.70615005493		2.19043445587
4.70940184593		2.67757511139
4.71265292168		2.57101249695
4.71590089798		2.28684806824
4.7191529274		2.92114448547
4.72240185738		2.02805423737
4.72566890717		3.04292964935
4.72890806198		2.06357479095
4.73215484619		2.84502887726
4.73540401459		2.36803817749
4.73865485191		2.4898223877
4.74190497398		2.75876522064
4.74515485764		2.12954235077
4.7484099865		3.02263259888
4.75165486336		2.00775718689
4.75490498543		2.99218654633
4.75816202164		2.18535995483
4.76140594482		2.68772315979
4.76465702057		2.56593894958
4.76791286469		2.2919216156
4.77115797997		2.92114448547
4.77440786362		2.0331287384
4.77765893936		3.04800415039
4.78090906143		2.05342674255
4.78415894508		2.86532688141
4.78741693497		2.36296367645
4.79065895081		2.49997138977
4.79391002655		2.7536907196
4.79716587067		2.13461589813
4.80041003227		3.02263259888
4.80366706848		2.00775718689
4.80691003799		2.98203754425
4.81016492844		2.1802854538
4.81341290474		2.69279766083
4.81666302681		2.55071544647
4.81991386414		2.30207061768
4.82316589355		2.92114448547
4.82641601562		2.0331287384
4.82968187332		3.04800415039
4.83291506767		2.05342674255
4.83616495132		2.86025238037
4.83941793442		2.35788917542
4.84266805649		2.49997138977
4.84591603279		2.74861621857
4.84916901588		2.13969039917
4.85241889954		3.0124835968
4.85566806793		2.00775718689
4.85891985893		3.00233459473
4.86216902733		2.1701374054
4.86541891098		2.7029466629
4.8686709404		2.54564094543
4.8719189167		2.31221961975
4.87516999245		2.90592193604
4.87842392921		2.04327774048
4.88167190552		3.04800415039
4.88491988182		2.04835224152
4.88817095757		2.88055038452
4.89142394066		2.33759117126
4.89467406273		2.52026939392
4.89792895317		2.73846721649
4.90117287636		2.14476490021
4.90442991257		3.00740909576
4.90768289566		2.00775718689
4.9109249115		3.00233459473
4.91417598724		2.16506290436
4.91743087769		2.70802116394
4.92068004608		2.53549194336
4.92392587662		2.31729412079
4.9271838665		2.89577293396
4.93042588234		2.04835224152
4.93369293213		3.04800415039
4.93693089485		2.06864929199
4.9403090477		2.82980632782
4.94355392456		2.40355873108
4.94680404663		2.43907928467
4.95005702972		2.79428577423
4.95330691338		2.11431884766
4.95657086372		3.03278160095
4.95980787277		2.00775718689
4.96305799484		2.97696304321
4.96630692482		2.21073246002
4.96955895424		2.65727710724
4.97281002998		2.59638500214
4.97605800629		2.26655006409
4.97930788994		2.93636798859
4.98255991936		2.02297973633
4.98580884933		3.04292964935
4.98906087875		2.07372379303
4.99231100082		2.8399553299
4.99556207657		2.393409729
4.99881386757		2.46445083618
