0.000130891799927		1.46479797363
0.00734686851501		4.02228546143
0.0134880542755		0.982732772827
0.0195980072021		4.17451667786
0.0257248878479		0.840649604797
0.031849861145		4.33689689636
0.0379738807678		0.713790893555
0.0441038608551		4.47390460968
0.050225019455		0.586931228638
0.0563559532166		4.6007642746
0.0625159740448		0.470220565796
0.0686049461365		4.70225143433
0.0747308731079		0.404253005981
0.0808539390564		4.76821899414
0.086982011795		0.343360900879
0.0931098461151		4.82403659821
0.0992360115051		0.302765846252
0.105371952057		4.83418560028
0.111498832703		0.302765846252
0.117614984512		4.81896209717
0.123776912689		0.328137397766
0.129875898361		4.78344154358
0.135994911194		0.343360900879
0.142120838165		4.73269748688
0.148243904114		0.444848060608
0.154372930527		4.61598682404
0.160506010056		0.49559211731
0.166621923447		4.47897911072
0.17275094986		0.592005729675
0.178880929947		4.33182239532
0.18499994278		0.713790893555
0.191133975983		4.17959117889
0.197249889374		0.850798606873
0.203382968903		4.0425825119
0.209509849548		1.01317882538
0.215628862381		3.8802022934
0.221757888794		1.17555904388
0.227880001068		3.6823015213
0.23400592804		1.37853431702
0.240138053894		3.46410369873
0.246258020401		1.59673213959
0.252383947372		3.25605392456
0.258509874344		1.84030246735
0.264638900757		3.02770709991
0.27076792717		2.09402179718
0.276886940002		2.78921127319
0.283012866974		2.33759117126
0.289147853851		2.53549194336
0.295264005661		2.57608699799
0.301391839981		2.29699611664
0.307517051697		2.82980632782
0.313650846481		2.04835224152
0.31977391243		3.08352470398
0.325891971588		1.83522796631
0.332018852234		3.3118724823
0.338143825531		1.57136058807
0.344272851944		3.54529380798
0.350401878357		1.39375686646
0.356521844864		3.76856613159
0.362655878067		1.2009305954
0.368778944016		3.97661590576
0.374898910522		1.02840232849
0.381026029587		4.13899612427
0.387148857117		0.866022109985
0.39327788353		4.31152439117
0.39940905571		0.708716392517
0.40552687645		4.45868110657
0.411659955978		0.597080230713
0.417779922485		4.58554077148
0.423907995224		0.505741119385
0.430037975311		4.69210338593
0.43615603447		0.409327507019
0.44228386879		4.76821899414
0.448417901993		0.343360900879
0.454534053802		4.81388759613
0.460660934448		0.312914848328
0.466785907745		4.83418560028
0.47291302681		0.297691345215
0.479043960571		4.82911109924
0.485163927078		0.30784034729
0.491297006607		4.79359054565
0.49741601944		0.343360900879
0.503550052643		4.72762393951
0.509672880173		0.399179458618
0.515791893005		4.63628482819
0.521918058395		0.475295066833
0.528043031693		4.49420261383
0.534169912338		0.576782226562
0.540297031403		4.34197044373
0.5464220047		0.698567390442
0.552662849426		4.11869812012
0.558807849884		0.926914215088
0.564924001694		3.97154140472
0.57105588913		1.09436893463
0.577175855637		3.7837896347
0.583302974701		1.27197170258
0.589432954788		3.57573986053
0.595552921295		1.47494697571
0.601681947708		3.35754108429
0.607804059982		1.71344280243
0.613931894302		3.13934326172
0.620058059692		1.96716213226
0.626179933548		2.91607093811
0.63231086731		2.2310295105
0.638438940048		2.66235160828
0.644559860229		2.45937633514
0.650692939758		2.41370677948
0.656810998917		2.7029466629
0.662935972214		2.1802854538
0.669070005417		2.95666599274
0.675186872482		1.95193862915
0.681314945221		3.18501281738
0.687439918518		1.72866630554
0.693574905396		3.44380569458
0.69969201088		1.49524497986
0.705816984177		3.65692996979
0.711941957474		1.3024187088
0.718070030212		3.86497974396
0.724194049835		1.11974048615
0.730325937271		4.06287956238
0.736444950104		0.942137718201
0.742607831955		4.25570678711
0.748707056046		0.78990650177
0.754822969437		4.38256549835
0.760949850082		0.657972335815
0.767075061798		4.52464866638
0.773201942444		0.551410675049
0.779336929321		4.64643383026
0.785451889038		0.454997062683
0.791576862335		4.73269748688
0.7977039814		0.378881454468
0.803828954697		4.78851604462
0.809962034225		0.323062896729
0.816081047058		4.83418560028
0.822209835052		0.302765846252
0.828366994858		4.82911109924
0.834457874298		0.30784034729
0.840586900711		4.80881404877
0.846711874008		0.323062896729
0.852836847305		4.7732925415
0.85896897316		0.363657951355
0.865087032318		4.69210338593
0.871214866638		0.434700012207
0.877341032028		4.56524372101
0.883471012115		0.531112670898
0.889596939087		4.42316055298
0.89571595192		0.627526283264
0.901842832565		4.28107833862
0.907968997955		0.764533996582
0.914114952087		4.11869812012
0.920220851898		0.911691665649
0.926347017288		3.98676395416
0.932513952255		1.09944343567
0.938601970673		3.80916118622
0.944722890854		1.23645114899
0.950854063034		3.59603691101
0.956974029541		1.45464992523
0.963100910187		3.38798809052
0.969230890274		1.68807125092
0.975353002548		3.17486381531
0.981479883194		1.93164157867
0.987604856491		2.94144248962
0.993729829788		2.1802854538
0.999855041504		2.69279766083
1.0059800148		2.41878128052
1.01210784912		2.44922733307
1.01823306084		2.77906227112
1.02448582649		2.06864929199
1.03061485291		3.07337665558
1.03673505783		1.83522796631
1.0428609848		3.30679798126
1.04898691177		1.61703014374
1.0551109314		3.54021930695
1.06123900414		1.39883136749
1.06736588478		3.76349163055
1.07349491119		1.19585609436
1.0796148777		3.96139240265
1.08574104309		1.03347587585
1.0918738842		4.14914417267
1.09799289703		0.866022109985
1.10411787033		4.30644989014
1.11025094986		0.713790893555
1.11636900902		4.45868110657
1.12253499031		0.586931228638
1.12862896919		4.58554077148
1.1347489357		0.505741119385
1.14087200165		4.68702888489
1.14699888229		0.409327507019
1.15312790871		4.76821899414
1.15925097466		0.348435401917
1.16537594795		4.81896209717
1.17150902748		0.312914848328
1.17762684822		4.83418560028
1.18375396729		0.297691345215
1.18988394737		4.82911109924
1.19600605965		0.30784034729
1.20213699341		4.79866504669
1.20825886726		0.363657951355
1.21438288689		4.73269748688
1.22050905228		0.399179458618
1.22663283348		4.64643383026
1.23276185989		0.475295066833
1.23889803886		4.49927616119
1.24501299858		0.571707725525
1.25114202499		4.34704494476
1.2572619915		0.698567390442
1.26341104507		4.18973922729
1.26952290535		0.83557510376
1.27563905716		4.06795406342
1.28177404404		0.987807273865
1.2878909111		3.91064834595
1.29401898384		1.15526103973
1.30014491081		3.70767402649
1.30626893044		1.33793926239
1.31240296364		3.49454975128
1.31852698326		1.56628608704
1.32464694977		3.28142547607
1.3307800293		1.81493091583
1.33689904213		3.0632276535
1.34302592278		2.05342674255
1.34915494919		2.82473182678
1.35527706146		2.29699611664
1.3614089489		2.56593894958
1.36752796173		2.54564094543
1.3736538887		2.33759117126
1.37978506088		2.79936027527
1.3859038353		2.10416984558
1.39203691483		3.03785610199
1.39815497398		1.77940940857
1.40428686142		3.28142547607
1.41041493416		1.63225269318
1.41653299332		3.50977325439
1.42266488075		1.42420387268
1.42879199982		3.74826812744
1.43491697311		1.22630310059
1.44104504585		3.95124340057
1.44716191292		1.05377388
1.45329189301		4.12377262115
1.45940899849		0.881244659424
1.46553897858		4.28615283966
1.47167086601		0.739162445068
1.47779202461		4.43330955505
1.48391890526		0.612302780151
1.49004387856		4.57539176941
1.49616789818		0.51589012146
1.50230097771		4.69210338593
1.50842404366		0.424551010132
1.51454901695		4.75299549103
1.52067184448		0.353509902954
1.52680492401		4.81896209717
1.53292703629		0.312914848328
1.53904986382		4.83418560028
1.54517602921		0.302765846252
1.55130195618		4.81896209717
1.55742692947		0.317989349365
1.56355500221		4.79866504669
1.56968593597		0.333211898804
1.57580494881		4.74792098999
1.5819299221		0.389030456543
1.58805584908		4.6515083313
1.59418106079		0.470220565796
1.60031604767		4.51957416534
1.60643100739		0.556485176086
1.61260294914		4.34197044373
1.61869192123		0.678269386292
1.62481093407		4.22525978088
1.63094305992		0.820352554321
1.63706183434		4.08317756653
1.64319586754		0.967509269714
1.64931988716		3.90050029755
1.65544605255		1.13496398926
1.66156601906		3.733045578
1.66769194603		1.3125667572
1.67382001877		3.5199213028
1.67994904518		1.53584003448
1.68606686592		3.31694602966
1.69219398499		1.76418685913
1.69831991196		2.99218654633
1.70445084572		2.02805423737
1.71057796478		2.84502887726
1.71669697762		2.26655006409
1.72282505035		2.61160755157
1.72895383835		2.52026939392
1.73507499695		2.36296367645
1.74119997025		2.75876522064
1.74732685089		2.12446784973
1.75345206261		3.00233459473
1.75958395004		1.88597202301
1.7657020092		3.24083042145
1.77183794975		1.66269874573
1.77795505524		3.48440074921
1.78408002853		1.44957542419
1.79021406174		3.71782207489
1.7963309288		1.25674915314
1.80254101753		3.9918384552
1.80859088898		1.06899738312
1.81470894814		4.09840106964
1.82083487511		0.906617164612
1.82695889473		4.27092933655
1.83309388161		0.749311447144
1.8392188549		4.42823505402
1.84533786774		0.632600784302
1.85147500038		4.55509471893
1.85759305954		0.536187171936
1.86371588707		4.67180538177
1.86984801292		0.429625511169
1.87596487999		4.75299549103
1.8820939064		0.363657951355
1.88821792603		4.81896209717
1.89434599876		0.323062896729
1.9004919529		4.82911109924
1.90659689903		0.297691345215
1.91272997856		4.83418560028
1.91885495186		0.30784034729
1.92497301102		4.80373954773
1.93110489845		0.338286399841
1.93722391129		4.75806999207
1.94335198402		0.378881454468
1.94948196411		4.66673088074
1.95560193062		0.454997062683
1.96173000336		4.53479766846
1.96785402298		0.551410675049
1.97398400307		4.38256549835
1.98010897636		0.657972335815
1.98622989655		4.25063228607
1.99235892296		0.794981002808
1.99848985672		4.09840106964
2.00460886955		0.947212219238
2.01074099541		3.94109535217
2.01685905457		1.10959243774
2.02298998833		3.76349163055
2.02911901474		1.29734420776
2.03523683548		3.56051635742
2.04136300087		1.5104675293
2.04748892784		3.33216953278
2.05361485481		1.74388885498
2.05974698067		3.11397171021
2.06586694717		1.9823846817
2.07199287415		2.89069843292
2.07811689377		2.28684806824
2.08424496651		2.63190555573
2.09037494659		2.49489688873
2.09649586678		2.39848423004
2.10262393951		2.72831821442
2.10875296593		2.15491390228
2.11487388611		2.97188854218
2.12099885941		1.92656707764
2.1271250248		3.22053337097
2.13325095177		1.70329380035
2.1393828392		3.46410369873
2.14550089836		1.48002147675
2.1516289711		3.67722702026
2.15775203705		1.28212070465
2.16387891769		3.89542579651
2.17001199722		1.07914543152
2.17613196373		4.08317756653
2.18225693703		0.926914215088
2.18838906288		4.25063228607
2.19450688362		0.779757499695
2.20063495636		4.4028635025
2.20675802231		0.642748832703
2.21289205551		4.54494571686
2.21901702881		0.536187171936
2.22513484955		4.65658187866
2.23126387596		0.449922561646
2.23738694191		4.74284648895
2.24351596832		0.368732452393
2.24964690208		4.80373954773
2.25576591492		0.323062896729
2.26189184189		4.82403659821
2.26801800728		0.30784034729
2.27414298058		4.83418560028
2.28026890755		0.302765846252
2.28639388084		4.81388759613
2.2925620079		0.328137397766
2.29864597321		4.75806999207
2.30477190018		0.378881454468
2.31090593338		4.67687988281
2.31702303886		0.444848060608
2.32314991951		4.56016921997
2.32928085327		0.536187171936
2.33540201187		4.40793800354
2.34152603149		0.652897834778
2.34765386581		4.26078033447
2.35377788544		0.779757499695
2.35990595818		4.12377262115
2.36603093147		0.92183971405
2.37216091156		3.97154140472
2.37828087807		1.16541004181
2.3845539093		3.62648391724
2.39067292213		1.41912937164
2.39678883553		3.44380569458
2.40292000771		1.63225269318
2.40904593468		3.22053337097
2.41516494751		1.86567401886
2.42129087448		2.99726104736
2.42741799355		2.11939334869
2.43354392052		2.7536907196
2.43966794014		2.36296367645
2.44579291344		2.52026939392
2.4519238472		2.62683105469
2.45804595947		2.27669906616
2.46417188644		2.85517787933
2.47029685974		2.0331287384
2.47642302513		3.09874820709
2.48260188103		1.74388885498
2.48868203163		3.34739303589
2.4947988987		1.58658313751
2.50092601776		3.58081436157
2.50705194473		1.37345981598
2.51317882538		3.79393768311
2.51930499077		1.17048454285
2.52542805672		3.9918384552
2.5315618515		0.997955322266
2.53767800331		4.16436767578
2.54380393028		0.845724105835
2.54992699623		4.33182239532
2.55605888367		0.688418388367
2.56218886375		4.47897911072
2.56835699081		0.566633224487
2.57443284988		4.60583877563
2.58055996895		0.490517616272
2.58668494225		4.70225143433
2.59281682968		0.399179458618
2.59894299507		4.77836704254
2.60506105423		0.348435401917
2.61119604111		4.81896209717
2.61731505394		0.30784034729
2.62343883514		4.83418560028
2.629570961		0.297691345215
2.63569402695		4.82403659821
2.64182400703		0.323062896729
2.64794301987		4.78851604462
2.6540749073		0.348435401917
2.66021800041		4.71747493744
2.6663210392		0.404253005981
2.67249894142		4.59061527252
2.67857789993		0.49559211731
2.68469691277		4.47897911072
2.69082903862		0.592005729675
2.6969499588		4.33182239532
2.70307588577		0.713790893555
2.70920491219		4.18973922729
2.7153429985		0.860947608948
2.72145795822		4.03750801086
2.72757792473		1.00810432434
2.73370599747		3.88527679443
2.73983693123		1.18063354492
2.74595594406		3.68737602234
2.75208997726		1.37345981598
2.75820589066		3.38291358948
2.764346838		1.6119556427
2.77046585083		3.24590492249
2.7765879631		1.84030246735
2.78272390366		3.02263259888
2.78884601593		2.09909534454
2.794962883		2.79428577423
2.80109000206		2.33759117126
2.80722689629		2.51519489288
2.81333899498		2.57101249695
2.81947088242		2.30714511871
2.82558989525		2.81965732574
2.83172297478		2.04835224152
2.83784890175		3.07845020294
2.84397101402		1.81493091583
2.85010504723		3.32709503174
2.85622096062		1.61703014374
2.86234688759		3.54529380798
2.868475914		1.39375686646
2.87459588051		3.76349163055
2.88072896004		1.20600509644
2.8868470192		3.97154140472
2.89297389984		1.03347587585
2.89910101891		4.13899612427
2.90522503853		0.871096611023
2.91136002541		4.31659889221
2.91747903824		0.718864440918
2.92362189293		4.47390460968
2.92973589897		0.602153778076
2.93585395813		4.58046627045
2.94198203087		0.510815620422
2.94810700417		4.73269748688
2.95436406136		0.363657951355
2.96050596237		4.80881404877
2.96661090851		0.317989349365
2.97274303436		4.82911109924
2.97886800766		0.302765846252
2.98498797417		4.82911109924
2.99111294746		0.30784034729
2.99723792076		4.81388759613
3.00338387489		0.328137397766
3.00949597359		4.76821899414
3.01561498642		0.37380695343
3.02174091339		4.68195438385
3.02790904045		0.465146064758
3.03399586678		4.55509471893
3.04012703896		0.536187171936
3.0462448597		4.40793800354
3.05238604546		0.652897834778
3.0585038662		4.25570678711
3.06463003159		0.78990650177
3.07074689865		4.11869812012
3.07687282562		0.916765213013
3.08300185204		3.97661590576
3.08913183212		1.09436893463
3.09526491165		3.75841712952
3.10137796402		1.27197170258
3.10750389099		3.58081436157
3.11362791061		1.47494697571
3.11976099014		3.36261558533
3.12587785721		1.71344280243
3.13201189041		3.11904525757
3.13813185692		2.01283168793
3.14425683022		2.91607093811
3.15038490295		2.21073246002
3.15650987625		2.67757511139
3.16264891624		2.46952533722
3.1687669754		2.42385578156
3.17489004135		2.7029466629
3.18101286888		2.18535995483
3.18713784218		2.94651699066
3.19326496124		1.95701313019
3.19939494133		3.19008731842
3.20551490784		1.73374080658
3.21166586876		3.44888019562
3.2177670002		1.5003194809
3.22389292717		3.66200447083
3.23004603386		1.27704620361
3.23614597321		3.89542579651
3.2422709465		1.12481498718
3.24841785431		4.07302856445
3.25451993942		0.947212219238
3.26064896584		4.23540878296
3.26677393913		0.78990650177
3.2729010582		4.38763999939
3.27903103828		0.652897834778
3.28515100479		4.52464866638
3.29128193855		0.546336174011
3.29740285873		4.64643383026
3.30354094505		0.449922561646
3.30965399742		4.72762393951
3.31578087807		0.378881454468
3.32190585136		4.79359054565
3.32802987099		0.328137397766
3.33415603638		4.82911109924
3.34030485153		0.292616844177
3.34640693665		4.83926010132
3.35263895988		0.312914848328
3.35879302025		4.78851604462
3.36491203308		0.348435401917
3.37104296684		4.72254943848
3.37716197968		0.399179458618
3.38330197334		4.61598682404
3.38941502571		0.485443115234
3.39554190636		4.48405361176
3.40166497231		0.586931228638
3.40779089928		4.34197044373
3.41391897202		0.708716392517
3.42004990578		4.17959117889
3.42616987228		0.845724105835
3.43229603767		4.04765701294
3.43842601776		1.00810432434
3.44454598427		3.88527679443
3.45067882538		1.17555904388
3.4567990303		3.69245052338
3.46292495728		1.36838531494
3.46905088425		3.47932624817
3.47517490387		1.59165763855
3.48130202293		3.25097942352
3.48742604256		1.82507896423
3.49355387688		3.03278160095
3.49969696999		2.09402179718
3.5058028698		2.80950832367
3.51192998886		2.33251667023
3.51805591583		2.55071544647
3.5241830349		2.61160755157
3.53031587601		2.30207061768
3.53644585609		2.82980632782
3.54260802269		2.01790523529
3.54867982864		3.0632276535
3.55481004715		1.84030246735
3.56093597412		3.30679798126
3.56706190109		1.61703014374
3.57318782806		3.54529380798
3.57931995392		1.39883136749
3.58543992043		3.75841712952
3.59157705307		1.2009305954
3.59768891335		3.96139240265
3.60381793976		1.03347587585
3.60994791985		4.14406967163
3.61606788635		0.871096611023
3.62219405174		4.30644989014
3.62836885452		0.678269386292
3.63444495201		4.4536075592
3.64058589935		0.592005729675
3.64669585228		4.58554077148
3.65282392502		0.510815620422
3.65895390511		4.69210338593
3.66507291794		0.419476509094
3.67120289803		4.76821899414
3.67732596397		0.343360900879
3.68345284462		4.81388759613
3.68958187103		0.317989349365
3.69570302963		4.82911109924
3.70182704926		0.302765846252
3.70795488358		4.82911109924
3.71407985687		0.30784034729
3.72020697594		4.80373954773
3.72633194923		0.343360900879
3.73250102997		4.71747493744
3.73859000206		0.399179458618
3.74471187592		4.64135932922
3.75083589554		0.475295066833
3.75696086884		4.51449966431
3.76308894157		0.576782226562
3.76921796799		4.34704494476
3.77533698082		0.698567390442
3.78146886826		4.20496273041
3.7875919342		0.83557510376
3.79371786118		4.07302856445
3.7998418808		0.982732772827
3.80596590042		3.91572284698
3.81209802628		1.16033554077
3.81822085381		3.65692996979
3.82434487343		1.33793926239
3.83047199249		3.49962425232
3.83659791946		1.55613708496
3.84272789955		3.28142547607
3.84885501862		1.80985641479
3.8549759388		3.05815315247
3.86109900475		2.05342674255
3.86722493172		2.79428577423
3.87335300446		2.29699611664
3.87947797775		2.56086444855
3.88560199738		2.53549194336
3.89173483849		2.32744312286
3.89785385132		2.78921127319
3.90410804749		1.95193862915
3.91023182869		3.18501281738
3.91637206078		1.69822025299
3.9225268364		3.47932624817
3.92863202095		1.48002147675
3.93473386765		3.65692996979
3.94086003304		1.30749225616
3.94698596001		3.86497974396
3.95311403275		1.11974048615
3.95924186707		4.06795406342
3.9653608799		0.952286720276
3.97149586678		4.23033428192
3.97761583328		0.794981002808
3.98374199867		4.38763999939
3.98986697197		0.668121337891
3.99599194527		4.51957416534
4.00212597847		0.551410675049
4.00824403763		4.68195438385
4.01437187195		0.460071563721
4.02050805092		4.73269748688
4.02661991119		0.378881454468
4.03275299072		4.78851604462
4.03887891769		0.328137397766
4.04499793053		4.82403659821
4.05112290382		0.302765846252
4.05725502968		4.83418560028
4.06337594986		0.30784034729
4.06950092316		4.81388759613
4.07562994957		0.328137397766
4.08175897598		4.76821899414
4.08787894249		0.358584403992
4.09413194656		4.63121032715
4.10025691986		0.500666618347
4.10638093948		4.48912811279
4.11258196831		0.632600784302
4.11863899231		4.33182239532
4.12475895882		0.708716392517
4.13089084625		4.19481372833
4.13701200485		0.845724105835
4.14313483238		4.05780601501
4.14926195145		1.0030298233
4.15538597107		3.89035129547
4.1615190506		1.18063354492
4.16765284538		3.67722702026
4.17376494408		1.35823631287
4.17989802361		3.47425174713
4.18601584435		1.58658313751
4.19214200974		3.2611284256
4.19826793671		1.93671607971
4.20453286171		2.88055038452
4.21065187454		2.2310295105
4.21677184105		2.6522026062
4.22289800644		2.47459983826
4.22902083397		2.40355873108
4.23514699936		2.71817016602
4.2412788868		2.16506290436
4.24741292		2.99218654633
4.2535238266		1.93671607971
4.25965094566		3.20530986786
4.2657790184		1.70836830139
4.27190303802		3.44888019562
4.27802705765		1.49017047882
4.28415393829		3.68737602234
4.29028701782		1.28719520569
4.29640603065		3.8802022934
4.30257296562		1.06392288208
4.30865693092		4.07302856445
4.31478190422		0.926914215088
4.32091498375		4.25063228607
4.32703304291		0.784832000732
4.33316493034		4.39778900146
4.33929300308		0.64782333374
4.34541201591		4.53479766846
4.35153698921		0.541261672974
4.35766386986		4.6515083313
4.36380791664		0.439774513245
4.36992096901		4.73777198792
4.37603902817		0.378881454468
4.38216805458		4.79866504669
4.38829302788		0.302765846252
4.39454483986		4.83926010132
4.40069103241		0.297691345215
4.40679597855		4.82403659821
4.41292095184		0.323062896729
4.4190518856		4.78344154358
4.42517185211		0.348435401917
4.43129587173		4.72762393951
4.43742203712		0.409327507019
4.44357085228		4.6007642746
4.4496819973		0.505741119385
4.45579886436		4.46883010864
4.46192789078		0.602153778076
4.46805286407		4.32674789429
4.47417902946		0.718864440918
4.48030996323		4.16944217682
4.48642897606		0.85587310791
4.49263596535		3.97154140472
4.4988079071		1.11974048615
4.5049328804		3.74319458008
4.5110578537		1.3024187088
4.51718187332		3.54529380798
4.52331089973		1.52569103241
4.5294418335		3.3118724823
4.53555989265		1.77940940857
4.54168605804		3.09874820709
4.54780483246		1.98745918274
4.55394601822		2.86025238037
4.56007003784		2.26147556305
4.56618785858		2.62175655365
4.57232189178		2.5405664444
4.57844686508		2.37818622589
4.58458089828		2.75876522064
4.59069395065		2.14476490021
4.5968170166		2.98711204529
4.60294485092		1.90626907349
4.60907697678		3.24083042145
4.61519503593		1.6728477478
4.62132287025		3.46917819977
4.62744688988		1.46987247467
4.63357400894		3.69245052338
4.63972091675		1.24660015106
4.64582395554		3.90050029755
4.65196204185		1.07407093048
4.65807700157		4.0933265686
4.66420292854		0.916765213013
4.67032790184		4.26078033447
4.67646884918		0.744236946106
4.68260383606		4.43330955505
4.68873000145		0.622451782227
4.69483184814		4.5500202179
4.70095705986		0.536187171936
4.70708203316		4.65658187866
4.7132089138		0.449922561646
4.71934390068		4.74792098999
4.72546005249		0.358584403992
4.73161292076		4.80881404877
4.73771286011		0.317989349365
4.7438378334		4.82911109924
4.74996304512		0.302765846252
4.75609087944		4.82911109924
4.76221585274		0.30784034729
4.768419981		4.79359054565
4.77447199821		0.328137397766
4.78060698509		4.75299549103
4.78671884537		0.37380695343
4.79284787178		4.67180538177
4.7989718914		0.454997062683
4.80509495735		4.5500202179
4.81122899055		0.546336174011
4.81734585762		4.4028635025
4.82348585129		0.678269386292
4.82959890366		4.24555778503
4.83572292328		0.78990650177
4.84185004234		4.10854911804
4.84797501564		0.931988716125
4.85410189629		3.96139240265
4.86023402214		1.11466598511
4.86635398865		3.77364063263
4.87259793282		1.41405487061
4.87873697281		3.4235086441
4.88486099243		1.63732719421
4.89098787308		3.2103843689
4.89710688591		1.87582302094
4.90323400497		2.96681404114
4.90935897827		2.12446784973
4.91548299789		2.74861621857
4.92161083221		2.37311172485
4.92773485184		2.51012039185
4.93386387825		2.61668205261
4.93999791145		2.25640106201
4.94611501694		2.87040138245
4.95223903656		2.02805423737
4.95836997032		3.11904525757
4.9645049572		1.77433586121
4.97062301636		3.35754108429
4.97675895691		1.561211586
4.98286890984		3.58588886261
4.98899292946		1.3633108139
4.99512004852		3.79901218414
0.000124931335449		2.34774017334
0.00743079185486		3.20530986786
0.0135598182678		1.74896335602
0.0196778774261		3.38798809052
0.0258049964905		1.54091453552
0.0319309234619		3.64678096771
0.0380578041077		1.33793926239
0.0441799163818		3.82438468933
0.0503067970276		1.15526103973
0.0564379692078		4.02735900879
0.0625569820404		0.97765827179
0.0686848163605		4.18973922729
0.0748088359833		0.820352554321
0.0809350013733		4.37749099731
0.0870609283447		0.683343887329
0.0931868553162		4.49927616119
0.099310874939		0.576782226562
0.105453968048		4.62613582611
0.111577987671		0.475295066833
0.117697000504		4.7124004364
0.123856782913		0.378881454468
0.129952907562		4.78344154358
0.136077880859		0.333211898804
0.142205953598		4.81896209717
0.148324966431		0.312914848328
0.154457807541		4.81896209717
0.160579919815		0.312914848328
0.166706800461		4.81896209717
0.172829866409		0.317989349365
0.178956985474		4.7732925415
0.18511390686		0.37380695343
0.191212892532		4.70225143433
0.197331905365		0.439774513245
0.203464984894		4.58554077148
0.209582805634		0.510815620422
0.215711832047		4.44345855713
0.22184586525		0.627526283264
0.227959871292		4.29630184174
0.234095811844		0.759459495544
0.240215778351		4.15421867371
0.246339797974		0.886319160461
0.252464771271		4.02228546143
0.258589982986		1.04362487793
0.264717817307		3.83960723877
0.270839929581		1.29226970673
0.276969909668		3.63663196564
0.283094882965		1.43435192108
0.289220809937		3.4336566925
0.295350790024		1.65255069733
0.301478862762		3.20023536682
0.307594776154		1.89612102509
0.313736915588		2.95666599274
0.319845914841		2.13969039917
0.325974941254		2.73339271545
0.332101821899		2.38833522797
0.338225841522		2.4898223877
0.344350814819		2.63190555573
0.350475788116		2.26147556305
0.356605768204		2.88562393188
0.3627409935		2.01283168793
0.368852853775		3.11397171021
0.374980926514		1.79463291168
0.381106853485		3.35754108429
0.387231826782		1.56628608704
0.393362998962		3.60111141205
0.399481773376		1.3633108139
0.405607938766		3.80408668518
0.411740779877		1.17555904388
0.417859792709		3.99691295624
0.423987865448		0.987807273865
0.430110931396		4.17451667786
0.436239004135		0.83557510376
0.442369937897		4.34704494476
0.44849395752		0.698567390442
0.454613924026		4.49420261383
0.460740804672		0.592005729675
0.466868877411		4.62106132507
0.472999811172		0.480368614197
0.479120969772		4.70732593536
0.485252857208		0.399179458618
0.491375923157		4.77836704254
0.497494935989		0.348435401917
0.5036277771		4.81896209717
0.509747982025		0.312914848328
0.515873908997		4.83418560028
0.522004842758		0.30784034729
0.528124809265		4.81388759613
0.534250974655		0.328137397766
0.540374994278		4.77836704254
0.546503782272		0.358584403992
0.552628993988		4.71747493744
0.558751821518		0.419476509094
0.564879894257		4.60583877563
0.571011781693		0.510815620422
0.577129840851		4.45868110657
0.583257913589		0.607228279114
0.589380979538		4.32674789429
0.595508813858		0.729013442993
0.601638793945		4.17451667786
0.607758998871		0.866022109985
0.613884925842		4.03243350983
0.620010852814		1.02332782745
0.626138925552		3.86497974396
0.632263898849		1.19585609436
0.638389825821		3.66707897186
0.644514799118		1.39375686646
0.650638818741		3.45395469666
0.656764984131		1.61703014374
0.662892818451		3.23575687408
0.669017791748		1.85552597046
0.675226926804		2.91099643707
0.6812748909		2.11939334869
0.687397003174		2.75876522064
0.693526983261		2.36803817749
0.699645996094		2.52534389496
0.70577287674		2.60145950317
0.711897850037		2.2919216156
0.718021869659		2.83488082886
0.724149942398		2.05342674255
0.73027586937		3.08859920502
0.736401796341		1.82507896423
0.742533922195		3.33724403381
0.748652935028		1.60180664062
0.75478386879		3.56559085846
0.760904788971		1.29226970673
0.767158985138		3.92079734802
0.773281812668		1.07914543152
0.779406785965		4.08825206757
0.785533905029		0.916765213013
0.791658878326		4.26078033447
0.797786951065		0.764533996582
0.803912878036		4.42316055298
0.810033798218		0.637675285339
0.816168785095		4.56016921997
0.822288990021		0.541261672974
0.828411817551		4.65658187866
0.834544897079		0.449922561646
0.840663909912		4.74792098999
0.846788883209		0.368732452393
0.852916955948		4.80881404877
0.859043836594		0.323062896729
0.865259885788		4.83418560028
0.871417999268		0.30784034729
0.877543926239		4.81896209717
0.883682966232		0.328137397766
0.889795780182		4.78344154358
0.895921945572		0.358584403992
0.902052879333		4.70732593536
0.908173799515		0.429625511169
0.914324998856		4.57031822205
0.920423984528		0.510815620422
0.926550865173		4.4536075592
0.932676792145		0.612302780151
0.938793897629		4.31659889221
0.944918870926		0.734087944031
0.951034784317		4.16944217682
0.9571788311		0.886319160461
0.963311910629		4.01721096039
0.969430923462		1.03347587585
0.975558996201		3.84468173981
0.98168182373		1.21615409851
0.98780798912		3.64170646667
0.993941783905		1.42420387268
1.00005984306		3.43873119354
1.00618577003		1.64240169525
1.01231098175		3.21545886993
1.01843690872		1.88089752197
1.02456998825		2.97188854218
1.03068685532		2.13969039917
1.0368168354		2.73339271545
1.04294681549		2.393409729
1.04906487465		2.50504589081
1.05523300171		2.67757511139
1.06132292747		2.26147556305
1.06744480133		2.87547588348
1.07358193398		2.01283168793
1.07969284058		3.10889720917
1.08582091331		1.80985641479
1.09194588661		3.34739303589
1.09807181358		1.57136058807
1.10420489311		3.59603691101
1.11032295227		1.3633108139
1.11644983292		3.80408668518
1.12257885933		1.18570804596
1.12870192528		3.99691295624
1.13482785225		1.0030298233
1.14095187187		4.240483284
1.14708089828		0.830501556396
1.15321087837		4.34197044373
1.1593298912		0.703641891479
1.16545677185		4.47897911072
1.17158699036		0.586931228638
1.17770791054		4.60583877563
1.18383288383		0.490517616272
1.18995881081		4.7124004364
1.1960849762		0.404253005981
1.20221590996		4.7732925415
1.20833587646		0.348435401917
1.21446180344		4.81388759613
1.22058796883		0.30784034729
1.2267138958		4.83418560028
1.23284983635		0.30784034729
1.23896980286		4.81388759613
1.24517178535		0.333211898804
1.25122380257		4.77836704254
1.2573428154		0.353509902954
1.26348996162		4.7124004364
1.26959896088		0.419476509094
1.27572584152		4.60583877563
1.28184700012		0.505741119385
1.28797197342		4.4637556076
1.29409885406		0.607228279114
1.30022382736		4.32167339325
1.30634999275		0.718864440918
1.31248092651		4.17451667786
1.31859993935		0.860947608948
1.32472491264		4.03750801086
1.33085083961		1.09944343567
1.33710694313		3.74826812744
1.34323596954		1.3125667572
1.34935283661		3.55036830902
1.35548090935		1.52061653137
1.36161088943		3.32709503174
1.36773180962		1.76418685913
1.37385892868		3.10382270813
1.37998199463		2.00268268585
1.38610982895		2.86532688141
1.39224386215		2.26655006409
1.39835786819		2.62175655365
1.40448689461		2.50504589081
1.41061091423		2.38326072693
1.41673779488		2.74861621857
1.42286896706		2.14983940125
1.42898893356		2.99218654633
1.43520593643		1.81493091583
1.44137597084		3.39813613892
1.44748997688		1.55106258392
1.45362186432		3.61633491516
1.45974087715		1.35316181183
1.46587085724		3.82438468933
1.47200083733		1.15526103973
1.47811985016		4.01721096039
1.4842479229		0.982732772827
1.49037289619		4.19481372833
1.49649882317		0.825427055359
1.50262999535		4.35719394684
1.50874876976		0.688418388367
1.51487493515		4.49420261383
1.52100682259		0.576782226562
1.52712583542		4.61598682404
1.53325295448		0.480368614197
1.53937888145		4.70732593536
1.54550480843		0.399179458618
1.55163598061		4.77836704254
1.55775594711		0.338286399841
1.56388688087		4.82403659821
1.57000684738		0.312914848328
1.57613396645		4.82911109924
1.58225893974		0.312914848328
1.58838486671		4.80881404877
1.59451079369		0.328137397766
1.60063576698		4.77836704254
1.60676193237		0.353509902954
1.61288881302		4.7124004364
1.61901092529		0.424551010132
1.62518692017		4.56016921997
1.63127183914		0.51589012146
1.63739085197		4.4536075592
1.64353179932		0.622451782227
1.64964294434		4.2912273407
1.65577578545		0.744236946106
1.66190099716		4.15421867371
1.6680188179		0.881244659424
1.67414593697		4.02735900879
1.68027281761		1.03347587585
1.686398983		3.84975624084
1.69252181053		1.2009305954
1.69865179062		3.64678096771
1.70477581024		1.40898036957
1.71089887619		3.34739303589
1.7170279026		1.64240169525
1.72316288948		3.2103843689
1.72927689552		1.88089752197
1.73540592194		2.98203754425
1.74153494835		2.13969039917
1.74765491486		2.73846721649
1.75378084183		2.36803817749
1.75990486145		2.51012039185
1.76603579521		2.61668205261
1.77215981483		2.26655006409
1.77828288078		2.86532688141
1.78441095352		2.0331287384
1.79053497314		3.10382270813
1.79666185379		1.80985641479
1.80279278755		3.34739303589
1.80891299248		1.58150959015
1.81503891945		3.58081436157
1.82116985321		1.3633108139
1.82728981972		3.80408668518
1.8334209919		1.17555904388
1.83954000473		3.98676395416
1.84566688538		1.0030298233
1.85179877281		4.16944217682
1.85791778564		0.840649604797
1.86404585838		4.33182239532
1.87017083168		0.698567390442
1.87629699707		4.47390460968
1.88242793083		0.597080230713
1.88854694366		4.59568977356
1.89467287064		0.490517616272
1.90081691742		4.74792098999
1.90705180168		0.358584403992
1.91317677498		4.79866504669
1.9193007946		0.328137397766
1.92542886734		4.81896209717
1.93156099319		0.312914848328
1.93767881393		4.82911109924
1.94380497932		0.30784034729
1.94992899895		4.80373954773
1.95605683327		0.338286399841
1.96218681335		4.74284648895
1.96831083298		0.394104957581
1.97443389893		4.65658187866
1.98056077957		0.460071563721
1.98668694496		4.52972316742
1.99281287193		0.556485176086
1.9989387989		4.37749099731
2.00506091118		0.673195838928
2.01119089127		4.23033428192
2.01731491089		0.805129051208
2.02344489098		4.0933265686
2.02956581116		0.952286720276
2.03569793701		3.93602085114
2.04182481766		1.12988948822
2.04794192314		3.75334262848
2.05407094955		1.3024187088
2.06019282341		3.55544185638
2.06632184982		1.51554203033
2.07244586945		3.33724403381
2.07857298851		1.75403785706
2.08469676971		3.10382270813
2.09082198143		2.05342674255
2.09694886208		2.87547588348
2.10307598114		2.24625301361
2.10920000076		2.62683105469
2.11533284187		2.50504589081
2.12145996094		2.37818622589
2.12757897377		2.73846721649
2.13370490074		2.15998840332
2.13982796669		2.97696304321
2.1459569931		1.92656707764
2.15208292007		3.22560787201
2.1582069397		1.69314575195
2.16433382034		3.46410369873
2.17045879364		1.46479797363
2.17658782005		3.68737602234
2.182710886		1.27704620361
2.18883681297		3.89542579651
2.19496893883		1.07914543152
2.20109391212		4.08825206757
2.20721292496		0.916765213013
2.21334886551		4.27600383759
2.21948385239		0.754385948181
2.22560095787		4.40793800354
2.2317199707		0.642748832703
2.23784279823		4.53987121582
2.24397492409		0.536187171936
2.25009298325		4.6515083313
2.25622296333		0.454997062683
2.26235389709		4.73777198792
2.26847195625		0.368732452393
2.27460384369		4.79866504669
2.2807238102		0.323062896729
2.28686690331		4.82911109924
2.29298090935		0.302765846252
2.29912281036		4.81896209717
2.30523681641		0.30784034729
2.31135487556		4.80373954773
2.31748080254		0.333211898804
2.32361292839		4.75299549103
2.32973194122		0.383955955505
2.33586096764		4.66673088074
2.34198999405		0.454997062683
2.34812188148		4.52972316742
2.35424184799		0.546336174011
2.36036491394		4.38763999939
2.36648893356		0.657972335815
2.37261486053		4.25063228607
2.37873888016		0.794981002808
2.3848669529		4.103474617
2.39101290703		0.967509269714
2.39711689949		3.96139240265
2.40325379372		1.10451793671
2.40936899185		3.77364063263
2.41549396515		1.28719520569
2.42162680626		3.55544185638
2.42774486542		1.5104675293
2.43387985229		3.34739303589
2.4399960041		1.7235918045
2.44612288475		3.12919425964
2.45224785805		1.97731018066
2.45837187767		2.89577293396
2.46450686455		2.23610401154
2.47062492371		2.64712810516
2.47675085068		2.46445083618
2.48288393021		2.393409729
2.48901081085		2.72324466705
2.4952287674		2.05342674255
2.50138688087		3.11397171021
2.50750780106		1.80478191376
2.51363778114		3.35754108429
2.51975679398		1.58150959015
2.52588486671		3.58081436157
2.53202486038		1.33286476135
2.53813481331		3.79901218414
2.54428386688		1.16033554077
2.55038690567		3.9918384552
2.55651092529		1.0030298233
2.56264400482		4.16944217682
2.56876397133		0.840649604797
2.57488894463		4.33689689636
2.5810148716		0.698567390442
2.58715796471		4.48405361176
2.59327983856		0.5818567276
2.59939193726		4.6007642746
2.60551977158		0.490517616272
2.61165094376		4.70225143433
2.61776995659		0.399179458618
2.6239027977		4.77836704254
2.63002085686		0.343360900879
2.6361618042		4.80881404877
2.64227890968		0.317989349365
2.64839982986		4.82911109924
2.65452599525		0.302765846252
2.66065096855		4.81896209717
2.66677594185		0.317989349365
2.67291092873		4.7732925415
2.67904281616		0.363657951355
2.68523693085		4.67180538177
2.69140577316		0.465146064758
2.69753098488		4.52464866638
2.7036550045		0.556485176086
2.70978188515		4.32674789429
2.71592092514		0.713790893555
2.72203588486		4.22018527985
2.72817492485		0.815278053284
2.73428583145		4.0933265686
2.74040985107		0.952286720276
2.74653697014		3.94616889954
2.75266885757		1.12481498718
2.75878596306		3.72797107697
2.7649128437		1.30749225616
2.77104878426		3.54021930695
2.77716588974		1.51554203033
2.78331494331		3.30679798126
2.7894179821		1.75911235809
2.79554581642		3.10382270813
2.80167579651		2.01283168793
2.80779385567		2.86532688141
2.81392097473		2.25132751465
2.8200609684		2.58623600006
2.826171875		2.4898223877
2.83231878281		2.34774017334
2.83842682838		2.74354171753
2.84455680847		2.12954235077
2.85067892075		2.98711204529
2.85680294037		1.9214925766
2.86292886734		3.22560787201
2.86905193329		1.69314575195
2.87523579597		3.53514480591
2.88131093979		1.46479797363
2.88742899895		3.6823015213
2.89355397224		1.27704620361
2.89967989922		3.89542579651
2.90580677986		1.09944343567
2.91193699837		4.08317756653
2.91805791855		0.916765213013
2.92419695854		4.26078033447
2.93030977249		0.76960849762
2.93643784523		4.4028635025
2.94256782532		0.64782333374
2.94868588448		4.53987121582
2.95481395721		0.541261672974
2.96093797684		4.69210338593
2.96707987785		0.434700012207
2.97319698334		4.74284648895
2.97931599617		0.37380695343
2.9854528904		4.79866504669
2.99156785011		0.323062896729
2.99769282341		4.82911109924
3.0038189888		0.302765846252
3.0099439621		4.81896209717
3.01610183716		0.317989349365
3.02220082283		4.78851604462
3.02832698822		0.328137397766
3.03444290161		4.75806999207
3.04061985016		0.389030456543
3.04670381546		4.66673088074
3.05282592773		0.454997062683
3.05895185471		4.53987121582
3.06510877609		0.566633224487
3.07121086121		4.38256549835
3.07732892036		0.652897834778
3.0834748745		4.23540878296
3.08957982063		0.784832000732
3.0957069397		4.103474617
3.10183882713		0.942137718201
3.10795688629		3.94109535217
3.11409282684		1.16541004181
3.12036299706		3.6214094162
3.12645983696		1.40390586853
3.13258481026		3.43873119354
3.13871192932		1.63225269318
3.14484095573		3.20530986786
3.15102982521		1.9722366333
3.15709495544		2.97696304321
3.16324186325		2.1701374054
3.16934084892		2.74354171753
3.17546582222		2.36803817749
3.18159294128		2.49997138977
3.18771791458		2.61160755157
3.19384384155		2.27162456512
3.19996976852		2.86025238037
3.20609498024		2.03820323944
3.21223378181		3.11904525757
3.21834588051		1.80478191376
3.22447490692		3.34739303589
3.23062777519		1.55106258392
3.23672294617		3.5706653595
3.24285697937		1.3633108139
3.2489759922		3.79393768311
3.25520277023		1.06899738312
3.26135993004		4.10854911804
3.2674779892		0.901542663574
3.27360391617		4.26078033447
3.27972793579		0.759459495544
3.28585386276		4.41808605194
3.2919819355		0.617377281189
3.2981069088		4.55509471893
3.30424785614		0.526038169861
3.31035780907		4.6616563797
3.31648397446		0.439774513245
3.32261490822		4.74792098999
3.32873678207		0.358584403992
3.33486294746		4.81388759613
3.3410589695		0.30784034729
3.34711289406		4.82403659821
3.35324478149		0.30784034729
3.35936379433		4.81896209717
3.36549282074		0.312914848328
3.37162590027		4.79866504669
3.37774181366		0.328137397766
3.38386797905		4.74792098999
3.38999199867		0.389030456543
3.39613485336		4.63628482819
3.40224981308		0.465146064758
3.40838599205		4.52464866638
3.41449785233		0.551410675049
3.42062091827		4.38256549835
3.42674994469		0.668121337891
3.43287491798		4.23033428192
3.43899893761		0.800054550171
3.44521093369		4.0425825119
3.45138597488		1.05884838104
3.45750188828		3.83453273773
3.46362876892		1.22630310059
3.46975278854		3.6315574646
3.47589278221		1.46987247467
3.48200678825		3.41335964203
3.48813199997		1.65762519836
3.49425578117		3.20023536682
3.50038290024		1.90119457245
3.50650882721		2.9617395401
3.51263689995		2.15491390228
3.5187599659		2.72324466705
3.52488589287		2.39848423004
3.53101086617		2.4898223877
3.53713679314		2.63698005676
3.54327082634		2.22595500946
3.54938697815		2.88562393188
3.55551695824		2.00775718689
3.561647892		3.13934326172
3.56776499748		1.78955841064
3.57389092445		3.36769008636
3.58001685143		1.53584003448
3.5861427784		3.60111141205
3.59228491783		1.33286476135
3.59839296341		3.81423568726
3.60452079773		1.16541004181
3.61064696312		4.00706195831
3.61677193642		0.987807273865
3.62290287018		4.19481372833
3.62902283669		0.830501556396
3.63523983955		4.41301250458
3.64140796661		0.617377281189
3.64752697945		4.56524372101
3.65365290642		0.526038169861
3.65977692604		4.66673088074
3.66590380669		0.424551010132
3.6720328331		4.75806999207
3.67815279961		0.358584403992
3.68429398537		4.80881404877
3.69040584564		0.323062896729
3.69653582573		4.82911109924
3.70266485214		0.302765846252
3.70878386497		4.82403659821
3.7149169445		0.30784034729
3.7210419178		4.79359054565
3.72715997696		0.343360900879
3.73329496384		4.73777198792
3.73941588402		0.394104957581
3.74553990364		4.64643383026
3.75166392326		0.465146064758
3.75778985023		4.51449966431
3.76391577721		0.576782226562
3.77004289627		4.36226844788
3.77616786957		0.683343887329
3.78229379654		4.22018527985
3.78841996193		0.815278053284
3.79455184937		4.08317756653
3.8006708622		0.962434768677
3.80679583549		3.92079734802
3.81292390823		1.1400384903
3.81904697418		3.73812007904
3.8252158165		1.35823631287
3.8312997818		3.5199213028
3.83742690086		1.53076553345
3.84355783463		3.30679798126
3.84967684746		1.77940940857
3.85580587387		3.07845020294
3.86193585396		2.0331287384
3.86805391312		2.80950832367
3.87418699265		2.27162456512
3.88031983376		2.58623600006
3.88643288612		2.51519489288
3.89255785942		2.36296367645
3.89868283272		2.76383876801
3.90481495857		2.13461589813
3.91093492508		3.12411975861
3.9171898365		1.76418685913
3.92332482338		3.40828514099
3.92943692207		1.52569103241
3.93556499481		3.6214094162
3.94169282913		1.32779026031
3.94781494141		3.83453273773
3.95394492149		1.14511299133
3.96006584167		4.02228546143
3.96619296074		0.967509269714
3.97233080864		4.21003723145
3.97844290733		0.815278053284
3.98457384109		4.36226844788
3.9906938076		0.688418388367
3.9968187809		4.49927616119
4.00294780731		0.571707725525
4.00907278061		4.62106132507
4.01523590088		0.449922561646
4.02132987976		4.7124004364
4.02744698524		0.394104957581
4.03356981277		4.77836704254
4.03970193863		0.338286399841
4.04582977295		4.81896209717
4.05195999146		0.302765846252
4.05807781219		4.82911109924
4.06421089172		0.30784034729
4.07032990456		4.81388759613
4.07645797729		0.323062896729
4.08258795738		4.7732925415
4.08870887756		0.358584403992
4.09483289719		4.70225143433
4.10095787048		0.444848060608
4.10708498955		4.58046627045
4.11323881149		0.531112670898
4.11933684349		4.42316055298
4.12546277046		0.617377281189
4.13159394264		4.29630184174
4.13771486282		0.749311447144
4.14384579659		4.14406967163
4.14996695518		0.891393661499
4.15609288216		3.98676395416
4.16222190857		1.05884838104
4.16836500168		3.81423568726
4.17446899414		1.22122859955
4.18059492111		3.64170646667
4.18672180176		1.42420387268
4.19285297394		3.41335964203
4.19897079468		1.6728477478
4.20513677597		3.15964031219
4.2112288475		1.89612102509
4.21734881401		2.97696304321
4.22348189354		2.15491390228
4.22959899902		2.72831821442
4.23573184013		2.39848423004
4.2418589592		2.47967433929
4.24797797203		2.63698005676
4.25410294533		2.26147556305
4.26024580002		2.91607093811
4.26635479927		2.01790523529
4.27250289917		3.14949226379
4.27860498428		1.79970741272
4.28473496437		3.36261558533
4.29085898399		1.52061653137
4.29698491096		3.60111141205
4.30312299728		1.34301376343
4.30923485756		3.80408668518
4.31538486481		1.14511299133
4.32149291039		4.00198745728
4.32761192322		0.997955322266
4.33374595642		4.17959117889
4.33986496925		0.830501556396
4.3459918499		4.34704494476
4.35212278366		0.693492889404
4.35824179649		4.47897911072
4.36438083649		0.5818567276
4.37049388885		4.60583877563
4.37662386894		0.485443115234
4.38274598122		4.70732593536
4.38887190819		0.399179458618
4.39499688148		4.7732925415
4.40112876892		0.343360900879
4.40726184845		4.81388759613
4.41337394714		0.323062896729
4.41949987411		4.82403659821
4.42562699318		0.302765846252
4.43175888062		4.81896209717
4.43787693977		0.317989349365
4.44401288033		4.76821899414
4.45012688637		0.353509902954
4.45625495911		4.7124004364
4.46238493919		0.419476509094
4.46850585938		4.61091327667
4.47463297844		0.505741119385
4.48075795174		4.4028635025
4.48688483238		0.607228279114
4.49301600456		4.30644989014
4.49913477898		0.723938941956
4.50526785851		4.16944217682
4.5113928318		0.866022109985
4.51751089096		4.03243350983
4.52366185188		1.04869937897
4.529763937		3.86497974396
4.53588986397		1.2009305954
4.54202079773		3.66200447083
4.54814195633		1.41912937164
4.5542678833		3.45395469666
4.56040787697		1.64240169525
4.56651878357		3.23068237305
4.57264494896		1.86567401886
4.57877182961		3.00740909576
4.58489584923		2.10924434662
4.59102678299		2.75876522064
4.59714698792		2.35788917542
4.6032807827		2.50504589081
4.60940098763		2.60653305054
4.6155397892		2.26655006409
4.62165689468		2.8501033783
4.62777781487		2.05342674255
4.63390183449		3.08859920502
4.64002799988		1.8200044632
4.64615392685		3.33216953278
4.65230178833		1.55613708496
4.65840482712		3.56559085846
4.66454982758		1.36838531494
4.67065596581		3.77364063263
4.67678380013		1.19585609436
4.68293380737		4.00706195831
4.68903493881		1.01317882538
4.69524884224		4.24555778503
4.70141887665		0.759459495544
4.70753693581		4.4028635025
4.71366381645		0.637675285339
4.71978783607		4.5500202179
4.72591400146		0.526038169861
4.73204898834		4.66673088074
4.73816680908		0.439774513245
4.74429178238		4.74284648895
4.75041699409		0.368732452393
4.75654482841		4.80373954773
4.7626709938		0.323062896729
4.76879882812		4.82911109924
4.77492189407		0.30784034729
4.7810459137		4.82403659821
4.78717279434		0.312914848328
4.79329895973		4.79359054565
4.7994248867		0.333211898804
4.80554986		4.75299549103
4.81169986725		0.394104957581
4.81779980659		4.66673088074
4.82392787933		0.460071563721
4.83005189896		4.53479766846
4.83618187904		0.56155872345
4.84231090546		4.38256549835
4.84844398499		0.673195838928
4.85455489159		4.240483284
4.86068177223		0.794981002808
4.8668088913		4.103474617
4.87293887138		0.952286720276
4.87905788422		3.96139240265
4.88526797295		1.17555904388
4.89131689072		3.76349163055
4.89743685722		1.29226970673
4.90357494354		3.54529380798
4.90968894958		1.50539302826
4.91581392288		3.34739303589
4.92194485664		1.74388885498
4.9280629158		3.12411975861
4.93418979645		1.98745918274
4.94033479691		2.8399553299
4.94644379616		2.23610401154
4.95258498192		2.62175655365
4.95869278908		2.46952533722
4.96481895447		2.40863323212
4.97094488144		2.81965732574
4.97707390785		2.16506290436
4.98319792747		2.99726104736
4.98932600021		1.93164157867
4.99544978142		3.21545886993
