0.000123977661133		-0.00169658660889
0.00569486618042		4.70225143433
0.0101878643036		5.04730892181
0.0146849155426		1.29226970673
0.0191819667816		-0.00677108764648
0.0235579013824		2.97188854218
0.0280559062958		5.04730892181
0.0324318408966		2.92114448547
0.0369348526001		-0.00169658660889
0.0414378643036		1.28212070465
0.0459358692169		5.04730892181
0.0503098964691		4.3521194458
0.0546939373016		-0.00677108764648
0.0591859817505		-0.00169658660889
0.0635619163513		5.04223537445
0.0680639743805		5.04730892181
0.0724399089813		-0.00169658660889
0.0769460201263		-0.00169658660889
0.081444978714		4.9711933136
0.0859439373016		5.04223537445
0.0904748439789		0.85587310791
0.0949490070343		-0.00677108764648
0.0994470119476		3.64678096771
0.103947877884		5.04730892181
0.10844707489		2.14983940125
0.112828969955		-0.00169658660889
0.11732506752		1.96208763123
0.121829986572		5.04730892181
0.126324892044		3.59096240997
0.130699872971		-0.00169658660889
0.13507604599		0.226650238037
0.139575004578		5.04730892181
0.144083023071		5.00164031982
0.148578882217		-0.00169658660889
0.153082847595		-0.00169658660889
0.157577991486		5.05238342285
0.162087917328		5.04730892181
0.166579961777		0.0642700195312
0.171078920364		-0.00169658660889
0.175457954407		4.52972316742
0.179956912994		5.04730892181
0.184467077255		1.35316181183
0.188956022263		-0.00169658660889
0.193341016769		2.88562393188
0.197833061218		5.04730892181
0.202342987061		2.79428577423
0.206835031509		-0.00169658660889
0.211338043213		1.41912937164
0.215842962265		5.04730892181
0.22033905983		4.05780601501
0.224842071533		-0.00677108764648
0.229346036911		0.145460128784
0.233845949173		5.04730892181
0.238342046738		5.03208637238
0.242847919464		-0.00169658660889
0.247340917587		-0.00677108764648
0.251848936081		5.04730892181
0.256342887878		5.04730892181
0.260843038559		0.130236625671
0.26534986496		-0.00677108764648
0.269842863083		4.61091327667
0.274428844452		5.05238342285
0.278846979141		1.29226970673
0.283346891403		-0.00169658660889
0.287847995758		3.17486381531
0.292351007462		5.04730892181
0.296848058701		2.55071544647
0.301347970963		-0.00169658660889
0.30585193634		1.71344280243
0.310349941254		5.04223537445
0.314851999283		3.79901218414
0.319351911545		-0.00677108764648
0.323853969574		0.368732452393
0.328356027603		5.04730892181
0.332852840424		4.94582176208
0.337350845337		-0.00169658660889
0.341727018356		-0.00677108764648
0.346230983734		5.04730892181
0.350729942322		5.04223537445
0.355231046677		0.0947160720825
0.359730005264		-0.00169658660889
0.364268064499		4.74792098999
0.368739843369		5.04223537445
0.373235940933		1.22122859955
0.377732038498		-0.00677108764648
0.382235050201		3.28649997711
0.386735916138		5.04730892181
0.391234874725		2.48474884033
0.395737886429		-0.00169658660889
0.400238037109		1.78448390961
0.404738903046		5.04730892181
0.409236907959		3.73812007904
0.413738012314		-0.00169658660889
0.41823887825		0.429625511169
0.422745943069		5.04730892181
0.427238941193		4.90522670746
0.431738853455		-0.00169658660889
0.436240911484		-0.00677108764648
0.440739870071		5.04730892181
0.445241928101		5.05238342285
0.449741840363		0.00337791442871
0.454282999039		-0.00677108764648
0.458741903305		4.91537570953
0.463249921799		5.04730892181
0.467743873596		0.982732772827
0.472252845764		-0.00169658660889
0.476743936539		3.53514480591
0.481245994568		5.03716087341
0.485749006271		2.2310295105
0.490247011185		-0.00169658660889
0.494624853134		1.88597202301
0.499121904373		5.04730892181
0.503624916077		3.65692996979
0.508130073547		-0.00677108764648
0.512630939484		0.510815620422
0.517123937607		5.04223537445
0.521627902985		4.80881404877
0.526126861572		-0.00677108764648
0.530627012253		-0.00169658660889
0.535132884979		5.04223537445
0.53962802887		5.04730892181
0.544127941132		-0.00169658660889
0.548632860184		-0.00169658660889
0.553139925003		4.96611976624
0.557633876801		5.04730892181
0.562139987946		0.901542663574
0.566630840302		-0.00169658660889
0.571135044098		3.62648391724
0.57563495636		5.04730892181
0.580134868622		2.16506290436
0.584635972977		-0.00169658660889
0.589134931564		2.14983940125
0.593641996384		5.04730892181
0.598134994507		3.4235086441
0.602643966675		-0.00169658660889
0.607136964798		0.754385948181
0.611635923386		5.04730892181
0.616140842438		4.62613582611
0.620640039444		-0.00169658660889
0.62514090538		-0.00169658660889
0.629641056061		5.04730892181
0.634147882462		5.04730892181
0.638642072678		-0.00677108764648
0.64314699173		-0.00677108764648
0.647649049759		5.04223537445
0.652144908905		5.04223537445
0.656641960144		0.657972335815
0.661144018173		-0.00169658660889
0.6656498909		3.9309463501
0.670161008835		5.04730892181
0.674649953842		1.88597202301
0.679146051407		-0.00169658660889
0.683650016785		2.45937633514
0.688148021698		5.04730892181
0.692649841309		3.14949226379
0.697147846222		-0.00169658660889
0.701649904251		1.09944343567
0.706150054932		5.04730892181
0.710649013519		4.38256549835
0.715152978897		-0.00169658660889
0.71965098381		-0.00169658660889
0.724153995514		5.05238342285
0.728652954102		5.04730892181
0.733155012131		-0.00169658660889
0.73765206337		-0.00169658660889
0.742158889771		5.04223537445
0.74665594101		5.04730892181
0.751155853271		0.449922561646
0.755655050278		-0.00677108764648
0.76015496254		4.18973922729
0.764658927917		5.04730892181
0.769157886505		1.66777324677
0.773658037186		-0.00677108764648
0.778159856796		2.73339271545
0.782660961151		5.04730892181
0.787165880203		2.91607093811
0.791660070419		-0.00169658660889
0.796160936356		1.28212070465
0.800660848618		5.04730892181
0.805162906647		4.16944217682
0.809664964676		-0.00169658660889
0.814164876938		0.0642700195312
0.818664073944		5.04223537445
0.82316493988		5.04730892181
0.827663898468		-0.00169658660889
0.832175016403		-0.00169658660889
0.836664915085		5.04730892181
0.841167926788		5.05238342285
0.845669031143		0.196204185486
0.850167989731		-0.00169658660889
0.85467004776		4.50942516327
0.859168052673		5.04730892181
0.863674879074		1.38868236542
0.868170022964		-0.00169658660889
0.872676849365		3.06830215454
0.877169847488		5.04730892181
0.881672859192		2.5405664444
0.886177062988		-0.00169658660889
0.890672922134		1.59673213959
0.895175933838		5.04223537445
0.899673938751		3.90050029755
0.904175043106		-0.00169658660889
0.908681869507		0.262170791626
0.913182973862		5.04730892181
0.917677879333		4.99149131775
0.922183990479		-0.00169658660889
0.926696062088		-0.00677108764648
0.931176900864		5.04730892181
0.935554981232		5.04730892181
0.940053939819		0.170831680298
0.944557905197		-0.00169658660889
0.94905591011		4.5500202179
0.953563928604		5.04730892181
0.958056926727		1.34301376343
0.962563991547		-0.00169658660889
0.96705698967		3.10889720917
0.971556901932		5.04730892181
0.976063013077		2.5913105011
0.980557918549		-0.00169658660889
0.985063076019		1.64747619629
0.989563941956		5.04730892181
0.994067907333		3.84975624084
0.998564004898		-0.00169658660889
1.00306987762		0.317989349365
1.00756192207		5.04730892181
1.0120639801		4.9711933136
1.01656293869		-0.00169658660889
1.02106499672		-0.00169658660889
1.02556705475		5.04730892181
1.03006505966		5.04730892181
1.03456807137		0.03382396698
1.03906702995		-0.00169658660889
1.04357385635		4.82911109924
1.04806685448		5.04223537445
1.05257487297		1.09436893463
1.05707001686		-0.00677108764648
1.06156897545		3.46410369873
1.06607604027		5.04223537445
1.07057285309		2.35788917542
1.07507395744		-0.00169658660889
1.07957100868		1.92656707764
1.08407092094		5.04223537445
1.08857393265		3.61633491516
1.09307384491		-0.00169658660889
1.09757304192		0.551410675049
1.10207891464		5.04730892181
1.10657501221		4.81388759613
1.11107492447		-0.00677108764648
1.11557793617		-0.00169658660889
1.12007784843		5.04730892181
1.12458086014		5.04730892181
1.12907791138		-0.00677108764648
1.13357901573		-0.00169658660889
1.13807988167		4.99149131775
1.14258790016		5.04223537445
1.14707994461		0.85587310791
1.15158104897		-0.00169658660889
1.15608406067		3.70767402649
1.16058206558		5.04730892181
1.16508603096		2.09402179718
1.16958284378		-0.00169658660889
1.17408394814		2.22595500946
1.17858290672		5.04730892181
1.18308997154		3.35246753693
1.18758392334		-0.00677108764648
1.19209289551		0.830501556396
1.19658493996		5.04730892181
1.20108795166		4.57539176941
1.20559501648		-0.00169658660889
1.2100880146		-0.00169658660889
1.21459889412		5.04730892181
1.21909093857		5.04730892181
1.22358989716		-0.00169658660889
1.22809100151		-0.00169658660889
1.23259806633		5.04730892181
1.23709201813		5.04223537445
1.24159097672		0.49559211731
1.24609684944		-0.00169658660889
1.25059604645		3.9816904068
1.25509905815		5.04730892181
1.2595949173		1.84537696838
1.26410198212		-0.00169658660889
1.26859498024		2.51519489288
1.27310395241		5.04730892181
1.27759695053		3.11904525757
1.28209805489		-0.00677108764648
1.28659796715		1.08421993256
1.29109692574		5.04730892181
1.29560089111		4.34704494476
1.3000998497		-0.00677108764648
1.30460000038		0.00337791442871
1.30909895897		5.04730892181
1.31348395348		5.04730892181
1.31797599792		-0.00677108764648
1.32248401642		-0.00169658660889
1.32697796822		5.04730892181
1.33147788048		5.04730892181
1.33597898483		0.566633224487
1.34047889709		-0.00169658660889
1.34498691559		4.07302856445
1.34948086739		5.04730892181
1.35398793221		1.77433586121
1.358481884		-0.00169658660889
1.3629899025		2.60145950317
1.36748385429		5.04730892181
1.37198495865		3.04800415039
1.37648391724		-0.00169658660889
1.38098502159		1.1501865387
1.38549804688		5.04730892181
1.38998603821		4.27600383759
1.3945119381		-0.00169658660889
1.39898586273		0.0186004638672
1.40349292755		5.04730892181
1.40798687935		5.04730892181
1.41248893738		-0.00169658660889
1.41698789597		-0.00169658660889
1.42148900032		5.04223537445
1.42599105835		5.04223537445
1.43049097061		0.328137397766
1.43499088287		-0.00169658660889
1.43948507309		4.33182239532
1.44386386871		5.04223537445
1.44836902618		1.71344280243
1.45286893845		-0.00169658660889
1.45736789703		2.66742610931
1.46187591553		5.04730892181
1.46636891365		2.97696304321
1.47074604034		-0.00169658660889
1.47524785995		1.03347587585
1.47974801064		5.04730892181
1.48429203033		4.32167339325
1.48874902725		-0.00677108764648
1.49324703217		-0.00169658660889
1.49775195122		5.04730892181
1.50224995613		5.04730892181
1.50674796104		-0.00677108764648
1.51124787331		-0.00169658660889
1.51562595367		5.04223537445
1.52012395859		5.04223537445
1.52450895309		0.764533996582
1.52899885178		-0.00169658660889
1.53337907791		3.59096240997
1.5378780365		5.04730892181
1.54225993156		2.36803817749
1.54675292969		-0.00677108764648
1.55125284195		1.90119457245
1.55563187599		5.05238342285
1.56012797356		3.81931018829
1.56451296806		-0.00169658660889
1.56900501251		0.180980682373
1.57338190079		5.04730892181
1.57788205147		5.04730892181
1.58238792419		-0.00169658660889
1.58688306808		-0.00169658660889
1.59125804901		5.04730892181
1.59576702118		5.04730892181
1.6002600193		0.389030456543
1.60476398468		-0.00169658660889
1.60926198959		4.27600383759
1.61376404762		5.04730892181
1.61826300621		1.59165763855
1.62277793884		-0.00169658660889
1.62726306915		2.80950832367
1.63184285164		5.04730892181
1.63626790047		2.85517787933
1.64076685905		-0.00169658660889
1.64526891708		1.3633108139
1.64976787567		5.04730892181
1.65430498123		4.05273151398
1.65876698494		-0.00169658660889
1.66327595711		0.104865074158
1.66776990891		5.04730892181
1.67227697372		5.04223537445
1.67676997185		-0.00677108764648
1.6812710762		-0.00169658660889
1.68564987183		5.04730892181
1.69014692307		5.05238342285
1.69465088844		0.317989349365
1.69914889336		-0.00677108764648
1.70365190506		4.35719394684
1.70814990997		5.05238342285
1.71265602112		1.5104675293
1.71714997292		-0.00169658660889
1.72165203094		2.98711204529
1.72615194321		5.04730892181
1.73065185547		2.78413677216
1.73515701294		-0.00169658660889
1.73965406418		1.44957542419
1.74416303635		5.04730892181
1.74865698814		4.02735900879
1.75316405296		-0.00169658660889
1.75765585899		0.150534629822
1.76217007637		5.04730892181
1.76665997505		5.02701187134
1.77115702629		-0.00169658660889
1.77566003799		-0.00677108764648
1.7801759243		5.04223537445
1.78467702866		5.04223537445
1.78916192055		0.115014076233
1.79366207123		-0.00169658660889
1.79816007614		4.63121032715
1.80266189575		5.04223537445
1.80715990067		1.27704620361
1.81153702736		-0.00169658660889
1.81604003906		2.97696304321
1.82053995132		5.04223537445
1.82504987717		2.7029466629
1.82954096794		-0.00169658660889
1.83404994011		1.54598808289
1.83854293823		5.04223537445
1.84304094315		3.96139240265
1.84754395485		-0.00169658660889
1.85204195976		0.201278686523
1.85654306412		5.04730892181
1.86091685295		5.04730892181
1.86529493332		-0.00169658660889
1.86979293823		-0.00169658660889
1.87433886528		5.04730892181
1.87879705429		5.04730892181
1.88329792023		0.368732452393
1.88779807091		-0.00677108764648
1.89229893684		4.3013753891
1.89679884911		5.04223537445
1.90130496025		1.561211586
1.90580201149		-0.00169658660889
1.9103000164		2.84502887726
1.91480398178		5.04730892181
1.91930198669		2.83488082886
1.92380905151		-0.00169658660889
1.92830204964		1.38360881805
1.93280506134		5.04730892181
1.93730401993		4.08317756653
1.94180989265		-0.00169658660889
1.94630599022		0.115014076233
1.95080590248		5.04730892181
1.95530700684		5.03716087341
1.9598069191		-0.00169658660889
1.96439695358		-0.00169658660889
1.96880888939		5.04730892181
1.97331094742		5.05238342285
1.97781205177		0.135311126709
1.98231506348		-0.00169658660889
1.98680901527		4.61598682404
1.99130988121		5.04730892181
1.99581384659		1.29226970673
2.0003118515		-0.00169658660889
2.00481390953		3.16978931427
2.00931286812		5.04730892181
2.0138130188		2.55071544647
2.01831293106		-0.00169658660889
2.0228228569		1.70329380035
2.02731585503		5.04730892181
2.03181695938		3.80408668518
2.03631496429		-0.00169658660889
2.04069805145		0.170831680298
2.04519486427		5.04730892181
2.04969191551		5.02701187134
2.05406999588		-0.00169658660889
2.05856990814		-0.00169658660889
2.06307888031		5.04730892181
2.06757187843		5.04223537445
2.07207894325		0.221575737
2.07657194138		-0.00169658660889
2.0810790062		4.47390460968
2.08557605743		5.04730892181
2.09007287025		1.42420387268
2.09457397461		-0.00169658660889
2.09907388687		3.00740909576
2.1035759449		5.04730892181
2.10807585716		2.69279766083
2.11258196831		-0.00169658660889
2.1170759201		1.54091453552
2.12145185471		5.04730892181
2.1259560585		4.11362361908
2.13045501709		-0.00169658660889
2.13495707512		0.0947160720825
2.13945484161		5.04730892181
2.14396190643		5.04223537445
2.14845585823		-0.00677108764648
2.15296292305		-0.00169658660889
2.15745592117		5.04730892181
2.16196393967		5.04730892181
2.16645789146		0.186055183411
2.17095804214		-0.00169658660889
2.17546105385		4.53479766846
2.17996406555		5.04223537445
2.1844689846		1.35823631287
2.18896198273		-0.00169658660889
2.19346785545		3.09367370605
2.19796085358		5.04730892181
2.2024679184		2.61668205261
2.20696306229		-0.00169658660889
2.21146392822		1.61703014374
2.21596384048		5.04223537445
2.22046494484		3.8802022934
2.22496700287		-0.00169658660889
2.22946500778		0.277394294739
2.23385095596		5.04730892181
2.23834085464		5.03716087341
2.24285006523		-0.00169658660889
2.24734401703		-0.00169658660889
2.25184893608		5.04223537445
2.25634384155		5.04730892181
2.26084494591		0.115014076233
2.26534700394		-0.00169658660889
2.26984596252		4.63628482819
2.27443885803		5.04730892181
2.27886295319		1.23645114899
2.28335285187		-0.00169658660889
2.28785395622		3.20023536682
2.29235196114		5.04223537445
2.29685306549		2.52534389496
2.30135393143		-0.00169658660889
2.30585694313		1.72866630554
2.31035399437		5.04730892181
2.31485700607		3.7837896347
2.31936407089		-0.00677108764648
2.3238658905		0.414402008057
2.3283560276		5.04730892181
2.33285784721		4.93567276001
2.33735799789		-0.00169658660889
2.34186506271		-0.00677108764648
2.34636092186		5.04223537445
2.35086107254		5.04223537445
2.35536289215		0.0186004638672
2.35985994339		-0.00169658660889
2.36436700821		4.88492965698
2.36889100075		5.04223537445
2.37336301804		1.03855037689
2.37785696983		-0.00169658660889
2.38236093521		3.48947525024
2.38686800003		5.04730892181
2.39136505127		2.29699611664
2.39586591721		-0.00169658660889
2.40036702156		1.99760818481
2.40486693382		5.04730892181
2.40936589241		3.55544185638
2.41386795044		-0.00169658660889
2.4183678627		0.612302780151
2.42287802696		5.04730892181
2.42737102509		4.75299549103
2.43187999725		-0.00169658660889
2.43637084961		-0.00677108764648
2.44087100029		5.04730892181
2.44537496567		5.04223537445
2.44987392426		-0.00169658660889
2.45437884331		-0.00169658660889
2.45887899399		5.0219373703
2.46338200569		5.04730892181
2.46787405014		0.794981002808
2.47238206863		-0.00169658660889
2.47687292099		3.77364063263
2.48137593269		5.03716087341
2.48587799072		2.02805423737
2.49037599564		-0.00169658660889
2.49487996101		2.29699611664
2.49937701225		5.04730892181
2.50388002396		3.29664897919
2.50837898254		-0.00169658660889
2.51288795471		0.886319160461
2.51737904549		5.04223537445
2.52189302444		4.51449966431
2.52637386322		-0.00169658660889
2.53074884415		-0.00677108764648
2.53513503075		5.04730892181
2.53963494301		5.04730892181
2.5441429615		-0.00169658660889
2.54863286018		-0.00677108764648
2.55314397812		4.97626781464
2.55763602257		5.04730892181
2.56214594841		0.896468162537
2.56665205956		-0.00169658660889
2.57113695145		3.6315574646
2.5756418705		5.04223537445
2.58014988899		2.13969039917
2.58463907242		-0.00169658660889
2.58913803101		2.14983940125
2.59364700317		5.04730892181
2.59814691544		3.40828514099
2.60264897346		-0.00169658660889
2.60714387894		0.754385948181
2.61164188385		5.04730892181
2.61614203453		4.63121032715
2.62064290047		-0.00169658660889
2.62514686584		-0.00169658660889
2.62964391708		5.04730892181
2.63415384293		5.04730892181
2.63865995407		-0.00169658660889
2.64315295219		-0.00169658660889
2.64764595032		5.04730892181
2.6521589756		5.04730892181
2.65664696693		0.678269386292
2.6611468792		-0.00169658660889
2.66565394402		3.92587184906
2.67014789581		5.04730892181
2.67465305328		1.90119457245
2.67915201187		-0.00169658660889
2.68365287781		2.45430183411
2.68815207481		5.04730892181
2.6926548481		3.16471481323
2.69715285301		-0.00169658660889
2.70165300369		1.08421993256
2.7061560154		5.04730892181
2.71067094803		4.37749099731
2.71515798569		-0.00169658660889
2.71965503693		-0.00169658660889
2.72416901588		5.05238342285
2.72865700722		5.04223537445
2.73315906525		-0.00169658660889
2.73766493797		-0.00677108764648
2.74216485023		5.04730892181
2.74665784836		5.04730892181
2.75116205215		0.444848060608
2.75566387177		-0.00169658660889
2.76015996933		4.20496273041
2.76466298103		5.04730892181
2.76916193962		1.66269874573
2.77366495132		-0.00169658660889
2.77816390991		2.73846721649
2.78268194199		5.04730892181
2.7871658802		2.92621898651
2.79166388512		-0.00677108764648
2.79617905617		1.31764125824
2.8006670475		5.04730892181
2.80516886711		4.16944217682
2.80966997147		-0.00169658660889
2.81416797638		0.0642700195312
2.81866788864		5.04730892181
2.82317185402		5.04730892181
2.82766985893		-0.00169658660889
2.83218002319		-0.00169658660889
2.83666992188		5.04730892181
2.84117102623		5.04730892181
2.84567403793		0.216501235962
2.85017299652		-0.00169658660889
2.85469102859		4.51957416534
2.85917186737		5.04730892181
2.86368107796		1.39883136749
2.86818599701		-0.00169658660889
2.87268185616		3.05815315247
2.87718105316		5.04730892181
2.88167691231		2.54564094543
2.88617897034		-0.00677108764648
2.89067792892		1.57136058807
2.89518094063		5.04730892181
2.89967989922		3.91572284698
2.9041800499		-0.00677108764648
2.90867900848		0.231724739075
2.913189888		5.04730892181
2.9176800251		5.00164031982
2.92218899727		-0.00169658660889
2.92669606209		-0.00169658660889
2.93118286133		5.04730892181
2.93568587303		5.04730892181
2.94019603729		0.0490465164185
2.94468688965		-0.00169658660889
2.94918584824		4.7631444931
2.9536960125		5.04730892181
2.9581849575		1.16033554077
2.96269392967		-0.00169658660889
2.96718788147		3.36261558533
2.97168684006		5.04223537445
2.97619104385		2.40863323212
2.98068904877		-0.00169658660889
2.98518896103		1.86567401886
2.98969888687		5.04223537445
2.99418497086		3.67722702026
2.99870705605		-0.00169658660889
3.0031979084		0.505741119385
3.00769090652		5.04730892181
3.01220607758		4.83418560028
3.0167119503		-0.00169658660889
3.02119207382		-0.00169658660889
3.02569484711		5.04730892181
3.03019285202		5.04223537445
3.03469491005		-0.00169658660889
3.0392370224		-0.00677108764648
3.04370498657		4.96611976624
3.0481979847		5.04223537445
3.05269789696		0.906617164612
3.05720686913		-0.00169658660889
3.0616979599		3.68737602234
3.0662009716		5.04730892181
3.07071590424		2.14476490021
3.07520198822		-0.00677108764648
3.07970094681		2.14476490021
3.08420085907		5.04730892181
3.0887029171		3.4336566925
3.09320306778		-0.00169658660889
3.09770584106		0.749311447144
3.10220885277		5.04730892181
3.10670399666		4.64643383026
3.11120486259		-0.00169658660889
3.11570906639		-0.00169658660889
3.1202070713		5.04730892181
3.12470793724		5.04730892181
3.12920594215		-0.00169658660889
3.13370800018		-0.00169658660889
3.13820695877		5.04223537445
3.14273190498		5.04730892181
3.14721107483		0.673195838928
3.15170884132		-0.00169658660889
3.15623092651		3.96646690369
3.16071105003		5.04730892181
3.16521286964		1.90119457245
3.16971087456		-0.00677108764648
3.17424798012		2.50504589081
3.17871594429		5.04223537445
3.18322205544		3.15964031219
3.18771505356		-0.00677108764648
3.19222307205		1.03347587585
3.19671487808		5.04223537445
3.20121598244		4.41301250458
3.20571899414		-0.00169658660889
3.21021795273		-0.00169658660889
3.21473503113		5.04223537445
3.21921801567		5.04730892181
3.22371888161		-0.00169658660889
3.22823286057		-0.00169658660889
3.23272585869		5.04730892181
3.2372200489		5.04730892181
3.24172401428		0.328137397766
3.24622297287		-0.00169658660889
3.25072288513		4.19988822937
3.25522494316		5.04730892181
3.25972485542		1.65762519836
3.26426887512		-0.00677108764648
3.26872587204		2.74354171753
3.27323198318		5.04730892181
3.27772593498		2.92621898651
3.28222799301		-0.00169658660889
3.28674697876		1.32779026031
3.29122805595		5.04730892181
3.29573702812		4.15421867371
3.30024194717		-0.00169658660889
3.30473184586		0.0693445205688
3.30922985077		5.04730892181
3.31373906136		5.04223537445
3.31822896004		-0.00169658660889
3.32273793221		-0.00677108764648
3.3272330761		5.04730892181
3.33173489571		5.04223537445
3.33623600006		0.216501235962
3.34073495865		-0.00677108764648
3.34523797035		4.48405361176
3.34973406792		5.04730892181
3.35427093506		1.36838531494
3.35875296593		-0.00677108764648
3.36324501038		3.04800415039
3.3677380085		5.04730892181
3.37225198746		2.65727710724
3.37673807144		-0.00169658660889
3.38123893738		1.56628608704
3.38574790955		5.04730892181
3.39024186134		3.92587184906
3.39474201202		-0.00169658660889
3.39924001694		0.246947288513
3.40374898911		5.04730892181
3.4082429409		5.00164031982
3.41274404526		-0.00169658660889
3.41724395752		-0.00677108764648
3.42174386978		5.04223537445
3.42624592781		5.04730892181
3.43076086044		0.0541210174561
3.43526887894		-0.00169658660889
3.43974804878		4.75299549103
3.44433188438		5.04730892181
3.4487490654		1.16541004181
3.45324897766		-0.00677108764648
3.45774793625		3.32709503174
3.46225690842		5.04730892181
3.46675205231		2.38833522797
3.47125291824		-0.00169658660889
3.47575497627		1.85552597046
3.48025202751		5.04730892181
3.48475384712		3.67722702026
3.48925304413		-0.00169658660889
3.49375391006		0.485443115234
3.49825501442		5.04730892181
3.50277686119		4.83926010132
3.50725603104		-0.00169658660889
3.5117559433		-0.00677108764648
3.51625490189		5.04730892181
3.52075791359		5.04730892181
3.5252559185		-0.00169658660889
3.52975296974		-0.00169658660889
3.53433489799		5.01686286926
3.5387609005		5.04730892181
3.54326105118		0.896468162537
3.54776000977		-0.00169658660889
3.55226993561		3.64170646667
3.55676198006		5.04730892181
3.56126284599		2.16506290436
3.565762043		-0.00169658660889
3.57026195526		2.13969039917
3.57478499413		5.04730892181
3.57926392555		3.43873119354
3.58377289772		-0.00169658660889
3.58826398849		0.759459495544
3.59277296066		5.04730892181
3.59726595879		4.64643383026
3.60183000565		-0.00169658660889
3.60626792908		-0.00169658660889
3.61076688766		5.04730892181
3.61526989937		5.04223537445
3.61977005005		-0.00169658660889
3.62430500984		-0.00169658660889
3.62876987457		5.04730892181
3.63327884674		5.04223537445
3.63776898384		0.693492889404
3.64227890968		-0.00169658660889
3.64679002762		3.9309463501
3.65127587318		5.03716087341
3.65577793121		1.91134357452
3.66028690338		-0.00169658660889
3.66477704048		2.43907928467
3.66927194595		5.04730892181
3.67378807068		3.16471481323
3.67827486992		-0.00677108764648
3.68278002739		1.00810432434
3.6872780323		5.04730892181
3.69181203842		4.36734294891
3.69628000259		-0.00677108764648
3.70077800751		-0.00169658660889
3.70528292656		5.04730892181
3.7097799778		5.04223537445
3.71432304382		-0.00169658660889
3.71879792213		-0.00677108764648
3.72328996658		5.04730892181
3.72778296471		5.04730892181
3.73229789734		0.424551010132
3.73678588867		-0.00677108764648
3.74128389359		4.19481372833
3.7457909584		5.04730892181
3.75028586388		1.66777324677
3.75478887558		-0.00169658660889
3.75928688049		2.72831821442
3.76379489899		5.04730892181
3.76829004288		2.93129348755
3.77278900146		-0.00169658660889
3.77728891373		1.28719520569
3.78179192543		5.04730892181
3.78629207611		4.17451667786
3.79080486298		-0.00169658660889
3.7952940464		0.0642700195312
3.79978990555		5.04223537445
3.80433988571		5.04223537445
3.80879402161		-0.00677108764648
3.81329703331		-0.00169658660889
3.81779694557		5.04730892181
3.82230305672		5.04730892181
3.82679486275		0.226650238037
3.83129906654		-0.00169658660889
3.83580183983		4.49420261383
3.84029698372		5.05238342285
3.84479999542		1.40898036957
3.84929895401		-0.00169658660889
3.85380506516		3.04292964935
3.85829901695		5.04730892181
3.86282491684		2.6420545578
3.86730289459		-0.00169658660889
3.87180685997		1.57136058807
3.87631392479		5.04730892181
3.88080191612		3.9309463501
3.88530492783		-0.00169658660889
3.88980388641		0.236799240112
3.8943400383		5.04730892181
3.89880299568		5.00671482086
3.90331101418		-0.00169658660889
3.90780496597		-0.00677108764648
3.91231203079		5.04730892181
3.91680598259		5.04223537445
3.92130804062		0.0693445205688
3.92580795288		-0.00677108764648
3.93031001091		4.74792098999
3.93484807014		5.04730892181
3.93931007385		1.17555904388
3.94381093979		-0.00169658660889
3.94832205772		3.33216953278
3.95281887054		5.04730892181
3.95731186867		2.42893028259
3.96182394028		-0.00169658660889
3.96631097794		1.83522796631
3.97081398964		5.04730892181
3.97531485558		3.66707897186
3.97981500626		-0.00169658660889
3.98439788818		0.597080230713
3.98881602287		5.04730892181
3.99332785606		4.85448265076
3.99781489372		-0.00677108764648
4.00232386589		-0.00677108764648
4.00683307648		5.04730892181
4.01131701469		5.04223537445
4.01581907272		-0.00169658660889
4.02031707764		-0.00677108764648
4.02482295036		4.95597076416
4.02931904793		5.04223537445
4.03382205963		0.926914215088
4.03832101822		-0.00169658660889
4.04283094406		3.6315574646
4.04732203484		5.04730892181
4.05183196068		2.15998840332
4.0563249588		-0.00169658660889
4.06082296371		2.12446784973
4.06532788277		5.04730892181
4.06982684135		3.4336566925
4.07440495491		-0.00169658660889
4.07884287834		0.754385948181
4.083329916		5.04730892181
4.08783006668		4.64643383026
4.0923409462		-0.00169658660889
4.09682893753		-0.00677108764648
4.10133004189		5.04223537445
4.10583591461		5.04223537445
4.1103310585		-0.00169658660889
4.11483287811		-0.00169658660889
4.11933302879		5.04730892181
4.12383890152		5.04223537445
4.12833189964		0.693492889404
4.13284087181		-0.00169658660889
4.13733386993		3.90557384491
4.14184188843		5.04730892181
4.14633488655		1.92656707764
4.15085196495		-0.00169658660889
4.15533685684		2.42385578156
4.15983700752		5.04730892181
4.1644179821		3.06830215454
4.16883802414		-0.00169658660889
4.17333889008		1.0030298233
4.17783904076		5.04223537445
4.18234801292		4.40793800354
4.18684196472		-0.00169658660889
4.19133996964		-0.00169658660889
4.19584107399		5.04223537445
4.20034098625		5.04730892181
4.20484495163		-0.00169658660889
4.20934391022		-0.00677108764648
4.2138440609		5.04730892181
4.21834397316		5.04730892181
4.22286987305		0.429625511169
4.22734594345		-0.00169658660889
4.2318520546		4.20496273041
4.23636102676		5.04730892181
4.24084687233		1.68299674988
4.24534702301		-0.00169658660889
4.24985098839		2.72324466705
4.25443005562		5.04730892181
4.25885105133		2.94144248962
4.26335000992		-0.00169658660889
4.26785302162		1.27197170258
4.27236485481		5.04730892181
4.27685189247		4.18466472626
4.28143692017		-0.00169658660889
4.28599190712		0.196204185486
4.29047894478		5.04730892181
4.29498291016		5.0219373703
4.29948091507		-0.00169658660889
4.30398106575		-0.00169658660889
4.30848002434		5.04730892181
4.31298899651		5.04730892181
4.31748199463		0.0997905731201
4.32198905945		-0.00677108764648
4.32648205757		4.66673088074
4.33098506927		5.04730892181
4.33548593521		1.24152565002
4.33998394012		-0.00169658660889
4.34449195862		3.25097942352
4.34898495674		5.04730892181
4.35349488258		2.48474884033
4.35798597336		-0.00677108764648
4.36249685287		1.77433586121
4.36698889732		5.04223537445
4.371489048		3.76349163055
4.37599205971		-0.00677108764648
4.38049006462		0.399179458618
4.38499498367		5.04223537445
4.38949084282		4.91537570953
4.39401388168		-0.00169658660889
4.39849305153		-0.00677108764648
4.40300107002		5.04730892181
4.40749287605		5.04730892181
4.4120080471		0.00845146179199
4.41649389267		-0.00169658660889
4.42099499702		4.90522670746
4.42549705505		5.04730892181
4.42999601364		0.997955322266
4.43450593948		-0.00169658660889
4.43899798393		3.5199213028
4.44350504875		5.04730892181
4.44799995422		2.25132751465
4.45249891281		-0.00677108764648
4.45702195168		2.0838727951
4.46149992943		5.04223537445
4.46600103378		3.51484680176
4.47049999237		-0.00169658660889
4.47500300407		0.657972335815
4.47950291634		5.04730892181
4.48400402069		4.7124004364
4.48850393295		-0.00169658660889
4.49300384521		-0.00169658660889
4.49750494957		5.04730892181
4.50201296806		5.04730892181
4.50650501251		-0.00169658660889
4.51100897789		-0.00169658660889
4.51550793648		5.02701187134
4.52000904083		5.04223537445
4.52451205254		0.754385948181
4.52900099754		-0.00169658660889
4.53337907791		3.60111141205
4.53788900375		5.04223537445
4.54239606857		2.1701374054
4.54688596725		-0.00169658660889
4.55139303207		2.15998840332
4.55588698387		5.04223537445
4.56038689613		3.45395469666
4.56488990784		-0.00169658660889
4.56938791275		0.723938941956
4.57389092445		5.04730892181
4.57838892937		4.66673088074
4.58291196823		-0.00169658660889
4.58738994598		-0.00677108764648
4.59189796448		5.04223537445
4.5964050293		5.04730892181
4.60089206696		-0.00169658660889
4.60539388657		-0.00169658660889
4.60989284515		5.04223537445
4.61440300941		5.04730892181
4.61889696121		0.693492889404
4.62340307236		-0.00169658660889
4.62789607048		3.89035129547
4.63240289688		5.04730892181
4.636895895		1.93671607971
4.64139699936		-0.00169658660889
4.64589905739		2.41878128052
4.65039801598		5.04730892181
4.65491700172		3.16978931427
4.65939998627		-0.00169658660889
4.6639020443		0.997955322266
4.66839885712		5.04730892181
4.67290902138		4.41301250458
4.67740106583		-0.00169658660889
4.68190693855		-0.00169658660889
4.68640303612		5.04730892181
4.69091200829		5.04730892181
4.69540500641		-0.00169658660889
4.699903965		-0.00677108764648
4.70441389084		5.04730892181
4.70890498161		5.04223537445
4.71341204643		0.454997062683
4.7179069519		-0.00169658660889
4.7224149704		4.18973922729
4.72692394257		5.04730892181
4.73140907288		1.68299674988
4.73591089249		-0.00169658660889
4.7404229641		2.73339271545
4.74491286278		5.04730892181
4.74940991402		2.94651699066
4.75391983986		-0.00169658660889
4.75841188431		1.26182365417
4.76292085648		5.04730892181
4.76741290092		4.19481372833
4.77192187309		-0.00169658660889
4.77641487122		0.0541210174561
4.7809150219		5.04730892181
4.78541898727		5.04730892181
4.78991484642		-0.00169658660889
4.79442596436		-0.00677108764648
4.79893684387		5.04730892181
4.80342698097		5.04223537445
4.80791902542		0.24187374115
4.81243300438		-0.00677108764648
4.81692004204		4.45868110657
4.82141900063		5.04730892181
4.82592606544		1.42927742004
4.83042788506		-0.00677108764648
4.83492588997		3.0124835968
4.83942294121		5.04730892181
4.8439309597		2.67757511139
4.84842395782		-0.00169658660889
4.85292696953		1.54598808289
4.85742402077		5.04730892181
4.86193203926		3.9309463501
4.86642599106		-0.00677108764648
4.87094092369		0.231724739075
4.8754298687		5.04223537445
4.87992691994		5.00671482086
4.88444685936		-0.00677108764648
4.8889298439		-0.00677108764648
4.89342904091		5.04223537445
4.89792990685		5.04223537445
4.90243697166		0.0642700195312
4.90693306923		-0.00169658660889
4.91143202782		4.73777198792
4.91593194008		5.04223537445
4.92043089867		1.19078159332
4.92493605614		-0.00677108764648
4.92943406105		3.30679798126
4.9339389801		5.04730892181
4.93843603134		2.43907928467
4.94295907021		-0.00169658660889
4.94743800163		1.82507896423
4.95194292068		5.04730892181
4.9564499855		3.67722702026
4.96093797684		-0.00169658660889
4.96544098854		0.470220565796
4.96994805336		5.04730892181
4.97444796562		4.85955715179
4.97894001007		-0.00677108764648
4.98343992233		-0.00169658660889
4.98794102669		5.04223537445
4.99244785309		5.04730892181
4.99694395065		-0.00169658660889
