0.000128984451294		-0.00169658660889
0.00663304328918		1.09944343567
0.0120160579681		5.04223537445
0.0173799991608		-0.00169658660889
0.0227560997009		0.49559211731
0.0281319618225		5.04223537445
0.033506155014		0.00845146179199
0.038880109787		0.0896415710449
0.0442590713501		5.04730892181
0.0496389865875		0.246947288513
0.055006980896		-0.00169658660889
0.0603890419006		5.04730892181
0.0657589435577		0.744236946106
0.0711350440979		-0.00677108764648
0.0765099525452		5.05238342285
0.081887960434		1.24660015106
0.0872631072998		-0.00169658660889
0.0926430225372		5.04730892181
0.0980169773102		1.75403785706
0.103398084641		-0.00169658660889
0.10880613327		5.04730892181
0.114146947861		2.27669906616
0.119528055191		-0.00169658660889
0.124900102615		5.04730892181
0.130275964737		2.78413677216
0.135657072067		-0.00169658660889
0.141029119492		5.04730892181
0.146409988403		3.29157447815
0.151777982712		-0.00169658660889
0.157154083252		5.04223537445
0.162528991699		3.81931018829
0.167905092239		-0.00169658660889
0.173280954361		5.04730892181
0.178663015366		4.3013753891
0.184031009674		-0.00677108764648
0.189412117004		5.04223537445
0.194785118103		4.79359054565
0.20016002655		-0.00169658660889
0.205533981323		5.04730892181
0.210911035538		5.03208637238
0.216293096542		-0.00677108764648
0.221662044525		4.79866504669
0.227043151855		5.04730892181
0.232412099838		-0.00169658660889
0.237790107727		4.29630184174
0.243163108826		5.04730892181
0.24854016304		-0.00169658660889
0.253919124603		3.77364063263
0.259291172028		5.04730892181
0.264667987823		-0.00677108764648
0.270044088364		3.23068237305
0.275424003601		5.04730892181
0.280920982361		-0.00169658660889
0.286303043365		2.9617395401
0.291672945023		5.04223537445
0.297054052353		-0.00677108764648
0.302423000336		2.40355873108
0.307804107666		5.04730892181
0.313173055649		-0.00169658660889
0.318552970886		1.8707485199
0.323924064636		5.04730892181
0.329300165176		-0.00169658660889
0.334675073624		1.33286476135
0.340052127838		5.04730892181
0.345427036285		-0.00677108764648
0.350931167603		1.06392288208
0.356307029724		5.04730892181
0.361680030823		-0.00169658660889
0.367063045502		0.576782226562
0.37243103981		5.04730892181
0.37780714035		-0.00169658660889
0.383183956146		0.125163078308
0.388560056686		5.04223537445
0.393937110901		0.196204185486
0.399309158325		-0.00169658660889
0.404685020447		5.04223537445
0.410062074661		0.668121337891
0.415436983109		-0.00169658660889
0.420814037323		5.04730892181
0.426195144653		1.16033554077
0.431564092636		-0.00169658660889
0.436937093735		5.04730892181
0.442322015762		1.67792224884
0.447700023651		-0.00169658660889
0.453067064285		5.04730892181
0.458451032639		2.19043445587
0.463817119598		-0.00169658660889
0.469201087952		5.04730892181
0.474571943283		2.72831821442
0.479946136475		-0.00169658660889
0.485322952271		5.04223537445
0.490700006485		3.24590492249
0.496078014374		-0.00169658660889
0.501446008682		5.04730892181
0.506829977036		3.74826812744
0.512197971344		0.00337791442871
0.517575025558		5.04730892181
0.522950172424		4.26078033447
0.528331041336		-0.00677108764648
0.533699989319		5.04730892181
0.539083003998		4.72254943848
0.544456005096		-0.00169658660889
0.549829006195		5.04223537445
0.555202960968		5.01686286926
0.560579061508		-0.00169658660889
0.565961122513		4.85955715179
0.571331977844		5.04730892181
0.576714038849		-0.00677108764648
0.582081079483		4.37241744995
0.587459087372		5.04223537445
0.592833042145		-0.00169658660889
0.598210096359		3.83453273773
0.603585958481		5.03716087341
0.609009027481		-0.00169658660889
0.614336013794		3.30172348022
0.619713068008		5.04730892181
0.625087022781		-0.00169658660889
0.63046503067		2.76383876801
0.635847091675		5.04730892181
0.641215085983		-0.00677108764648
0.646597146988		2.2310295105
0.651963949203		5.04730892181
0.657348155975		-0.00677108764648
0.662719011307		1.66269874573
0.66809296608		5.04730892181
0.67346906662		-0.00169658660889
0.678846120834		1.15526103973
0.684221029282		5.04730892181
0.689597129822		-0.00169658660889
0.694971084595		0.642748832703
0.700348138809		5.04730892181
0.705729961395		-0.00169658660889
0.711097002029		0.170831680298
0.716475963593		5.04730892181
0.721850156784		0.145460128784
0.727226018906		-0.00169658660889
0.732602119446		5.04730892181
0.737986087799		0.571707725525
0.743353128433		-0.00169658660889
0.748729944229		5.04223537445
0.754104137421		1.08421993256
0.759482145309		-0.00169658660889
0.764855146408		5.04730892181
0.770233154297		1.59165763855
0.775619983673		-0.00169658660889
0.780982017517		5.05238342285
0.786359071732		2.10924434662
0.791735172272		-0.00169658660889
0.797110080719		5.04223537445
0.802505970001		2.5913105011
0.807861089706		-0.00677108764648
0.813235998154		5.04730892181
0.818619966507		3.13934326172
0.823989152908		-0.00169658660889
0.829365968704		5.04730892181
0.834738969803		3.66707897186
0.840116024017		-0.00169658660889
0.845489025116		5.04730892181
0.850995063782		3.9309463501
0.856377124786		-0.00169658660889
0.861742019653		5.04730892181
0.867125034332		4.42316055298
0.872493982315		-0.00169658660889
0.877870082855		5.04730892181
0.883244991302		4.87985515594
0.888620138168		-0.00169658660889
0.89399600029		5.01686286926
0.899373054504		5.04223537445
0.904747962952		-0.00169658660889
0.910124063492		4.69210338593
0.915500164032		5.04730892181
0.920875072479		-0.00169658660889
0.926258087158		4.18466472626
0.931626081467		5.04223537445
0.93700504303		-0.00169658660889
0.942383050919		3.65692996979
0.947762966156		5.04730892181
0.95313000679		-0.00169658660889
0.95850610733		3.10382270813
0.963880062103		5.04223537445
0.969258069992		-0.00169658660889
0.974630117416		2.55578994751
0.980007171631		5.04730892181
0.985383033752		-0.00169658660889
0.990761041641		2.02297973633
0.99613404274		5.04730892181
1.00151014328		-0.00169658660889
1.00689196587		1.49524497986
1.01226210594		5.04223537445
1.01764297485		-0.00169658660889
1.02301216125		0.967509269714
1.02839112282		5.04223537445
1.03376317024		-0.00169658660889
1.0391471386		0.475295066833
1.04451799393		5.04730892181
1.04989314079		0.0135259628296
1.05526614189		0.0744190216064
1.06064200401		5.04730892181
1.06602406502		0.267245292664
1.07139515877		-0.00169658660889
1.07677006721		5.05238342285
1.08214497566		0.754385948181
1.0875351429		-0.00169658660889
1.09289717674		5.04730892181
1.09827804565		1.26182365417
1.10365009308		-0.00169658660889
1.10913515091		5.04730892181
1.1145260334		1.54598808289
1.11990213394		-0.00677108764648
1.12527513504		5.04730892181
1.1306540966		2.06357479095
1.13603401184		-0.00169658660889
1.14140295982		5.04730892181
1.14678907394		2.56593894958
1.1521551609		-0.00169658660889
1.15753102303		5.04730892181
1.1629049778		3.10889720917
1.16828894615		-0.00677108764648
1.17365717888		5.04730892181
1.17911815643		3.45395469666
1.1845331192		-0.00169658660889
1.18991208076		5.04730892181
1.19528412819		3.88527679443
1.20066094398		-0.00169658660889
1.20604300499		5.04730892181
1.21141195297		4.37749099731
1.21679401398		-0.00169658660889
1.22216415405		5.04730892181
1.22754406929		4.82911109924
1.23291301727		-0.00169658660889
1.23829102516		5.03208637238
1.24366617203		5.04223537445
1.24911808968		-0.00169658660889
1.25454306602		4.93567276001
1.25992512703		5.04730892181
1.26529312134		-0.00169658660889
1.27066802979		4.47897911072
1.27605104446		5.04730892181
1.28141999245		-0.00169658660889
1.28680300713		3.96646690369
1.29217100143		5.04730892181
1.29755401611		-0.00169658660889
1.30292510986		3.41843414307
1.30830001831		5.04730892181
1.31367397308		-0.00677108764648
1.31908917427		2.9515914917
1.32442498207		5.04223537445
1.32980298996		-0.00677108764648
1.33517503738		2.31729412079
1.34055113792		5.04730892181
1.34592199326		-0.00677108764648
1.35130405426		1.77940940857
1.35667896271		5.04730892181
1.36205601692		-0.00677108764648
1.36743116379		1.25674915314
1.37280607224		5.04730892181
1.37818312645		-0.00169658660889
1.38355898857		0.754385948181
1.38896512985		5.04730892181
1.39430999756		-0.00169658660889
1.39968705177		0.272319793701
1.4050590992		5.04223537445
1.41043901443		0.079493522644
1.41582107544		0.0135259628296
1.42118501663		5.04730892181
1.42657017708		0.465146064758
1.43193817139		-0.00169658660889
1.43731403351		5.04730892181
1.44269704819		0.957360267639
1.44806599617		-0.00169658660889
1.45344805717		5.04730892181
1.45882511139		1.46987247467
1.4641931057		-0.00169658660889
1.46956896782		5.04730892181
1.47494316101		2.00775718689
1.4803211689		-0.00169658660889
1.48570203781		5.04223537445
1.49107003212		2.53041744232
1.49645400047		-0.00169658660889
1.50182414055		5.04730892181
1.50720500946		3.03785610199
1.51257300377		-0.00677108764648
1.51795101166		5.04730892181
1.52332305908		3.57573986053
1.5287001133		-0.00169658660889
1.53407597542		5.05238342285
1.53945302963		4.07302856445
1.5448281765		-0.00677108764648
1.55020403862		5.04730892181
1.5555870533		4.54494571686
1.56095504761		-0.00169658660889
1.56633496284		5.04730892181
1.57170605659		4.95089626312
1.5770881176		-0.00677108764648
1.58245706558		4.96611976624
1.58783507347		5.04223537445
1.59320998192		-0.00677108764648
1.59858608246		4.56524372101
1.60396003723		5.04730892181
1.60934305191		-0.00169658660889
1.61471104622		4.0425825119
1.62008810043		5.04730892181
1.62546110153		-0.00169658660889
1.6308400631		3.50977325439
1.63621401787		5.04730892181
1.64158797264		-0.00169658660889
1.64697098732		2.98203754425
1.65234398842		5.04730892181
1.65772294998		-0.00169658660889
1.66309309006		2.43907928467
1.66848707199		5.04223537445
1.67384600639		-0.00169658660889
1.67922496796		1.89104652405
1.68459606171		5.04730892181
1.68997311592		-0.00169658660889
1.69534611702		1.42420387268
1.70072197914		5.04730892181
1.70610499382		-0.00169658660889
1.71147418022		0.830501556396
1.71684908867		5.04730892181
1.72222304344		-0.00169658660889
1.72760796547		0.353509902954
1.73297715187		5.04223537445
1.73835897446		0.0439729690552
1.74372816086		0.0287494659424
1.74911117554		5.04730892181
1.75447797775		0.399179458618
1.75985503197		-0.00169658660889
1.76522898674		5.04730892181
1.7706079483		0.891393661499
1.77599215508		-0.00169658660889
1.78135800362		5.04730892181
1.78673601151		1.39883136749
1.79210996628		-0.00169658660889
1.79748511314		5.04730892181
1.80286312103		1.91134357452
1.80824303627		-0.00169658660889
1.81361103058		5.04223537445
1.81903195381		2.35281467438
1.82436394691		-0.00169658660889
1.82974004745		5.04730892181
1.83511400223		2.95666599274
1.84049105644		-0.00169658660889
1.8458750248		5.04223537445
1.85124206543		3.47932624817
1.85662508011		-0.00169658660889
1.86199402809		5.04730892181
1.86737394333		3.96139240265
1.87274312973		-0.00169658660889
1.87811994553		5.04730892181
1.88349604607		4.4637556076
1.88887906075		-0.00677108764648
1.89424705505		5.04730892181
1.8996219635		4.89507770538
1.90499901772		-0.00169658660889
1.9103770256		5.00671482086
1.91575598717		5.04730892181
1.92112612724		-0.00169658660889
1.92650699615		4.67180538177
1.93187594414		5.04730892181
1.93725299835		-0.00677108764648
1.94263410568		4.14406967163
1.94800901413		5.04730892181
1.95337915421		-0.00169658660889
1.95875501633		3.59603691101
1.96413111687		5.05238342285
1.96950697899		-0.00677108764648
1.97488212585		3.05307865143
1.98025918007		5.04730892181
1.98563504219		-0.00169658660889
1.99100804329		2.51519489288
1.99638414383		5.04730892181
2.00175905228		-0.00169658660889
2.00713610649		1.9722366333
2.01251006126		5.04730892181
2.01789402962		-0.00169658660889
2.0232629776		1.43942642212
2.02863907814		5.04730892181
2.03401303291		-0.00677108764648
2.03939199448		0.926914215088
2.04476499557		5.04730892181
2.05014204979		-0.00169658660889
2.05551600456		0.607228279114
2.06102013588		5.04730892181
2.06640005112		-0.00169658660889
2.07176995277		0.201278686523
2.07714414597		5.04730892181
2.08252000809		0.135311126709
2.08789610863		-0.00169658660889
2.09327197075		5.04730892181
2.09865307808		0.551410675049
2.10402202606		-0.00169658660889
2.10940694809		5.04730892181
2.11477518082		1.06392288208
2.12015008926		-0.00169658660889
2.12552595139		5.04730892181
2.13090205193		1.57643508911
2.1362850666		-0.00169658660889
2.14165306091		5.04730892181
2.14703512192		2.08894729614
2.15240311623		-0.00169658660889
2.15778112411		5.04730892181
2.16315603256		2.62175655365
2.1685321331		-0.00169658660889
2.1739089489		5.04730892181
2.17928314209		3.12411975861
2.18466496468		-0.00677108764648
2.19003796577		5.04730892181
2.19540905952		3.58081436157
2.20078611374		-0.00169658660889
2.20616912842		5.04223537445
2.21153616905		4.16436767578
2.21692013741		-0.00169658660889
2.22228813171		5.04730892181
2.2276699543		4.63628482819
2.23304104805		-0.00677108764648
2.23841500282		5.04223537445
2.24379110336		4.99149131775
2.2491710186		-0.00169658660889
2.25454115868		4.92045021057
2.2599170208		5.04223537445
2.26529216766		-0.00677108764648
2.27066707611		4.4637556076
2.27605605125		5.04730892181
2.28141999245		-0.00677108764648
2.28680205345		3.95631790161
2.29217100143		5.04730892181
2.29755401611		-0.00169658660889
2.3029229641		3.40828514099
2.30829811096		5.05238342285
2.31367301941		-0.00169658660889
2.31913709641		3.06830215454
2.32455015182		5.04730892181
2.32992815971		-0.00169658660889
2.33530306816		2.58623600006
2.3406791687		5.04730892181
2.34606194496		-0.00169658660889
2.35143208504		2.05342674255
2.35680913925		5.04730892181
2.36217999458		-0.00169658660889
2.3675661087		1.52569103241
2.37293314934		5.04730892181
2.37830996513		-0.00169658660889
2.38368606567		0.987807273865
2.3890941143		5.04730892181
2.39443516731		-0.00169658660889
2.39981412888		0.485443115234
2.4051861763		5.04223537445
2.41056609154		0.00845146179199
2.41594696045		0.0947160720825
2.42131304741		5.04730892181
2.42669796944		0.24187374115
2.4320640564		-0.00169658660889
2.43744111061		5.04730892181
2.44282317162		0.734087944031
2.44819998741		-0.00677108764648
2.45356607437		5.04223537445
2.4589869976		1.16541004181
2.46431994438		-0.00169658660889
2.46969604492		5.04730892181
2.47506999969		1.76418685913
2.48044705391		-0.00169658660889
2.48582816124		5.04730892181
2.49120497704		2.26655006409
2.4965801239		-0.00169658660889
2.50194716454		5.04730892181
2.50733113289		2.78921127319
2.51270103455		-0.00677108764648
2.51807713509		5.04730892181
2.52345204353		3.31694602966
2.52883410454		-0.00677108764648
2.53420305252		5.04730892181
2.53957915306		3.82945823669
2.54495716095		-0.00169658660889
2.55033111572		5.04730892181
2.55571103096		4.31152439117
2.56108117104		-0.00169658660889
2.56646299362		5.04223537445
2.5718331337		4.79866504669
2.57721495628		-0.00169658660889
2.58258414268		5.04223537445
2.58796000481		5.03208637238
2.59333515167		-0.00677108764648
2.59871101379		4.79866504669
2.60408616066		5.04223537445
2.60946917534		-0.00169658660889
2.61484003067		4.29630184174
2.62021613121		5.04730892181
2.62559700012		-0.00169658660889
2.63096499443		3.75841712952
2.63634109497		5.04730892181
2.64171814919		-0.00169658660889
2.64709711075		3.23068237305
2.65246605873		5.04730892181
2.65784907341		-0.00169658660889
2.66321802139		2.68264961243
2.66859507561		5.04730892181
2.67397117615		-0.00169658660889
2.67934703827		2.13461589813
2.68472194672		5.04730892181
2.69009804726		-0.00677108764648
2.69547200203		1.69822025299
2.70084905624		5.04730892181
2.70623111725		-0.00169658660889
2.71160006523		1.07914543152
2.71697807312		5.04730892181
2.72235202789		-0.00169658660889
2.72772908211		0.576782226562
2.73310399055		5.04730892181
2.73848605156		-0.00169658660889
2.74385499954		0.140385627747
2.74923205376		5.04223537445
2.75460505486		0.191129684448
2.75998210907		-0.00169658660889
2.76535701752		5.04730892181
2.77085900307		0.414402008057
2.77624607086		-0.00169658660889
2.78160810471		5.04730892181
2.78698515892		0.906617164612
2.79236006737		-0.00169658660889
2.79773712158		5.04223537445
2.80311012268		1.41912937164
2.8084871769		-0.00677108764648
2.81386303902		5.04730892181
2.81924009323		1.93671607971
2.82461309433		-0.00169658660889
2.82999205589		5.04730892181
2.83539009094		2.25132751465
2.84086799622		-0.00169658660889
2.84625101089		5.04730892181
2.85161709785		2.74354171753
2.85699915886		-0.00677108764648
2.86236810684		5.04730892181
2.86775016785		3.25097942352
2.8731200695		-0.00677108764648
2.87849712372		5.04223537445
2.88387298584		3.77871513367
2.88925004005		-0.00169658660889
2.89462304115		5.04730892181
2.90000104904		4.26585483551
2.90537405014		-0.00169658660889
2.91075110435		5.04730892181
2.91613507271		4.73269748688
2.92150306702		-0.00677108764648
2.92688512802		5.04730892181
2.93225312233		5.0219373703
2.93763017654		-0.00169658660889
2.94300913811		4.84940910339
2.94837999344		5.04730892181
2.9537551403		-0.00169658660889
2.95913815498		4.37241744995
2.96450901031		5.04730892181
2.96988296509		-0.00169658660889
2.97525715828		3.82438468933
2.9806330204		5.04223537445
2.98600912094		-0.00169658660889
2.99138617516		3.29664897919
2.9967610836		5.04223537445
3.00213503838		-0.00169658660889
3.0075199604		2.76383876801
3.01288795471		5.04223537445
3.01826906204		-0.00677108764648
3.0236389637		2.20058345795
3.02906417847		5.04730892181
3.03438997269		-0.00169658660889
3.03976917267		1.66777324677
3.04514217377		5.03716087341
3.05052399635		-0.00169658660889
3.05590510368		1.16033554077
3.0612680912		5.04223537445
3.06665110588		-0.00169658660889
3.07202196121		0.627526283264
3.07739710808		5.05238342285
3.08277511597		-0.00169658660889
3.0881550312		0.175906181335
3.09352207184		5.04730892181
3.09890913963		0.145460128784
3.10427498817		-0.00169658660889
3.10965800285		5.05238342285
3.1150290966		0.602153778076
3.12040305138		-0.00169658660889
3.12578415871		5.04223537445
3.13115215302		1.10451793671
3.13653612137		-0.00169658660889
3.14190411568		5.04223537445
3.14728617668		1.59673213959
3.15265512466		-0.00169658660889
3.15803003311		5.04730892181
3.16340613365		2.13969039917
3.16879010201		-0.00677108764648
3.17415809631		5.04730892181
3.17953515053		2.64712810516
3.18491005898		-0.00169658660889
3.19028711319		5.04730892181
3.1956679821		3.15456676483
3.20103597641		-0.00677108764648
3.20641803741		5.04730892181
3.21178817749		3.6823015213
3.21717000008		-0.00677108764648
3.22254109383		5.04730892181
3.22792196274		4.16436767578
3.23328995705		-0.00169658660889
3.23866701126		5.04730892181
3.24404215813		4.66673088074
3.24941897392		-0.00169658660889
3.25479197502		5.04223537445
3.26016998291		5.00164031982
3.2655441761		-0.00677108764648
3.27105212212		5.01686286926
3.27642917633		5.04730892181
3.28179597855		-0.00169658660889
3.28717899323		4.69717693329
3.29254817963		5.04730892181
3.29793000221		-0.00677108764648
3.30330014229		4.16944217682
3.30867505074		5.04223537445
3.31404995918		-0.00677108764648
3.31942915916		3.6315574646
3.32480096817		5.04730892181
3.33017802238		-0.00677108764648
3.33555316925		3.2611284256
3.34105014801		5.04730892181
3.34642505646		-0.00169658660889
3.35180616379		2.80443382263
3.35718417168		5.04223537445
3.36255598068		-0.00169658660889
3.36793398857		2.26147556305
3.37330698967		5.04730892181
3.37868404388		-0.00169658660889
3.38405895233		1.71851730347
3.38943696022		5.04730892181
3.39480996132		-0.00677108764648
3.40018701553		1.19585609436
3.40559601784		5.04730892181
3.4109389782		-0.00169658660889
3.41632008553		0.703641891479
3.42168903351		5.04730892181
3.42707204819		-0.00169658660889
3.4324400425		0.216501235962
3.43781805038		5.05238342285
3.44319915771		0.104865074158
3.4485681057		-0.00169658660889
3.45394301414		5.04730892181
3.45932006836		0.536187171936
3.46469306946		-0.00677108764648
3.47007203102		5.04730892181
3.47544503212		0.962434768677
3.48082208633		-0.00169658660889
3.48620605469		5.04730892181
3.49157214165		1.55613708496
3.49695396423		-0.00677108764648
3.50232505798		5.04223537445
3.50770616531		2.06357479095
3.5130751133		-0.00169658660889
3.51845407486		5.04730892181
3.52382612228		2.59638500214
3.52920794487		-0.00677108764648
3.53457999229		5.04730892181
3.53995394707		3.11904525757
3.54533100128		-0.00169658660889
3.55070996284		5.04730892181
3.55608916283		3.61126041412
3.56145715714		-0.00677108764648
3.56683897972		5.04730892181
3.57220602036		4.12884712219
3.57758903503		-0.00169658660889
3.58295798302		5.04730892181
3.58833408356		4.61091327667
3.59370994568		-0.00169658660889
3.59909296036		5.04730892181
3.60446000099		4.9711933136
3.60985803604		-0.00169658660889
3.61521315575		4.93567276001
3.62059116364		5.04223537445
3.62596917152		-0.00169658660889
3.63134002686		4.50942516327
3.63671517372		5.04730892181
3.64209198952		-0.00677108764648
3.64747309685		3.9918384552
3.6528429985		5.04730892181
3.65823411942		-0.00677108764648
3.66359496117		3.44888019562
3.66906499863		5.04730892181
3.67447113991		-0.00169658660889
3.6798479557		3.15964031219
3.6852209568		5.04223537445
3.69059705734		-0.00169658660889
3.69598317146		2.63190555573
3.70134902		5.04730892181
3.70673108101		-0.00169658660889
3.71210002899		2.06864929199
3.71747517586		5.04223537445
3.72286295891		-0.00169658660889
3.72823596001		1.54598808289
3.73360395432		5.04730892181
3.73906803131		-0.00677108764648
3.74448108673		1.2516746521
3.74985694885		5.04730892181
3.75523114204		-0.00677108764648
3.76060605049		0.739162445068
3.76598906517		5.05238342285
3.77135801315		-0.00169658660889
3.7767469883		0.277394294739
3.78210902214		5.04730892181
3.78748703003		0.0896415710449
3.79286003113		0.00845146179199
3.79823517799		5.04223537445
3.80361294746		0.490517616272
3.809030056		-0.00169658660889
3.81436395645		5.04223537445
3.81974005699		0.982732772827
3.82511496544		-0.00677108764648
3.83049201965		5.04730892181
3.83587217331		1.48002147675
3.84124016762		-0.00169658660889
3.84662413597		5.04730892181
3.85199213028		2.01283168793
3.85737299919		-0.00169658660889
3.86274504662		5.04223537445
3.86812710762		2.51012039185
3.87349510193		-0.00677108764648
3.87887096405		5.04223537445
3.88424706459		3.04800415039
3.88962197304		-0.00169658660889
3.89499807358		5.04223537445
3.90037512779		3.55544185638
3.9057559967		-0.00677108764648
3.91112399101		5.04223537445
3.91650104523		4.07810306549
3.92187905312		-0.00677108764648
3.92725801468		5.05238342285
3.93262815475		4.56524372101
3.93800401688		-0.00169658660889
3.94338417053		5.04730892181
3.94875502586		4.95089626312
3.9541311264		-0.00169658660889
3.95950698853		4.96611976624
3.9648809433		5.04730892181
3.97025895119		-0.00169658660889
3.97563505173		4.56016921997
3.98100996017		5.04223537445
3.98638606071		-0.00677108764648
3.99176096916		4.03243350983
3.99713611603		5.04223537445
4.00251102448		-0.00677108764648
4.00788807869		3.50469875336
4.01326107979		5.04730892181
4.01864600182		-0.00169658660889
4.02401614189		2.9617395401
4.02939009666		5.04730892181
4.03476405144		-0.00169658660889
4.040143013		2.42893028259
4.04551696777		5.04730892181
4.05103516579		-0.00169658660889
4.05640101433		2.15998840332
4.06177306175		5.04730892181
4.06715512276		-0.00169658660889
4.07252407074		1.60688114166
4.0779030323		5.04223537445
4.08327507973		-0.00169658660889
4.08865213394		1.09436893463
4.09402704239		5.04730892181
4.09940314293		-0.00169658660889
4.10477805138		0.5818567276
4.11017513275		5.05238342285
4.11553096771		-0.00169658660889
4.12090611458		0.140385627747
4.12629103661		5.04730892181
4.13165712357		0.191129684448
4.13703203201		-0.00169658660889
4.14240717888		5.04223537445
4.14778995514		0.597080230713
4.15316200256		-0.00169658660889
4.15853595734		5.04730892181
4.16391015053		1.15526103973
4.16928815842		-0.00677108764648
4.17466211319		5.04223537445
4.1800391674		1.6728477478
4.1854121685		-0.00169658660889
4.19091796875		5.04223537445
4.19629597664		1.87582302094
4.20166516304		-0.00169658660889
4.20704817772		5.04730892181
4.21241998672		2.43400478363
4.21779298782		-0.00677108764648
4.22316718102		5.04730892181
4.22854709625		2.98203754425
4.23391795158		-0.00169658660889
4.23929595947		5.04730892181
4.24467015266		3.50469875336
4.25004816055		0.00337791442871
4.25541996956		5.04730892181
4.26092195511		3.76856613159
4.26630496979		-0.00169658660889
4.27167510986		5.04730892181
4.27705597878		4.24555778503
4.28242516518		-0.00677108764648
4.28782200813		5.04730892181
4.29317808151		4.74284648895
4.29855298996		-0.00169658660889
4.30394506454		5.04730892181
4.30930399895		5.01686286926
4.31467795372		-0.00677108764648
4.32006001472		4.85448265076
4.32542896271		5.04730892181
4.33082509041		-0.00169658660889
4.33618998528		4.37749099731
4.34155702591		5.04730892181
4.34694314003		-0.00169658660889
4.35231113434		3.82945823669
4.35768508911		5.04730892181
4.3630771637		-0.00169658660889
4.36844396591		3.30679798126
4.37381196022		5.04730892181
4.37919902802		-0.00169658660889
4.38456511497		2.7536907196
4.3899409771		5.04730892181
4.39531517029		-0.00169658660889
4.40069103241		2.20058345795
4.40607213974		5.04730892181
4.41144013405		-0.00169658660889
4.4168241024		1.66777324677
4.42219305038		5.04223537445
4.42757606506		-0.00677108764648
4.43293714523		1.11974048615
4.43831515312		5.04223537445
4.44370317459		-0.00169658660889
4.44910907745		0.708716392517
4.45444607735		5.04730892181
4.45982503891		-0.00677108764648
4.46519804001		0.175906181335
4.47057414055		5.04730892181
4.47595500946		0.140385627747
4.48132896423		-0.00169658660889
4.48670601845		5.04730892181
4.49207806587		0.586931228638
4.4974591732		-0.00677108764648
4.50282812119		5.04730892181
4.50821208954		1.04869937897
4.51358008385		-0.00677108764648
4.51899194717		5.04223537445
4.52433109283		1.54598808289
4.52970695496		-0.00677108764648
4.53508210182		5.03716087341
4.54046201706		2.07879829407
4.54584097862		-0.00169658660889
4.55120897293		5.04223537445
4.55658817291		2.63698005676
4.56196212769		-0.00677108764648
4.5673429966		5.04730892181
4.57271003723		3.16978931427
4.57809495926		-0.00169658660889
4.58346605301		5.05238342285
4.58884000778		3.67215251923
4.59421396255		-0.00169658660889
4.59959316254		5.04223537445
4.60496497154		4.17959117889
4.61034798622		-0.00169658660889
4.61572813988		5.04730892181
4.62109303474		4.66673088074
4.62647414207		-0.00677108764648
4.6318590641		5.04730892181
4.63722109795		4.99656581879
4.64259409904		-0.00169658660889
4.6479871273		4.92552471161
4.65334606171		5.04223537445
4.65872907639		-0.00169658660889
4.66410017014		4.44853305817
4.66947507858		5.04730892181
4.67484998703		-0.00169658660889
4.68022704124		3.92587184906
4.68560099602		5.04223537445
4.69097614288		-0.00169658660889
4.69635415077		3.38798809052
4.70172715187		5.04730892181
4.70712995529		-0.00677108764648
4.71248102188		2.85517787933
4.71785712242		5.04730892181
4.72323012352		-0.00169658660889
4.72860717773		2.30714511871
4.73398303986		5.04730892181
4.73936009407		-0.00677108764648
4.74473214149		1.74896335602
4.75011205673		5.04730892181
4.75548505783		-0.00677108764648
4.76098608971		1.49017047882
4.76636695862		5.04730892181
4.77173709869		-0.00169658660889
4.77711701393		0.972583770752
4.7824909687		5.04223537445
4.78786611557		-0.00677108764648
4.79324007034		0.460071563721
4.79861497879		5.04223537445
4.80399107933		0.0135259628296
4.80936717987		0.0744190216064
4.81474208832		5.04223537445
4.82011795044		0.282468795776
4.82549405098		-0.00169658660889
4.83087015152		5.04730892181
4.83625411987		0.718864440918
4.84161806107		-0.00677108764648
4.84700298309		5.04730892181
4.85237216949		1.23137664795
4.85774803162		-0.00169658660889
4.86312198639		5.04223537445
4.86851000786		1.74388885498
4.87387299538		-0.00169658660889
4.87925100327		5.04730892181
4.88462805748		2.32236862183
4.89000296593		-0.00169658660889
4.89537811279		5.04223537445
4.90088105202		2.58116149902
4.90626215935		-0.00169658660889
4.91163110733		5.04730892181
4.91700601578		3.10382270813
4.92237901688		-0.00169658660889
4.92776417732		5.04730892181
4.93313217163		3.61633491516
4.93850803375		-0.00169658660889
4.94390296936		5.05238342285
4.94926214218		4.11869812012
4.95463299751		-0.00169658660889
4.96002697945		5.04223537445
4.9653840065		4.4637556076
4.97090601921		-0.00169658660889
4.97627210617		5.05238342285
4.98163795471		4.84433460236
4.98701906204		-0.00169658660889
4.99239015579		5.02701187134
4.99776601791		5.04223537445
