0.000130891799927		2.2310295105
0.00391006469727		2.87547588348
0.00665903091431		2.25640106201
0.00927495956421		2.6522026062
0.0118999481201		2.5405664444
0.0145308971405		2.36803817749
0.0171499252319		2.82473182678
0.0197749137878		2.11431884766
0.0223989486694		3.0124835968
0.0250298976898		2.00775718689
0.0276510715485		3.03785610199
0.0302760601044		2.06864929199
0.0329020023346		2.900847435
0.0355298519135		2.27162456512
0.0381519794464		2.63698005676
0.0407779216766		2.56086444855
0.0434339046478		2.37818622589
0.0461559295654		2.77398777008
0.0487768650055		2.15491390228
0.0514030456543		2.98203754425
0.0540659427643		2.02805423737
0.0566549301147		3.05307865143
0.059278011322		2.03820323944
0.0619049072266		2.93636798859
0.0645339488983		2.22088050842
0.0671560764313		2.7029466629
0.0697829723358		2.50504589081
0.0724039077759		2.39848423004
0.075031042099		2.78413677216
0.0776579380035		2.14476490021
0.0802810192108		2.99218654633
0.0829060077667		2.01790523529
0.0855329036713		3.04800415039
0.0881578922272		2.04835224152
0.0907828807831		2.92621898651
0.0934388637543		2.20565795898
0.0961589813232		2.74354171753
0.0987849235535		2.44922733307
0.101408004761		2.45937633514
0.104043006897		2.73339271545
0.106664896011		2.19043445587
0.109288930893		2.9617395401
0.111912965775		2.02297973633
0.114542007446		3.04800415039
0.117164850235		2.02297973633
0.119793891907		2.9617395401
0.12241601944		2.18535995483
0.125048875809		2.74354171753
0.127668857574		2.45430183411
0.130294084549		2.44922733307
0.132920026779		2.73846721649
0.135551929474		2.18535995483
0.138170957565		2.96681404114
0.140794992447		2.02297973633
0.143455982208		3.05307865143
0.146172046661		2.01283168793
0.148796081543		2.99218654633
0.151424884796		2.13969039917
0.154049873352		2.79428577423
0.156673908234		2.40355873108
0.159296989441		2.51012039185
0.161925077438		2.68772315979
0.164551019669		2.22088050842
0.167172908783		2.92621898651
0.169797897339		2.04327774048
0.172425031662		3.04292964935
0.175176858902		2.00775718689
0.177800893784		3.0124835968
0.180425882339		2.10416984558
0.183054924011		2.8399553299
0.185675859451		2.33759117126
0.188304901123		2.56086444855
0.190927028656		2.63190555573
0.193562984467		2.27669906616
0.196178913116		2.89577293396
0.198803901672		2.06864929199
0.201430082321		3.03278160095
0.204055070877		2.00775718689
0.206677913666		3.0124835968
0.209305047989		2.11939334869
0.21192908287		2.82473182678
0.214556932449		2.35788917542
0.217186927795		2.55071544647
0.219805002213		2.64712810516
0.222429990768		2.28684806824
0.225182056427		2.8501033783
0.227807044983		2.09402179718
0.230432033539		3.02263259888
0.233062982559		2.00775718689
0.235682964325		3.02770709991
0.238308906555		2.07879829407
0.240931987762		2.87040138245
0.24356508255		2.30207061768
0.24618601799		2.60653305054
0.248811006546		2.5913105011
0.251435041428		2.31221961975
0.254060983658		2.86025238037
0.256685972214		2.0838727951
0.259309053421		3.02263259888
0.261934995651		2.00775718689
0.264564037323		3.02770709991
0.267186880112		2.08894729614
0.269811868668		2.85517787933
0.272436857224		2.27669906616
0.275191068649		2.65727710724
0.277812957764		2.5405664444
0.280438899994		2.36803817749
0.283069849014		2.81458282471
0.285690069199		2.11939334869
0.288312911987		3.00233459473
0.29094004631		2.00775718689
0.293570041656		3.03785610199
0.296190023422		2.05850028992
0.298820018768		2.90592193604
0.301440954208		2.26655006409
0.304066896439		2.6522026062
0.30669093132		2.55071544647
0.30931687355		2.35281467438
0.311940908432		2.82473182678
0.314569950104		2.11431884766
0.317193031311		3.0124835968
0.319817066193		2.00775718689
0.322442054749		3.04292964935
0.325196027756		2.0331287384
0.327820062637		2.93636798859
0.3304438591		2.21580600739
0.333077907562		2.70802116394
0.33570098877		2.4898223877
0.338320016861		2.41370677948
0.340945959091		2.77906227112
0.343579053879		2.14983940125
0.346196889877		2.98711204529
0.348821878433		2.01283168793
0.351446866989		3.04800415039
0.354078054428		2.03820323944
0.35669708252		2.93129348755
0.35932302475		2.22595500946
0.36194896698		2.68772315979
0.364578008652		2.50504589081
0.367198944092		2.39848423004
0.369826078415		2.78921127319
0.372452974319		2.17521095276
0.375202894211		2.9515914917
0.377825975418		2.02805423737
0.380469083786		3.04292964935
0.383077859879		2.01790523529
0.38570189476		2.96681404114
0.388326883316		2.1802854538
0.390953063965		2.74861621857
0.393585920334		2.44922733307
0.396203041077		2.45430183411
0.398828029633		2.73846721649
0.401452064514		2.1802854538
0.404079914093		2.9617395401
0.406703948975		2.02297973633
0.409329891205		3.05307865143
0.411954879761		2.02297973633
0.414583921432		2.9617395401
0.417203903198		2.19043445587
0.419831037521		2.73846721649
0.422456026077		2.43907928467
0.425207853317		2.51519489288
0.427830934525		2.68264961243
0.430456876755		2.22595500946
0.433090925217		2.92621898651
0.435706853867		2.04327774048
0.43833398819		3.04800415039
0.440969944		2.01283168793
0.443589925766		2.99218654633
0.446210861206		2.14476490021
0.448833942413		2.78413677216
0.451458930969		2.40355873108
0.454086065292		2.49997138977
0.456711053848		2.69787216187
0.459336996078		2.22088050842
0.461966991425		2.93129348755
0.464587926865		2.03820323944
0.467213869095		3.04292964935
0.469837903976		2.01283168793
0.472462892532		3.00740909576
0.475215911865		2.10924434662
0.477838993073		2.82980632782
0.480460882187		2.35281467438
0.483095884323		2.55578994751
0.48571395874		2.6420545578
0.488338947296		2.26655006409
0.490963935852		2.900847435
0.493597984314		2.06864929199
0.496216058731		3.03785610199
0.498841047287		2.00775718689
0.501465082169		3.00740909576
0.504092931747		2.11939334869
0.506716012955		2.81965732574
0.509341955185		2.36803817749
0.511966943741		2.54564094543
0.514595031738		2.6522026062
0.517217874527		2.25132751465
0.519842863083		2.90592193604
0.522469043732		2.06864929199
0.525219917297		3.02263259888
0.527842998505		2.00268268585
0.530468940735		3.03278160095
0.533102989197		2.0838727951
0.535722970963		2.86532688141
0.53834605217		2.31221961975
0.540971040726		2.59638500214
0.543617963791		2.58623600006
0.546221017838		2.31221961975
0.548846960068		2.86532688141
0.551473855972		2.0838727951
0.554100036621		3.02263259888
0.556724071503		2.00268268585
0.559350013733		3.02263259888
0.561972856522		2.09402179718
0.564602851868		2.86025238037
0.567224025726		2.32236862183
0.569849014282		2.58116149902
0.572475910187		2.56086444855
0.575227975845		2.36296367645
0.577851057053		2.81965732574
0.580477952957		2.11939334869
0.583101987839		3.00740909576
0.585727930069		2.00775718689
0.588351964951		3.03785610199
0.590977907181		2.06357479095
0.593608856201		2.89577293396
0.596227884293		2.26655006409
0.598855018616		2.6420545578
0.601477861404		2.55578994751
0.604105949402		2.34774017334
0.606728076935		2.83488082886
0.609354972839		2.10416984558
0.611979007721		3.00740909576
0.614605903625		2.00775718689
0.617230892181		3.03278160095
0.619854927063		2.06864929199
0.622482061386		2.91099643707
0.625237941742		2.21073246002
0.627856969833		2.69279766083
0.630481004715		2.49997138977
0.633105993271		2.41370677948
0.635735034943		2.78413677216
0.638359069824		2.14476490021
0.640985012054		2.98711204529
0.643611907959		2.01283168793
0.646237850189		3.04292964935
0.648860931396		2.04327774048
0.651484966278		2.92621898651
0.654113054276		2.22595500946
0.656735897064		2.68264961243
0.65936088562		2.51519489288
0.661985874176		2.38833522797
0.664613962173		2.79428577423
0.667237043381		2.13461589813
0.669862985611		2.99218654633
0.672488927841		2.02297973633
0.6752409935		3.04800415039
0.677864074707		2.02297973633
0.68048787117		2.9617395401
0.683121919632		2.1802854538
0.685740947723		2.73846721649
0.688366889954		2.45430183411
0.690990924835		2.45430183411
0.693615913391		2.74354171753
0.696240901947		2.1802854538
0.698865890503		2.96681404114
0.701490879059		2.01790523529
0.704118013382		3.04800415039
0.706747055054		2.02805423737
0.709367990494		2.9617395401
0.711993932724		2.19043445587
0.714617967606		2.72831821442
0.717242956161		2.46952533722
0.719867944717		2.43400478363
0.722493886948		2.72831821442
0.725245952606		2.22595500946
0.727869987488		2.93129348755
0.730494976044		2.04327774048
0.733130931854		3.04292964935
0.73574590683		2.01283168793
0.738373041153		2.98203754425
0.740995883942		2.15491390228
0.743625879288		2.78413677216
0.746248006821		2.41370677948
0.748872041702		2.4898223877
0.751498937607		2.69787216187
0.754124879837		2.21073246002
0.756748914719		2.94144248962
0.759373903275		2.0331287384
0.762001037598		3.04800415039
0.764627933502		2.01283168793
0.767248868942		2.97188854218
0.769875049591		2.15998840332
0.772500991821		2.80950832367
0.775254011154		2.35788917542
0.777875900269		2.55071544647
0.780503034592		2.64712810516
0.783128976822		2.26655006409
0.785752058029		2.900847435
0.788382053375		2.05850028992
0.791002035141		3.03785610199
0.793628931046		2.00775718689
0.796251058578		3.00740909576
0.798877954483		2.12446784973
0.801501989365		2.81458282471
0.804132938385		2.36296367645
0.806752920151		2.53549194336
0.809380054474		2.66235160828
0.81200504303		2.24625301361
0.814632892609		2.91099643707
0.817257881165		2.05342674255
0.819881916046		3.03785610199
0.822506904602		2.00775718689
0.825258016586		3.02770709991
0.827882051468		2.0838727951
0.830507993698		2.86025238037
0.833139896393		2.31221961975
0.83575797081		2.5913105011
0.838382005692		2.60145950317
0.841008901596		2.30207061768
0.843636035919		2.86532688141
0.846258878708		2.07879829407
0.848883867264		3.03278160095
0.851511001587		2.00268268585
0.854135990143		3.01755809784
0.856762886047		2.09402179718
0.859385967255		2.84502887726
0.862011909485		2.32744312286
0.864637851715		2.58116149902
0.86726307869		2.61668205261
0.869891881943		2.2919216156
0.87251496315		2.84502887726
0.875267028809		2.11431884766
0.877888917923		3.0124835968
0.880516052246		2.00775718689
0.883141040802		3.04292964935
0.885763883591		2.06864929199
0.888391017914		2.89577293396
0.891013860703		2.27669906616
0.893642902374		2.63190555573
0.896265029907		2.56086444855
0.898892879486		2.3426656723
0.901515007019		2.8399553299
0.904145002365		2.10416984558
0.906765937805		3.01755809784
0.909393072128		2.00268268585
0.912018060684		3.03278160095
0.914644002914		2.07372379303
0.917267084122		2.88562393188
0.919894933701		2.28684806824
0.922519922256		2.6522026062
0.925271034241		2.50504589081
0.927895069122		2.39848423004
0.930530071259		2.78413677216
0.933156013489		2.14476490021
0.935781955719		2.98711204529
0.938400030136		2.01283168793
0.94102191925		3.04800415039
0.943649053574		2.04835224152
0.946270942688		2.92114448547
0.948895931244		2.2310295105
0.951531887054		2.68264961243
0.954150915146		2.52026939392
0.956774950027		2.38833522797
0.959398031235		2.79936027527
0.962023973465		2.12954235077
0.964653015137		2.99218654633
0.967274904251		2.00775718689
0.969899892807		3.04292964935
0.972526073456		2.0331287384
0.975277900696		2.9617395401
0.977901935577		2.19043445587
0.980529069901		2.73339271545
0.983152866364		2.45937633514
0.985777854919		2.43907928467
0.988404035568		2.74861621857
0.99102807045		2.17521095276
0.99365401268		2.97188854218
0.996279001236		2.01790523529
0.998904943466		3.04800415039
1.00152897835		2.02805423737
1.00415492058		2.9515914917
1.00678086281		2.20058345795
1.00940489769		2.72831821442
1.01202988625		2.47459983826
1.01465702057		2.42893028259
1.01728391647		2.7536907196
1.01990485191		2.15491390228
1.02253103256		2.9617395401
1.02528095245		2.04327774048
1.02790784836		3.04800415039
1.03053188324		2.01283168793
1.03317189217		2.98711204529
1.03578400612		2.15491390228
1.038408041		2.77398777008
1.04103302956		2.41878128052
1.04366087914		2.49489688873
1.04628491402		2.69787216187
1.04890990257		2.20565795898
1.05153489113		2.94144248962
1.0541639328		2.0331287384
1.05678606033		3.04292964935
1.05941200256		2.01790523529
1.06203794479		2.97188854218
1.06466507912		2.16506290436
1.06728792191		2.77398777008
1.06991887093		2.42385578156
1.07253789902		2.52026939392
1.07529091835		2.6522026062
1.07791399956		2.26147556305
1.08053898811		2.90592193604
1.0831720829		2.05850028992
1.0857899189		3.03785610199
1.08841395378		2.00775718689
1.09103989601		3.00233459473
1.09366798401		2.12446784973
1.09628987312		2.81458282471
1.09891486168		2.37818622589
1.10153985023		2.53041744232
1.10416889191		2.66235160828
1.10679101944		2.24625301361
1.109416008		2.91607093811
1.11204195023		2.04835224152
1.11467599869		3.04800415039
1.1172940731		2.01283168793
1.11991906166		2.99726104736
1.12254691124		2.11431884766
1.12529706955		2.85517787933
1.12792086601		2.31729412079
1.13054585457		2.58623600006
1.13317108154		2.61160755157
1.13579702377		2.29699611664
1.13842105865		2.87547588348
1.14104700089		2.07372379303
1.14367485046		3.02770709991
1.14629793167		2.00775718689
1.14892292023		3.01755809784
1.15154695511		2.09909534454
1.15417385101		2.8501033783
1.15679907799		2.33251667023
1.15942406654		2.57101249695
1.1620490551		2.62175655365
1.16467690468		2.2817735672
1.16729998589		2.88562393188
1.16992497444		2.07372379303
1.17255187035		3.02263259888
1.17530298233		2.00268268585
1.17792701721		3.03278160095
1.18054986		2.06864929199
1.18317890167		2.89069843292
1.18580102921		2.27669906616
1.18842887878		2.63190555573
1.19105100632		2.57101249695
1.19368004799		2.33251667023
1.19630885124		2.8399553299
1.1989300251		2.09909534454
1.20155191422		3.01755809784
1.20418000221		2.00775718689
1.20680403709		3.03278160095
1.20942997932		2.07372379303
1.21205496788		2.87547588348
1.21468186378		2.2919216156
1.21730589867		2.62175655365
1.21993994713		2.57608699799
1.22255706787		2.35281467438
1.22530984879		2.79428577423
1.22793197632		2.13461589813
1.23055791855		2.99218654633
1.23318886757		2.01283168793
1.23580884933		3.03785610199
1.23843288422		2.05342674255
1.24105906487		2.92114448547
1.24368405342		2.24117851257
1.24631094933		2.67250061035
1.24893307686		2.52534389496
1.25156092644		2.37818622589
1.25418591499		2.80443382263
1.25681185722		2.13461589813
1.25943589211		3.00233459473
1.26206302643		2.00775718689
1.26468706131		3.04292964935
1.26731300354		2.04835224152
1.26993608475		2.91099643707
1.27256298065		2.21073246002
1.27531599998		2.72831821442
1.27794599533		2.46445083618
1.28056406975		2.43400478363
1.28319597244		2.74861621857
1.28581404686		2.16506290436
1.28843998909		2.96681404114
1.29106497765		2.01790523529
1.29369187355		3.04800415039
1.29631590843		2.0331287384
1.29894089699		2.94651699066
1.30156588554		2.20565795898
1.30419397354		2.71309566498
1.30681800842		2.48474884033
1.30944395065		2.42893028259
1.31206703186		2.76383876801
1.31469607353		2.15998840332
1.31731796265		2.98203754425
1.31994485855		2.01790523529
1.32256793976		3.04800415039
1.32532000542		2.01790523529
1.3279440403		2.98203754425
1.3305709362		2.15998840332
1.33320307732		2.77398777008
1.33582401276		2.41878128052
1.33844590187		2.47967433929
1.34107208252		2.71309566498
1.34369707108		2.20565795898
1.34632301331		2.9515914917
1.34894800186		2.0331287384
1.35157489777		3.04800415039
1.35419893265		2.01790523529
1.3568239212		2.96681404114
1.35945487022		2.16506290436
1.36207485199		2.7536907196
1.36470293999		2.43400478363
1.36732387543		2.46952533722
1.36994886398		2.72324466705
1.37257599831		2.2310295105
1.37534403801		2.900847435
1.37795591354		2.05850028992
1.38059592247		3.03785610199
1.38320589066		2.00775718689
1.3858320713		3.00233459473
1.3884768486		2.11939334869
1.39107990265		2.80443382263
1.39370799065		2.37311172485
1.39633107185		2.52534389496
1.39895701408		2.66235160828
1.40158200264		2.24625301361
1.40420794487		2.91607093811
1.40683197975		2.04835224152
1.40945887566		3.03785610199
1.41208100319		2.01283168793
1.41471385956		2.99726104736
1.41733288765		2.13969039917
1.4199590683		2.79428577423
1.42258405685		2.35788917542
1.42533898354		2.58116149902
1.42796087265		2.61160755157
1.4305870533		2.29699611664
1.43321800232		2.87547588348
1.43583703041		2.0838727951
1.43846106529		3.02770709991
1.44109296799		2.00268268585
1.44371294975		3.02263259888
1.44646286964		2.06357479095
1.44908905029		2.89577293396
1.45171403885		2.25640106201
1.45433998108		2.63698005676
1.45696496964		2.56086444855
1.45958805084		2.35281467438
1.46221399307		2.82980632782
1.46484804153		2.11431884766
1.46746587753		3.0124835968
1.47008895874		2.00775718689
1.47272491455		3.03785610199
1.47533988953		2.06357479095
1.47796607018		2.88562393188
1.48059296608		2.2817735672
1.4832239151		2.62683105469
1.48584389687		2.57101249695
1.48846888542		2.33759117126
1.4910929203		2.84502887726
1.4937210083		2.09909534454
1.49634695053		3.0124835968
1.49896907806		2.00775718689
1.50159502029		3.03278160095
1.50422096252		2.07879829407
1.50684499741		2.87547588348
1.50946998596		2.29699611664
1.51209592819		2.60653305054
1.51472187042		2.58116149902
1.5173459053		2.32236862183
1.51997184753		2.8501033783
1.52260303497		2.10924434662
1.52534794807		2.99726104736
1.5279738903		2.01283168793
1.53059887886		3.04292964935
1.53323197365		2.04835224152
1.53584885597		2.92114448547
1.53847289085		2.24625301361
1.54110002518		2.67250061035
1.54374098778		2.52026939392
1.54635000229		2.37311172485
1.54897499084		2.80443382263
1.5515999794		2.11939334869
1.55422902107		2.99726104736
1.55685091019		2.00775718689
1.55949401855		3.04800415039
1.56210207939		2.05342674255
1.56473207474		2.90592193604
1.5673520565		2.25132751465
1.56997799873		2.65727710724
1.57261586189		2.51519489288
1.57535600662		2.44922733307
1.57799291611		2.74861621857
1.58062005043		2.17521095276
1.58323287964		2.97188854218
1.58585500717		2.01790523529
1.58849406242		3.04800415039
1.59110498428		2.03820323944
1.59373402596		2.9515914917
1.59635686874		2.21073246002
1.59898090363		2.71309566498
1.60160708427		2.48474884033
1.60423898697		2.42385578156
1.60685896873		2.75876522064
1.60948300362		2.15491390228
1.61210799217		2.98203754425
1.61473703384		2.01790523529
1.61736106873		3.04800415039
1.61998295784		2.03820323944
1.62260890007		2.95666599274
1.62535095215		2.1701374054
1.62797784805		2.76383876801
1.63060092926		2.43400478363
1.63323092461		2.47967433929
1.63586091995		2.7029466629
1.63848686218		2.19550895691
1.64111089706		2.9515914917
1.64373993874		2.03820323944
1.64648795128		3.03785610199
1.64911198616		2.00775718689
1.65173697472		3.0124835968
1.65436697006		2.12446784973
1.65698885918		2.80950832367
1.65962791443		2.3426656723
1.66236901283		2.60653305054
1.6649889946		2.59638500214
1.6676170826		2.31729412079
1.67023992538		2.86532688141
1.67287397385		2.08894729614
1.67549085617		3.02263259888
1.67811799049		2.00775718689
1.68074393272		3.02770709991
1.68340587616		2.07879829407
1.68612384796		2.91099643707
1.68874406815		2.25132751465
1.69136691093		2.65727710724
1.69399690628		2.5405664444
1.69661903381		2.36803817749
1.69924402237		2.81458282471
1.7018699646		2.11431884766
1.7044968605		3.00233459473
1.70711994171		2.00775718689
1.70974493027		3.03785610199
1.71236896515		2.06357479095
1.71499586105		2.900847435
1.71761894226		2.26655006409
1.72024703026		2.64712810516
1.72287797928		2.55071544647
1.72549796104		2.34774017334
1.72812104225		2.82473182678
1.73074793816		2.10416984558
1.7334549427		2.99218654633
1.73612499237		2.01790523529
1.73874807358		3.04800415039
1.74137592316		2.03820323944
1.74399995804		2.93636798859
1.74662590027		2.21073246002
1.74924993515		2.7029466629
1.75187897682		2.49997138977
1.7545030117		2.40863323212
1.75712704659		2.77906227112
1.7597489357		2.14476490021
1.76237607002		2.98203754425
1.76500201225		2.01283168793
1.76763606071		3.04800415039
1.77025294304		2.04327774048
1.77288603783		2.93129348755
1.77550292015		2.2310295105
1.77813005447		2.68772315979
1.78075790405		2.51012039185
1.78341507912		2.41370677948
1.78612995148		2.72831821442
1.78875803947		2.19550895691
1.79139995575		2.9515914917
1.79400801659		2.02805423737
1.79664707184		3.04292964935
1.79925584793		2.02805423737
1.80188393593		2.9617395401
1.80452394485		2.17521095276
1.80713200569		2.74354171753
1.80975794792		2.45937633514
1.81238293648		2.44922733307
1.81500887871		2.72831821442
1.81763505936		2.1802854538
1.82025790215		2.9617395401
1.82289099693		2.02805423737
1.8255109787		3.05307865143
1.82813501358		2.02297973633
1.83076095581		2.9617395401
1.83347201347		2.15491390228
1.83613491058		2.78921127319
1.83876204491		2.39848423004
1.84138703346		2.51012039185
1.84401488304		2.68264961243
1.84663701057		2.2310295105
1.84926795959		2.92621898651
1.85188698769		2.04327774048
1.85451698303		3.04800415039
1.85713791847		2.01283168793
1.8597638607		2.99726104736
1.86251401901		2.09402179718
1.86526608467		2.89577293396
1.8678920269		2.26147556305
1.87051606178		2.63190555573
1.87314891815		2.56086444855
1.87576699257		2.35788917542
1.87851786613		2.77906227112
1.88114285469		2.14983940125
1.88376903534		2.97696304321
1.88651800156		2.0331287384
1.88914299011		3.04800415039
1.89176797867		2.01790523529
1.89439606667		2.97188854218
1.89701890945		2.17521095276
1.89964485168		2.76383876801
1.90226888657		2.43400478363
1.90489792824		2.46952533722
1.90752100945		2.72324466705
1.91014695168		2.19550895691
1.91277694702		2.95666599274
1.91539788246		2.02805423737
1.91802096367		3.04800415039
1.92064785957		2.02297973633
1.92327785492		2.96681404114
1.92589902878		2.1802854538
1.92852401733		2.74354171753
1.9311580658		2.44922733307
1.93377685547		2.45430183411
1.93639993668		2.73339271545
1.93902492523		2.1802854538
1.94164991379		2.96681404114
1.94427490234		2.02297973633
1.94689893723		3.04800415039
1.94952487946		2.02297973633
1.95215201378		2.95666599274
1.95477700233		2.18535995483
1.95740103722		2.72831821442
1.96002602577		2.46445083618
1.96273207664		2.4898223877
1.96540403366		2.68264961243
1.96802902222		2.2310295105
1.9706530571		2.93129348755
1.97328495979		2.04327774048
1.97590589523		3.04292964935
1.97852897644		2.01283168793
1.98115491867		2.98711204529
1.98378396034		2.14476490021
1.98640704155		2.78413677216
1.98902988434		2.40863323212
1.99165701866		2.49489688873
1.99428391457		2.68772315979
1.99690699577		2.21073246002
1.999532938		2.94144248962
2.00215697289		2.04327774048
2.00478601456		3.04800415039
2.00740695		2.01790523529
2.01003408432		2.97696304321
2.01268696785		2.13461589813
2.01540994644		2.82980632782
2.01803398132		2.35281467438
2.02067399025		2.56086444855
2.02328491211		2.6420545578
2.02590990067		2.26655006409
2.02854895592		2.89069843292
2.03116106987		2.06864929199
2.03379702568		3.03785610199
2.03641200066		2.00775718689
2.03903508186		3.0124835968
2.04166197777		2.11939334869
2.04429006577		2.81965732574
2.04691386223		2.35788917542
2.04953789711		2.5405664444
2.05216407776		2.65727710724
2.05479192734		2.26655006409
2.05741596222		2.91099643707
2.06003785133		2.05342674255
2.0626718998		3.03785610199
2.06528997421		2.00268268585
2.06791400909		3.00740909576
2.070540905		2.12446784973
2.07317304611		2.81458282471
2.07579088211		2.35788917542
2.07841706276		2.52534389496
2.08104300499		2.66742610931
2.08366990089		2.25132751465
2.0862929821		2.91607093811
2.08891892433		2.05342674255
2.09154295921		3.04292964935
2.094176054		2.00775718689
2.09679293633		2.99218654633
2.09941887856		2.13461589813
2.10204386711		2.79428577423
2.10467386246		2.38833522797
2.10729408264		2.51519489288
2.10992789268		2.67757511139
2.1125459671		2.27669906616
2.11529898643		2.87547588348
2.11792397499		2.07372379303
2.1205470562		3.03278160095
2.12318205833		2.00775718689
2.12579798698		3.02263259888
2.12842392921		2.09909534454
2.1310479641		2.84502887726
2.13367605209		2.33251667023
2.13629889488		2.57101249695
2.13892507553		2.62683105469
2.14154887199		2.27669906616
2.14417600632		2.89069843292
2.14680099487		2.06864929199
2.14942502975		3.03278160095
2.15205097198		1.99760818481
2.15467905998		3.0124835968
2.1573009491		2.10924434662
2.15992808342		2.83488082886
2.16255187988		2.30714511871
2.16530704498		2.62683105469
2.16793107986		2.56593894958
2.1705520153		2.33251667023
2.17318606377		2.8399553299
2.17580986023		2.10416984558
2.17842888832		3.01755809784
2.18105697632		2.00775718689
2.18368506432		3.03278160095
2.18630695343		2.07372379303
2.18893003464		2.87547588348
2.19155502319		2.29699611664
2.19418001175		2.61668205261
2.19680786133		2.58116149902
2.19942998886		2.32236862183
2.20205688477		2.8501033783
2.20469999313		2.09402179718
2.20730686188		3.02263259888
2.20993185043		2.00268268585
2.21257305145		3.03785610199
2.2153069973		2.05342674255
2.2179338932		2.92114448547
2.22057199478		2.23610401154
2.22319197655		2.67250061035
2.22581005096		2.52534389496
2.22843503952		2.37311172485
2.23106002808		2.79936027527
2.23368906975		2.12954235077
2.23631095886		3.00233459473
2.23893594742		2.00775718689
2.24156093597		3.04800415039
2.24418902397		2.05342674255
2.24681305885		2.91607093811
2.24943900108		2.25132751465
2.25206208229		2.65727710724
2.25469589233		2.5405664444
2.25731992722		2.36803817749
2.25993800163		2.80950832367
2.26256299019		2.15998840332
2.26531791687		2.97696304321
2.26794099808		2.02297973633
2.27056598663		3.04800415039
2.27319788933		2.0331287384
2.27581501007		2.9515914917
2.2784409523		2.20565795898
2.28106689453		2.71309566498
2.28369498253		2.47459983826
2.28631806374		2.41878128052
2.28894305229		2.76383876801
2.29156804085		2.15491390228
2.29419493675		2.97696304321
2.29681992531		2.01790523529
2.29944491386		3.05307865143
2.30206799507		2.03820323944
2.30471897125		2.9515914917
2.30744504929		2.15998840332
2.31007003784		2.76383876801
2.31270599365		2.41878128052
2.3153219223		2.47967433929
2.31794786453		2.71817016602
2.32057285309		2.20565795898
2.32320404053		2.9515914917
2.32582306862		2.0331287384
2.32844996452		3.04800415039
2.33107304573		2.02297973633
2.33369994164		2.97188854218
2.33632302284		2.17521095276
2.33895492554		2.75876522064
2.34157800674		2.43907928467
2.3442029953		2.46952533722
2.34682488441		2.72831821442
2.34945201874		2.18535995483
2.35207700729		2.95666599274
2.35470294952		2.0331287384
2.35732698441		3.04800415039
2.3599550724		2.02297973633
2.36257791519		2.98711204529
2.36532902718		2.12954235077
2.36795496941		2.80443382263
2.37057805061		2.37818622589
2.37321186066		2.53041744232
2.37584400177		2.66742610931
2.37845492363		2.23610401154
2.38107800484		2.92114448547
2.38370895386		2.04835224152
2.3863298893		3.04292964935
2.38895702362		2.01283168793
2.39159703255		2.99726104736
2.39420795441		2.13969039917
2.39683294296		2.79428577423
2.39945888519		2.393409729
2.40208387375		2.51012039185
2.40472388268		2.67757511139
2.40733289719		2.22595500946
2.40995788574		2.93129348755
2.41259694099		2.05342674255
2.4153380394		3.03278160095
2.41795802116		2.00268268585
2.42060399055		3.01755809784
2.42320990562		2.10416984558
2.42583584785		2.84502887726
2.42845988274		2.33759117126
2.43108797073		2.56593894958
2.43371105194		2.62683105469
2.43633699417		2.27669906616
2.43896007538		2.88562393188
2.44158697128		2.06864929199
2.44421291351		3.03785610199
2.44683694839		2.00775718689
2.44946193695		3.0124835968
2.45208787918		2.10924434662
2.4547150135		2.83488082886
2.45734286308		2.34774017334
2.45996308327		2.56086444855
2.46258997917		2.59638500214
2.46534204483		2.33251667023
2.46796488762		2.8399553299
2.47059106827		2.09402179718
2.47322297096		3.0124835968
2.47584199905		2.00268268585
2.47859287262		3.04292964935
2.4812169075		2.04835224152
2.48384284973		2.94144248962
2.48646688461		2.23610401154
2.48909187317		2.67757511139
2.49171996117		2.51519489288
2.4943459034		2.38833522797
2.49696993828		2.79428577423
2.49959397316		2.12954235077
2.50222802162		2.99218654633
2.50484704971		2.00775718689
2.5074698925		3.04292964935
2.51009607315		2.04835224152
2.51272797585		2.92114448547
2.51534605026		2.25132751465
2.51797294617		2.66742610931
2.52059793472		2.53549194336
2.52323007584		2.37311172485
2.52584791183		2.80950832367
2.52847290039		2.12446784973
2.53109693527		3.00233459473
2.53372693062		2.00775718689
2.53634905815		3.03785610199
2.53897595406		2.05850028992
2.54159808159		2.90592193604
2.54422688484		2.25640106201
2.54685091972		2.6522026062
2.54947590828		2.54564094543
2.55210089684		2.35788917542
2.55472707748		2.81965732574
2.55735206604		2.11431884766
2.55997800827		3.00740909576
2.56260299683		2.01283168793
2.56535506248		3.04800415039
2.56798195839		2.03820323944
2.5706038475		2.94144248962
2.57322907448		2.21073246002
2.57585406303		2.7029466629
2.57847905159		2.49489688873
2.58110404015		2.41370677948
2.58374404907		2.76383876801
2.58635592461		2.15491390228
2.58898186684		2.98203754425
2.59160494804		2.01283168793
2.59423208237		3.04292964935
2.5968580246		2.03820323944
2.59948086739		2.93636798859
2.60210800171		2.22595500946
2.60475301743		2.70802116394
2.60735797882		2.4898223877
2.61000204086		2.41370677948
2.61262202263		2.7536907196
2.61535692215		2.19043445587
2.61798596382		2.9515914917
2.62062287331		2.0331287384
2.62324404716		3.04800415039
2.62585186958		2.02297973633
2.62847590446		2.9617395401
2.63110208511		2.1701374054
2.63374185562		2.7536907196
2.63635897636		2.44922733307
2.63898491859		2.45937633514
2.64161086082		2.73339271545
2.64423704147		2.18535995483
2.64686203003		2.9515914917
2.64948606491		2.02805423737
2.65211105347		3.04800415039
2.65473890305		2.02805423737
2.65736198425		2.9617395401
2.65998792648		2.18535995483
2.66261386871		2.7536907196
2.66536903381		2.38833522797
2.66798996925		2.51519489288
2.67061400414		2.68264961243
2.6732468605		2.23610401154
2.67586398125		2.92114448547
2.67849087715		2.04835224152
2.6811170578		3.04292964935
2.68376207352		2.00775718689
2.68649101257		3.01755809784
2.68911790848		2.10416984558
2.69174098969		2.8501033783
2.69436907768		2.33759117126
2.69699192047		2.57101249695
2.69961690903		2.62683105469
2.70224094391		2.27669906616
2.70486903191		2.88562393188
2.70749306679		2.06864929199
2.71011900902		3.03785610199
2.71274995804		2.00268268585
2.7153699398		3.0124835968
2.71799588203		2.10416984558
2.72061991692		2.83488082886
2.72325205803		2.3426656723
2.7258708477		2.55578994751
2.72849607468		2.63190555573
2.73112392426		2.27162456512
2.73374986649		2.89577293396
2.73637390137		2.06357479095
2.73899698257		3.03785610199
2.7416229248		2.00775718689
2.7442510128		3.0124835968
2.74688100815		2.11431884766
2.74950003624		2.82473182678
2.7521250248		2.35788917542
2.7547519207		2.55071544647
2.75737500191		2.6522026062
2.76000285149		2.26147556305
2.76262497902		2.87040138245
2.7653799057		2.09402179718
2.76800203323		3.02263259888
2.77062702179		2.00268268585
2.77325987816		3.03278160095
2.7758910656		2.07879829407
2.77850294113		2.87040138245
2.78112602234		2.30714511871
2.78375697136		2.60145950317
2.7863779068		2.5913105011
2.78900384903		2.30714511871
2.79164505005		2.8501033783
2.79425692558		2.0838727951
2.79688096046		3.02770709991
2.79950499535		2.00775718689
2.8021299839		3.02770709991
2.80477285385		2.0838727951
2.80738306046		2.86025238037
2.81000685692		2.30714511871
2.81268191338		2.62175655365
2.81538295746		2.5405664444
2.81800794601		2.36803817749
2.82064795494		2.80950832367
2.82325696945		2.11431884766
2.82588386536		3.00740909576
2.8285138607		2.00268268585
2.83113408089		3.04292964935
2.83376193047		2.06357479095
2.836384058		2.900847435
2.8390109539		2.25640106201
2.84163689613		2.6420545578
2.84426307678		2.54564094543
2.84688687325		2.35788917542
2.8495118618		2.82980632782
2.85213589668		2.11431884766
2.85476398468		3.00740909576
2.85738801956		2.01283168793
2.86001086235		3.03785610199
2.86263895035		2.04327774048
2.86539292336		2.94144248962
2.86801505089		2.21073246002
2.87063884735		2.69787216187
2.87327384949		2.49489688873
2.87588906288		2.42385578156
2.87851595879		2.77398777008
2.88113999367		2.14476490021
2.88376688957		2.98203754425
2.88639187813		2.01283168793
2.88901686668		3.04800415039
2.89164185524		2.04327774048
2.89426898956		2.92621898651
2.89689397812		2.22595500946
2.899518013		2.68772315979
2.90214490891		2.51012039185
2.90476989746		2.39848423004
2.90739393234		2.78921127319
2.91002607346		2.13969039917
2.91268396378		2.98203754425
2.91539502144		2.02805423737
2.91802000999		3.04800415039
2.92064499855		2.02297973633
2.92327785492		2.96681404114
2.92589592934		2.18535995483
2.92852306366		2.74354171753
2.93114805222		2.45430183411
2.93377304077		2.44922733307
2.936398983		2.73846721649
2.93902206421		2.18535995483
2.94164800644		2.96681404114
2.94427585602		2.02805423737
2.94689798355		3.05307865143
2.94952487946		2.02805423737
2.95216488838		2.9617395401
2.95477795601		2.19043445587
2.95740008354		2.72831821442
2.96002602577		2.46952533722
2.96272993088		2.48474884033
2.96540403366		2.67757511139
2.96802997589		2.22088050842
2.97065091133		2.93129348755
2.97328495979		2.04327774048
2.97590208054		3.04800415039
2.97852706909		2.01790523529
2.98115205765		2.98711204529
2.98378491402		2.14476490021
2.98640394211		2.77906227112
2.98902988434		2.40863323212
2.99166107178		2.49489688873
2.99428200722		2.69787216187
2.99690890312		2.21580600739
2.99953007698		2.93636798859
3.00215506554		2.0331287384
3.00479698181		3.04292964935
3.00740599632		2.01790523529
3.01003098488		2.98203754425
3.01268005371		2.14983940125
3.01528286934		2.77398777008
3.01790785789		2.41878128052
3.02053189278		2.47967433929
3.02316498756		2.70802116394
3.02578306198		2.20565795898
3.02840805054		2.94651699066
3.03103399277		2.0331287384
3.03366088867		3.04800415039
3.03628396988		2.01790523529
3.03890991211		2.97188854218
3.04153585434		2.1701374054
3.04416298866		2.75876522064
3.04678606987		2.42893028259
3.04941296577		2.46952533722
3.05203604698		2.71309566498
3.05466604233		2.19550895691
3.05728602409		2.95666599274
3.05991292		2.0331287384
3.06253695488		3.04292964935
3.06529307365		2.01283168793
3.06791496277		3.00740909576
3.07066392899		2.0838727951
3.07330203056		2.87040138245
3.07591605186		2.2919216156
3.07854104042		2.59638500214
3.08116698265		2.60145950317
3.08379197121		2.31221961975
3.08641695976		2.87040138245
3.08904194832		2.07879829407
3.09166693687		3.02770709991
3.0942940712		2.00268268585
3.09691786766		3.02263259888
3.09954404831		2.09402179718
3.1021668911		2.85517787933
3.10484004021		2.2919216156
3.10754585266		2.6522026062
3.11017298698		2.5405664444
3.112803936		2.36803817749
3.11542201042		2.82473182678
3.11804795265		2.11939334869
3.12067198753		3.00740909576
3.12329792976		2.00775718689
3.12592196465		3.03278160095
3.12854886055		2.06357479095
3.13117289543		2.89577293396
3.13380098343		2.26655006409
3.13642287254		2.6420545578
3.13904905319		2.56086444855
3.14167404175		2.34774017334
3.14430189133		2.82980632782
3.14692592621		2.10924434662
3.14954996109		3.0124835968
3.15217590332		2.00268268585
3.15480995178		3.03278160095
3.15742588043		2.07372379303
3.16005301476		2.88562393188
3.1626830101		2.27669906616
3.16530203819		2.62683105469
3.16792798042		2.57101249695
3.1705520153		2.33759117126
3.17318892479		2.83488082886
3.17580604553		2.09909534454
3.17843008041		3.0124835968
3.1810529232		1.99760818481
3.18368387222		3.03785610199
3.18630385399		2.07372379303
3.18893384933		2.88055038452
3.19155502319		2.29699611664
3.19418406487		2.61668205261
3.19682097435		2.57101249695
3.19943189621		2.32236862183
3.20205807686		2.8501033783
3.20469903946		2.09909534454
3.2073059082		3.01755809784
3.20993304253		2.00268268585
3.21255707741		3.03278160095
3.21530985832		2.05342674255
3.21793293953		2.91607093811
3.22055888176		2.24117851257
3.22318696976		2.68264961243
3.22581100464		2.53041744232
3.22843384743		2.37311172485
3.23106002808		2.80443382263
3.23368906975		2.12954235077
3.23631596565		2.99726104736
3.23893690109		2.01283168793
3.24156403542		3.04292964935
3.24418902397		2.05850028992
3.24681401253		2.91099643707
3.24943804741		2.25640106201
3.25206398964		2.66235160828
3.25468993187		2.5405664444
3.25731492043		2.36803817749
3.25993990898		2.80443382263
3.26256394386		2.14476490021
3.26531791687		2.97188854218
3.2679400444		2.02297973633
3.27056503296		3.04800415039
3.27319693565		2.02805423737
3.27581596375		2.9515914917
3.2784409523		2.20565795898
3.28106498718		2.70802116394
3.28369402885		2.48474884033
3.28631901741		2.42385578156
3.28894305229		2.76891326904
3.29156684875		2.15491390228
3.2941930294		2.98203754425
3.29681992531		2.01790523529
3.29944491386		3.04292964935
3.30206990242		2.0331287384
3.30469703674		2.93636798859
3.30731987953		2.21580600739
3.30994486809		2.69787216187
3.31257104874		2.47459983826
3.3153219223		2.47967433929
3.31795287132		2.70802116394
3.32057094574		2.19550895691
3.3232049942		2.94651699066
3.32582187653		2.0331287384
3.32844805717		3.04800415039
3.33107304573		2.02297973633
3.33370089531		2.97188854218
3.33632493019		2.15998840332
3.33896493912		2.75876522064
3.34157395363		2.43907928467
3.34420585632		2.46445083618
3.34682488441		2.72831821442
3.34945201874		2.19043445587
3.35207796097		2.95666599274
3.35470199585		2.02297973633
3.35732507706		3.04800415039
3.35995101929		2.02297973633
3.36257791519		2.98711204529
3.36532902718		2.12954235077
3.36796998978		2.80950832367
3.37057900429		2.37818622589
3.37320899963		2.52534389496
3.3758289814		2.67250061035
3.37845206261		2.23610401154
3.38107991219		2.92114448547
3.38372302055		2.05342674255
3.38633108139		3.04292964935
3.38895702362		2.01283168793
3.39158201218		2.99218654633
3.39420604706		2.13969039917
3.39684700966		2.80443382263
3.39946103096		2.393409729
3.40208292007		2.51012039185
3.40472197533		2.67757511139
3.40733504295		2.22595500946
3.40995693207		2.92621898651
3.41258096695		2.04835224152
3.41533684731		3.03278160095
3.41795992851		2.00775718689
3.42058300972		3.01755809784
3.4232199192		2.09909534454
3.42583584785		2.8399553299
3.42846298218		2.33759117126
3.43108487129		2.57101249695
3.43371486664		2.63190555573
3.4363348484		2.27669906616
3.4389629364		2.88562393188
3.44158697128		2.06357479095
3.44421291351		3.03278160095
3.44683790207		2.00268268585
3.44946289062		3.0124835968
3.45208692551		2.10924434662
3.4547150135		2.82980632782
3.45733904839		2.35281467438
3.45996403694		2.56593894958
3.46258807182		2.59638500214
3.46534204483		2.32744312286
3.46796488762		2.83488082886
3.47059106827		2.09909534454
3.47322201729		3.01755809784
3.47584104538		2.00775718689
3.47846889496		3.02770709991
3.48109793663		2.07879829407
3.48371887207		2.87040138245
3.48634195328		2.29699611664
3.48896694183		2.61160755157
3.49159288406		2.5913105011
3.49422001839		2.32236862183
3.49684405327		2.86025238037
3.49946784973		2.08894729614
3.50209498405		3.02263259888
3.50472187996		2.00775718689
3.50734400749		3.02770709991
3.5099709034		2.08894729614
3.51259493828		2.87547588348
3.51534795761		2.24625301361
3.51797199249		2.66235160828
3.52059698105		2.53549194336
3.52322697639		2.37818622589
3.52584695816		2.81458282471
3.52847194672		2.11939334869
3.53109788895		3.00233459473
3.5337240696		2.00268268585
3.5363509655		3.03785610199
3.53897285461		2.05850028992
3.54160094261		2.90592193604
3.54422807693		2.26147556305
3.54685091972		2.64712810516
3.54947495461		2.55071544647
3.55210185051		2.35788917542
3.55472898483		2.81965732574
3.55735206604		2.11431884766
3.55999088287		3.00740909576
3.56260895729		2.01790523529
3.56535387039		3.04800415039
3.56797885895		2.0331287384
3.57060194016		2.94144248962
3.57323503494		2.20565795898
3.57585597038		2.70802116394
3.5784778595		2.4898223877
3.58110499382		2.41878128052
3.58373403549		2.76891326904
3.58635401726		2.14983940125
3.58898186684		2.98203754425
3.59160494804		2.01790523529
3.59423303604		3.04800415039
3.59687185287		2.03820323944
3.59948301315		2.93129348755
3.60210394859		2.22088050842
3.60474896431		2.69787216187
3.60735797882		2.49997138977
3.60998296738		2.39848423004
3.61260890961		2.75876522064
3.61536002159		2.19550895691
3.61798286438		2.95666599274
3.6206099987		2.0331287384
3.62323498726		3.04800415039
3.62585186958		2.02297973633
3.62847590446		2.96681404114
3.63110208511		2.1802854538
3.6337389946		2.7536907196
3.63636088371		2.43907928467
3.63898706436		2.46445083618
3.64161086082		2.72831821442
3.64424395561		2.19043445587
3.64686393738		2.9617395401
3.64948606491		2.02805423737
3.65211296082		3.05307865143
3.65473985672		2.02297973633
3.6573638916		2.9617395401
3.65998792648		2.1701374054
3.66261386871		2.7536907196
3.66536688805		2.393409729
3.66798996925		2.53549194336
3.67061686516		2.67250061035
3.67324995995		2.23610401154
3.67586398125		2.92114448547
3.67848992348		2.04327774048
3.6811170578		3.04292964935
3.68374490738		2.01283168793
3.68636798859		2.99218654633
3.68899393082		2.14476490021
3.6916179657		2.78413677216
3.6942448616		2.40355873108
3.69686889648		2.50504589081
3.69949388504		2.68772315979
3.7021188736		2.22088050842
3.70474696159		2.93129348755
3.70736789703		2.04327774048
3.70999407768		3.04292964935
3.71262097359		2.01283168793
3.7153699398		3.01755809784
3.71799492836		2.10924434662
3.72061991692		2.83488082886
3.72325396538		2.3426656723
3.72587704659		2.56086444855
3.72849702835		2.6420545578
3.73112201691		2.26655006409
3.73375105858		2.89069843292
3.73637294769		2.06357479095
3.73900008202		3.03785610199
3.74162507057		2.00775718689
3.74425292015		3.00740909576
3.74687695503		2.11431884766
3.74950003624		2.82473182678
3.75213003159		2.35788917542
3.75475287437		2.55071544647
3.75737690926		2.6522026062
3.76000189781		2.26147556305
3.76262593269		2.86532688141
3.76537895203		2.08894729614
3.76801896095		3.01755809784
3.77062892914		2.00268268585
3.77342700958		3.05307865143
3.77612900734		2.02805423737
3.7787539959		2.95666599274
3.78137898445		2.18535995483
3.78402400017		2.74861621857
3.786632061		2.45937633514
3.78925585747		2.45430183411
3.79187989235		2.74354171753
3.79450798035		2.17521095276
3.79713201523		2.9617395401
3.79977703094		2.02297973633
3.80238199234		3.04292964935
3.80501198769		2.0331287384
3.80763792992		2.95666599274
3.81025791168		2.20058345795
3.81290507317		2.7536907196
3.81563305855		2.40355873108
3.81825900078		2.49997138977
3.82089996338		2.67757511139
3.82351589203		2.22088050842
3.82613587379		2.93129348755
3.82877397537		2.04327774048
3.83138489723		3.04800415039
3.83401298523		2.01283168793
3.83663606644		2.98711204529
3.8392598629		2.15491390228
3.84188699722		2.77906227112
3.84451293945		2.41370677948
3.84713888168		2.49997138977
3.84976291656		2.69787216187
3.85238695145		2.21073246002
3.85501289368		2.94144248962
3.85764193535		2.0331287384
3.86026287079		3.04800415039
3.86289691925		2.01283168793
3.86564087868		3.0124835968
3.86826586723		2.11431884766
3.87089085579		2.82473182678
3.87352395058		2.35281467438
3.87613987923		2.55578994751
3.87876796722		2.6522026062
3.88139104843		2.26147556305
3.88401794434		2.89069843292
3.88676905632		2.09402179718
3.88939785957		3.01755809784
3.89201807976		2.00268268585
3.89464592934		3.02770709991
3.89726996422		2.0838727951
3.89989495277		2.88055038452
3.90251898766		2.27669906616
3.90527105331		2.67250061035
3.90789484978		2.52026939392
3.91052007675		2.37818622589
3.9131538868		2.79936027527
3.91577100754		2.12446784973
3.91840004921		2.99726104736
3.92102193832		2.00268268585
3.92365098		3.04292964935
3.92627286911		2.05342674255
3.92889904976		2.91099643707
3.93152594566		2.25132751465
3.93415093422		2.66235160828
3.93677401543		2.5405664444
3.93940091133		2.36803817749
3.94202399254		2.81458282471
3.94465208054		2.11939334869
3.94727492332		3.00740909576
3.94989895821		2.00268268585
3.95252394676		3.05307865143
3.95527887344		2.02805423737
3.95790100098		2.94651699066
3.96052789688		2.20058345795
3.96315288544		2.72831821442
3.96577787399		2.47967433929
3.96840190887		2.42385578156
3.97103595734		2.75876522064
3.97365689278		2.15998840332
3.97627997398		2.97696304321
3.97890305519		2.01283168793
3.98152899742		3.04800415039
3.98415899277		2.0331287384
3.98678088188		2.94144248962
3.98940587044		2.21580600739
3.99204802513		2.71309566498
3.99465990067		2.4898223877
3.99727988243		2.40863323212
3.99990701675		2.77906227112
4.00253200531		2.16506290436
4.00528287888		2.9515914917
4.00791192055		2.0331287384
4.01053285599		3.04292964935
4.0131649971		2.01790523529
4.01578402519		2.97188854218
4.0184109211		2.1701374054
4.02103686333		2.75876522064
4.02366185188		2.43907928467
4.02628493309		2.46952533722
4.02892494202		2.71309566498
4.0315349102		2.19043445587
4.03416395187		2.95666599274
4.03679990768		2.0331287384
4.03941106796		3.04800415039
4.04203605652		2.02805423737
4.0446639061		2.96681404114
4.04728794098		2.1802854538
4.04991292953		2.74354171753
4.05254292488		2.39848423004
4.05529308319		2.53549194336
4.05791592598		2.67250061035
4.06053900719		2.24117851257
4.06317090988		2.91607093811
4.06579089165		2.04327774048
4.06841397285		3.04292964935
4.07103991508		2.01283168793
4.07366800308		2.99726104736
4.0762898922		2.14476490021
4.07891607285		2.79428577423
4.0815410614		2.393409729
4.08416795731		2.51519489288
4.08679199219		2.68772315979
4.08941888809		2.2310295105
4.09204387665		2.92114448547
4.09467196465		2.04327774048
4.09729385376		3.04292964935
4.09991908073		2.01283168793
4.1025428772		2.99218654633
4.1052968502		2.10416984558
4.10791802406		2.8501033783
4.11054587364		2.33759117126
4.11317801476		2.57101249695
4.11579489708		2.63190555573
4.11842298508		2.2817735672
4.12104797363		2.89069843292
4.12367296219		2.07372379303
4.12629795074		3.03785610199
4.12892198563		2.00775718689
4.13154888153		3.0124835968
4.13418197632		2.10924434662
4.13680005074		2.82980632782
4.1394238472		2.35281467438
4.14205002785		2.55578994751
4.14467597008		2.6420545578
4.14730000496		2.26655006409
4.14992690086		2.900847435
4.15255308151		2.06864929199
4.15530085564		3.0124835968
4.15792608261		2.00775718689
4.16055107117		3.03278160095
4.16318297386		2.07879829407
4.16580104828		2.87040138245
4.16842889786		2.2919216156
4.17105293274		2.61160755157
4.17367887497		2.58623600006
4.17630290985		2.31729412079
4.17897987366		2.83488082886
4.18168091774		2.13461589813
4.18430685997		2.99726104736
4.1869289875		2.00775718689
4.1895570755		3.04292964935
4.19218087196		2.05342674255
4.19480895996		2.92114448547
4.19743084908		2.25132751465
4.200070858		2.67757511139
4.20268797874		2.53041744232
4.20530891418		2.37311172485
4.20793604851		2.80950832367
4.21055698395		2.12446784973
4.21319007874		3.00233459473
4.21583294868		2.01283168793
4.21843385696		3.04292964935
4.22106385231		2.05850028992
4.22368907928		2.90592193604
4.22631001472		2.25640106201
4.22895002365		2.66235160828
4.23155999184		2.54564094543
4.23418593407		2.36296367645
4.23682403564		2.80950832367
4.2394349575		2.11431884766
4.24206089973		3.00740909576
4.24468898773		2.00775718689
4.24731206894		3.04292964935
4.24993991852		2.06357479095
4.25256085396		2.93636798859
4.25531888008		2.20565795898
4.25793886185		2.70802116394
4.2605638504		2.48474884033
4.26321792603		2.44415378571
4.26594090462		2.70802116394
4.26856398582		2.21073246002
4.27119207382		2.94651699066
4.27381706238		2.03820323944
4.27644085884		3.04800415039
4.2790658474		2.01283168793
4.28169107437		2.97188854218
4.28431797028		2.16506290436
4.28694295883		2.75876522064
4.28956794739		2.42893028259
4.29219293594		2.48474884033
4.29482007027		2.71309566498
4.29745101929		2.20058345795
4.30006790161		2.94144248962
4.30270385742		2.0331287384
4.30532097816		3.05307865143
4.30794501305		2.02297973633
4.3105700016		2.97188854218
4.31320285797		2.1701374054
4.31582188606		2.74861621857
4.31844806671		2.44415378571
4.32106995583		2.46445083618
4.3236989975		2.72831821442
4.3263220787		2.18535995483
4.32894802094		2.9617395401
4.33157205582		2.02805423737
4.33420205116		3.04800415039
4.33682394028		2.02297973633
4.33944892883		2.96681404114
4.34207296371		2.19043445587
4.34470105171		2.73846721649
4.3473238945		2.45937633514
4.34995007515		2.44922733307
4.35257506371		2.69279766083
4.35532903671		2.23610401154
4.35795092583		2.92621898651
4.36057806015		2.05342674255
4.36321091652		3.04292964935
4.36583089828		2.01283168793
4.36845207214		2.98711204529
4.37107896805		2.14476490021
4.3737039566		2.78921127319
4.37632894516		2.40355873108
4.37895989418		2.50504589081
4.38158106804		2.68772315979
4.3842048645		2.22088050842
4.38682889938		2.93636798859
4.38945508003		2.04327774048
4.39209604263		3.04800415039
4.39470601082		2.01790523529
4.39733099937		2.98711204529
4.39995598793		2.15491390228
4.40258097649		2.79428577423
4.40533304214		2.3426656723
4.40796208382		2.56086444855
4.41058206558		2.63190555573
4.4132130146		2.27669906616
4.41583490372		2.89577293396
4.41845989227		2.06357479095
4.4210870266		3.03278160095
4.42371106148		2.00775718689
4.42633485794		3.0124835968
4.42897701263		2.11431884766
4.43158602715		2.82473182678
4.43421292305		2.35281467438
4.4368519783		2.55578994751
4.43946194649		2.6420545578
4.44209003448		2.26147556305
4.44471406937		2.90592193604
4.44733786583		2.05850028992
4.44996190071		3.04292964935
4.45258808136		2.00268268585
4.45534086227		3.03278160095
4.45796394348		2.07879829407
4.4605948925		2.87040138245
4.4632229805		2.29699611664
4.46583986282		2.60653305054
4.46846604347		2.5913105011
4.47109007835		2.32236862183
4.47371792793		2.86025238037
4.47633886337		2.0838727951
4.47896504402		3.02263259888
4.48159098625		2.00775718689
4.48421907425		3.03278160095
4.48684406281		2.08894729614
4.48947000504		2.86025238037
4.49209284782		2.29699611664
4.49472093582		2.5913105011
4.49734187126		2.60653305054
4.49997186661		2.31221961975
4.50259494781		2.85517787933
4.50534701347		2.11939334869
4.50797104836		3.00233459473
4.51059508324		2.00775718689
4.51322603226		3.03785610199
4.5158469677		2.05850028992
4.5184700489		2.90592193604
4.52109789848		2.26147556305
4.52372407913		2.6522026062
4.5263478756		2.55071544647
4.52897286415		2.35281467438
4.5315990448		2.82473182678
4.53422498703		2.11431884766
4.53684902191		3.0124835968
4.53947305679		2.00775718689
4.54210495949		3.03785610199
4.54472589493		2.05850028992
4.54735088348		2.89069843292
4.54997587204		2.27162456512
4.5526008606		2.68772315979
4.55535292625		2.4898223877
4.55797696114		2.40863323212
4.56060194969		2.77398777008
4.56323385239		2.14983940125
4.56585288048		2.98203754425
4.56847786903		2.01283168793
4.57110190392		3.04292964935
4.57372903824		2.03820323944
4.57635307312		2.93129348755
4.57897806168		2.22088050842
4.58160185814		2.68772315979
4.58423686028		2.50504589081
4.58685398102		2.393409729
4.58948087692		2.78921127319
4.5921049118		2.14476490021
4.5947329998		2.99218654633
4.59735703468		2.00775718689
4.59998488426		3.03785610199
4.60260486603		2.0331287384
4.60535788536		2.96681404114
4.60798287392		2.1802854538
4.61060786247		2.74861621857
4.61323595047		2.44922733307
4.6158759594		2.46445083618
4.61848592758		2.73339271545
4.62111186981		2.18535995483
4.62373805046		2.9617395401
4.62635207176		2.02297973633
4.6289908886		3.04800415039
4.63160085678		2.02297973633
4.63423991203		2.9617395401
4.63687586784		2.18535995483
4.6394879818		2.73846721649
4.642111063		2.46952533722
4.64473795891		2.44415378571
4.64736485481		2.73846721649
4.64998793602		2.1701374054
4.65261101723		2.95666599274
4.65536403656		2.04327774048
4.65798807144		3.04800415039
4.66061401367		2.01283168793
4.6632399559		2.98711204529
4.66586494446		2.14983940125
4.66848993301		2.77906227112
4.67111587524		2.40863323212
4.67374205589		2.50504589081
4.67636704445		2.69787216187
4.67899107933		2.22595500946
4.68161702156		2.93636798859
4.68424296379		2.03820323944
4.68686890602		3.04292964935
4.68949103355		2.01283168793
4.69211697578		2.99218654633
4.69474387169		2.15998840332
4.69737005234		2.77398777008
4.69999504089		2.40863323212
4.70261907578		2.52534389496
4.70537900925		2.63698005676
4.7079949379		2.27162456512
4.71062088013		2.900847435
4.71325302124		2.06357479095
4.71586894989		3.03785610199
4.71849608421		2.00268268585
4.72112107277		3.00233459473
4.72374796867		2.11939334869
4.72637104988		2.81965732574
4.72899889946		2.36296367645
4.73162198067		2.54564094543
4.73425102234		2.6522026062
4.73687291145		2.25640106201
4.73950004578		2.90592193604
4.74212408066		2.05342674255
4.74475193024		3.03785610199
4.74737286568		2.01283168793
4.75000095367		3.00233459473
4.75262594223		2.09909534454
4.75537896156		2.86532688141
4.75800204277		2.30714511871
4.760627985		2.59638500214
4.76325893402		2.60145950317
4.76587700844		2.30714511871
4.76850390434		2.86532688141
4.77112698555		2.07879829407
4.77375602722		3.02770709991
4.7763800621		2.00268268585
4.77900385857		3.02263259888
4.78162884712		2.09402179718
4.78425693512		2.86025238037
4.78688597679		2.31729412079
4.78950595856		2.58623600006
4.79214906693		2.60145950317
4.79475808144		2.29699611664
4.79738306999		2.88055038452
4.80000686646		2.07372379303
4.80263185501		3.02770709991
4.80538392067		2.00775718689
4.8080098629		3.03785610199
4.81063485146		2.04835224152
4.81343507767		2.96681404114
4.81613588333		2.15491390228
4.81875896454		2.77906227112
4.82138490677		2.41878128052
4.82401204109		2.4898223877
4.82663488388		2.7029466629
4.82925891876		2.20565795898
4.83188605309		2.94144248962
4.83451294899		2.03820323944
4.83713889122		3.04800415039
4.83976101875		2.01790523529
4.84238696098		2.97696304321
4.84502792358		2.15998840332
4.84763789177		2.75876522064
4.85026192665		2.42893028259
4.85291099548		2.4898223877
4.85551190376		2.72324466705
4.85813903809		2.20058345795
4.86076188087		2.9515914917
4.86347699165		2.04835224152
4.86613988876		3.03785610199
4.86877202988		2.00775718689
4.87139105797		3.00740909576
4.87401890755		2.12954235077
4.87664008141		2.81458282471
4.87926697731		2.37311172485
4.88189196587		2.53041744232
4.8845179081		2.66742610931
4.88714194298		2.25132751465
4.88976693153		2.91607093811
4.89239287376		2.05342674255
4.89502000809		3.04292964935
4.89764499664		2.00775718689
4.90026903152		3.00233459473
4.90290093422		2.13461589813
4.90552091599		2.80443382263
4.90814590454		2.37311172485
4.9107708931		2.52534389496
4.91343092918		2.65727710724
4.91614603996		2.31221961975
4.91877388954		2.87040138245
4.92139697075		2.07372379303
4.92402386665		3.02770709991
4.92664790154		2.00775718689
4.92927408218		3.01755809784
4.93190097809		2.09402179718
4.93452596664		2.84502887726
4.93714904785		2.32744312286
4.93977594376		2.57608699799
4.94239997864		2.62175655365
4.94502687454		2.28684806824
4.94764995575		2.88055038452
4.95028185844		2.07372379303
4.95290899277		3.03278160095
4.95552706718		2.00775718689
4.95815205574		3.01755809784
4.9607758522		2.10924434662
4.96343994141		2.85517787933
4.96615195274		2.27669906616
4.96877884865		2.62175655365
4.97140288353		2.57101249695
4.97402906418		2.33759117126
4.97665405273		2.84502887726
4.97927689552		2.09909534454
4.98190498352		3.01755809784
4.98453092575		2.00268268585
4.98715591431		3.03785610199
4.98978090286		2.07372379303
4.99240493774		2.88055038452
4.99503302574		2.2919216156
4.99765586853		2.61668205261
