0.000131130218506		2.76383876801
0.00494718551636		2.16506290436
0.00982713699341		2.14476490021
0.0147001743317		2.32744312286
0.0195670127869		2.61668205261
0.0244450569153		2.85517787933
0.0293190479279		2.92114448547
0.034196138382		2.77906227112
0.0390691757202		2.51012039185
0.0439519882202		2.24625301361
0.0488209724426		2.11939334869
0.0536971092224		2.21580600739
0.0585730075836		2.46952533722
0.0634491443634		2.73846721649
0.068323135376		2.92114448547
0.0732061862946		2.88055038452
0.0780820846558		2.66235160828
0.0829610824585		2.37311172485
0.0878331661224		2.15998840332
0.092710018158		2.13969039917
0.097617149353		2.30714511871
0.102468013763		2.60145950317
0.107336044312		2.85517787933
0.11221909523		2.93129348755
0.117086172104		2.78921127319
0.121967077255		2.51519489288
0.126839160919		2.24625301361
0.131714105606		2.11939334869
0.136588096619		2.21073246002
0.141472101212		2.45937633514
0.146341085434		2.74861621857
0.151221036911		2.92114448547
0.156090021133		2.88055038452
0.160974025726		2.66742610931
0.165842056274		2.37311172485
0.170718193054		2.16506290436
0.175597190857		2.13969039917
0.180469989777		2.32236862183
0.185348033905		2.60145950317
0.190220117569		2.8501033783
0.195096969604		2.93129348755
0.199970006943		2.79428577423
0.204848051071		2.51519489288
0.209722042084		2.25132751465
0.214601039886		2.12446784973
0.219475984573		2.21073246002
0.224349975586		2.45430183411
0.229225158691		2.73846721649
0.234102010727		2.91607093811
0.23897600174		2.87547588348
0.243889093399		2.68264961243
0.248736143112		2.38326072693
0.253602981567		2.1701374054
0.25847697258		2.13969039917
0.263357162476		2.31729412079
0.268230199814		2.59638500214
0.273111104965		2.84502887726
0.277981996536		2.92621898651
0.282860040665		2.79428577423
0.287734985352		2.53041744232
0.29260802269		2.25640106201
0.297482013702		2.12446784973
0.302364110947		2.20565795898
0.307234048843		2.44922733307
0.312117099762		2.72324466705
0.316987037659		2.91607093811
0.321868181229		2.89069843292
0.326738119125		2.67757511139
0.331613063812		2.38833522797
0.336490154266		2.16506290436
0.341372013092		2.13969039917
0.346238136292		2.31221961975
0.351123094559		2.58623600006
0.355993032455		2.8501033783
0.360866069794		2.93636798859
0.365746021271		2.79936027527
0.370619058609		2.53041744232
0.375497102737		2.26147556305
0.380367994308		2.11939334869
0.385249137878		2.20058345795
0.390119075775		2.44415378571
0.394998073578		2.72831821442
0.399878978729		2.91099643707
0.404749155045		2.88562393188
0.409624099731		2.67757511139
0.414501190186		2.393409729
0.419373035431		2.16506290436
0.424252033234		2.13461589813
0.429126024246		2.31221961975
0.434009075165		2.58116149902
0.438876152039		2.8399553299
0.443793058395		2.92621898651
0.448626041412		2.80443382263
0.453503131866		2.5405664444
0.458378076553		2.26655006409
0.463260173798		2.12446784973
0.46812915802		2.20058345795
0.473007202148		2.43907928467
0.477880001068		2.72324466705
0.482763051987		2.91099643707
0.487632989883		2.88562393188
0.492508172989		2.67757511139
0.497382164001		2.40355873108
0.502266168594		2.17521095276
0.507135152817		2.12954235077
0.512017011642		2.30207061768
0.516885042191		2.58116149902
0.521772146225		2.83488082886
0.526638031006		2.93129348755
0.53151512146		2.80950832367
0.536389112473		2.54564094543
0.541270017624		2.26655006409
0.546140193939		2.12446784973
0.551027059555		2.19043445587
0.555891036987		2.43400478363
0.560765981674		2.69787216187
0.565644979477		2.91099643707
0.570516109467		2.89577293396
0.575394153595		2.68772315979
0.580269098282		2.39848423004
0.5851521492		2.17521095276
0.590022087097		2.12954235077
0.594899177551		2.29699611664
0.599771022797		2.58116149902
0.604650020599		2.8399553299
0.609522104263		2.93636798859
0.614399194717		2.80950832367
0.619275093079		2.54564094543
0.62415099144		2.27162456512
0.629024982452		2.12954235077
0.633911132812		2.19043445587
0.638777971268		2.42893028259
0.643656015396		2.71309566498
0.648527145386		2.90592193604
0.653406143188		2.89577293396
0.658280134201		2.69279766083
0.663156032562		2.41370677948
0.668030977249		2.1802854538
0.672912120819		2.13461589813
0.677781105042		2.29699611664
0.682663202286		2.56593894958
0.687532186508		2.82980632782
0.692408084869		2.93129348755
0.697283983231		2.81965732574
0.702174186707		2.56086444855
0.707036972046		2.2817735672
0.711912155151		2.13461589813
0.71678519249		2.19043445587
0.721669197083		2.41878128052
0.726551055908		2.69787216187
0.73141503334		2.90592193604
0.736289024353		2.89577293396
0.741171121597		2.7029466629
0.746039152145		2.41370677948
0.750921010971		2.1802854538
0.755793094635		2.12954235077
0.760666131973		2.27162456512
0.765542984009		2.56086444855
0.770416021347		2.82980632782
0.775297164917		2.93129348755
0.780169010162		2.82473182678
0.785048007965		2.56086444855
0.789919137955		2.27669906616
0.794798135757		2.12954235077
0.79967212677		2.18535995483
0.804548978806		2.41878128052
0.809422969818		2.7029466629
0.814300060272		2.90592193604
0.819174051285		2.900847435
0.824051141739		2.7029466629
0.828925132751		2.41370677948
0.833877086639		2.20058345795
0.838678121567		2.12954235077
0.843561172485		2.2817735672
0.848430156708		2.55578994751
0.853312015533		2.81965732574
0.858180046082		2.93129348755
0.863062143326		2.81965732574
0.867928981781		2.56086444855
0.872807025909		2.2919216156
0.877680063248		2.12954235077
0.882568120956		2.1802854538
0.887433052063		2.41878128052
0.892309188843		2.69787216187
0.897185087204		2.89577293396
0.902068138123		2.89577293396
0.906934976578		2.71309566498
0.911818027496		2.42893028259
0.91668510437		2.19043445587
0.921567201614		2.12446784973
0.926436185837		2.2817735672
0.931313991547		2.55071544647
0.936189174652		2.81458282471
0.941074132919		2.93636798859
0.945940971375		2.82980632782
0.950817108154		2.5913105011
0.955692052841		2.2919216156
0.960566043854		2.12954235077
0.965443134308		2.17521095276
0.970319032669		2.40863323212
0.975195169449		2.69279766083
0.980067968369		2.900847435
0.984951019287		2.90592193604
0.989822149277		2.71309566498
0.994697093964		2.43400478363
0.999571084976		2.18535995483
1.00446414948		2.11939334869
1.00932216644		2.27162456512
1.01419901848		2.54564094543
1.01907515526		2.81458282471
1.02395796776		2.93129348755
1.02882599831		2.83488082886
1.03370404243		2.58116149902
1.0385761261		2.2919216156
1.04345917702		2.12954235077
1.04832816124		2.1802854538
1.05320310593		2.40355873108
1.05807900429		2.68772315979
1.06295514107		2.900847435
1.06783103943		2.90592193604
1.07271313667		2.71817016602
1.07758116722		2.43400478363
1.08245706558		2.19550895691
1.08733201027		2.12954235077
1.0922100544		2.27162456512
1.09708499908		2.5405664444
1.10196709633		2.80443382263
1.10683512688		2.92114448547
1.11171102524		2.82980632782
1.11658501625		2.58116149902
1.12146711349		2.30714511871
1.12633919716		2.13969039917
1.13121604919		2.17521095276
1.13608908653		2.393409729
1.14097619057		2.67757511139
1.145840168		2.89069843292
1.15071511269		2.91607093811
1.15560007095		2.73339271545
1.1604681015		2.44415378571
1.16534399986		2.19550895691
1.17021918297		2.12954235077
1.175096035		2.26655006409
1.17997002602		2.53549194336
1.18484711647		2.80443382263
1.18972015381		2.93129348755
1.19459819794		2.84502887726
1.19947099686		2.58623600006
1.20434808731		2.30714511871
1.20922207832		2.13461589813
1.21410012245		2.1701374054
1.21897506714		2.393409729
1.22393298149		2.6420545578
1.22872519493		2.89577293396
1.23360800743		2.91099643707
1.23847699165		2.72831821442
1.24335813522		2.44922733307
1.24822902679		2.19550895691
1.25310397148		2.11939334869
1.25798201561		2.26655006409
1.26286411285		2.53041744232
1.26772904396		2.80443382263
1.27260899544		2.92621898651
1.2774810791		2.84502887726
1.28236508369		2.59638500214
1.28723216057		2.30714511871
1.29210805893		2.13461589813
1.29698419571		2.1701374054
1.30186700821		2.38326072693
1.30674004555		2.67250061035
1.31161499023		2.88562393188
1.31649208069		2.91099643707
1.32136917114		2.73339271545
1.32623815536		2.45430183411
1.33111405373		2.20565795898
1.33598899841		2.12954235077
1.34086298943		2.24117851257
1.34574103355		2.52534389496
1.35061597824		2.79936027527
1.35549211502		2.92621898651
1.36036610603		2.8399553299
1.36525201797		2.60653305054
1.37011814117		2.31729412079
1.3749961853		2.13969039917
1.37986803055		2.16506290436
1.38474607468		2.37818622589
1.38962006569		2.66235160828
1.39449620247		2.88562393188
1.39937210083		2.91099643707
1.40424704552		2.74354171753
1.4091231823		2.45937633514
1.41400408745		2.20565795898
1.41887307167		2.12446784973
1.42383718491		2.22595500946
1.42862510681		2.52026939392
1.43350315094		2.79428577423
1.43837499619		2.93636798859
1.4432580471		2.8501033783
1.448127985		2.60145950317
1.45300507545		2.31729412079
1.45788598061		2.13969039917
1.4627661705		2.15998840332
1.46763205528		2.37818622589
1.4725151062		2.65727710724
1.47738218307		2.88562393188
1.4822640419		2.91607093811
1.48712611198		2.74354171753
1.49200320244		2.45937633514
1.49688696861		2.21073246002
1.50176501274		2.12446784973
1.50663709641		2.24625301361
1.51152896881		2.50504589081
1.5163860321		2.78921127319
1.52126312256		2.92621898651
1.52613806725		2.8501033783
1.5310151577		2.61160755157
1.53589010239		2.32744312286
1.54076504707		2.15491390228
1.54563999176		2.15998840332
1.5505130291		2.37311172485
1.55539011955		2.6522026062
1.56026506424		2.88055038452
1.56514310837		2.91607093811
1.57001614571		2.74354171753
1.57489609718		2.46952533722
1.57976603508		2.21580600739
1.584649086		2.12954235077
1.58951807022		2.24625301361
1.59439706802		2.51012039185
1.59927010536		2.78413677216
1.60414600372		2.92621898651
1.60902714729		2.85517787933
1.61390304565		2.62175655365
1.61877417564		2.32744312286
1.62364912033		2.13969039917
1.62852215767		2.15998840332
1.63340401649		2.36296367645
1.63827300072		2.6522026062
1.64315104485		2.88055038452
1.64802503586		2.92114448547
1.65290212631		2.7536907196
1.65777802467		2.46952533722
1.66265916824		2.21580600739
1.66752815247		2.12446784973
1.6724050045		2.24117851257
1.67728018761		2.50504589081
1.68216109276		2.78413677216
1.68703103065		2.93129348755
1.69190597534		2.85517787933
1.69678211212		2.61668205261
1.70166397095		2.33251667023
1.70653319359		2.14476490021
1.71141314507		2.15491390228
1.71628403664		2.36296367645
1.72116613388		2.64712810516
1.7260351181		2.88055038452
1.73091411591		2.91607093811
1.73578619957		2.7536907196
1.74066305161		2.49489688873
1.74554109573		2.22088050842
1.7504131794		2.12446784973
1.75529098511		2.24117851257
1.76017212868		2.49997138977
1.76504302025		2.76891326904
1.76991915703		2.92621898651
1.77479505539		2.86532688141
1.77966809273		2.62683105469
1.78454518318		2.3426656723
1.78942203522		2.14983940125
1.794298172		2.15998840332
1.79917001724		2.35281467438
1.80404806137		2.63190555573
1.80892109871		2.87547588348
1.81388115883		2.93129348755
1.81867313385		2.76383876801
1.823554039		2.4898223877
1.8284239769		2.22595500946
1.83330011368		2.12446784973
1.83817505836		2.2310295105
1.84305906296		2.4898223877
1.84792804718		2.77398777008
1.85280299187		2.92621898651
1.85767817497		2.86532688141
1.8625600338		2.63698005676
1.86742997169		2.34774017334
1.87231206894		2.14476490021
1.87718009949		2.14983940125
1.88207006454		2.3426656723
1.8869330883		2.63698005676
1.89181399345		2.87040138245
1.89668297768		2.92621898651
1.90156507492		2.77398777008
1.90643620491		2.4898223877
1.91131711006		2.2310295105
1.91618800163		2.11939334869
1.92106699944		2.22595500946
1.92593598366		2.4898223877
1.93081116676		2.73846721649
1.93569111824		2.92621898651
1.94056415558		2.86025238037
1.94543910027		2.63190555573
1.95031404495		2.35281467438
1.95519208908		2.15491390228
1.96006608009		2.15491390228
1.96494317055		2.34774017334
1.96981906891		2.62683105469
1.9746940136		2.86025238037
1.97957611084		2.92114448547
1.98444604874		2.76891326904
1.98931908607		2.49489688873
1.99419617653		2.2310295105
1.99907112122		2.12446784973
2.00395298004		2.22595500946
2.00882101059		2.48474884033
2.01369810104		2.7536907196
2.01857209206		2.92114448547
2.02344918251		2.87040138245
2.02832317352		2.6420545578
2.03320813179		2.35788917542
2.03807497025		2.15491390228
2.04295897484		2.14476490021
2.04782509804		2.33759117126
2.05270314217		2.62175655365
2.05757904053		2.87040138245
2.06246900558		2.92621898651
2.06733012199		2.77398777008
2.07220602036		2.49997138977
2.07708120346		2.23610401154
2.08195710182		2.11939334869
2.08683204651		2.22088050842
2.09171319008		2.47459983826
2.09658408165		2.75876522064
2.1014649868		2.92114448547
2.10633397102		2.87040138245
2.11121702194		2.6522026062
2.11608505249		2.35788917542
2.12096714973		2.14983940125
2.12583613396		2.14983940125
2.13071107864		2.31729412079
2.13558912277		2.61668205261
2.14046311378		2.86532688141
2.14534211159		2.93129348755
2.15021514893		2.77906227112
2.15509319305		2.50504589081
2.15996599197		2.23610401154
2.16484618187		2.12446784973
2.16971516609		2.22088050842
2.17459416389		2.46952533722
2.17946815491		2.7536907196
2.18434500694		2.92114448547
2.18922019005		2.87040138245
2.19409704208		2.65727710724
2.19897198677		2.36803817749
2.20392918587		2.17521095276
2.20872402191		2.14476490021
2.21360516548		2.32744312286
2.21847605705		2.61160755157
2.22335600853		2.8501033783
2.22822618484		2.92621898651
2.23310208321		2.78413677216
2.23797512054		2.51519489288
2.24285817146		2.25132751465
2.24772810936		2.11939334869
2.25260210037		2.21073246002
2.25748610497		2.46445083618
2.26236009598		2.74354171753
2.2672290802		2.92114448547
2.27211213112		2.88055038452
2.27698016167		2.66235160828
2.28186202049		2.37311172485
2.28673219681		2.15998840332
2.29161310196		2.14476490021
2.29648303986		2.32236862183
2.30136609077		2.60653305054
2.30623412132		2.86025238037
2.31111598015		2.93129348755
2.31598615646		2.78921127319
2.32086014748		2.55578994751
2.32575416565		2.25640106201
2.33061814308		2.12446784973
2.33549714088		2.20565795898
2.34036803246		2.45430183411
2.34524416924		2.74354171753
2.35011911392		2.91607093811
2.35499501228		2.88055038452
2.35986804962		2.66235160828
2.36475419998		2.37818622589
2.36962103844		2.15998840332
2.37449812889		2.13969039917
2.37937307358		2.32236862183
2.38425016403		2.59638500214
2.38912320137		2.8501033783
2.39402198792		2.92621898651
2.39888906479		2.79936027527
2.40383720398		2.58116149902
2.40875101089		2.30207061768
2.413626194		2.13461589813
2.41850399971		2.17521095276
2.42337799072		2.39848423004
2.42825317383		2.68772315979
2.43313598633		2.89577293396
2.4380030632		2.900847435
2.44288802147		2.72324466705
2.44775605202		2.43907928467
2.45263314247		2.19550895691
2.45750617981		2.12446784973
2.46239113808		2.26655006409
2.46725702286		2.5405664444
2.47213602066		2.80950832367
2.477009058		2.92621898651
2.48189210892		2.8399553299
2.48677396774		2.60145950317
2.49164319038		2.30714511871
2.49651098251		2.12954235077
2.50139212608		2.1701374054
2.50626397133		2.38833522797
2.51114702225		2.67250061035
2.51603412628		2.89069843292
2.52094697952		2.91607093811
2.52576613426		2.72831821442
2.53064107895		2.43907928467
2.53551912308		2.20058345795
2.54039216042		2.12446784973
2.54527115822		2.26147556305
2.55014419556		2.53549194336
2.55502104759		2.80950832367
2.5598950386		2.93129348755
2.56477212906		2.8399553299
2.56967306137		2.60145950317
2.57451820374		2.30714511871
2.57938909531		2.13461589813
2.58427619934		2.1701374054
2.5891520977		2.38326072693
2.59402298927		2.67757511139
2.59892416		2.87547588348
2.60381317139		2.92114448547
2.6086499691		2.73339271545
2.61352515221		2.45430183411
2.61840200424		2.20565795898
2.62328314781		2.12446784973
2.62815213203		2.26655006409
2.63302707672		2.52534389496
2.63790202141		2.79936027527
2.642786026		2.93129348755
2.64765405655		2.8399553299
2.65253210068		2.59638500214
2.65740513802		2.31729412079
2.66228604317		2.14476490021
2.66716313362		2.16506290436
2.67203903198		2.37818622589
2.67690706253		2.66742610931
2.68181014061		2.88055038452
2.686658144		2.91099643707
2.69154405594		2.73846721649
2.69641113281		2.45937633514
2.70129203796		2.21073246002
2.70616006851		2.11939334869
2.71104097366		2.24625301361
2.71592903137		2.51012039185
2.72078800201		2.76383876801
2.72566819191		2.93129348755
2.73054003716		2.8501033783
2.73541712761		2.60145950317
2.74029016495		2.31221961975
2.74516916275		2.13461589813
2.75004220009		2.16506290436
2.75491905212		2.37311172485
2.75979304314		2.66742610931
2.76467204094		2.89069843292
2.7695441246		2.91099643707
2.77442002296		2.73846721649
2.77929711342		2.45937633514
2.78417205811		2.21073246002
2.78904509544		2.11939334869
2.79393315315		2.25132751465
2.79881310463		2.51012039185
2.80368113518		2.78413677216
2.80854916573		2.93129348755
2.81342601776		2.84502887726
2.81830811501		2.61160755157
2.82319307327		2.33251667023
2.82806515694		2.13969039917
2.83292913437		2.16506290436
2.83780312538		2.37311172485
2.84268498421		2.6522026062
2.84755396843		2.88055038452
2.85243105888		2.91099643707
2.8573050499		2.74354171753
2.86218714714		2.46952533722
2.86705899239		2.21580600739
2.87193417549		2.12446784973
2.87680697441		2.24625301361
2.88169312477		2.50504589081
2.88655900955		2.78413677216
2.8914411068		2.93129348755
2.89631009102		2.85517787933
2.90119218826		2.61668205261
2.9060781002		2.33759117126
2.91095805168		2.14476490021
2.91581201553		2.15491390228
2.92069101334		2.32236862183
2.92569303513		2.5913105011
2.93056511879		2.8501033783
2.93544101715		2.93129348755
2.94031500816		2.79936027527
2.94519400597		2.53041744232
2.9500670433		2.25640106201
2.95494604111		2.11939334869
2.9598171711		2.20565795898
2.96469712257		2.44922733307
2.96957612038		2.73339271545
2.97444915771		2.91607093811
2.97932100296		2.89069843292
2.98419809341		2.67757511139
2.98907113075		2.37818622589
2.99395513535		2.16506290436
2.99883699417		2.13461589813
3.00370502472		2.30714511871
3.00857615471		2.5913105011
3.01345300674		2.8501033783
3.01832604408		2.92621898651
3.023209095		2.79936027527
3.02809119225		2.5405664444
3.03295302391		2.26147556305
3.0378279686		2.12954235077
3.04271006584		2.19550895691
3.04757809639		2.44415378571
3.05245518684		2.72831821442
3.05733203888		2.91099643707
3.06221318245		2.89069843292
3.06708312035		2.68264961243
3.07200717926		2.41878128052
3.07683610916		2.17521095276
3.08171105385		2.13461589813
3.08658504486		2.30714511871
3.09146809578		2.58116149902
3.09633708		2.8399553299
3.10121917725		2.93129348755
3.10608816147		2.80443382263
3.11099410057		2.56086444855
3.11583900452		2.27162456512
3.12072014809		2.12954235077
3.12559008598		2.20058345795
3.13046598434		2.43907928467
3.13534402847		2.72324466705
3.14021706581		2.91607093811
3.14509415627		2.89069843292
3.1499671936		2.67757511139
3.15484714508		2.39848423004
3.15971899033		2.17521095276
3.16459608078		2.13461589813
3.16946911812		2.30207061768
3.17434716225		2.58116149902
3.17922210693		2.8399553299
3.18410110474		2.92621898651
3.18897104263		2.80950832367
3.19394898415		2.59638500214
3.19886207581		2.32236862183
3.20376014709		2.13969039917
3.20860004425		2.16506290436
3.21347808838		2.37818622589
3.21835112572		2.66235160828
3.22324109077		2.89069843292
3.22811603546		2.91607093811
3.23298716545		2.73846721649
3.23785400391		2.45430183411
3.24273705482		2.21073246002
3.24760508537		2.12446784973
3.25248098373		2.25132751465
3.25735616684		2.52026939392
3.26223802567		2.79428577423
3.26710820198		2.93129348755
3.27200317383		2.8501033783
3.27685713768		2.60653305054
3.28174209595		2.32744312286
3.28660917282		2.13969039917
3.29149317741		2.15998840332
3.29636096954		2.37818622589
3.30124402046		2.65727710724
3.30612897873		2.88055038452
3.3110101223		2.91607093811
3.31587314606		2.76383876801
3.32073903084		2.50504589081
3.32561802864		2.21073246002
3.33049106598		2.11939334869
3.33537006378		2.24625301361
3.34024310112		2.51012039185
3.34512019157		2.78921127319
3.34999203682		2.93129348755
3.35487103462		2.86025238037
3.35974407196		2.61160755157
3.36462497711		2.33251667023
3.36949515343		2.13969039917
3.37437105179		2.15998840332
3.37924718857		2.37311172485
3.3841240406		2.65727710724
3.38899803162		2.89069843292
3.39388108253		2.92114448547
3.39874911308		2.7536907196
3.403632164		2.47459983826
3.4085021019		2.21073246002
3.41337609291		2.12446784973
3.41825509071		2.24625301361
3.42314314842		2.49997138977
3.42801809311		2.77398777008
3.43288016319		2.93129348755
3.43775415421		2.85517787933
3.44263720512		2.61668205261
3.44750499725		2.32744312286
3.45238113403		2.13969039917
3.45725798607		2.15998840332
3.4621360302		2.36803817749
3.46701002121		2.64712810516
3.47188901901		2.87547588348
3.47675800323		2.92114448547
3.48164010048		2.7536907196
3.48651003838		2.47459983826
3.49139308929		2.22088050842
3.49626111984		2.12954235077
3.50114297867		2.24117851257
3.50601315498		2.50504589081
3.51090812683		2.76383876801
3.51576399803		2.92621898651
3.52063918114		2.86025238037
3.52551698685		2.62683105469
3.53039503098		2.3426656723
3.53527116776		2.14983940125
3.54015398026		2.15491390228
3.54501914978		2.35788917542
3.54989218712		2.6420545578
3.55476999283		2.87547588348
3.55964398384		2.91607093811
3.56452298164		2.76383876801
3.56939601898		2.48474884033
3.57427406311		2.22088050842
3.57914018631		2.12954235077
3.5840280056		2.2310295105
3.58889913559		2.49489688873
3.59380817413		2.76383876801
3.59864902496		2.93129348755
3.60353207588		2.86532688141
3.60839915276		2.62683105469
3.61327505112		2.33759117126
3.6181499958		2.14476490021
3.62306118011		2.14476490021
3.62790203094		2.3426656723
3.63278508186		2.63698005676
3.63765406609		2.87547588348
3.64253616333		2.92114448547
3.64740610123		2.76383876801
3.65228104591		2.48474884033
3.65715503693		2.22088050842
3.66203904152		2.12446784973
3.66690897942		2.2310295105
3.6717851162		2.4898223877
3.67665815353		2.77398777008
3.68154120445		2.92621898651
3.68640899658		2.86532688141
3.69129300117		2.63698005676
3.69616103172		2.3426656723
3.70104312897		2.14983940125
3.70592999458		2.15491390228
3.7107861042		2.31729412079
3.71566605568		2.62683105469
3.72053909302		2.87040138245
3.72543406487		2.92621898651
3.73029112816		2.76383876801
3.73517203331		2.50504589081
3.74005699158		2.24117851257
3.74492001534		2.12446784973
3.749792099		2.2310295105
3.7546710968		2.48474884033
3.75954508781		2.7536907196
3.76442313194		2.92114448547
3.76929497719		2.86532688141
3.77417302132		2.6420545578
3.77904605865		2.35281467438
3.78393006325		2.14983940125
3.7887980938		2.14983940125
3.79368305206		2.3426656723
3.79854798317		2.63190555573
3.80343103409		2.86532688141
3.80830216408		2.92114448547
3.81317615509		2.77906227112
3.81805610657		2.49997138977
3.82294797897		2.23610401154
3.82780313492		2.12446784973
3.83267998695		2.22088050842
3.83755517006		2.47967433929
3.84243702888		2.75876522064
3.84731698036		2.92621898651
3.85219407082		2.87040138245
3.85705804825		2.6420545578
3.86193799973		2.35788917542
3.86680817604		2.15998840332
3.87169218063		2.14476490021
3.8765630722		2.33759117126
3.88144516945		2.62175655365
3.88631105423		2.86532688141
3.8911921978		2.92621898651
3.89606118202		2.77398777008
3.90094399452		2.51012039185
3.90581417084		2.23610401154
3.91068696976		2.12954235077
3.91569399834		2.19043445587
3.920566082		2.42385578156
3.92544007301		2.7029466629
3.93032002449		2.900847435
3.9351940155		2.900847435
3.94008111954		2.71309566498
3.94494318962		2.41370677948
3.94981598854		2.1802854538
3.95469903946		2.13461589813
3.95956802368		2.28684806824
3.96444702148		2.56086444855
3.96932220459		2.82473182678
3.97419714928		2.93129348755
3.97907209396		2.81965732574
3.98395705223		2.56593894958
3.98882317543		2.28684806824
3.99370002747		2.12954235077
3.99857497215		2.18535995483
4.00345897675		2.40863323212
4.00832509995		2.7029466629
4.0132021904		2.900847435
4.01807713509		2.89577293396
4.02297306061		2.72324466705
4.02783417702		2.43400478363
4.03271102905		2.18535995483
4.03757810593		2.12954235077
4.04246211052		2.2817735672
4.04733109474		2.56086444855
4.05222010612		2.81965732574
4.05708098412		2.93129348755
4.06196308136		2.82980632782
4.06683301926		2.57101249695
4.07171010971		2.28684806824
4.07658410072		2.12954235077
4.08145999908		2.1802854538
4.08633613586		2.40863323212
4.09121918678		2.69279766083
4.09608697891		2.90592193604
4.10096812248		2.90592193604
4.10583806038		2.70802116394
4.11071205139		2.44415378571
4.11559009552		2.19043445587
4.12046313286		2.12954235077
4.12534117699		2.2817735672
4.13021612167		2.55578994751
4.13511705399		2.80443382263
4.13996720314		2.93129348755
4.1448431015		2.82980632782
4.14971804619		2.57608699799
4.15459609032		2.29699611664
4.15947008133		2.13461589813
4.16434597969		2.1802854538
4.1692199707		2.40355873108
4.17409706116		2.68772315979
4.17898011208		2.89577293396
4.18393516541		2.92114448547
4.1888551712		2.76891326904
4.19375705719		2.50504589081
4.19859910011		2.2310295105
4.20348215103		2.12446784973
4.20835113525		2.23610401154
4.21322703362		2.48474884033
4.21810412407		2.76891326904
4.22299814224		2.92621898651
4.22785305977		2.87040138245
4.23273015022		2.63698005676
4.23760318756		2.34774017334
4.24248600006		2.14983940125
4.24736809731		2.14476490021
4.25224399567		2.3426656723
4.25710701942		2.63190555573
4.26198816299		2.87040138245
4.26687908173		2.92114448547
4.27174115181		2.77398777008
4.27660918236		2.49489688873
4.28149199486		2.22595500946
4.28636002541		2.11939334869
4.29124307632		2.22595500946
4.2961101532		2.48474884033
4.30099201202		2.75876522064
4.30586218834		2.92621898651
4.31073904037		2.89069843292
4.31561803818		2.6420545578
4.32049012184		2.34774017334
4.32536411285		2.15491390228
4.33026218414		2.14983940125
4.33513617516		2.33251667023
4.33999109268		2.61160755157
4.34486913681		2.86532688141
4.34974217415		2.92114448547
4.35461902618		2.77398777008
4.3594930172		2.49997138977
4.36437416077		2.24117851257
4.36924505234		2.12954235077
4.37412214279		2.22595500946
4.37900209427		2.46952533722
4.38388109207		2.7536907196
4.38874816895		2.91607093811
4.39362502098		2.87040138245
4.39849901199		2.64712810516
4.40338206291		2.36803817749
4.40825009346		2.15491390228
4.41312599182		2.14476490021
4.4180021286		2.33759117126
4.42288398743		2.60653305054
4.42775297165		2.86532688141
4.43263697624		2.92114448547
4.43750309944		2.78413677216
4.44239115715		2.51012039185
4.44725799561		2.24117851257
4.45215415955		2.12446784973
4.45700502396		2.22088050842
4.46188902855		2.46952533722
4.46675801277		2.7536907196
4.47163414955		2.92621898651
4.47650718689		2.87547588348
4.48139715195		2.65727710724
4.48625898361		2.36296367645
4.49114513397		2.15491390228
4.49601101875		2.14476490021
4.50097513199		2.28684806824
4.50589108467		2.56086444855
4.51076412201		2.81458282471
4.5156390667		2.93129348755
4.52051520348		2.82473182678
4.52538919449		2.56086444855
4.5302670002		2.2817735672
4.53516602516		2.12954235077
4.54001712799		2.1802854538
4.54489302635		2.41370677948
4.54976701736		2.69787216187
4.55464506149		2.90592193604
4.55951905251		2.900847435
4.56439614296		2.70802116394
4.5692691803		2.41878128052
4.57414317131		2.18535995483
4.57901310921		2.13461589813
4.58396697044		2.25132751465
4.58877301216		2.55071544647
4.59365510941		2.81458282471
4.59852313995		2.92621898651
4.60340619087		2.82980632782
4.608273983		2.57608699799
4.61315107346		2.29699611664
4.61804413795		2.13461589813
4.62290811539		2.1802854538
4.62777709961		2.40863323212
4.63266205788		2.68264961243
4.63753008842		2.89577293396
4.64241218567		2.90592193604
4.64728307724		2.72831821442
4.65217614174		2.44922733307
4.65703320503		2.19043445587
4.66191315651		2.12954235077
4.66678309441		2.27162456512
4.67166399956		2.5405664444
4.67653417587		2.81458282471
4.6814160347		2.93636798859
4.68628501892		2.82980632782
4.69116616249		2.58116149902
4.69603705406		2.29699611664
4.70091819763		2.13461589813
4.70579099655		2.17521095276
4.71066117287		2.36803817749
4.71554207802		2.68772315979
4.72041606903		2.900847435
4.72528910637		2.90592193604
4.73016905785		2.72324466705
4.7350590229		2.44922733307
4.73991703987		2.19550895691
4.74479413033		2.12446784973
4.74966812134		2.27162456512
4.75454497337		2.54564094543
4.75943207741		2.80950832367
4.76431012154		2.93129348755
4.76917004585		2.82980632782
4.77404713631		2.58116149902
4.77892112732		2.30207061768
4.78388404846		2.14476490021
4.78867316246		2.1802854538
4.7935500145		2.39848423004
4.79842400551		2.68264961243
4.80331015587		2.89069843292
4.80817604065		2.90592193604
4.81305098534		2.72324466705
4.81792616844		2.44415378571
4.82281208038		2.20058345795
4.82767701149		2.12446784973
4.83257603645		2.25132751465
4.83743214607		2.53549194336
4.84232711792		2.79936027527
4.84719514847		2.92621898651
4.85206317902		2.84502887726
4.85693216324		2.5913105011
4.86181306839		2.31221961975
4.86668300629		2.13461589813
4.87156009674		2.16506290436
4.87643313408		2.393409729
4.88131809235		2.67250061035
4.88618397713		2.89577293396
4.89107108116		2.91607093811
4.89593601227		2.73339271545
4.90081214905		2.49489688873
4.90581512451		2.23610401154
4.91068816185		2.11939334869
4.91556501389		2.22088050842
4.92043805122		2.47459983826
4.92531609535		2.7536907196
4.93019199371		2.92621898651
4.935090065		2.88055038452
4.93994212151		2.6522026062
4.94482016563		2.36296367645
4.94969201088		2.15491390228
4.95457220078		2.14476490021
4.95944499969		2.33759117126
4.96433520317		2.61160755157
4.96919608116		2.86532688141
4.97407007217		2.92114448547
4.97894716263		2.77906227112
4.98390412331		2.54564094543
4.988697052		2.24117851257
4.99358201027		2.12446784973
4.99844813347		2.22088050842
