0.0001220703125		3.20530986786
0.00399804115295		2.01283168793
0.0068621635437		2.46445083618
0.0096070766449		3.2103843689
0.0123541355133		1.45972442627
0.0151081085205		3.66200447083
0.0178561210632		1.68807125092
0.0206050872803		2.80443382263
0.0233612060547		2.87040138245
0.0261101722717		1.63225269318
0.0288572311401		3.69752502441
0.0316071510315		1.46479797363
0.0343570709229		3.12411975861
0.0371110439301		2.5405664444
0.03986120224		1.89612102509
0.0426461696625		3.5706653595
0.0453610420227		1.38360881805
0.0481112003326		3.39813613892
0.0508580207825		2.19043445587
0.0536231994629		2.24117851257
0.056401014328		3.3727645874
0.0591130256653		1.39375686646
0.0618450641632		3.56559085846
0.0646140575409		1.86567401886
0.0673611164093		2.56086444855
0.0701122283936		3.10889720917
0.0728800296783		1.50539302826
0.0756192207336		3.6823015213
0.0783700942993		1.60688114166
0.0811212062836		2.91099643707
0.0838742256165		2.75876522064
0.0866231918335		1.71851730347
0.0893712043762		3.67722702026
0.0921211242676		1.43435192108
0.0948710441589		3.22053337097
0.0976221561432		2.41878128052
0.100373029709		1.99760818481
0.103124141693		3.54529380798
0.105872154236		1.37853431702
0.108624219894		3.45902919769
0.111374139786		2.07372379303
0.114126205444		2.33759117126
0.116873025894		3.31694602966
0.119625091553		1.41912937164
0.122381210327		3.62648391724
0.125125169754		1.77433586121
0.127875089645		2.68772315979
0.130628108978		2.99218654633
0.133377075195		1.561211586
0.136125087738		3.69752502441
0.138876199722		1.54598808289
0.14163517952		3.06830215454
0.144379138947		2.65727710724
0.147127151489		1.79463291168
0.149878025055		3.64678096771
0.152708053589		1.38868236542
0.155503034592		3.39813613892
0.158254146576		2.17521095276
0.161004066467		2.22595500946
0.1637570858		3.39306259155
0.166505098343		1.39375686646
0.169256210327		3.58081436157
0.172007083893		1.85552597046
0.174760103226		2.58623600006
0.177510023117		3.09874820709
0.180257081985		1.5003194809
0.183012008667		3.68737602234
0.185758113861		1.60180664062
0.188507080078		2.91607093811
0.191259145737		2.7536907196
0.19401216507		1.7235918045
0.196761131287		3.67215251923
0.199510097504		1.42927742004
0.202264070511		3.23068237305
0.205010175705		2.41370677948
0.207761049271		2.00775718689
0.210513114929		3.54021930695
0.213267087936		1.37345981598
0.216012001038		3.46410369873
0.218763113022		2.05850028992
0.221512079239		2.33251667023
0.224283218384		3.28649997711
0.227025032043		1.42420387268
0.229768037796		3.6315574646
0.232525110245		1.75911235809
0.235268115997		2.69787216187
0.238017082214		2.98711204529
0.240769147873		1.57136058807
0.243521213531		3.69752502441
0.246271133423		1.54091453552
0.24902009964		3.02770709991
0.251768112183		2.53041744232
0.254647016525		1.91134357452
0.257396221161		3.58081436157
0.260144233704		1.38360881805
0.262897014618		3.41843414307
0.265648126602		2.15998840332
0.268395185471		2.23610401154
0.271147012711		3.38291358948
0.273898124695		1.39883136749
0.276662111282		3.59096240997
0.27939915657		1.84537696838
0.282155036926		2.59638500214
0.284899234772		3.09367370605
0.287649154663		1.50539302826
0.290399074554		3.68737602234
0.293152093887		1.60180664062
0.295903205872		2.93636798859
0.298650026321		2.74354171753
0.301401138306		1.7235918045
0.304153203964		3.67215251923
0.306901216507		1.42927742004
0.309653043747		3.23068237305
0.312417030334		2.38833522797
0.315153121948		2.01283168793
0.317901134491		3.53514480591
0.32065320015		1.37853431702
0.323404073715		3.46917819977
0.326153039932		2.05342674255
0.328905105591		2.34774017334
0.331654071808		3.23068237305
0.334530115128		1.46987247467
0.337281227112		3.66707897186
0.340034008026		1.65762519836
0.342787027359		2.85517787933
0.345531225204		2.84502887726
0.348278999329		1.65255069733
0.351038217545		3.69245052338
0.353783130646		1.46479797363
0.356546163559		3.15964031219
0.35928606987		2.49997138977
0.362040042877		1.92656707764
0.364787101746		3.58081436157
0.36753320694		1.38360881805
0.370284080505		3.40828514099
0.373036146164		2.14983940125
0.375801086426		2.25640106201
0.378535032272		3.37783908844
0.381286144257		1.39883136749
0.384037017822		3.58588886261
0.386786222458		1.84030246735
0.389537096024		2.59638500214
0.392294168472		3.07845020294
0.395038127899		1.5104675293
0.397801160812		3.69245052338
0.4005382061		1.59673213959
0.403292179108		2.94144248962
0.406038999557		2.73846721649
0.408790111542		1.73374080658
0.411544084549		3.65692996979
0.414290189743		1.42420387268
0.417040109634		3.24083042145
0.419790029526		2.38326072693
0.422575235367		2.09402179718
0.425418138504		3.44888019562
0.428167104721		1.38360881805
0.430917024612		3.54021930695
0.433670043945		1.93164157867
0.436416149139		2.4898223877
0.439168214798		3.17993831635
0.441924095154		1.46987247467
0.444685220718		3.67215251923
0.447417020798		1.65762519836
0.450168132782		2.83488082886
0.452922105789		2.8399553299
0.455674171448		1.66269874573
0.458420038223		3.68737602234
0.461171150208		1.46479797363
0.463922023773		3.15456676483
0.466671228409		2.49997138977
0.469423055649		1.92656707764
0.472178220749		3.57573986053
0.474922180176		1.38360881805
0.477673053741		3.41335964203
0.4804251194		2.14476490021
0.483180046082		2.25640106201
0.485924005508		3.37783908844
0.488676071167		1.39883136749
0.491427183151		3.59096240997
0.494178056717		1.83522796631
0.496927022934		2.61160755157
0.499675035477		3.04292964935
0.502434015274		1.51554203033
0.505177021027		3.68737602234
0.507926225662		1.59165763855
0.510676145554		2.94651699066
0.513430118561		2.73339271545
0.516177177429		1.73374080658
0.518928050995		3.66200447083
0.521681070328		1.40898036957
0.524428129196		3.24590492249
0.527180194855		2.38833522797
0.529929161072		2.02805423737
0.532729148865		3.49454975128
0.535430192947		1.37345981598
0.538181066513		3.47425174713
0.54093003273		2.04835224152
0.543682098389		2.35788917542
0.546431064606		3.29664897919
0.54918217659		1.42927742004
0.55194401741		3.63663196564
0.55468416214		1.73881530762
0.557436227798		2.71817016602
0.560183048248		2.97188854218
0.562934160233		1.57643508911
0.565682172775		3.69752502441
0.568452119827		1.51554203033
0.571184158325		3.03785610199
0.573935031891		2.62683105469
0.576685190201		1.8200044632
0.579436063766		3.6315574646
0.582193136215		1.39375686646
0.584938049316		3.33216953278
0.587686061859		2.24117851257
0.590438127518		2.12446784973
0.593188047409		3.46410369873
0.595937013626		1.38360881805
0.59868812561		3.54529380798
0.601437091827		1.94686412811
0.604194164276		2.48474884033
0.606940031052		3.19516181946
0.609688043594		1.45972442627
0.612440109253		3.66707897186
0.61518907547		1.6728477478
0.617941141129		2.82473182678
0.62070608139		2.8399553299
0.623442173004		1.64240169525
0.626190185547		3.68737602234
0.628941059113		1.46987247467
0.631694078445		3.18501281738
0.634443044662		2.52026939392
0.637194156647		1.91641807556
0.639944076538		3.58081436157
0.642698049545		1.37853431702
0.645437002182		3.39306259155
0.648186206818		2.1802854538
0.650936126709		2.22088050842
0.653703212738		3.38798809052
0.656446218491		1.39375686646
0.659197092056		3.58081436157
0.661953210831		1.83522796631
0.664697170258		2.58623600006
0.667447090149		3.09874820709
0.670199155807		1.5104675293
0.672950029373		3.68737602234
0.675701141357		1.57643508911
0.678450107574		2.92621898651
0.681198120117		2.74861621857
0.683950185776		1.7235918045
0.686701059341		3.67722702026
0.68944811821		1.43435192108
0.692200183868		3.23575687408
0.694951057434		2.38833522797
0.697701215744		2.00775718689
0.700450181961		3.53514480591
0.703202009201		1.37853431702
0.705953121185		3.47425174713
0.708718061447		2.03820323944
0.711451053619		2.3426656723
0.714202165604		3.30172348022
0.716955184937		1.41912937164
0.719703197479		3.62648391724
0.722461223602		1.76418685913
0.725203037262		2.69787216187
0.727958202362		2.98711204529
0.730704069138		1.56628608704
0.733455181122		3.69752502441
0.736207008362		1.53584003448
0.738963127136		3.03785610199
0.741707086563		2.56593894958
0.744586229324		1.92656707764
0.747333049774		3.58081436157
0.750081062317		1.37853431702
0.75283908844		3.41335964203
0.755582094193		2.14476490021
0.758333206177		2.23610401154
0.761083126068		3.38798809052
0.763837099075		1.39883136749
0.766585111618		3.58081436157
0.769333124161		1.84537696838
0.772086143494		2.59638500214
0.774835109711		3.06830215454
0.777583122253		1.5104675293
0.780336141586		3.68737602234
0.783087015152		1.59165763855
0.785838127136		2.93129348755
0.788603067398		2.72324466705
0.79133605957		1.72866630554
0.794092178345		3.66707897186
0.796842098236		1.42420387268
0.799587011337		3.23575687408
0.802339076996		2.393409729
0.80509018898		2.01283168793
0.807855129242		3.52499580383
0.810591220856		1.37853431702
0.813342094421		3.47425174713
0.816090106964		2.04835224152
0.818840026855		2.35281467438
0.821590185165		3.26620292664
0.824347019196		1.41912937164
0.827092170715		3.62648391724
0.829842090607		1.76418685913
0.832629203796		2.73846721649
0.835341215134		2.98203754425
0.838092088699		1.561211586
0.840844154358		3.69752502441
0.843594074249		1.52061653137
0.846344232559		3.03785610199
0.849093198776		2.63698005676
0.851854085922		1.84030246735
0.854597091675		3.6214094162
0.857344150543		1.39883136749
0.860095024109		3.3220205307
0.862853050232		2.2817735672
0.865598201752		2.11939334869
0.868346214294		3.46917819977
0.871096134186		1.38360881805
0.873849153519		3.52499580383
0.876612186432		1.93671607971
0.879348039627		2.46445083618
0.88210606575		3.19516181946
0.884850025177		1.45464992523
0.887615203857		3.66707897186
0.89034819603		1.6728477478
0.893101215363		2.80950832367
0.895851135254		2.86532688141
0.898600101471		1.63732719421
0.901351213455		3.69245052338
0.904229164124		1.42927742004
0.906977176666		3.24083042145
0.909734010696		2.38833522797
0.912484169006		2.02805423737
0.915228128433		3.53007030487
0.917979001999		1.37853431702
0.920729160309		3.47425174713
0.923481225967		2.03820323944
0.926231145859		2.35281467438
0.928980112076		3.29157447815
0.931730031967		1.44450092316
0.934606075287		3.67215251923
0.937356233597		1.66269874573
0.940105199814		2.8399553299
0.942860126495		2.8399553299
0.945608139038		1.65762519836
0.948356151581		3.69245052338
0.951108217239		1.46479797363
0.953860044479		3.16471481323
0.956623077393		2.47967433929
0.959358215332		1.92656707764
0.962115049362		3.5706653595
0.964862108231		1.37853431702
0.967624187469		3.42858314514
0.970360040665		2.14476490021
0.973113059998		2.25640106201
0.97586107254		3.38291358948
0.978619098663		1.40390586853
0.981359004974		3.59096240997
0.984241008759		1.73374080658
0.986989021301		2.73846721649
0.989737033844		2.94651699066
0.992493152618		1.59165763855
0.995244026184		3.69752502441
0.997989177704		1.5104675293
1.00073814392		3.0632276535
1.00349020958		2.60653305054
1.00624012947		1.84537696838
1.00899100304		3.6214094162
1.01174020767		1.38360881805
1.01461720467		3.43873119354
1.01736521721		2.11939334869
1.02011418343		2.27669906616
1.02286815643		3.35754108429
1.02561712265		1.40390586853
1.02836704254		3.60111141205
1.03111815453		1.80985641479
1.03386807442		2.63190555573
1.036632061		3.02770709991
1.03936719894		1.53076553345
1.0421230793		3.69752502441
1.04487299919		1.57136058807
1.0476372242		2.98711204529
1.05036902428		2.70802116394
1.05312204361		1.75403785706
1.05586910248		3.65692996979
1.05862021446		1.41405487061
1.0613732338		3.27635097504
1.06425023079		2.21580600739
1.06699919701		2.1802854538
1.0697491169		3.42858314514
1.07250523567		1.38868236542
1.07525014877		3.56051635742
1.07799816132		1.90119457245
1.08075809479		2.53549194336
1.08350014687		3.14441776276
1.08624720573		1.48002147675
1.08900117874		3.67722702026
1.09175014496		1.59673213959
1.09462618828		3.01755809784
1.09737610817		2.67757511139
1.10012507439		1.77940940857
1.10287904739		3.64678096771
1.10562705994		1.40390586853
1.10837602615		3.29157447815
1.11112999916		2.33251667023
1.11388111115		2.07879829407
1.11664104462		3.46917819977
1.11938500404		1.37853431702
1.12213516235		3.50977325439
1.12488508224		1.98745918274
1.12764620781		2.43907928467
1.13037800789		3.24590492249
1.13313221931		1.44450092316
1.13588118553		3.65185546875
1.13863110542		1.70329380035
1.14138221741		2.76891326904
1.14413309097		2.90592193604
1.14688110352		1.60688114166
1.14963316917		3.69752502441
1.15238213539		1.5003194809
1.15513420105		3.08859920502
1.15788316727		2.56593894958
1.16063404083		1.86567401886
1.16338706017		3.60618591309
1.16613817215		1.38868236542
1.16888523102		3.36769008636
1.17163515091		2.13461589813
1.17451310158		2.31221961975
1.17726302147		3.3220205307
1.1800122261		1.41912937164
1.18276810646		3.6214094162
1.18551206589		1.78955841064
1.18826603889		2.67250061035
1.19101214409		2.99726104736
1.19376516342		1.54598808289
1.19651222229		3.69245052338
1.19926309586		1.55106258392
1.20201516151		3.00740909576
1.20478010178		2.66235160828
1.20751309395		1.78448390961
1.21026611328		3.64170646667
1.21302103996		1.40390586853
1.21576499939		3.29664897919
1.21851801872		2.32744312286
1.22126603127		2.0838727951
1.22402119637		3.48947525024
1.22676610947		1.37853431702
1.2295191288		3.50977325439
1.23227310181		1.97731018066
1.235019207		2.42385578156
1.23776721954		3.24083042145
1.24051809311		1.44450092316
1.24327206612		3.65185546875
1.24601912498		1.70329380035
1.24877309799		2.77398777008
1.25152516365		2.89577293396
1.25427007675		1.61703014374
1.25702118874		3.69752502441
1.2597720623		1.48002147675
1.26252913475		3.10382270813
1.2652721405		2.56593894958
1.26802110672		1.87582302094
1.27077317238		3.60111141205
1.27352499962		1.38868236542
1.27628016472		3.37783908844
1.27902817726		2.20565795898
1.28177309036		2.28684806824
1.2846660614		3.3118724823
1.28740119934		1.41912937164
1.29015016556		3.6214094162
1.29290604591		1.77433586121
1.29565000534		2.67250061035
1.29839920998		3.0124835968
1.30115222931		1.55106258392
1.30392313004		3.70259952545
1.30665016174		1.55106258392
1.3094022274		3.00233459473
1.31216001511		2.66235160828
1.31490302086		1.78448390961
1.31765317917		3.64170646667
1.32040214539		1.40390586853
1.32315707207		3.30172348022
1.32590317726		2.31729412079
1.32865405083		2.09402179718
1.33140420914		3.48947525024
1.33428120613		1.39883136749
1.33703708649		3.57573986053
1.33978319168		1.83522796631
1.34253120422		2.56593894958
1.34528303146		3.10889720917
1.34803104401		1.49524497986
1.35078120232		3.6823015213
1.353536129		1.60688114166
1.35628223419		2.90592193604
1.35903310776		2.77398777008
1.36185717583		1.77940940857
1.36467719078		3.62648391724
1.36741018295		1.39883136749
1.37016105652		3.3118724823
1.37291502953		2.2817735672
1.37566208839		2.10924434662
1.37841200829		3.47425174713
1.3811621666		1.37853431702
1.38393115997		3.53007030487
1.3866610527		1.95193862915
1.38941216469		2.45430183411
1.39217019081		3.20023536682
1.39491319656		1.45972442627
1.39766407013		3.66707897186
1.40041422844		1.68299674988
1.40316915512		2.80950832367
1.40591621399		2.86532688141
1.40866518021		1.63225269318
1.41141700745		3.69245052338
1.41429209709		1.42420387268
1.41704106331		3.23575687408
1.41979122162		2.36296367645
1.42258119583		2.05342674255
1.42529416084		3.53007030487
1.42804408073		1.37853431702
1.43079400063		3.48440074921
1.43354511261		2.04327774048
1.43629312515		2.35281467438
1.43904399872		3.29157447815
1.44182610512		1.42927742004
1.44454622269		3.62648391724
1.44729614258		1.75403785706
1.4500451088		2.71309566498
1.45282506943		2.94651699066
1.45554709435		1.57136058807
1.45829606056		3.69752502441
1.46104717255		1.53076553345
1.46380019188		3.04292964935
1.4665491581		2.63190555573
1.46929717064		1.81493091583
1.47205519676		3.62648391724
1.47479915619		1.39883136749
1.47754907608		3.3220205307
1.48029923439		2.2817735672
1.48305106163		2.11431884766
1.48579907417		3.46917819977
1.48855018616		1.38360881805
1.49130320549		3.52499580383
1.49405217171		1.94686412811
1.49680018425		2.45430183411
1.49955201149		3.20530986786
1.50230813026		1.46479797363
1.50505113602		3.66200447083
1.50780916214		1.65255069733
1.51055216789		2.81458282471
1.51330423355		2.86025238037
1.51605319977		1.63732719421
1.51880311966		3.69752502441
1.52155518532		1.48002147675
1.52430701256		3.13934326172
1.5270550251		2.51012039185
1.52980518341		1.90626907349
1.53259301186		3.5706653595
1.53530621529		1.38360881805
1.53805613518		3.39306259155
1.54082202911		2.15491390228
1.5435590744		2.2310295105
1.54630613327		3.39306259155
1.54905819893		1.39375686646
1.55181717873		3.58588886261
1.55455708504		1.85552597046
1.5573091507		2.57608699799
1.5600631237		3.09367370605
1.5628092289		1.50539302826
1.56555819511		3.68737602234
1.56830906868		1.60688114166
1.57106208801		2.92114448547
1.5738120079		2.7536907196
1.57656002045		1.71344280243
1.57931113243		3.66707897186
1.58207201958		1.42420387268
1.58481216431		3.22560787201
1.5875620842		2.41370677948
1.59031200409		1.99760818481
1.59307217598		3.53007030487
1.59581422806		1.37345981598
1.59856414795		3.45902919769
1.60131502151		2.06357479095
1.6040661335		2.3426656723
1.60681414604		3.30172348022
1.60956501961		1.41912937164
1.61231613159		3.6214094162
1.61506605148		1.76418685913
1.61781620979		2.68772315979
1.62056517601		2.99218654633
1.62331819534		1.56628608704
1.62606811523		3.69752502441
1.62883114815		1.53584003448
1.63156914711		3.05307865143
1.63431811333		2.64712810516
1.63706803322		1.79970741272
1.63982319832		3.63663196564
1.64260220528		1.39375686646
1.6453101635		3.3118724823
1.64806008339		2.2817735672
1.65082502365		2.10924434662
1.65357422829		3.46917819977
1.65632009506		1.38360881805
1.65907216072		3.52499580383
1.66182923317		1.95701313019
1.6645720005		2.44922733307
1.66732215881		3.22053337097
1.6700720787		1.44957542419
1.67283010483		3.66200447083
1.67557501793		1.68807125092
1.67832922935		2.80950832367
1.6810760498		2.88055038452
1.68382716179		1.65255069733
1.68657517433		3.69245052338
1.6893260479		1.48002147675
1.69207406044		3.11904525757
1.69482707977		2.53549194336
1.69757509232		1.89612102509
1.7003262043		3.59603691101
1.70307612419		1.38360881805
1.70582699776		3.38291358948
1.70857715607		2.18535995483
1.71132802963		2.21073246002
1.71407818794		3.40828514099
1.71684408188		1.39375686646
1.71957921982		3.57573986053
1.72233605385		1.85552597046
1.7250790596		2.56086444855
1.72782921791		3.10889720917
1.73058009148		1.49524497986
1.73333311081		3.6823015213
1.73608517647		1.6119556427
1.73883104324		2.900847435
1.74158120155		2.72831821442
1.74433207512		1.70329380035
1.7470831871		3.67215251923
1.74983215332		1.43942642212
1.75266504288		3.28649997711
1.75545907021		2.2919216156
1.75820803642		2.10416984558
1.76096010208		3.46917819977
1.76371502876		1.38360881805
1.76646304131		3.52499580383
1.76921200752		1.95701313019
1.77195906639		2.47459983826
1.77471017838		3.2103843689
1.77745914459		1.45464992523
1.78021001816		3.65185546875
1.78296303749		1.67792224884
1.78571200371		2.80443382263
1.78846120834		2.87547588348
1.79121208191		1.63225269318
1.79396414757		3.68737602234
1.79672813416		1.46479797363
1.79946303368		3.12411975861
1.80221509933		2.53041744232
1.80496621132		1.90119457245
1.80771303177		3.59603691101
1.81046509743		1.38360881805
1.81321716309		3.39306259155
1.81598114967		2.16506290436
1.81871604919		2.22088050842
1.8214662075		3.40321063995
1.8242161274		1.39375686646
1.82696819305		3.57573986053
1.82971811295		1.86059951782
1.83247613907		2.57608699799
1.83521819115		3.10889720917
1.83796715736		1.50539302826
1.84071922302		3.68737602234
1.84347009659		1.6119556427
1.84622001648		2.91099643707
1.84897422791		2.76383876801
1.85172104836		1.80985641479
1.85459804535		3.6315574646
1.85734605789		1.39375686646
1.86009716988		3.31694602966
1.862855196		2.25640106201
1.86559700966		2.10924434662
1.86834621429		3.46917819977
1.87109804153		1.38360881805
1.87386918068		3.54021930695
1.87659621239		1.95701313019
1.87934803963		2.46445083618
1.88210511208		3.20023536682
1.88486814499		1.45972442627
1.88759922981		3.65692996979
1.89034819603		1.68299674988
1.89310312271		2.81458282471
1.89585208893		2.87040138245
1.89860105515		1.63732719421
1.90135121346		3.69245052338
1.90410208702		1.47494697571
1.90685319901		3.13426876068
1.90960407257		2.52534389496
1.91235899925		1.91134357452
1.91510415077		3.58588886261
1.91785311699		1.38360881805
1.92060422897		3.39306259155
1.92335605621		2.17521095276
1.92610621452		2.22595500946
1.92885804176		3.39813613892
1.93160605431		1.40898036957
1.93436121941		3.58081436157
1.93710517883		1.85552597046
1.9398560524		2.60653305054
1.94264316559		3.0632276535
1.9453561306		1.50539302826
1.94810700417		3.6823015213
1.9508600235		1.60180664062
1.95360922813		2.91099643707
1.95635819435		2.7536907196
1.95910906792		1.72866630554
1.96186423302		3.67215251923
1.96461009979		1.42927742004
1.96736001968		3.22053337097
1.97011017799		2.40863323212
1.9728770256		2.01283168793
1.9756090641		3.53514480591
1.97836208344		1.37345981598
1.98111200333		3.46410369873
1.98386406898		2.06357479095
1.98661208153		2.32744312286
1.98936200142		3.3118724823
1.99212408066		1.42420387268
1.99486422539		3.6214094162
1.99761414528		1.76926136017
2.00036406517		2.69279766083
2.0031170845		2.99218654633
2.00586414337		1.55613708496
2.00861620903		3.69245052338
2.01136302948		1.54091453552
2.01411700249		3.02770709991
2.01686406136		2.65727710724
2.01962208748		1.81493091583
2.02237415314		3.63663196564
2.02511811256		1.39883136749
2.02786612511		3.33216953278
2.03061699867		2.30714511871
2.03336811066		2.09909534454
2.03611803055		3.47932624817
2.03887319565		1.37853431702
2.04161810875		3.54021930695
2.04437017441		1.96716213226
2.04712200165		2.44922733307
2.04987001419		3.22560787201
2.05268311501		1.48002147675
2.05549621582		3.6823015213
2.05824804306		1.60180664062
2.06100010872		2.92114448547
2.06374907494		2.7536907196
2.0664961338		1.71851730347
2.06924915314		3.67215251923
2.07202100754		1.42420387268
2.07474803925		3.23068237305
2.07749915123		2.41370677948
2.08024907112		2.00268268585
2.08300113678		3.53514480591
2.08574914932		1.37853431702
2.08850216866		3.46917819977
2.0912501812		2.06357479095
2.09400320053		2.33759117126
2.09675216675		3.30172348022
2.09950113297		1.41912937164
2.10225820541		3.62648391724
2.10500717163		1.76418685913
2.10775208473		2.70802116394
2.11050319672		2.98711204529
2.11325716972		1.561211586
2.1160030365		3.69245052338
2.11875414848		1.52569103241
2.12150621414		3.02770709991
2.12425518036		2.62175655365
2.12701320648		1.81493091583
2.12975502014		3.6315574646
2.13250613213		1.39883136749
2.13525605202		3.31694602966
2.138007164		2.30207061768
2.14077115059		2.11939334869
2.14350605011		3.47425174713
2.14625906944		1.38360881805
2.14900922775		3.52499580383
2.15177202225		1.87582302094
2.15463399887		2.5913105011
2.15738415718		3.08352470398
2.16013407707		1.5104675293
2.16288805008		3.68737602234
2.16563510895		1.59673213959
2.16838502884		2.92621898651
2.1711370945		2.74861621857
2.17388916016		1.7235918045
2.1766371727		3.66707897186
2.17938613892		1.42927742004
2.18214416504		3.24083042145
2.18488717079		2.40863323212
2.18763804436		2.01283168793
2.19039511681		3.53007030487
2.19314408302		1.37853431702
2.19588708878		3.48440074921
2.19863915443		2.05342674255
2.20138907433		2.3426656723
2.20414113998		3.29664897919
2.2068901062		1.41912937164
2.20964217186		3.62648391724
2.21239304543		1.75911235809
2.21514320374		2.71309566498
2.21789121628		2.98203754425
2.22064113617		1.56628608704
2.22339320183		3.69752502441
2.22614407539		1.53076553345
2.22890710831		3.04800415039
2.23164200783		2.59638500214
2.23439502716		1.81493091583
2.23714613914		3.6315574646
2.23989510536		1.39375686646
2.24268102646		3.34739303589
2.24539518356		2.29699611664
2.24814915657		2.11431884766
2.25089812279		3.47425174713
2.25364613533		1.38360881805
2.2563970089		3.53007030487
2.25914716721		1.95701313019
2.26190519333		2.47459983826
2.26464915276		3.20530986786
2.26739811897		1.45464992523
2.27014923096		3.66200447083
2.2729010582		1.67792224884
2.27565407753		2.81458282471
2.27840018272		2.87040138245
2.28115320206		1.64240169525
2.2839012146		3.68737602234
2.28665113449		1.48002147675
2.28940010071		3.12411975861
2.29215312004		2.52534389496
2.29490208626		1.91641807556
2.29765105247		3.59603691101
2.30040216446		1.37853431702
2.30315518379		3.39306259155
2.30590319633		2.1802854538
2.30865311623		2.21580600739
2.31140518188		3.39813613892
2.31415700912		1.39375686646
2.31692004204		3.58588886261
2.3196542263		1.86059951782
2.3224132061		2.58116149902
2.32515501976		3.10889720917
2.32790803909		1.5003194809
2.33065605164		3.6823015213
2.33340716362		1.60688114166
2.33615803719		2.91607093811
2.33890604973		2.75876522064
2.34165811539		1.73881530762
2.34440803528		3.66707897186
2.34715819359		1.42927742004
2.34990906715		3.22053337097
2.35271716118		2.35281467438
2.35553503036		2.12446784973
2.35828518867		3.46410369873
2.36104416847		1.37853431702
2.36378717422		3.53514480591
2.36653709412		1.95193862915
2.36928701401		2.46952533722
2.37203812599		3.18501281738
2.37478804588		1.46479797363
2.37753605843		3.66707897186
2.38028812408		1.6728477478
2.38304018974		2.81965732574
2.38578701019		2.87040138245
2.3885371685		1.64240169525
2.39128804207		3.69245052338
2.3940410614		1.47494697571
2.39680218697		3.14441776276
2.39953923225		2.52534389496
2.40229320526		1.91134357452
2.40504312515		3.58588886261
2.40780806541		1.37853431702
2.41056203842		3.41335964203
2.41329216957		2.16506290436
2.41604208946		2.22595500946
2.41879200935		3.39306259155
2.42154312134		1.40390586853
2.42429304123		3.58588886261
2.42704105377		1.86059951782
2.4297940731		2.58116149902
2.43257808685		3.0632276535
2.43529200554		1.5003194809
2.4380440712		3.68737602234
2.44079518318		1.60688114166
2.44354701042		2.92114448547
2.44630217552		2.74354171753
2.44904518127		1.71851730347
2.45186710358		3.63663196564
2.45467400551		1.39883136749
2.45742106438		3.32709503174
2.46017313004		2.2817735672
2.4629240036		2.12446784973
2.46567320824		3.45902919769
2.46842217445		1.38360881805
2.47117209435		3.54021930695
2.47392511368		1.94178962708
2.4766740799		2.47459983826
2.47942209244		3.20023536682
2.48218107224		1.46479797363
2.48494100571		3.66707897186
2.4876730442		1.66777324677
2.49042606354		2.81965732574
2.4931781292		2.85517787933
2.49592614174		1.64240169525
2.49867606163		3.68737602234
2.50142717361		1.47494697571
2.5041821003		3.13934326172
2.50692820549		2.51519489288
2.50967717171		1.91134357452
2.51243519783		3.58588886261
2.51517915726		1.37853431702
2.51792907715		3.39813613892
2.52068114281		2.15998840332
2.52343416214		2.23610401154
2.52618122101		3.38798809052
2.5289311409		1.39883136749
2.53168702126		3.60111141205
2.53443312645		1.85045146942
2.53718113899		2.58623600006
2.53993320465		3.05815315247
2.5427172184		1.52569103241
2.54543304443		3.68737602234
2.54818201065		1.59673213959
2.55093312263		2.94651699066
2.55368614197		2.74861621857
2.55643415451		1.7235918045
2.5591840744		3.66707897186
2.56194210052		1.42420387268
2.56468510628		3.24083042145
2.56743621826		2.40863323212
2.57018613815		2.00775718689
2.57295107841		3.52499580383
2.5756881237		1.37853431702
2.57843613625		3.46917819977
2.58118510246		2.06357479095
2.58394122124		2.35281467438
2.58668708801		3.3118724823
2.5894370079		1.42420387268
2.59219622612		3.6315574646
2.59493923187		1.75911235809
2.59769010544		2.7029466629
2.60044002533		2.98711204529
2.60319113731		1.57136058807
2.60594105721		3.69245052338
2.60869002342		1.53584003448
2.61144113541		3.02770709991
2.61419415474		2.6420545578
2.6169462204		1.81493091583
2.61969208717		3.63663196564
2.6224501133		1.39883136749
2.62519311905		3.31694602966
2.62794208527		2.26147556305
2.63069319725		2.11431884766
2.63344717026		3.47425174713
2.63619303703		1.38360881805
2.63894414902		3.52499580383
2.64169502258		1.9214925766
2.64443707466		2.44922733307
2.64718604088		3.20530986786
2.64993810654		1.44957542419
2.65277600288		3.6823015213
2.65557122231		1.59673213959
2.65832209587		2.93636798859
2.66107201576		2.73846721649
2.66384100914		1.73881530762
2.66657209396		3.66707897186
2.66932010651		1.42927742004
2.6720790863		3.24590492249
2.67482304573		2.39848423004
2.67757201195		2.01283168793
2.68032503128		3.5199213028
2.68307518959		1.37853431702
2.68582510948		3.46410369873
2.6885740757		2.05342674255
2.69132208824		2.3426656723
2.69407820702		3.30172348022
2.69682502747		1.41912937164
2.69957613945		3.62648391724
2.70233917236		1.74896335602
2.70507502556		2.70802116394
2.70782709122		2.9617395401
2.71057701111		1.56628608704
2.71332907677		3.69752502441
2.71607613564		1.52061653137
2.71882820129		3.03278160095
2.72157907486		2.60653305054
2.72432923317		1.81493091583
2.72707819939		3.6214094162
2.72985005379		1.39375686646
2.73261904716		3.34739303589
2.73533201218		2.28684806824
2.73808121681		2.11431884766
2.74084615707		3.45395469666
2.74358415604		1.38360881805
2.74633216858		3.52499580383
2.74908304214		1.95193862915
2.75183916092		2.46445083618
2.75458216667		3.20530986786
2.75733304024		1.45972442627
2.76010107994		3.67215251923
2.76284003258		1.67792224884
2.76558423042		2.80950832367
2.76833605766		2.87040138245
2.77108311653		1.63732719421
2.77383804321		3.69245052338
2.77658510208		1.48002147675
2.77933621407		3.13426876068
2.78209400177		2.51519489288
2.78483510017		1.90119457245
2.7875931263		3.58588886261
2.79033708572		1.38360881805
2.79309010506		3.40321063995
2.79583716393		2.15998840332
2.79858613014		2.22088050842
2.80133700371		3.39813613892
2.80409407616		1.39883136749
2.80684018135		3.58588886261
2.80959105492		1.85552597046
2.81234121323		2.58623600006
2.81509017944		3.10889720917
2.81783914566		1.5003194809
2.82058811188		3.6823015213
2.82334208488		1.60180664062
2.82609200478		2.91607093811
2.82885622978		2.74354171753
2.83159208298		1.74388885498
2.83434510231		3.67215251923
2.8370950222		1.42927742004
2.83985900879		3.23575687408
2.84262919426		2.37818622589
2.84534406662		2.00268268585
2.84809422493		3.54021930695
2.85084414482		1.37853431702
2.85359621048		3.46410369873
2.85634708405		2.06864929199
2.85909605026		2.32744312286
2.86185407639		3.3118724823
2.86459708214		1.41912937164
2.86734700203		3.6214094162
2.87009906769		1.77433586121
2.87285614014		2.69787216187
2.87559819221		2.99218654633
2.87834715843		1.561211586
2.88110113144		3.69752502441
2.88385009766		1.53076553345
2.8865981102		3.02263259888
2.88934922218		2.65727710724
2.89210009575		1.81493091583
2.89485001564		3.63663196564
2.8976020813		1.39883136749
2.90035009384		3.3118724823
2.90310001373		2.28684806824
2.90585207939		2.09909534454
2.90860009193		3.47932624817
2.91135215759		1.37853431702
2.91410517693		3.5199213028
2.91686701775		1.95193862915
2.91960215569		2.45430183411
2.92236018181		3.21545886993
2.92510604858		1.44957542419
2.92785406113		3.65692996979
2.93060421944		1.68807125092
2.93335604668		2.79936027527
2.93612003326		2.87040138245
2.9388551712		1.62717819214
2.94160699844		3.68737602234
2.94435715675		1.48509597778
2.94710612297		3.12411975861
2.94986009598		2.54564094543
2.95267415047		1.95701313019
2.95548319817		3.54021930695
2.95823907852		1.37345981598
2.96098518372		3.46917819977
2.96373605728		2.05342674255
2.96648311615		2.33759117126
2.96923518181		3.3118724823
2.97199201584		1.43435192108
2.97473406792		3.6214094162
2.97748708725		1.76926136017
2.98023605347		2.68772315979
2.98298716545		2.97188854218
2.98573613167		1.56628608704
2.98848414421		3.70259952545
2.99123811722		1.53584003448
2.99399018288		3.03278160095
2.99673819542		2.6420545578
2.99948906898		1.80985641479
3.00224018097		3.6315574646
3.00500607491		1.39375686646
3.00774121284		3.31694602966
3.01048922539		2.29699611664
3.01324105263		2.10416984558
3.01599311829		3.46917819977
3.01874017715		1.37853431702
3.02149200439		3.5199213028
3.02424120903		1.96208763123
3.02699303627		2.45937633514
3.02974319458		3.2103843689
3.03249907494		1.45464992523
3.03524208069		3.65692996979
3.03799510002		1.68299674988
3.04074311256		2.79428577423
3.04350113869		2.86532688141
3.04624414444		1.63225269318
3.04899501801		3.68737602234
3.05174517632		1.44450092316
3.05462217331		3.23068237305
3.0573720932		2.40355873108
3.06012010574		2.02805423737
3.06287312508		3.52499580383
3.06562304497		1.37853431702
3.06837320328		3.46917819977
3.07116723061		2.00268268585
3.07387709618		2.35281467438
3.07662320137		3.30172348022
3.07937502861		1.42927742004
3.08213210106		3.62648391724
3.08489012718		1.74388885498
3.08764100075		2.71817016602
3.09037518501		2.98711204529
3.09313106537		1.57136058807
3.09589314461		3.70767402649
3.09862613678		1.53584003448
3.10137820244		3.03278160095
3.10413002968		2.63190555573
3.10687708855		1.80985641479
3.10963010788		3.63663196564
3.11238503456		1.40390586853
3.11513018608		3.3220205307
3.11787819862		2.2919216156
3.12063217163		2.11431884766
3.12338113785		3.46917819977
3.12612915039		1.37853431702
3.12888717651		3.53514480591
3.13163113594		1.9214925766
3.13438105583		2.46445083618
3.13713216782		3.20530986786
3.13988113403		1.45972442627
3.14266514778		3.67215251923
3.14538407326		1.67792224884
3.14813303947		2.82473182678
3.15088319778		2.87040138245
3.15363621712		1.64240169525
3.15638303757		3.69245052338
3.15913701057		1.46987247467
3.16189217567		3.13934326172
3.16463422775		2.53041744232
3.16738510132		1.90626907349
3.17013502121		3.59096240997
3.17290306091		1.37345981598
3.17563700676		3.39306259155
3.17838716507		2.17521095276
3.18114113808		2.22595500946
3.18388819695		3.39813613892
3.18663811684		1.39883136749
3.18938803673		3.57573986053
3.19216108322		1.83522796631
3.19489002228		2.57101249695
3.19763803482		3.10889720917
3.20039010048		1.50539302826
3.20314216614		3.68737602234
3.20589017868		1.60688114166
3.20864200592		2.91607093811
3.21139121056		2.7536907196
3.21415114403		1.72866630554
3.21689319611		3.67215251923
3.21964406967		1.43435192108
3.22240209579		3.23575687408
3.22514414787		2.41370677948
3.22789120674		2.00775718689
3.23064422607		3.53514480591
3.23339605331		1.37853431702
3.23614311218		3.47425174713
3.23889708519		2.05342674255
3.24164509773		2.36803817749
3.24439501762		3.3118724823
3.24714708328		1.41405487061
3.2498960495		3.62648391724
3.25272512436		1.70836830139
3.25552201271		2.81965732574
3.25827121735		2.86025238037
3.26103711128		1.65255069733
3.26377511024		3.68737602234
3.26652216911		1.47494697571
3.26927518845		3.13934326172
3.27203202248		2.51519489288
3.27477407455		1.90626907349
3.27752423286		3.58588886261
3.28027415276		1.37853431702
3.28302717209		3.39813613892
3.28577518463		2.1701374054
3.2885260582		2.2310295105
3.29127717018		3.39306259155
3.29402804375		1.40390586853
3.29677605629		3.58081436157
3.29953503609		1.85045146942
3.30228304863		2.58623600006
3.30502915382		3.09874820709
3.30777907372		1.50539302826
3.31052923203		3.68737602234
3.31328010559		1.60180664062
3.31602907181		2.9515914917
3.31878209114		2.74861621857
3.32153010368		1.71851730347
3.32428002357		3.67215251923
3.32703113556		1.42927742004
3.32978105545		3.23068237305
3.33253002167		2.40863323212
3.33528208733		2.01790523529
3.33803200722		3.53514480591
3.3407831192		1.37853431702
3.34353423119		3.46917819977
3.34628200531		2.06357479095
3.34904909134		2.35281467438
3.35178303719		3.23068237305
3.35466003418		1.45972442627
3.35741019249		3.66707897186
3.36015915871		1.6728477478
3.36291122437		2.82980632782
3.36566114426		2.85517787933
3.36841106415		1.64747619629
3.37116217613		3.68737602234
3.3739130497		1.46479797363
3.37666320801		3.13934326172
3.3794131279		2.52026939392
3.38216900826		1.9214925766
3.38492012024		3.58081436157
3.38766503334		1.37853431702
3.39041399956		3.40321063995
3.39316701889		2.14983940125
3.39591407776		2.25132751465
3.39866518974		3.38798809052
3.40141510963		1.39375686646
3.40416812897		3.59096240997
3.40691709518		1.84537696838
3.4096660614		2.58623600006
3.41241621971		3.09367370605
3.4151661396		1.51554203033
3.41791605949		3.68737602234
3.42066717148		1.60180664062
3.42342019081		2.92621898651
3.42616701126		2.74861621857
3.42893505096		1.74388885498
3.43166923523		3.66200447083
3.4344201088		1.42927742004
3.43717217445		3.24083042145
3.43991923332		2.40355873108
3.44270205498		2.04327774048
3.44542121887		3.53007030487
3.44818615913		1.37853431702
3.45092320442		3.46917819977
3.45367407799		2.05850028992
3.4564230442		2.34774017334
3.45917105675		3.30679798126
3.4619281292		1.41912937164
3.46467423439		3.62648391724
3.46742415428		1.76418685913
3.47017908096		2.70802116394
3.47292613983		2.98203754425
3.47567415237		1.561211586
3.47842621803		3.69752502441
3.48117613792		1.53584003448
3.48392701149		3.04800415039
3.48667621613		2.64712810516
3.48942708969		1.83522796631
3.49219512939		3.6214094162
3.49492812157		1.39375686646
3.49767708778		3.31694602966
3.50042700768		2.2919216156
3.50318002701		2.11431884766
3.50592708588		3.47425174713
3.50867819786		1.38360881805
3.51142811775		3.52499580383
3.51418304443		1.95193862915
3.51694512367		2.47459983826
3.51968002319		3.21545886993
3.52243900299		1.46479797363
3.52518200874		3.65692996979
3.52794718742		1.66777324677
3.53068208694		2.80950832367
3.53343319893		2.87040138245
3.53618311882		1.63732719421
3.5389342308		3.69245052338
3.54168105125		1.45972442627
3.54443502426		3.13426876068
3.5471830368		2.53041744232
3.54993510246		1.90119457245
3.55274510384		3.56051635742
3.55556702614		1.37853431702
3.55831003189		3.47425174713
3.5610601902		2.05342674255
3.56381011009		2.34774017334
3.56656002998		3.29664897919
3.56931209564		1.42420387268
3.57206702232		3.63663196564
3.57481312752		1.74896335602
3.57756304741		2.70802116394
3.58031105995		2.97696304321
3.58306407928		1.56628608704
3.58581209183		3.69245052338
3.58856320381		1.53076553345
3.59131407738		3.04800415039
3.59406614304		2.63698005676
3.59681415558		1.80985641479
3.59956502914		3.6315574646
3.6023170948		1.39375686646
3.60508322716		3.33724403381
3.60781621933		2.2817735672
3.61056613922		2.11939334869
3.61331915855		3.46410369873
3.6160671711		1.37853431702
3.61881709099		3.53007030487
3.62156701088		1.90626907349
3.62432312965		2.46952533722
3.62706923485		3.2103843689
3.62981700897		1.45972442627
3.63260412216		3.67215251923
3.63531804085		1.67792224884
3.63806915283		2.80950832367
3.64082622528		2.86025238037
3.64356613159		1.63225269318
3.64631414413		3.69245052338
3.64906311035		1.48002147675
3.65185809135		3.16978931427
3.65457320213		2.52026939392
3.65732312202		1.90626907349
3.66007304192		3.57573986053
3.66283106804		1.37853431702
3.66557216644		3.39813613892
3.66832304001		2.1802854538
3.67107415199		2.24625301361
3.67382621765		3.39813613892
3.67657613754		1.39883136749
3.67932510376		3.58081436157
3.68208217621		1.84537696838
3.68482422829		2.57608699799
3.68757510185		3.09874820709
3.69032716751		1.5003194809
3.69309306145		3.69245052338
3.69582605362		1.60180664062
3.6985771656		2.91607093811
3.70132708549		2.75876522064
3.70408415794		1.7235918045
3.70682811737		3.67215251923
3.70957803726		1.43435192108
3.71233701706		3.23575687408
3.71508002281		2.41878128052
3.71783018112		2.00268268585
3.72058010101		3.54021930695
3.72333216667		1.37345981598
3.7260890007		3.46410369873
3.72883105278		2.05850028992
3.731580019		2.37818622589
3.73433208466		3.31694602966
3.73708200455		1.42420387268
3.73983216286		3.6214094162
3.74261808395		1.74388885498
3.74533319473		2.68772315979
3.74808311462		2.9617395401
3.75083303452		1.561211586
3.75358510017		3.70259952545
3.75633502007		1.54091453552
3.7590842247		3.02263259888
3.7618432045		2.6420545578
3.76458621025		1.80478191376
3.76733422279		3.63663196564
3.77008700371		1.40898036957
3.77284407616		3.3220205307
3.77558803558		2.30207061768
3.7783370018		2.09402179718
3.78110313416		3.46410369873
3.78384017944		1.38360881805
3.78658819199		3.52499580383
3.78933906555		1.96208763123
3.792096138		2.45937633514
3.7948410511		3.21545886993
3.79758810997		1.44957542419
3.80034422874		3.66200447083
3.80309319496		1.68807125092
3.80584311485		2.80443382263
3.80859208107		2.88055038452
3.81134819984		1.63225269318
3.81409311295		3.69245052338
3.81684207916		1.48509597778
3.81959319115		3.11904525757
3.82235121727		2.53549194336
3.82509112358		1.89104652405
3.82784318924		3.59096240997
3.83059310913		1.37853431702
3.83334517479		3.38798809052
3.83609604836		2.15491390228
3.83884501457		2.21073246002
3.84159421921		3.38291358948
3.84434700012		1.39883136749
3.84709501266		3.58081436157
3.84984612465		1.86567401886
3.8526661396		2.6420545578
3.85547304153		2.98711204529
3.85822200775		1.561211586
3.86098623276		3.70259952545
3.86372709274		1.53076553345
3.86647415161		3.02770709991
3.86922502518		2.63698005676
3.87198019028		1.81493091583
3.87472510338		3.6315574646
3.87747311592		1.40390586853
3.88024115562		3.32709503174
3.88297510147		2.2919216156
3.88572716713		2.10924434662
3.88847517967		3.47425174713
3.89122605324		1.38360881805
3.89398002625		3.52499580383
3.89673519135		1.95193862915
3.89948010445		2.45430183411
3.90222907066		3.2103843689
3.90497803688		1.45464992523
3.90773010254		3.66200447083
3.91047906876		1.68807125092
3.91323113441		2.80950832367
3.91598105431		2.85517787933
3.91873002052		1.62717819214
3.92147922516		3.68737602234
3.9242310524		1.46987247467
3.92697906494		3.14441776276
3.92973208427		2.53549194336
3.93248200417		1.90119457245
3.93523216248		3.59096240997
3.93798112869		1.38360881805
3.94073414803		3.39306259155
3.94348502159		2.14983940125
3.94624614716		2.23610401154
3.94899821281		3.38798809052
3.95173501968		1.41405487061
3.95461320877		3.62648391724
3.95735907555		1.75911235809
3.96011400223		2.7029466629
3.96286201477		2.98203754425
3.96561312675		1.57136058807
3.96836209297		3.70259952545
3.97111105919		1.53076553345
3.97386622429		3.03785610199
3.97661209106		2.63698005676
3.97936105728		1.81493091583
3.98212623596		3.6315574646
3.98486304283		1.39883136749
3.98761415482		3.3220205307
3.99036407471		2.2817735672
3.99311518669		2.11431884766
3.99586415291		3.47425174713
3.99861502647		1.38360881805
4.00136423111		3.53007030487
4.00411820412		1.9214925766
4.00686717033		2.46445083618
4.00961613655		3.20530986786
4.01236915588		1.45464992523
4.01511621475		3.66707897186
4.01786613464		1.67792224884
4.02061700821		2.81458282471
4.02336907387		2.8501033783
4.02611923218		1.63732719421
4.02886819839		3.69245052338
4.03161907196		1.45972442627
4.03437018394		3.13426876068
4.03713512421		2.51519489288
4.03986907005		1.90119457245
4.04265403748		3.5706653595
4.0453710556		1.37853431702
4.04812002182		3.38798809052
4.05087018013		2.17521095276
4.05362415314		2.22595500946
4.0563762188		3.39306259155
4.05912208557		1.39883136749
4.06188011169		3.58081436157
4.06462216377		1.85552597046
4.0673801899		2.58116149902
4.07012414932		3.10382270813
4.07287621498		1.50539302826
4.07562422752		3.68737602234
4.07837510109		1.60180664062
4.08112502098		2.91607093811
4.08387804031		2.7536907196
4.08662509918		1.71851730347
4.08937811852		3.67215251923
4.09213519096		1.41912937164
4.09487700462		3.22560787201
4.09762811661		2.41878128052
4.10037708282		1.99760818481
4.10313105583		3.53007030487
4.10587906837		1.37345981598
4.10862708092		3.45902919769
4.11137914658		2.06864929199
4.11413407326		2.33759117126
4.11687922478		3.3118724823
4.11963009834		1.41912937164
4.12238907814		3.6315574646
4.12514519691		1.75911235809
4.12788200378		2.68772315979
4.13063001633		2.99726104736
4.13338422775		1.55613708496
4.13613319397		3.70259952545
4.13888216019		1.54598808289
4.14163303375		3.05307865143
4.14438509941		2.6522026062
4.14713215828		1.79970741272
4.14988613129		3.63663196564
4.15270018578		1.38868236542
4.15551114082		3.40321063995
4.15826201439		2.16506290436
4.16101002693		2.2310295105
4.16376209259		3.39306259155
4.16651105881		1.39375686646
4.16926217079		3.57573986053
4.17201805115		1.83015346527
4.17476010323		2.57608699799
4.17751407623		3.09874820709
4.18026423454		1.51554203033
4.18301606178		3.68737602234
4.18576407433		1.59673213959
4.18851804733		2.92621898651
4.19126415253		2.74861621857
4.19401621819		1.7235918045
4.19676423073		3.67215251923
4.19951510429		1.42420387268
4.20226716995		3.22560787201
4.20502901077		2.393409729
4.20776700974		2.00268268585
4.21051621437		3.53514480591
4.2132730484		1.37853431702
4.21603608131		3.47425174713
4.21876716614		2.06864929199
4.2215192318		2.33251667023
4.22426915169		3.30679798126
4.2270181179		1.42420387268
4.22977018356		3.6214094162
4.23252701759		1.75911235809
4.23527002335		2.69279766083
4.23802804947		2.97696304321
4.2407720089		1.561211586
4.24352502823		3.70259952545
4.24627113342		1.54091453552
4.24902200699		3.02770709991
4.2517721653		2.55071544647
4.25465011597		1.91134357452
4.25739908218		3.58081436157
4.2601480484		1.37853431702
4.26290106773		3.40828514099
4.26564717293		2.16506290436
4.26839900017		2.23610401154
4.27114915848		3.38291358948
4.27390217781		1.39883136749
4.27664804459		3.58588886261
4.27940511703		1.83015346527
4.28215718269		2.59638500214
4.28489923477		3.09367370605
4.28765201569		1.5104675293
4.290402174		3.6823015213
4.2931702137		1.58150959015
4.29590201378		2.93129348755
4.29865121841		2.74861621857
4.30140399933		1.72866630554
4.30415511131		3.67215251923
4.30690312386		1.42420387268
4.30965709686		3.23575687408
4.31241416931		2.393409729
4.3151550293		2.00775718689
4.31790423393		3.53514480591
4.3206551075		1.37853431702
4.32341313362		3.47425174713
4.3261551857		2.05342674255
4.32890605927		2.3426656723
4.33165621758		3.27635097504
4.33440804482		1.42420387268
4.33715820312		3.6315574646
4.33990716934		1.76418685913
4.34269118309		2.73339271545
4.34540915489		2.97696304321
4.34815812111		1.58150959015
4.35090923309		3.70259952545
4.3536632061		1.53584003448
4.35640907288		3.03278160095
4.35916018486		2.62683105469
4.36191916466		1.80985641479
4.36466002464		3.6315574646
4.3674120903		1.39883136749
4.37016415596		3.3220205307
4.37291312218		2.28684806824
4.37566304207		2.11431884766
4.37841010094		3.47425174713
4.38117814064		1.37853431702
4.38391423225		3.53007030487
4.38666200638		1.95701313019
4.38941407204		2.45937633514
4.39217400551		3.19516181946
4.39491415024		1.45464992523
4.39766716957		3.65692996979
4.4004881382		1.58658313751
4.40329813957		2.95666599274
4.40603518486		2.74354171753
4.40879011154		1.72866630554
4.41153502464		3.67215251923
4.4142870903		1.42420387268
4.41703605652		3.23068237305
4.41978621483		2.39848423004
4.42257905006		2.04835224152
4.42529511452		3.52499580383
4.4280462265		1.37853431702
4.43079900742		3.47425174713
4.43354821205		2.04327774048
4.4362950325		2.36803817749
4.43904519081		3.28142547607
4.44182920456		1.43435192108
4.44454503059		3.6315574646
4.44729614258		1.75403785706
4.45004701614		2.7029466629
4.45280313492		2.9617395401
4.45554709435		1.57136058807
4.45832800865		3.69752502441
4.46106505394		1.52061653137
4.46380209923		3.03785610199
4.46654605865		2.63698005676
4.46930122375		1.81493091583
4.47207212448		3.61633491516
4.47479915619		1.39375686646
4.47754907608		3.32709503174
4.48030114174		2.28684806824
4.48305511475		2.12446784973
4.48580121994		3.46410369873
4.48855113983		1.37853431702
4.49130606651		3.53007030487
4.49406003952		1.94178962708
4.49680399895		2.46952533722
4.49955320358		3.20530986786
4.50230813026		1.45972442627
4.50505614281		3.66200447083
4.50780415535		1.68299674988
4.51055407524		2.81458282471
4.51330709457		2.86532688141
4.51605510712		1.65255069733
4.51880407333		3.69245052338
4.52155518532		1.46987247467
4.52430915833		3.14949226379
4.52705812454		2.52534389496
4.52980899811		1.91134357452
4.5325961113		3.5706653595
4.53530621529		1.38360881805
4.53805708885		3.39306259155
4.54080820084		2.1701374054
4.54356002808		2.22595500946
4.54630708694		3.40321063995
4.54907417297		1.39883136749
4.55181622505		3.58081436157
4.55456018448		1.85045146942
4.55731320381		2.58116149902
4.56006002426		3.09874820709
4.56282019615		1.5104675293
4.56556200981		3.69245052338
4.56832718849		1.60180664062
4.57106208801		2.92114448547
4.57381415367		2.75876522064
4.57656216621		1.71344280243
4.57931900024		3.66707897186
4.58206820488		1.42927742004
4.58481407166		3.23068237305
4.58756303787		2.41878128052
4.59031319618		1.99760818481
4.59306716919		3.53514480591
4.59581518173		1.37345981598
4.59856700897		3.46917819977
4.60131502151		2.06864929199
4.60407018661		2.35788917542
4.60681605339		3.3118724823
4.60956811905		1.41405487061
4.61232018471		3.62648391724
4.61506915092		1.74896335602
4.61781811714		2.68772315979
4.62056803703		2.99726104736
4.62332105637		1.561211586
4.62606906891		3.69752502441
4.62881922722		1.53584003448
4.63156914711		3.05815315247
4.634319067		2.6522026062
4.63708519936		1.8200044632
4.63982009888		3.63663196564
4.64260220528		1.38868236542
4.64531517029		3.30172348022
4.64808106422		2.2919216156
4.65081310272		2.09402179718
4.65357708931		3.47425174713
4.65632200241		1.37853431702
4.6590731144		3.52499580383
4.66183018684		1.95193862915
4.66458106041		2.45430183411
4.66732501984		3.21545886993
4.67007422447		1.45464992523
4.67283320427		3.66200447083
4.67557406425		1.68807125092
4.67832612991		2.79936027527
4.68107819557		2.87547588348
4.68382716179		1.62717819214
4.68657517433		3.69752502441
4.68932819366		1.48509597778
4.69208312035		3.13934326172
4.69482707977		2.54564094543
4.69757699966		1.89104652405
4.70032811165		3.59096240997
4.70308017731		1.37853431702
4.70582699776		3.38291358948
4.70857906342		2.18535995483
4.71132922173		2.22595500946
4.71408104897		3.40321063995
4.71683001518		1.38868236542
4.71957921982		3.5706653595
4.72234010696		1.86059951782
4.72509622574		2.57608699799
4.72783207893		3.11397171021
4.73058605194		1.5003194809
4.73333621025		3.68737602234
4.7360830307		1.60688114166
4.73883509636		2.90592193604
4.7415831089		2.72831821442
4.74434900284		1.7235918045
4.74708414078		3.67215251923
4.74984002113		1.42927742004
4.75267004967		3.28142547607
4.75546121597		2.2919216156
4.75821113586		2.10416984558
4.76096200943		3.47425174713
4.76371121407		1.37853431702
4.76646113396		3.5199213028
4.76921105385		1.95701313019
4.77196717262		2.45430183411
4.77471113205		3.2103843689
4.77746319771		1.45464992523
4.7802131176		3.66200447083
4.78296518326		1.68299674988
4.78571105003		2.80443382263
4.78846502304		2.87040138245
4.79121518135		1.64747619629
4.79396820068		3.69245052338
4.79671406746		1.48509597778
4.79946708679		3.12411975861
4.80221700668		2.53041744232
4.80496716499		1.90119457245
4.80771708488		3.59096240997
4.81046819687		1.37853431702
4.81323599815		3.40828514099
4.81596708298		2.18535995483
4.81871819496		2.21580600739
4.82146811485		3.39813613892
4.82422208786		1.39375686646
4.82697105408		3.58081436157
4.82971906662		1.86567401886
4.83247900009		2.57608699799
4.83522605896		3.10382270813
4.83797001839		1.5003194809
4.84072303772		3.67722702026
4.84347105026		1.6119556427
4.84622216225		2.91099643707
4.84897112846		2.76383876801
4.85172009468		1.78955841064
4.85460114479		3.6315574646
4.85734820366		1.39883136749
4.86009812355		3.33216953278
4.86285018921		2.28684806824
4.86560106277		2.11431884766
4.86834907532		3.45902919769
4.8711001873		1.38360881805
4.87384915352		3.52499580383
4.87660121918		1.94686412811
4.87935209274		2.46445083618
4.88211011887		3.20023536682
4.88485121727		1.45972442627
4.88760304451		3.66707897186
4.89035320282		1.67792224884
4.89311909676		2.82473182678
4.8958530426		2.86532688141
4.89860415459		1.63225269318
4.90135407448		3.69245052338
4.90412211418		1.46987247467
4.90685510635		3.12919425964
4.9096031189		2.53041744232
4.91236209869		1.90626907349
4.91510605812		3.59096240997
4.91785502434		1.38360881805
4.92061305046		3.40321063995
4.92335915565		2.1701374054
4.92610621452		2.22088050842
4.92885708809		3.39306259155
4.93160605431		1.40390586853
4.93435811996		3.57573986053
4.93711018562		1.86059951782
4.93985915184		2.57101249695
4.94264507294		3.0632276535
4.94535923004		1.5003194809
4.94811010361		3.68737602234
4.95086216927		1.60688114166
4.95361423492		2.92621898651
4.9563601017		2.74354171753
4.95911002159		1.71344280243
4.96186709404		3.66707897186
4.96461105347		1.42420387268
4.96736001968		3.23575687408
4.97011303902		2.41370677948
4.972864151		1.99760818481
4.97561216354		3.54021930695
4.9783642292		1.37853431702
4.98112821579		3.46410369873
4.98386621475		2.05850028992
4.98661518097		2.33251667023
4.98936414719		3.3118724823
4.99212312698		1.41912937164
4.99486613274		3.6214094162
4.9976170063		1.76418685913
