0.000128984451294		5.03208637238
0.00429201126099		-0.00169658660889
0.00729584693909		3.71782207489
0.0102920532227		5.04730892181
0.0132880210876		-0.00169658660889
0.0162889957428		2.62175655365
0.0192928314209		5.04730892181
0.0222878456116		-0.00169658660889
0.0252878665924		1.60688114166
0.0283370018005		5.04730892181
0.0312919616699		0.00337791442871
0.0342929363251		0.617377281189
0.0372910499573		5.04730892181
0.0402958393097		0.546336174011
0.0432920455933		0.0186004638672
0.0462930202484		5.04730892181
0.0492980480194		1.53076553345
0.0522968769073		-0.00169658660889
0.0552940368652		5.04730892181
0.0583899021149		2.27669906616
0.0614550113678		-0.00169658660889
0.0644190311432		5.04730892181
0.067419052124		3.29664897919
0.0704219341278		-0.00169658660889
0.0734210014343		5.04223537445
0.0764198303223		4.36226844788
0.0794358253479		-0.00169658660889
0.0824298858643		4.7732925415
0.0854299068451		4.99656581879
0.0884578227997		-0.00169658660889
0.0914318561554		3.76856613159
0.0944309234619		5.04223537445
0.0974390506744		-0.00169658660889
0.100425004959		2.69279766083
0.103423833847		5.04223537445
0.106422901154		-0.00677108764648
0.109437942505		1.71344280243
0.112432956696		5.04223537445
0.115432977676		-0.00169658660889
0.118443012238		0.729013442993
0.121434926987		5.04730892181
0.124434947968		0.475295066833
0.127441883087		0.0439729690552
0.130434989929		5.04223537445
0.133435964584		1.46987247467
0.136435985565		-0.00677108764648
0.139440059662		5.03716087341
0.142441034317		2.47967433929
0.145437002182		-0.00169658660889
0.148442983627		5.04730892181
0.151437997818		3.60111141205
0.154444932938		-0.00169658660889
0.157445907593		5.03716087341
0.160439968109		4.61091327667
0.163440942764		-0.00169658660889
0.166440963745		4.51957416534
0.1694419384		5.04730892181
0.172441005707		-0.00169658660889
0.175441026688		3.43873119354
0.178447961807		5.04730892181
0.181442975998		-0.00169658660889
0.184442996979		2.41370677948
0.187448978424		5.04223537445
0.190441846848		-0.00169658660889
0.193444013596		1.39375686646
0.196444034576		5.04730892181
0.199445009232		0.0490465164185
0.20244383812		0.424551010132
0.205445051193		5.04223537445
0.208451986313		0.744236946106
0.211446046829		-0.00677108764648
0.214445829391		5.04223537445
0.217452049255		1.73374080658
0.220449924469		-0.00169658660889
0.223445892334		5.04223537445
0.226446866989		2.81458282471
0.229449033737		-0.00169658660889
0.232447862625		5.04223537445
0.235447883606		3.9309463501
0.238455057144		-0.00169658660889
0.241448879242		4.98641681671
0.244447946548		4.83418560028
0.2474629879		-0.00677108764648
0.250452041626		4.20496273041
0.253448963165		5.04223537445
0.256450891495		-0.00677108764648
0.259454011917		3.13934326172
0.262451887131		5.04730892181
0.265452861786		-0.00677108764648
0.268460035324		2.13461589813
0.271452903748		5.04730892181
0.274453878403		-0.00169658660889
0.277458906174		1.11974048615
0.280453920364		5.04730892181
0.28345489502		0.175906181335
0.286455869675		0.216501235962
0.28945684433		5.04223537445
0.292455911636		1.06899738312
0.295455932617		-0.00169658660889
0.298460960388		5.04730892181
0.301456928253		2.05342674255
0.304456949234		-0.00169658660889
0.307457923889		5.04223537445
0.310458898544		3.15964031219
0.313457012177		-0.00169658660889
0.316458940506		5.04730892181
0.319459915161		4.22018527985
0.322459936142		-0.00169658660889
0.325459003448		4.83926010132
0.328467845917		4.95597076416
0.331459999084		-0.00169658660889
0.33446097374		3.87512779236
0.337470054626		5.04223537445
0.34046792984		-0.00677108764648
0.343462944031		2.82473182678
0.346462011337		5.04730892181
0.349460840225		-0.00169658660889
0.352453947067		1.78448390961
0.355454921722		5.04223537445
0.358500957489		-0.00169658660889
0.3615899086		1.17555904388
0.364590883255		5.04730892181
0.3675968647		0.125163078308
0.370590925217		0.257096290588
0.373591899872		5.04730892181
0.376590967178		0.997955322266
0.379591941833		-0.00169658660889
0.382597923279		5.04223537445
0.385592937469		1.9823846817
0.388594865799		-0.00169658660889
0.391593933105		5.04223537445
0.394593954086		3.07337665558
0.397599935532		-0.00169658660889
0.400594949722		5.04223537445
0.403595924377		4.16436767578
0.406594991684		-0.00169658660889
0.409596920013		4.88492965698
0.412597894669		4.94074726105
0.415596961975		-0.00169658660889
0.418598890305		3.95631790161
0.421597003937		5.04730892181
0.424597024918		-0.00169658660889
0.427603960037		2.92114448547
0.430598020554		5.04730892181
0.433615922928		-0.00169658660889
0.436597824097		1.88597202301
0.439601898193		5.04730892181
0.442599058151		-0.00169658660889
0.445600032806		0.881244659424
0.44860291481		5.04730892181
0.451599836349		0.323062896729
0.454601049423		0.0997905731201
0.457608938217		5.04730892181
0.460602045059		1.28212070465
0.463601827621		-0.00169658660889
0.466603040695		5.04223537445
0.46960401535		2.30714511871
0.472604036331		-0.00169658660889
0.475604057312		5.04223537445
0.478606939316		3.39306259155
0.481606960297		-0.00677108764648
0.484606027603		5.04223537445
0.487611055374		4.43330955505
0.490607023239		-0.00169658660889
0.493605852127		4.68195438385
0.496606826782		5.0219373703
0.499608039856		-0.00169658660889
0.502606868744		3.63663196564
0.505606889725		5.04730892181
0.508610963821		-0.00169658660889
0.511608839035		2.60145950317
0.514610052109		5.04223537445
0.517614841461		-0.00169658660889
0.520611047745		1.59165763855
0.523610830307		5.04223537445
0.526617050171		0.00845146179199
0.529610872269		0.592005729675
0.53261089325		5.04223537445
0.53561091423		0.571707725525
0.538614034653		0.0135259628296
0.541612863541		5.03716087341
0.544612884521		1.57643508911
0.54762005806		-0.00677108764648
0.550611972809		5.04223537445
0.553612947464		2.61668205261
0.556613922119		-0.00169658660889
0.559615850449		5.04730892181
0.562613964081		3.71782207489
0.565614938736		-0.00169658660889
0.568618059158		5.02701187134
0.571615934372		4.70225143433
0.574615955353		-0.00169658660889
0.577623844147		4.41808605194
0.580616950989		5.04223537445
0.583616018295		-0.00169658660889
0.586618900299		3.31694602966
0.589619874954		5.04223537445
0.592617988586		-0.00169658660889
0.595618009567		2.29699611664
0.598618030548		5.04730892181
0.601613044739		-0.00169658660889
0.604611873627		1.27197170258
0.607616901398		5.04730892181
0.610620975494		0.0896415710449
0.613620042801		0.328137397766
0.616619825363		5.04223537445
0.619640827179		0.825427055359
0.622622013092		-0.00169658660889
0.625622034073		5.04223537445
0.628623962402		1.87582302094
0.631623029709		-0.00169658660889
0.634621858597		5.04223537445
0.637627840042		2.93129348755
0.640624046326		-0.00169658660889
0.643623828888		5.04223537445
0.646623849869		4.05273151398
0.649626016617		-0.00169658660889
0.65262389183		4.93567276001
0.655632019043		4.86970615387
0.658628940582		-0.00677108764648
0.661628007889		4.08825206757
0.664628982544		5.04730892181
0.667636871338		-0.00677108764648
0.67062997818		3.02263259888
0.673629045486		5.04730892181
0.676628828049		-0.00169658660889
0.679631948471		2.00775718689
0.682629823685		5.04730892181
0.685631990433		-0.00169658660889
0.688632965088		1.0030298233
0.691630840302		5.04730892181
0.694630861282		0.246947288513
0.697638988495		0.16575717926
0.700633049011		5.04730892181
0.703634023666		1.16541004181
0.706634998322		-0.00169658660889
0.709637880325		5.04730892181
0.712641000748		2.11431884766
0.715634822845		-0.00169658660889
0.718637943268		5.04223537445
0.721634864807		3.27635097504
0.724637985229		-0.00169658660889
0.727643013		5.04730892181
0.730636835098		4.33182239532
0.733636856079		-0.00169658660889
0.736635923386		4.76821899414
0.739640951157		4.99149131775
0.74263882637		-0.00677108764648
0.745638847351		3.76349163055
0.748640060425		5.04223537445
0.751637935638		-0.00169658660889
0.754638910294		2.72324466705
0.757647037506		5.04730892181
0.76063990593		-0.00169658660889
0.76363992691		1.68807125092
0.766639947891		5.04223537445
0.769641876221		-0.00169658660889
0.772642850876		0.708716392517
0.775641918182		5.04223537445
0.778643846512		0.465146064758
0.781641960144		0.0388984680176
0.784641981125		5.04730892181
0.787649869919		1.44957542419
0.790643930435		-0.00677108764648
0.793643951416		5.04730892181
0.796644926071		2.48474884033
0.799645900726		-0.00677108764648
0.802644968033		5.04730892181
0.80565404892		3.5706653595
0.808648824692		-0.00169658660889
0.811647891998		5.04223537445
0.814647912979		4.61598682404
0.81765294075		-0.00169658660889
0.820647954941		4.51449966431
0.823648929596		5.04223537445
0.826648950577		-0.00169658660889
0.829649925232		3.44888019562
0.832648992538		5.04730892181
0.835649967194		-0.00677108764648
0.838652849197		2.41878128052
0.84165096283		5.04223537445
0.844650030136		-0.00169658660889
0.847656011581		1.41405487061
0.850643873215		5.04730892181
0.853643894196		0.0490465164185
0.856644868851		0.419476509094
0.859657049179		5.04730892181
0.862653970718		0.759459495544
0.865653038025		-0.00169658660889
0.868655920029		5.04730892181
0.871654033661		1.74896335602
0.874654054642		-0.00677108764648
0.877661943436		5.04730892181
0.880656003952		2.80950832367
0.883656978607		-0.00677108764648
0.886654853821		5.04223537445
0.889658927917		3.91064834595
0.89265704155		-0.00169658660889
0.895656824112		4.98134231567
0.898663043976		4.81896209717
0.901656866074		-0.00169658660889
0.904659986496		4.19988822937
0.907660007477		5.04223537445
0.910658836365		-0.00169658660889
0.913658857346		3.13934326172
0.916657924652		5.04223537445
0.919661045074		-0.00169658660889
0.922660827637		2.11431884766
0.925660848618		5.04223537445
0.928660869598		-0.00169658660889
0.931663036346		1.11466598511
0.934661865234		5.04223537445
0.93766784668		0.170831680298
0.940661907196		0.211426734924
0.943662881851		5.04730892181
0.946662902832		1.05884838104
0.949664831161		-0.00169658660889
0.952663898468		5.04223537445
0.955664873123		2.05850028992
0.958667993546		-0.00677108764648
0.961664915085		5.04730892181
0.964664936066		3.14949226379
0.967665910721		-0.00169658660889
0.970669031143		5.04223537445
0.973669052124		4.22018527985
0.976667881012		-0.00169658660889
0.979668855667		4.84433460236
0.982667922974		4.9610452652
0.985667943954		-0.00169658660889
0.988669872284		3.88527679443
0.991673946381		5.04730892181
0.994669914246		-0.00169658660889
0.997676849365		2.84502887726
1.00066995621		5.04223537445
1.00367093086		-0.00169658660889
1.00667095184		1.80985641479
1.00967288017		5.04730892181
1.01267290115		-0.00169658660889
1.01567292213		0.815278053284
1.01867485046		5.04223537445
1.02167391777		0.383955955505
1.02467298508		0.0744190216064
1.0276799202		5.04730892181
1.03067493439		1.34808731079
1.03367495537		-0.00169658660889
1.03667497635		5.04223537445
1.03967690468		2.36296367645
1.04267597198		-0.00169658660889
1.04567599297		5.04730892181
1.04867887497		3.46410369873
1.05167603493		-0.00677108764648
1.05467605591		5.04223537445
1.05768489838		4.49927616119
1.06067800522		-0.00169658660889
1.0636780262		4.62106132507
1.06668496132		5.02701187134
1.06968188286		-0.00169658660889
1.07267999649		3.5706653595
1.07567882538		5.04730892181
1.07868003845		-0.00169658660889
1.08168101311		2.53041744232
1.08468484879		5.04730892181
1.08768987656		-0.00169658660889
1.09068083763		1.51554203033
1.09368300438		5.04223537445
1.09668183327		0.0186004638672
1.09968185425		0.520963668823
1.10267591476		5.04223537445
1.10567593575		0.683343887329
1.10868883133		0.00845146179199
1.11168503761		5.04730892181
1.1146838665		1.64240169525
1.11769294739		-0.00677108764648
1.1206870079		5.04730892181
1.12368583679		2.68772315979
1.12668585777		-0.00169658660889
1.1296889782		5.04223537445
1.13268685341		3.79393768311
1.13568687439		-0.00677108764648
1.13868904114		5.01686286926
1.1416888237		4.75299549103
1.14468693733		-0.00677108764648
1.14769601822		4.34704494476
1.15068984032		5.04223537445
1.15368890762		-0.00169658660889
1.15668988228		3.2611284256
1.15969204903		5.04730892181
1.16269183159		-0.00169658660889
1.16569304466		2.2310295105
1.16869282722		5.04730892181
1.17169189453		-0.00169658660889
1.17469286919		1.22122859955
1.17770290375		5.04730892181
1.18069386482		0.115014076233
1.18369197845		0.28754234314
1.18669486046		5.04223537445
1.18969488144		0.937063217163
1.19269704819		-0.00169658660889
1.1956949234		5.04730892181
1.19869685173		1.94178962708
1.20169782639		-0.00169658660889
1.20469689369		5.04730892181
1.20769691467		3.0124835968
1.210698843		-0.00169658660889
1.21369886398		5.04223537445
1.21669697762		4.05273151398
1.2197060585		-0.00677108764648
1.2226998806		4.9103012085
1.22570204735		4.91537570953
1.22869992256		-0.00169658660889
1.23169994354		4.01721096039
1.23470282555		5.04223537445
1.23770689964		-0.00169658660889
1.24070096016		2.94651699066
1.24370193481		5.04730892181
1.24670290947		-0.00169658660889
1.24970197678		1.93164157867
1.25270104408		5.04730892181
1.25570297241		-0.00677108764648
1.25870585442		0.931988716125
1.2617020607		5.04223537445
1.26470303535		0.28754234314
1.26770496368		0.120088577271
1.27070999146		5.04223537445
1.27370595932		1.24152565002
1.2767059803		-0.00169658660889
1.27970695496		5.04730892181
1.28270697594		2.25132751465
1.28570604324		-0.00169658660889
1.28870487213		5.04730892181
1.29169988632		3.36769008636
1.29469895363		-0.00169658660889
1.29770302773		5.04730892181
1.30071091652		4.40793800354
1.30370998383		-0.00677108764648
1.30670905113		4.71747493744
1.30971193314		5.01178836823
1.31271100044		-0.00677108764648
1.31570887566		3.6823015213
1.31871390343		5.04223537445
1.32171201706		-0.00677108764648
1.32470989227		2.64712810516
1.3277130127		5.04730892181
1.33071303368		-0.00677108764648
1.33371305466		1.63732719421
1.33671283722		5.04730892181
1.33971595764		0.00337791442871
1.34271192551		0.632600784302
1.34571385384		5.04730892181
1.34871387482		0.536187171936
1.35170793533		0.0186004638672
1.35470890999		5.04223537445
1.35771203041		1.53584003448
1.36071705818		-0.00169658660889
1.36372089386		5.04730892181
1.36671686172		2.55578994751
1.36971783638		-0.00677108764648
1.37271690369		5.04223537445
1.37571787834		3.67215251923
1.378718853		-0.00677108764648
1.3817179203		5.03716087341
1.38471794128		4.67687988281
1.3877248764		-0.00169658660889
1.39072704315		4.47390460968
1.3937189579		5.05238342285
1.39672088623		-0.00169658660889
1.39972186089		3.36769008636
1.40271997452		5.04730892181
1.40572285652		-0.00169658660889
1.40872502327		2.35281467438
1.41172194481		5.04223537445
1.41472196579		-0.00169658660889
1.41772985458		1.34301376343
1.42072486877		5.04730892181
1.42372393608		0.0744190216064
1.42672491074		0.37380695343
1.42972683907		5.04730892181
1.4327249527		0.83557510376
1.43572592735		-0.00169658660889
1.43872690201		5.04730892181
1.44172787666		1.8200044632
1.44472694397		-0.00169658660889
1.44772791862		5.04223537445
1.45072698593		2.88562393188
1.45372891426		-0.00169658660889
1.45673298836		5.04730892181
1.4597299099		3.9918384552
1.46273088455		-0.00169658660889
1.46573090553		4.9610452652
1.46873092651		4.85448265076
1.47173190117		-0.00169658660889
1.47473192215		4.12884712219
1.47773694992		5.04730892181
1.48073291779		-0.00677108764648
1.48373293877		3.06830215454
1.48673200607		5.04730892181
1.48973298073		-0.00169658660889
1.49273300171		2.04327774048
1.49573302269		5.04223537445
1.49873495102		-0.00169658660889
1.50173401833		1.04362487793
1.50473403931		5.04223537445
1.50773501396		0.211426734924
1.51073598862		0.175906181335
1.51373505592		5.04730892181
1.51673483849		1.11974048615
1.51973795891		-0.00169658660889
1.52273583412		5.04223537445
1.52573800087		2.11939334869
1.5287399292		-0.00169658660889
1.53173899651		5.04223537445
1.53473782539		3.22560787201
1.53774499893		-0.00169658660889
1.54073905945		5.04730892181
1.54373788834		4.2912273407
1.54674100876		-0.00169658660889
1.54974603653		4.81388759613
1.55273985863		4.98641681671
1.55573987961		-0.00169658660889
1.55874085426		3.80916118622
1.56174087524		5.04730892181
1.5647418499		-0.00169658660889
1.56775093079		2.79428577423
1.57074284554		5.04730892181
1.57374286652		-0.00677108764648
1.57674193382		1.75403785706
1.57974386215		5.04223537445
1.58275198936		-0.00169658660889
1.58574390411		0.754385948181
1.58874583244		5.04730892181
1.59174585342		0.424551010132
1.59474396706		0.0490465164185
1.59775304794		5.04223537445
1.60073900223		1.43942642212
1.60373997688		-0.00169658660889
1.60673904419		5.03716087341
1.60974884033		2.42385578156
1.61274600029		-0.00677108764648
1.61574792862		5.04730892181
1.61874890327		3.55036830902
1.62174582481		-0.00169658660889
1.62474799156		5.04223537445
1.62775588036		4.56016921997
1.63074803352		-0.00677108764648
1.63374900818		4.5500202179
1.63675093651		5.04223537445
1.63975405693		-0.00169658660889
1.64275383949		3.50469875336
1.64575099945		5.04223537445
1.64874887466		-0.00169658660889
1.65174984932		2.44922733307
1.65475201607		5.04223537445
1.65776205063		-0.00169658660889
1.66075396538		1.44957542419
1.66375303268		5.04730892181
1.66675496101		0.03382396698
1.66975998878		0.485443115234
1.67275595665		5.04730892181
1.67575597763		0.723938941956
1.67875790596		-0.00169658660889
1.68175601959		5.04730892181
1.68475604057		1.70329380035
1.68775892258		-0.00169658660889
1.69075798988		5.04730892181
1.69375801086		2.76891326904
1.69675803185		-0.00677108764648
1.69976091385		5.04223537445
1.70275998116		3.85483074188
1.70575904846		-0.00677108764648
1.70876288414		5.00164031982
1.7117600441		4.79866504669
1.71476101875		-0.00169658660889
1.71776795387		4.27092933655
1.72076201439		5.04730892181
1.72376203537		-0.00169658660889
1.72676205635		3.19008731842
1.72976493835		5.04223537445
1.73276400566		-0.00169658660889
1.73576784134		2.1802854538
1.73876690865		5.04730892181
1.74176383018		-0.00677108764648
1.74476385117		1.16033554077
1.7477710247		5.04730892181
1.75076603889		0.150534629822
1.75376701355		0.246947288513
1.75676584244		5.03716087341
1.75976896286		0.997955322266
1.76276803017		-0.00169658660889
1.76576900482		5.04730892181
1.7687690258		2.00268268585
1.77176785469		-0.00169658660889
1.77477002144		5.04223537445
1.77777504921		3.07337665558
1.78076982498		-0.00677108764648
1.78376889229		5.04730892181
1.78677105904		4.16436767578
1.7897708416		-0.00169658660889
1.79276990891		4.87985515594
1.79577183723		4.9103012085
1.79878783226		-0.00677108764648
1.80177283287		3.94109535217
1.80477285385		5.04730892181
1.8077788353		-0.00169658660889
1.81077194214		2.88562393188
1.81377291679		5.04730892181
1.81677293777		-0.00169658660889
1.8197760582		1.87582302094
1.82277393341		5.04730892181
1.82577490807		-0.00169658660889
1.82878184319		0.886319160461
1.83177685738		5.04730892181
1.83477592468		0.338286399841
1.8377828598		0.0997905731201
1.84077692032		5.04730892181
1.84377789497		1.3024187088
1.84677791595		-0.00677108764648
1.8497710228		5.04730892181
1.85277199745		2.3426656723
1.85577082634		-0.00677108764648
1.85878300667		5.04223537445
1.86177992821		3.41335964203
1.86478090286		-0.00169658660889
1.86778783798		5.04730892181
1.87078094482		4.46883010864
1.87378096581		-0.00677108764648
1.87678098679		4.66673088074
1.87978386879		5.02701187134
1.88278102875		-0.00169658660889
1.88578391075		3.61633491516
1.88878488541		5.04730892181
1.89178299904		-0.00677108764648
1.89478397369		2.58623600006
1.89778995514		5.04223537445
1.90078496933		-0.00169658660889
1.90378403664		1.561211586
1.90678596497		5.03716087341
1.9097878933		0.0135259628296
1.91278600693		0.571707725525
1.91578602791		5.04730892181
1.91878986359		0.597080230713
1.92179298401		0.0135259628296
1.92478895187		5.04223537445
1.92778801918		1.59673213959
1.93078899384		-0.00169658660889
1.93378996849		5.04730892181
1.9367878437		2.63698005676
1.93979096413		-0.00169658660889
1.94278883934		5.04223537445
1.94578886032		3.74319458008
1.94879198074		-0.00169658660889
1.95179104805		5.02701187134
1.95479083061		4.71747493744
1.95779895782		-0.00169658660889
1.96079182625		4.37749099731
1.96379184723		5.04223537445
1.96679186821		-0.00169658660889
1.96979689598		3.3220205307
1.97279405594		5.04730892181
1.97579598427		-0.00677108764648
1.97879600525		2.2919216156
1.98179483414		5.04730892181
1.98479604721		-0.00169658660889
1.98780202866		1.27704620361
1.99079585075		5.04223537445
1.99379491806		0.0997905731201
1.99679684639		0.328137397766
1.99979805946		5.04730892181
2.00279784203		0.891393661499
2.00579786301		-0.00169658660889
2.00880002975		5.04730892181
2.01179695129		1.90119457245
2.01480484009		-0.00169658660889
2.01780605316		5.04223537445
2.02080082893		2.95666599274
2.02379989624		-0.00169658660889
2.0268008709		5.04730892181
2.02980303764		4.05780601501
2.03280091286		-0.00169658660889
2.03580093384		4.93059825897
2.03880405426		4.87985515594
2.04182100296		-0.00169658660889
2.04480195045		4.06795406342
2.04781103134		5.04730892181
2.05080389977		-0.00677108764648
2.05380392075		2.99726104736
2.05680394173		5.03716087341
2.05980801582		-0.00169658660889
2.06280589104		1.98745918274
2.06580400467		5.04730892181
2.06880784035		-0.00169658660889
2.07180595398		0.97765827179
2.07480692863		5.04223537445
2.07781100273		0.246947288513
2.08080792427		0.145460128784
2.08380889893		5.04223537445
2.08680796623		1.19078159332
2.08981204033		-0.00169658660889
2.09280896187		5.04730892181
2.09580898285		2.19550895691
2.09880805016		-0.00169658660889
2.10180401802		5.04223537445
2.10480284691		3.30679798126
2.10781097412		-0.00677108764648
2.11081290245		5.04730892181
2.11381196976		4.3521194458
2.11681199074		-0.00169658660889
2.11981296539		4.76821899414
2.12282395363		4.99149131775
2.12581396103		-0.00169658660889
2.12881398201		3.73812007904
2.13181304932		5.04730892181
2.13481593132		-0.00677108764648
2.13782000542		2.72324466705
2.14081597328		5.04730892181
2.1438138485		-0.00169658660889
2.14681601524		1.67792224884
2.14981794357		5.04730892181
2.15281701088		0.00337791442871
2.15581583977		0.683343887329
2.15881800652		5.04223537445
2.1618168354		0.490517616272
2.16481804848		0.03382396698
2.16781997681		5.04730892181
2.17081785202		1.48002147675
2.17381882668		-0.00169658660889
2.17682003975		5.04223537445
2.17982602119		2.49489688873
2.18281984329		-0.00169658660889
2.18582105637		5.04730892181
2.18882393837		3.61126041412
2.19181990623		-0.00677108764648
2.19482302666		5.03716087341
2.1978290081		4.61091327667
2.20083093643		-0.00169658660889
2.20382189751		4.49420261383
2.20682191849		5.04730892181
2.20982789993		-0.00169658660889
2.21282291412		3.4235086441
2.21582484245		5.04730892181
2.2188270092		-0.00677108764648
2.22182583809		2.40355873108
2.22482705116		5.04730892181
2.22783088684		-0.00677108764648
2.23082685471		1.37853431702
2.23382782936		5.04730892181
2.23682785034		0.0541210174561
2.23983001709		0.429625511169
2.24282884598		5.04730892181
2.24582791328		0.784832000732
2.24882984161		-0.00677108764648
2.25182890892		5.04223537445
2.2548289299		1.77433586121
2.25783586502		-0.00169658660889
2.26082992554		5.04730892181
2.26383090019		2.82980632782
2.26683187485		-0.00169658660889
2.26983499527		5.04223537445
2.27283191681		3.93602085114
2.27583289146		-0.00169658660889
2.27883505821		4.98134231567
2.28183197975		4.82911109924
2.28483295441		-0.00677108764648
2.28784203529		4.20496273041
2.29083395004		5.04730892181
2.29383993149		-0.00169658660889
2.29683589935		3.12919425964
2.29983592033		5.04223537445
2.30283498764		-0.00169658660889
2.3058359623		2.09402179718
2.30883789062		5.04730892181
2.31183505058		-0.00677108764648
2.31483697891		1.14511299133
2.31785082817		5.04730892181
2.32084083557		0.175906181335
2.32383799553		0.206352233887
2.32683897018		5.04730892181
2.32983994484		1.07407093048
2.33283901215		-0.00169658660889
2.33583903313		5.04730892181
2.3388428688		2.06357479095
2.34184002876		-0.00677108764648
2.34484195709		5.04730892181
2.34784793854		3.14949226379
2.35083603859		-0.00169658660889
2.35383605957		5.04730892181
2.35683488846		4.25063228607
2.35984897614		-0.00677108764648
2.36284399033		4.83418560028
2.36584305763		4.96611976624
2.36884593964		-0.00169658660889
2.37184500694		3.87005329132
2.37484502792		5.04223537445
2.37785291672		-0.00169658660889
2.38084697723		2.82473182678
2.38384485245		5.04223537445
2.38685393333		-0.00169658660889
2.38984894753		1.80478191376
2.39284801483		5.04730892181
2.39584684372		-0.00677108764648
2.39884901047		0.810203552246
2.40184783936		5.04730892181
2.40484786034		0.389030456543
2.40784883499		0.0693445205688
2.41084885597		5.04730892181
2.41384887695		1.3633108139
2.41684985161		-0.00169658660889
2.41985082626		5.04223537445
2.42285084724		2.38833522797
2.42585086823		-0.00169658660889
2.42885184288		5.04223537445
2.43185186386		3.47932624817
2.43485188484		-0.00169658660889
2.43785905838		5.04730892181
2.44085288048		4.52464866638
2.44385290146		-0.00677108764648
2.44685292244		4.61091327667
2.44985485077		5.03716087341
2.45285391808		-0.00677108764648
2.45585489273		3.55036830902
2.45885705948		5.04730892181
2.46185493469		-0.00169658660889
2.46485590935		2.51519489288
2.46786189079		5.04223537445
2.47085595131		-0.00677108764648
2.47385692596		1.49017047882
2.47685694695		5.04730892181
2.47986888885		0.0186004638672
2.48285889626		0.510815620422
2.48585796356		5.04223537445
2.48885893822		0.668121337891
2.4918589592		0.00337791442871
2.49485898018		5.04730892181
2.4978659153		1.63732719421
2.50085902214		-0.00169658660889
2.50386095047		5.04223537445
2.50686097145		2.7029466629
2.50986194611		-0.00169658660889
2.51286292076		5.04730892181
2.51586294174		3.80916118622
2.5188639164		-0.00169658660889
2.52186083794		5.01178836823
2.5248670578		4.75806999207
2.5278699398		-0.00169658660889
2.53086304665		4.3013753891
2.53386688232		5.04223537445
2.53686499596		-0.00169658660889
2.53986692429		3.23575687408
2.54286599159		5.04730892181
2.54586601257		-0.00169658660889
2.54886698723		2.21580600739
2.55186891556		5.04730892181
2.55486798286		-0.00169658660889
2.55787396431		1.22122859955
2.56086587906		5.04730892181
2.56386685371		0.130236625671
2.56686902046		0.277394294739
2.56987285614		5.04223537445
2.57287502289		0.947212219238
2.57587099075		-0.00169658660889
2.57887291908		5.04730892181
2.58187198639		1.94686412811
2.58487200737		-0.00169658660889
2.5878739357		5.04730892181
2.59087085724		3.02770709991
2.59387302399		-0.00169658660889
2.59687304497		5.04223537445
2.59986805916		4.13899612427
2.60286593437		-0.00169658660889
2.60586690903		4.89507770538
2.60887694359		4.92045021057
2.61187291145		-0.00169658660889
2.61487388611		3.99691295624
2.61788201332		5.04730892181
2.62087583542		-0.00169658660889
2.62387394905		2.94144248962
2.62689495087		5.04730892181
2.62987494469		-0.00169658660889
2.63287591934		1.90626907349
2.635876894		5.04223537445
2.63887786865		-0.00169658660889
2.64187788963		0.911691665649
2.64487695694		5.04730892181
2.64787793159		0.302765846252
2.6508769989		0.104865074158
2.65387701988		5.03208637238
2.656883955		1.22122859955
2.65988183022		-0.00169658660889
2.66288089752		5.04223537445
2.66588687897		2.24117851257
2.66888284683		-0.00169658660889
2.67188191414		5.04730892181
2.67488288879		3.35246753693
2.67788982391		-0.00169658660889
2.68088388443		5.04223537445
2.68388390541		4.41808605194
2.68688583374		-0.00169658660889
2.68988490105		4.70732593536
2.69288492203		5.01686286926
2.69588494301		-0.00169658660889
2.69888782501		3.67215251923
2.70188498497		5.04223537445
2.70488595963		-0.00169658660889
2.70788788795		2.63698005676
2.71088600159		5.04730892181
2.71388697624		-0.00677108764648
2.71688890457		1.6221036911
2.71988892555		5.04223537445
2.72288894653		0.00337791442871
2.72588992119		0.622451782227
2.72889184952		5.04730892181
2.73188996315		0.536187171936
2.73488998413		0.0186004638672
2.73789095879		5.04730892181
2.74089288712		1.54091453552
2.74389195442		-0.00677108764648
2.74689292908		5.04730892181
2.74989295006		2.58116149902
2.75289297104		-0.00169658660889
2.75589203835		5.04730892181
2.75889992714		3.65692996979
2.76189398766		-0.00169658660889
2.76489400864		5.03208637238
2.76790094376		4.65658187866
2.77089691162		-0.00677108764648
2.77389597893		4.43330955505
2.77689599991		5.04730892181
2.77989697456		-0.00169658660889
2.78289699554		3.35246753693
2.78589582443		5.04730892181
2.78889799118		-0.00169658660889
2.79189705849		2.33759117126
2.79489803314		5.04730892181
2.79790496826		-0.00169658660889
2.80089998245		1.32271575928
2.80389904976		5.04730892181
2.80689883232		0.0744190216064
2.8098988533		0.363657951355
2.81289982796		5.04223537445
2.81589984894		0.845724105835
2.81890201569		-0.00169658660889
2.82190084457		5.04730892181
2.82490205765		1.83522796631
2.82790899277		-0.00677108764648
2.83090400696		5.04730892181
2.83390283585		2.900847435
2.83690285683		-0.00677108764648
2.83990383148		5.04223537445
2.84290385246		4.00706195831
2.84590387344		-0.00169658660889
2.8489048481		4.95597076416
2.85190296173		4.86970615387
2.85489797592		-0.00169658660889
2.85790205002		4.12377262115
2.86090803146		5.04730892181
2.86390686035		-0.00169658660889
2.86690592766		3.05307865143
2.86990785599		5.04730892181
2.87290787697		-0.00169658660889
2.87590885162		2.0331287384
2.87890982628		5.04730892181
2.88190984726		-0.00169658660889
2.88490891457		1.02332782745
2.88790988922		5.04730892181
2.8909099102		0.216501235962
2.89391088486		0.170831680298
2.89690995216		5.04730892181
2.89991092682		1.1400384903
2.90291190147		-0.00677108764648
2.90591192245		5.04730892181
2.90891385078		2.12446784973
2.91191387177		-0.00677108764648
2.91491293907		5.04223537445
2.91792201996		3.21545886993
2.92091298103		-0.00169658660889
2.92391586304		5.04223537445
2.92691493034		4.2912273407
2.92991495132		-0.00169658660889
2.93291592598		4.80373954773
2.93591499329		4.99149131775
2.93891692162		-0.00169658660889
2.94191598892		3.78886318207
2.94492292404		5.04730892181
2.94792485237		-0.00169658660889
2.95091795921		2.7536907196
2.95391702652		5.04730892181
2.95691895485		-0.00169658660889
2.95991897583		1.73374080658
2.96291899681		5.04730892181
2.96591997147		-0.00169658660889
2.96892094612		0.739162445068
2.9719209671		5.04730892181
2.97493982315		0.383955955505
2.97792887688		0.0541210174561
2.98092293739		5.04223537445
2.98392105103		1.43942642212
2.98692297935		-0.00169658660889
2.98992204666		5.04223537445
2.99292302132		2.45430183411
2.9959230423		-0.00169658660889
2.9989259243		5.04223537445
3.00192499161		3.55544185638
3.00492405891		-0.00169658660889
3.00793099403		5.04730892181
3.01092505455		4.59061527252
3.01392602921		-0.00169658660889
3.01692605019		4.5500202179
3.01992702484		5.04223537445
3.02292895317		-0.00169658660889
3.02592802048		3.47932624817
3.02892994881		5.04730892181
3.03192901611		-0.00169658660889
3.034927845		2.44922733307
3.03794193268		5.04730892181
3.04093003273		-0.00169658660889
3.04393005371		1.43942642212
3.04692983627		5.04223537445
3.04992890358		0.0439729690552
3.05292987823		0.460071563721
3.05593085289		5.04730892181
3.05893301964		0.734087944031
3.06193089485		-0.00169658660889
3.06493186951		5.04730892181
3.06793904305		1.70329380035
3.07093286514		-0.00169658660889
3.0739338398		5.04730892181
3.0769329071		2.78921127319
3.07993483543		-0.00169658660889
3.08293390274		5.04223537445
3.08593392372		3.88527679443
3.08893704414		-0.00169658660889
3.09193587303		5.00164031982
3.09493494034		4.80881404877
3.09794402122		-0.00677108764648
3.10092902184		4.20496273041
3.10392904282		5.04730892181
3.10692882538		-0.00169658660889
3.10994291306		3.20023536682
3.11293792725		5.04730892181
3.11593794823		-0.00169658660889
3.11894083023		2.15491390228
3.12193989754		5.04730892181
3.12493991852		-0.00677108764648
3.12794184685		1.1501865387
3.13094902039		5.04730892181
3.13393998146		0.150534629822
3.13694000244		0.236799240112
3.13994193077		5.04223537445
3.14294195175		1.02840232849
3.14594292641		-0.00169658660889
3.14894390106		5.04223537445
3.15194296837		2.01790523529
3.15494394302		-0.00169658660889
3.15795183182		5.04730892181
3.16094398499		3.10889720917
3.16394495964		-0.00677108764648
3.16694402695		5.04223537445
3.1699450016		4.19481372833
3.17294692993		-0.00677108764648
3.17594599724		4.85955715179
3.17894792557		4.95089626312
3.18194699287		-0.00169658660889
3.18494796753		3.92587184906
3.1879529953		5.04223537445
3.19094800949		-0.00169658660889
3.19394993782		2.86532688141
3.19694805145		5.03716087341
3.19995284081		-0.00169658660889
3.20295000076		1.85552597046
3.20595097542		5.04730892181
3.20895290375		-0.00169658660889
3.21194982529		0.850798606873
3.21495103836		5.04730892181
3.21795797348		0.333211898804
3.22095298767		0.0845680236816
3.22395896912		5.04223537445
3.22695493698		1.30749225616
3.22995400429		-0.00169658660889
3.23295402527		5.04223537445
3.23595285416		2.33251667023
3.23895597458		-0.00677108764648
3.24195384979		5.04223537445
3.24495387077		3.43873119354
3.24796199799		-0.00169658660889
3.25095486641		5.04730892181
3.25395584106		4.48405361176
3.25695586205		-0.00169658660889
3.25995898247		4.65658187866
3.26295804977		5.03208637238
3.26595687866		-0.00169658660889
3.26895999908		3.61633491516
3.2719578743		5.04730892181
3.27495789528		-0.00169658660889
3.27796602249		2.5913105011
3.28095984459		5.04730892181
3.2839589119		-0.00169658660889
3.28695893288		1.55106258392
3.28996300697		5.04730892181
3.29296183586		0.0135259628296
3.29595994949		0.556485176086
3.2989628315		5.04223537445
3.3019618988		0.607228279114
3.30496382713		0.0135259628296
3.30796289444		5.04730892181
3.31096386909		1.60688114166
3.31396484375		-0.00169658660889
3.3169708252		5.04223537445
3.31996393204		2.6522026062
3.32296395302		-0.00677108764648
3.32596492767		5.04730892181
3.328966856		3.75841712952
3.33196496964		-0.00677108764648
3.33496689796		5.0219373703
3.33797097206		4.72254943848
3.34096598625		-0.00677108764648
3.34396696091		4.36734294891
3.34696793556		5.04730892181
3.3499610424		-0.00169658660889
3.35296082497		3.26620292664
3.35596084595		5.04730892181
3.35897803307		-0.00677108764648
3.36196899414		2.29699611664
3.36498403549		5.04730892181
3.3679728508		-0.00169658660889
3.37097096443		1.2516746521
3.37397098541		5.04730892181
3.37697100639		0.0947160720825
3.37997293472		0.317989349365
3.3829729557		5.04730892181
3.38597202301		0.911691665649
3.38897490501		-0.00169658660889
3.39197397232		5.04730892181
3.39497303963		1.91641807556
3.39798283577		-0.00169658660889
3.40097689629		5.04730892181
3.40397405624		2.98203754425
3.40697598457		-0.00677108764648
3.40998291969		5.04730892181
3.41297698021		4.06795406342
3.41597604752		-0.00169658660889
3.41897797585		4.92552471161
3.42197704315		4.89507770538
3.42497801781		-0.00169658660889
3.42798399925		4.06287956238
3.43098092079		5.04223537445
3.43397903442		-0.00169658660889
3.43697786331		3.09874820709
3.43998193741		5.04223537445
3.44298100471		-0.00169658660889
3.4459810257		1.97731018066
3.44898104668		5.04223537445
3.45198082924		-0.00677108764648
3.45498204231		0.957360267639
3.45798897743		5.04730892181
3.46098303795		0.262170791626
3.46398091316		0.135311126709
3.46697998047		5.04223537445
3.4701089859		0.83557510376
3.47310805321		-0.00169658660889
3.47610783577		5.05238342285
3.47911095619		1.83015346527
3.48210883141		-0.00169658660889
3.48511004448		5.04730892181
3.4881169796		2.87547588348
3.49110984802		-0.00169658660889
3.4941110611		5.04730892181
3.4971139431		3.79901218414
3.50023698807		-0.00169658660889
3.50324296951		5.04223537445
3.50623703003		4.62613582611
3.50923991203		-0.00169658660889
3.51223897934		4.50942516327
3.51523804665		5.04223537445
3.51827788353		-0.00169658660889
3.52123904228		3.4336566925
3.52423882484		5.04223537445
3.52724695206		-0.00677108764648
3.53024196625		2.40863323212
3.53324103355		5.04223537445
3.53624296188		-0.00169658660889
3.53924298286		1.38868236542
3.54224205017		5.04730892181
3.54524302483		0.0490465164185
3.54828000069		0.520963668823
3.55124497414		5.04223537445
3.55424404144		0.779757499695
3.55725002289		-0.00677108764648
3.56024599075		5.05238342285
3.56324601173		1.75911235809
3.56624484062		-0.00169658660889
3.56924796104		5.04223537445
3.57224583626		2.82980632782
3.57524490356		-0.00169658660889
3.57832789421		5.04223537445
3.58137392998		3.53007030487
3.58437395096		-0.00677108764648
3.58738088608		5.04223537445
3.59037399292		4.56524372101
3.5933740139		-0.00169658660889
3.59638094902		4.59568977356
3.59937500954		5.03716087341
3.60236501694		-0.00169658660889
3.60536789894		3.48440074921
3.60840892792		5.04730892181
3.61137390137		-0.00169658660889
3.61437487602		2.45937633514
3.61738085747		5.04730892181
3.62037682533		-0.00169658660889
3.62337493896		1.44957542419
3.62637591362		5.04730892181
3.62937903404		0.0287494659424
3.63237690926		0.475295066833
3.63537788391		5.04730892181
3.63838601112		0.688418388367
3.64137792587		0.00337791442871
3.64437794685		5.04730892181
3.64738583565		1.67792224884
3.65037894249		-0.00169658660889
3.65337896347		5.04730892181
3.65638685226		2.72831821442
3.6593849659		-0.00169658660889
3.66238188744		5.04223537445
3.66538405418		3.84468173981
3.6683909893		-0.00169658660889
3.67138600349		5.00164031982
3.67438387871		4.78851604462
3.67739105225		-0.00169658660889
3.68038487434		4.26078033447
3.68338489532		5.04223537445
3.68638586998		-0.00169658660889
3.68939399719		3.22560787201
3.69238591194		5.04730892181
3.69538784027		-0.00677108764648
3.69839501381		2.19043445587
3.70138692856		5.04223537445
3.70438885689		-0.00169658660889
3.70738983154		1.17048454285
3.71038985252		5.04730892181
3.7133898735		0.145460128784
3.71639084816		0.252021789551
3.71939086914		5.04223537445
3.72238993645		1.0030298233
3.7253909111		-0.00169658660889
3.72839784622		5.04730892181
3.73139190674		2.00268268585
3.73439002037		-0.00169658660889
3.73739385605		5.04730892181
3.74039387703		3.0632276535
3.74339294434		-0.00169658660889
3.74639391899		5.04730892181
3.74939703941		4.15929317474
3.75239491463		-0.00169658660889
3.75539803505		4.87985515594
3.7584028244		4.93567276001
3.76139497757		-0.00169658660889
3.76439499855		3.94109535217
3.76739692688		5.04223537445
3.77039504051		-0.00169658660889
3.77339601517		2.88562393188
3.77639698982		5.05238342285
3.77940201759		-0.00169658660889
3.78240394592		1.89104652405
3.78539991379		5.04730892181
3.78840684891		-0.00169658660889
3.79140090942		0.871096611023
3.79439997673		5.04730892181
3.79740691185		0.312914848328
3.80040001869		0.0947160720825
3.80340099335		5.04730892181
3.80641794205		1.23645114899
3.80940294266		-0.00169658660889
3.81240200996		5.04730892181
3.81540203094		2.31221961975
3.81840801239		-0.00677108764648
3.82140302658		5.04730892181
3.82440304756		3.40828514099
3.82740998268		-0.00169658660889
3.83040499687		5.04223537445
3.83340382576		4.4637556076
3.83640384674		-0.00169658660889
3.83940505981		4.67180538177
3.8424038887		5.02701187134
3.84540605545		-0.00677108764648
3.84840798378		3.6214094162
3.85139799118		5.04730892181
3.85439896584		-0.00677108764648
3.85740089417		2.58623600006
3.86040902138		5.04730892181
3.86340689659		-0.00677108764648
3.86640882492		1.57643508911
3.86941003799		5.04223537445
3.87240886688		0.00845146179199
3.87541484833		0.597080230713
3.87841701508		5.04730892181
3.88141083717		0.597080230713
3.88441085815		0.0135259628296
3.88741803169		5.04223537445
3.89041090012		1.58150959015
3.89341187477		-0.00169658660889
3.89641189575		5.04730892181
3.89941382408		2.62175655365
3.90241384506		-0.00169658660889
3.90541386604		5.04730892181
3.90841794014		3.72289657593
3.91141700745		-0.00677108764648
3.91441488266		5.02701187134
3.91742300987		4.69210338593
3.92041683197		-0.00169658660889
3.92341589928		4.38256549835
3.92641592026		5.04730892181
3.92941784859		-0.00169658660889
3.93241596222		3.3118724823
3.93541693687		5.04223537445
3.93842387199		-0.00169658660889
3.94141697884		2.29699611664
3.94441890717		5.04730892181
3.94742488861		-0.00169658660889
3.95041894913		1.26689815521
3.95341992378		5.04223537445
3.95641803741		0.0947160720825
3.95942091942		0.333211898804
3.96241998672		5.04223537445
3.96542096138		0.886319160461
3.96843385696		-0.00169658660889
3.97142100334		5.04730892181
3.974421978		1.88089752197
3.97742891312		-0.00169658660889
3.98042201996		5.04223537445
3.98342299461		2.9515914917
3.98642301559		-0.00169658660889
3.98942494392		5.04223537445
3.99242401123		4.05273151398
3.99542403221		-0.00169658660889
3.99843192101		4.95089626312
4.00142598152		4.89000320435
4.00442504883		-0.00169658660889
4.00742793083		4.07302856445
4.01042485237		5.04730892181
4.01342582703		-0.00677108764648
4.0164270401		3.0124835968
4.01942896843		5.04730892181
4.02242803574		-0.00169658660889
4.02542805672		1.9823846817
4.02843594551		5.04730892181
4.03142905235		-0.00677108764648
4.03442883492		0.982732772827
4.0374379158		5.04223537445
4.04043197632		0.246947288513
4.04343104362		0.145460128784
4.04643201828		5.04730892181
4.04943394661		1.17555904388
4.05243206024		-0.00677108764648
4.05543088913		5.04730892181
4.05843901634		2.16506290436
4.06143784523		-0.00169658660889
4.06443405151		5.04730892181
4.06744098663		3.25097942352
4.07043385506		-0.00169658660889
4.07343387604		5.04730892181
4.07643485069		4.34704494476
4.07943797112		-0.00169658660889
4.08243584633		4.7631444931
4.08543586731		5.00164031982
4.08844304085		-0.00169658660889
4.09143686295		3.74826812744
4.09443902969		5.04730892181
4.09744286537		-0.00169658660889
4.10043096542		2.68772315979
4.10343003273		5.04730892181
4.10642886162		-0.00169658660889
4.10944390297		1.71344280243
4.11243891716		5.04730892181
4.11543989182		-0.00169658660889
4.11844801903		0.718864440918
4.12144088745		5.04730892181
4.12444186211		0.475295066833
4.12744903564		0.0388984680176
4.13044285774		5.04223537445
4.13344287872		1.46479797363
4.1364428997		-0.00169658660889
4.13944482803		5.04730892181
4.14244294167		2.49997138977
4.14544200897		-0.00169658660889
4.14844989777		5.04223537445
4.15144395828		3.60618591309
4.15445184708		-0.00169658660889
4.15745186806		5.04223537445
4.16044402122		4.63121032715
4.16344690323		-0.00169658660889
4.16644692421		4.49927616119
4.16945004463		5.04223537445
4.17244696617		-0.00677108764648
4.17544698715		3.43873119354
4.1784529686		5.04730892181
4.18144798279		-0.00169658660889
4.18444800377		2.40355873108
4.18745493889		5.04223537445
4.19044995308		-0.00169658660889
4.19344902039		1.38868236542
4.19644904137		5.04223537445
4.1994509697		0.0490465164185
4.20245099068		0.424551010132
4.20545101166		5.04223537445
4.20845794678		0.759459495544
4.21145296097		-0.00677108764648
4.21445298195		5.04730892181
4.21745896339		1.74388885498
4.22045397758		-0.00677108764648
4.22345590591		5.04223537445
4.22645401955		2.82980632782
4.22945594788		-0.00169658660889
4.23245501518		5.04223537445
4.23545503616		3.9309463501
4.23845982552		-0.00169658660889
4.2414560318		4.97626781464
4.24445700645		4.83418560028
4.2474629879		-0.00677108764648
4.25045585632		4.18466472626
4.25345683098		5.04730892181
4.25645899773		-0.00169658660889
4.25945997238		3.13934326172
4.26245903969		5.04730892181
4.26546096802		-0.00169658660889
4.26846385002		2.11939334869
4.27145886421		5.04730892181
4.27445983887		-0.00169658660889
4.27746796608		1.12481498718
4.2804608345		5.04223537445
4.28346085548		0.175906181335
4.28646183014		0.211426734924
4.28946399689		5.04223537445
4.2924618721		1.05884838104
4.29546284676		-0.00169658660889
4.2984688282		5.04730892181
4.3014729023		2.02805423737
4.30446600914		-0.00169658660889
4.30746483803		5.04223537445
4.31046485901		3.14949226379
4.31346583366		-0.00169658660889
4.31646490097		5.04730892181
4.3194668293		4.23033428192
4.32246589661		-0.00169658660889
4.32546687126		4.83418560028
4.32847285271		4.9610452652
4.3314678669		-0.00169658660889
4.33446788788		3.87005329132
4.337474823		5.04730892181
4.34047484398		-0.00677108764648
4.34347105026		2.82980632782
4.34647083282		5.04730892181
4.34946894646		-0.00169658660889
4.3524620533		1.78955841064
4.35546183586		5.04223537445
4.358481884		-0.00169658660889
4.36147093773		0.805129051208
4.36447191238		5.04730892181
4.3674788475		0.353509902954
4.37047290802		0.0693445205688
4.37347197533		5.04730892181
4.37647390366		1.35823631287
4.37947583199		-0.00169658660889
4.38247299194		5.04223537445
4.3854739666		2.37818622589
4.38848090172		-0.00169658660889
4.39147591591		5.04730892181
4.39447402954		3.47932624817
4.39748191833		-0.00169658660889
4.4004778862		5.04730892181
4.40347504616		4.52464866638
4.40647697449		-0.00677108764648
4.40947890282		4.62613582611
4.41247582436		5.03716087341
4.41547989845		-0.00169658660889
4.41848397255		3.58081436157
4.42147898674		5.04223537445
4.42447900772		-0.00169658660889
4.42748689651		2.55578994751
4.43048000336		5.04223537445
4.4334859848		-0.00169658660889
4.43648004532		1.5003194809
4.43948197365		5.04223537445
4.44248199463		0.0236749649048
4.44548082352		0.51589012146
4.44848799706		5.04730892181
4.45148301125		0.663046836853
4.4544839859		0.00337791442871
4.45748996735		5.04223537445
4.46048498154		1.64747619629
4.46348285675		-0.00169658660889
4.46648383141		5.04223537445
4.46948599815		2.69787216187
4.47248601913		-0.00169658660889
4.47548604012		5.04223537445
4.47849798203		3.74826812744
4.48148584366		-0.00169658660889
4.48448586464		5.01178836823
4.48748803139		4.75299549103
4.49048805237		-0.00169658660889
4.4934899807		4.32674789429
4.49649000168		5.04730892181
4.49948883057		-0.00169658660889
4.50248885155		3.23575687408
4.5054898262		5.04730892181
4.50849485397		-0.00677108764648
4.51148891449		2.22595500946
4.51449203491		5.04223537445
4.51749801636		-0.00677108764648
4.52049303055		1.20600509644
4.52349090576		5.04223537445
4.52649784088		0.120088577271
4.52949404716		0.28754234314
4.53249192238		5.04730892181
4.53549289703		0.947212219238
4.53849887848		-0.00169658660889
4.54149389267		5.04730892181
4.54449486732		1.94686412811
4.54750394821		-0.00677108764648
4.55049490929		5.04730892181
4.55349493027		3.02263259888
4.55649495125		-0.00169658660889
4.55949902534		5.03716087341
4.56249499321		4.11869812012
4.56549692154		-0.00169658660889
4.5685069561		4.91537570953
4.57149791718		4.92552471161
4.57449889183		-0.00169658660889
4.57750487328		4.01721096039
4.58049988747		5.04730892181
4.58349895477		-0.00677108764648
4.58649992943		2.94144248962
4.58950185776		5.04730892181
4.59249997139		-0.00169658660889
4.59550094604		1.9214925766
4.59850382805		5.04730892181
4.6014919281		-0.00677108764648
4.60449194908		0.886319160461
4.60749602318		5.04223537445
4.61049985886		0.297691345215
4.6135020256		0.115014076233
4.61650204659		5.04730892181
4.61950993538		1.23137664795
4.62250089645		-0.00169658660889
4.62550187111		5.04730892181
4.62850785255		2.24117851257
4.63150405884		-0.00169658660889
4.63450288773		5.04223537445
4.63751101494		3.3220205307
4.64050483704		-0.00169658660889
4.64350605011		5.04730892181
4.646504879		4.41301250458
4.64950489998		-0.00169658660889
4.65250492096		4.7124004364
4.65551304817		5.01178836823
4.6585149765		-0.00169658660889
4.66151094437		3.67722702026
4.66451001167		5.04730892181
4.66751790047		-0.00169658660889
4.67051005363		2.6420545578
4.6735098362		5.04223537445
4.67650985718		-0.00169658660889
4.67951202393		1.6221036911
4.68251204491		5.04223537445
4.68551087379		0.00337791442871
4.68851804733		0.652897834778
4.69151186943		5.04223537445
4.69451498985		0.536187171936
4.69752001762		0.0236749649048
4.70051503181		5.04223537445
4.7035138607		1.53584003448
4.70651483536		-0.00169658660889
4.70951986313		5.04730892181
4.71252202988		2.54564094543
4.71551704407		-0.00169658660889
4.71852302551		5.04223537445
4.72151684761		3.6823015213
4.72451591492		-0.00169658660889
4.72751784325		5.03208637238
4.73051595688		4.68195438385
4.73351788521		-0.00677108764648
4.73651599884		4.43330955505
4.73952293396		5.04730892181
4.74251794815		-0.00169658660889
4.74551987648		3.36261558533
4.74852895737		5.04223537445
4.75151991844		-0.00677108764648
4.75451993942		2.3426656723
4.75752902031		5.04730892181
4.76052188873		-0.00169658660889
4.76352190971		1.32271575928
4.76652383804		5.04730892181
4.76952385902		0.0693445205688
4.77252197266		0.368732452393
4.77552294731		5.04730892181
4.77852988243		0.820352554321
4.78152394295		-0.00677108764648
4.78452396393		5.04730892181
4.78753304482		1.79970741272
4.79052495956		-0.00169658660889
4.79352688789		5.04730892181
4.7965259552		2.89577293396
4.79952788353		-0.00677108764648
4.80252695084		5.04730892181
4.80553293228		3.97661590576
4.80853486061		-0.00169658660889
4.81152892113		4.9610452652
4.81452798843		4.87478065491
4.81753587723		-0.00169658660889
4.82052993774		4.11362361908
4.82352900505		5.04730892181
4.82652902603		-0.00169658660889
4.8295340538		3.07337665558
4.83253002167		5.04223537445
4.83553004265		-0.00169658660889
4.83853197098		2.03820323944
4.84153294563		5.04223537445
4.84453201294		-0.00169658660889
4.84753799438		1.05377388
4.85052704811		5.04730892181
4.85352492332		0.231724739075
4.85652589798		0.160683631897
4.85956382751		5.04730892181
4.86253595352		1.12481498718
4.86553502083		-0.00169658660889
4.86853599548		5.04730892181
4.87153482437		2.12954235077
4.87453484535		-0.00677108764648
4.87754201889		5.04730892181
4.88053584099		3.23068237305
4.88353586197		-0.00169658660889
4.88653683662		5.04223537445
4.8895380497		4.28615283966
4.89253783226		-0.00169658660889
4.89553904533		4.80373954773
4.89854598045		4.98134231567
4.90153884888		-0.00169658660889
4.90453982353		3.79901218414
4.90754294395		5.04223537445
4.91054105759		-0.00169658660889
4.91354084015		2.75876522064
4.91654396057		5.04730892181
4.91954493523		-0.00169658660889
4.92254185677		1.73374080658
4.92554187775		5.04223537445
4.92854499817		-0.00677108764648
4.93154191971		0.744236946106
4.93454289436		5.04223537445
4.93755102158		0.404253005981
4.94054389		0.0439729690552
4.94354295731		5.04730892181
4.94654488564		1.41912937164
4.94954991341		-0.00169658660889
4.9525449276		5.04730892181
4.95554590225		2.44922733307
4.95854783058		-0.00169658660889
4.96154785156		5.04223537445
4.96454787254		3.54529380798
4.9675488472		-0.00677108764648
4.97054791451		5.04730892181
4.97355103493		4.57539176941
4.97654700279		-0.00169658660889
4.97955083847		4.55509471893
4.98254990578		5.04223537445
4.98554992676		-0.00169658660889
4.98855090141		3.49962425232
4.99155592918		5.04730892181
4.99455094337		-0.00169658660889
4.99755692482		2.47967433929
