0.000128984451294		5.03208637238
0.00495004653931		3.65185546875
0.00996518135071		-0.00677108764648
0.0148301124573		4.98134231567
0.0197060108185		2.8501033783
0.0245831012726		-0.00169658660889
0.0294570922852		5.04730892181
0.0343310832977		2.13461589813
0.0392060279846		0.30784034729
0.0440831184387		5.04730892181
0.0489580631256		1.43942642212
0.0538339614868		0.866022109985
0.0587100982666		5.04223537445
0.0635890960693		0.784832000732
0.0684680938721		1.56628608704
0.0733439922333		5.04730892181
0.0782179832458		0.24187374115
0.0831360816956		2.36803817749
0.0880990028381		5.03208637238
0.0929691791534		-0.00169658660889
0.0978791713715		3.29664897919
0.102723121643		4.67687988281
0.107599020004		-0.00169658660889
0.112473964691		3.97661590576
0.117350101471		4.05780601501
0.122225046158		-0.00677108764648
0.127103090286		4.61091327667
0.13197517395		3.37783908844
0.13685297966		-0.00677108764648
0.141726970673		5.03716087341
0.146603107452		2.67250061035
0.151478052139		0.0135259628296
0.156352996826		5.04730892181
0.161229133606		1.9722366333
0.166193962097		0.526038169861
0.171106100082		5.04223537445
0.175982952118		1.11974048615
0.180858135223		1.18063354492
0.185739040375		5.04730892181
0.190608024597		0.520963668823
0.195489168167		1.9214925766
0.200359106064		5.04730892181
0.205237150192		0.0541210174561
0.210109949112		2.66235160828
0.21498799324		4.99149131775
0.219861984253		-0.00169658660889
0.224745988846		3.43873119354
0.229614973068		4.52972316742
0.234495162964		-0.00169658660889
0.239365100861		4.13392162323
0.244240999222		3.90050029755
0.24912405014		-0.00169658660889
0.253997087479		4.74792098999
0.258865118027		3.19516181946
0.26374912262		-0.00169658660889
0.268617153168		5.04730892181
0.273498058319		2.49489688873
0.278367996216		0.0744190216064
0.283249139786		5.04730892181
0.288124084473		1.78955841064
0.292994022369		0.652897834778
0.2979991436		5.04223537445
0.302872180939		0.937063217163
0.3077480793		1.34808731079
0.312623023987		5.04223537445
0.317501068115		0.399179458618
0.322374105453		2.08894729614
0.327252149582		5.04730892181
0.332126140594		0.00845146179199
0.33700299263		2.85517787933
0.341876029968		4.91537570953
0.346757173538		-0.00677108764648
0.351628065109		3.60618591309
0.356508970261		4.39778900146
0.36138010025		-0.00169658660889
0.366261959076		4.29630184174
0.371131181717		3.74319458008
0.376049041748		-0.00677108764648
0.381006002426		4.96611976624
0.385889053345		2.87040138245
0.390758037567		-0.00169658660889
0.395640134811		5.04223537445
0.400514125824		2.15491390228
0.405387163162		0.282468795776
0.410262107849		5.04730892181
0.415143966675		1.45972442627
0.42001414299		0.840649604797
0.424895048141		5.04730892181
0.429764032364		0.815278053284
0.434646129608		1.53584003448
0.439514160156		5.04730892181
0.444391012192		0.277394294739
0.449265956879		2.26147556305
0.454147100449		5.04730892181
0.459017038345		-0.00169658660889
0.463900089264		3.05307865143
0.468768119812		4.81896209717
0.473649978638		-0.00677108764648
0.478520154953		3.79393768311
0.483401060104		4.25063228607
0.488270998001		-0.00169658660889
0.49315404892		4.44345855713
0.498021125793		3.58081436157
0.502897024155		-0.00169658660889
0.507899999619		5.02701187134
0.512773990631		2.70802116394
0.517650127411		0.0135259628296
0.522526025772		5.04730892181
0.527403116226		1.99760818481
0.532277107239		0.409327507019
0.537153959274		5.04730892181
0.542026996613		1.30749225616
0.546905040741		0.992880821228
0.551784038544		5.04730892181
0.556657075882		0.678269386292
0.56153011322		1.69822025299
0.566409111023		5.04730892181
0.571282148361		0.160683631897
0.576166152954		2.46445083618
0.581032991409		5.04223537445
0.585916042328		-0.00169658660889
0.590784072876		3.22053337097
0.595664024353		4.69210338593
0.600538015366		-0.00169658660889
0.605411052704		3.95124340057
0.610286951065		4.08825206757
0.615162134171		-0.00169658660889
0.620038986206		4.59061527252
0.624922037125		3.38798809052
0.629789113998		-0.00677108764648
0.634672164917		5.03208637238
0.639539957047		2.7029466629
0.644416093826		0.00845146179199
0.649291038513		5.04730892181
0.654173135757		1.98745918274
0.65904211998		0.414402008057
0.663921117783		5.04730892181
0.668794155121		1.3024187088
0.673675060272		1.00810432434
0.678544998169		5.04730892181
0.683427095413		0.663046836853
0.688296079636		1.70836830139
0.693179130554		5.04730892181
0.698048114777		0.155609130859
0.702929019928		2.59638500214
0.707924127579		5.00164031982
0.712799072266		-0.00169658660889
0.71767616272		3.39813613892
0.722551107407		4.56016921997
0.727447032928		-0.00169658660889
0.732304096222		4.10854911804
0.737179040909		3.9309463501
0.742055177689		-0.00677108764648
0.74693107605		4.72254943848
0.751805067062		3.23068237305
0.756683111191		-0.00169658660889
0.761557102203		5.04730892181
0.766433954239		2.52534389496
0.771309137344		0.0642700195312
0.776190042496		5.04730892181
0.781058073044		1.82507896423
0.785942077637		0.551410675049
0.79080915451		5.04730892181
0.795691013336		1.1400384903
0.800560951233		1.16541004181
0.805438041687		5.04730892181
0.810312986374		0.536187171936
0.815189123154		1.89612102509
0.820065975189		5.04730892181
0.824939966202		0.0591955184937
0.829815149307		2.6420545578
0.834696054459		5.00164031982
0.839565992355		-0.00677108764648
0.844444990158		3.40828514099
0.849320173264		4.56524372101
0.854205131531		-0.00677108764648
0.859070062637		4.10854911804
0.863950014114		3.91572284698
0.868819952011		-0.00169658660889
0.873702049255		4.73269748688
0.878571033478		3.21545886993
0.883452177048		-0.00169658660889
0.888329982758		5.04730892181
0.893202066422		2.51519489288
0.898074150085		0.0642700195312
0.902951002121		5.05238342285
0.907955169678		1.65255069733
0.912825107574		0.678269386292
0.917703151703		5.04730892181
0.92257809639		0.992880821228
0.927454948425		1.32779026031
0.932330131531		5.04730892181
0.937205076218		0.414402008057
0.942078113556		2.06357479095
0.946956157684		5.04223537445
0.951831102371		0.00845146179199
0.956707000732		2.83488082886
0.961583137512		4.92552471161
0.966459035873		-0.00677108764648
0.971335172653		3.58081436157
0.976217031479		4.41301250458
0.981085062027		-0.00677108764648
0.985970020294		4.28615283966
0.990834951401		3.76349163055
0.995717048645		-0.00677108764648
1.00058698654		4.84940910339
1.00548100471		3.02770709991
1.01033806801		-0.00169658660889
1.01521396637		5.04730892181
1.02009010315		2.34774017334
1.02497196198		0.16575717926
1.02984118462		5.04730892181
1.03472495079		1.63732719421
1.03959202766		0.683343887329
1.04447007179		5.05238342285
1.04934406281		0.982732772827
1.05422401428		1.33793926239
1.0590929985		5.05238342285
1.06397294998		0.409327507019
1.06884598732		2.06864929199
1.07372808456		5.04730892181
1.07859611511		0.0135259628296
1.08347916603		2.8501033783
1.08834910393		4.92045021057
1.09323215485		-0.00169658660889
1.09810209274		3.59603691101
1.10297608376		4.36226844788
1.10797715187		-0.00169658660889
1.11285209656		4.42316055298
1.11773395538		3.59603691101
1.12260198593		-0.00677108764648
1.12748098373		4.9610452652
1.1323530674		2.89069843292
1.13723111153		-0.00169658660889
1.142111063		5.04730892181
1.14698410034		2.17521095276
1.15185713768		0.277394294739
1.15673899651		5.04730892181
1.16160917282		1.48002147675
1.16648507118		0.830501556396
1.17135810852		5.04730892181
1.17624115944		0.820352554321
1.18111014366		1.5104675293
1.18598508835		5.04730892181
1.19086313248		0.282468795776
1.19574308395		2.25132751465
1.20061206818		5.04730892181
1.20548915863		-0.00677108764648
1.21036410332		3.02263259888
1.21524596214		4.81388759613
1.22011613846		-0.00169658660889
1.22499108315		3.76349163055
1.22986602783		4.26078033447
1.23475003242		-0.00169658660889
1.2396171093		4.42823505402
1.24449515343		3.58588886261
1.24936914444		-0.00169658660889
1.25425314903		4.9711933136
1.25911998749		2.88562393188
1.26400303841		-0.00169658660889
1.26887202263		5.04730892181
1.2737531662		2.16506290436
1.2786231041		0.277394294739
1.28350400925		5.04223537445
1.28837418556		1.48002147675
1.29325604439		0.840649604797
1.29812502861		5.04730892181
1.30300211906		0.734087944031
1.30800914764		1.69822025299
1.31287813187		5.04730892181
1.31788611412		0.0744190216064
1.32275509834		2.61160755157
1.32762908936		5.00671482086
1.33250403404		-0.00677108764648
1.33738303185		3.3727645874
1.34225606918		4.57539176941
1.34713196754		-0.00169658660889
1.35200715065		4.08317756653
1.35688400269		3.94616889954
1.3617579937		-0.00169658660889
1.36664104462		4.71747493744
1.37151098251		3.24590492249
1.37638711929		-0.00169658660889
1.38126015663		5.04223537445
1.38617706299		2.49489688873
1.39101195335		0.0541210174561
1.39589595795		5.04223537445
1.40076303482		1.84537696838
1.40564012527		0.526038169861
1.41051697731		5.04730892181
1.41539216042		1.16033554077
1.42026495934		1.1400384903
1.42514801025		5.04730892181
1.43001699448		0.556485176086
1.43489909172		1.87582302094
1.43976807594		5.04730892181
1.4446451664		0.0693445205688
1.44951796532		2.62175655365
1.45440196991		5.00164031982
1.45927596092		-0.00169658660889
1.46414804459		3.37783908844
1.46902108192		4.58046627045
1.47390317917		-0.00169658660889
1.47877311707		4.08317756653
1.48365497589		3.93602085114
1.48852515221		-0.00169658660889
1.49340605736		4.7124004364
1.4982790947		3.23575687408
1.50315904617		-0.00169658660889
1.5080280304		5.04730892181
1.51292014122		2.38833522797
1.51790809631		0.140385627747
1.52277898788		5.04730892181
1.52765512466		1.67792224884
1.53253102303		0.663046836853
1.53740811348		5.04730892181
1.54228210449		1.01317882538
1.54715895653		1.3125667572
1.55203318596		5.04730892181
1.55691099167		0.429625511169
1.56178307533		2.03820323944
1.56666207314		5.04730892181
1.57153606415		0.0186004638672
1.57641196251		2.80443382263
1.58128714561		4.94074726105
1.58616995811		-0.00677108764648
1.59103703499		3.55036830902
1.59591913223		4.43330955505
1.60078907013		-0.00169658660889
1.60566616058		4.24555778503
1.61054611206		3.76856613159
1.61542201042		-0.00169658660889
1.62029194832		4.83418560028
1.62516903877		3.06830215454
1.63004517555		-0.00169658660889
1.63492417336		5.04730892181
1.63979411125		2.36803817749
1.64467096329		0.145460128784
1.6495449543		5.04730892181
1.65442800522		1.65762519836
1.65929818153		0.663046836853
1.66417813301		5.04730892181
1.66904711723		1.00810432434
1.67393112183		1.32271575928
1.67880010605		5.04730892181
1.68368196487		0.419476509094
1.6885509491		2.05342674255
1.69343304634		5.04730892181
1.69830107689		0.0186004638672
1.70318412781		2.82980632782
1.70805215836		4.92552471161
1.71292901039		-0.00677108764648
1.71792411804		3.72797107697
1.72279715538		4.3013753891
1.72767710686		-0.00169658660889
1.7325501442		4.39271450043
1.73743200302		3.61633491516
1.74230599403		-0.00677108764648
1.74718499184		4.95089626312
1.75205898285		2.91099643707
1.75693511963		-0.00169658660889
1.76181507111		5.04730892181
1.76668810844		2.20058345795
1.77155995369		0.257096290588
1.77643895149		5.04730892181
1.78131198883		1.5003194809
1.78619098663		0.810203552246
1.79106402397		5.04730892181
1.79594516754		0.845724105835
1.80081510544		1.48509597778
1.8056910038		5.04730892181
1.81056714058		0.302765846252
1.81544208527		2.22595500946
1.82031702995		5.05238342285
1.8251991272		-0.00169658660889
1.83007001877		2.99726104736
1.83494997025		4.82403659821
1.83981800079		-0.00169658660889
1.84469509125		3.74319458008
1.84957003593		4.28107833862
1.85445404053		-0.00169658660889
1.85932016373		4.4028635025
1.86419701576		3.61126041412
1.86907196045		-0.00169658660889
1.87395405769		4.9610452652
1.87882304192		2.90592193604
1.88370609283		-0.00169658660889
1.88858008385		5.04730892181
1.89345502853		2.1802854538
1.89833211899		0.272319793701
1.90320396423		5.05238342285
1.90808010101		1.49524497986
1.91295909882		0.911691665649
1.91795516014		5.04223537445
1.92282915115		0.703641891479
1.92770600319		1.66269874573
1.93258213997		5.04730892181
1.9374601841		0.186055183411
1.94233202934		2.40863323212
1.9472091198		5.04223537445
1.95208406448		-0.00169658660889
1.95696115494		3.17486381531
1.96183395386		4.72254943848
1.96671104431		-0.00169658660889
1.97158813477		3.90557384491
1.97646403313		4.10854911804
1.98134303093		-0.00169658660889
1.98622012138		4.56016921997
1.99109005928		3.4336566925
1.99596500397		-0.00169658660889
2.00083994865		5.0219373703
2.00571703911		2.73846721649
2.01059103012		0.00337791442871
2.01547718048		5.04730892181
2.02034211159		2.02805423737
2.02521896362		0.389030456543
2.03009414673		5.04730892181
2.03497695923		1.32779026031
2.03984498978		0.967509269714
2.04472208023		5.04223537445
2.04959607124		0.693492889404
2.05447912216		1.68299674988
2.05934810638		5.04730892181
2.06422901154		0.170831680298
2.06910014153		2.41878128052
2.07398200035		5.04223537445
2.07884907722		-0.00169658660889
2.08373212814		3.19516181946
2.08860111237		4.71747493744
2.09348297119		-0.00169658660889
2.09835410118		3.92079734802
2.10323500633		4.10854911804
2.10810208321		-0.00169658660889
2.11298108101		4.67180538177
2.11798095703		3.25097942352
2.12285518646		-0.00169658660889
2.12773299217		5.04730892181
2.13260698318		2.56086444855
2.13748502731		0.0490465164185
2.14235806465		5.04730892181
2.14723515511		1.85552597046
2.15210914612		0.505741119385
2.15698313713		5.04730892181
2.16186213493		1.17555904388
2.16673803329		1.12988948822
2.17161297798		5.04730892181
2.17648911476		0.566633224487
2.18136405945		1.85045146942
2.18624615669		5.05238342285
2.19111609459		0.079493522644
2.19602513313		2.65727710724
2.20086598396		5.01178836823
2.20574116707		-0.00169658660889
2.2106180191		3.36769008636
2.21549916267		4.58554077148
2.22036910057		-0.00169658660889
2.2252509594		4.08317756653
2.23012018204		3.96646690369
2.23500204086		-0.00169658660889
2.23987102509		4.69210338593
2.24474716187		3.25605392456
2.24962306023		-0.00677108764648
2.25450611115		5.04730892181
2.25938200951		2.5405664444
2.26425004005		0.0541210174561
2.26912403107		5.04730892181
2.27400612831		1.83522796631
2.27887606621		0.510815620422
2.28375697136		5.04730892181
2.28862810135		1.16541004181
2.29350805283		1.13496398926
2.29838013649		5.04730892181
2.30326199532		0.556485176086
2.30813002586		1.85552597046
2.31300401688		5.04223537445
2.31802415848		0.0135259628296
2.32289004326		2.89069843292
2.32788610458		4.84433460236
2.3327600956		-0.00169658660889
2.33763813972		3.72289657593
2.34251403809		4.3013753891
2.34739112854		-0.00169658660889
2.35226511955		4.38763999939
2.35714006424		3.6315574646
2.36203217506		-0.00677108764648
2.36690211296		4.95089626312
2.37176704407		2.92114448547
2.37664318085		-0.00169658660889
2.38151812553		5.04730892181
2.38639497757		2.21580600739
2.39127016068		0.267245292664
2.3961520195		5.04730892181
2.40101909637		1.52061653137
2.40589594841		0.794981002808
2.41077113152		5.04730892181
2.41565299034		0.85587310791
2.42052316666		1.47494697571
2.42539906502		5.04223537445
2.4302740097		0.312914848328
2.43523311615		2.45430183411
2.4402821064		5.00671482086
2.44515299797		-0.00169658660889
2.45003199577		3.33724403381
2.45490002632		4.58554077148
2.45977711678		-0.00169658660889
2.4646551609		4.05273151398
2.46953201294		3.98676395416
2.47441506386		-0.00677108764648
2.47928214073		4.67180538177
2.48415803909		3.27127742767
2.48903107643		-0.00169658660889
2.49391317368		5.03716087341
2.4987821579		2.60145950317
2.50365900993		0.0439729690552
2.50853300095		5.04730892181
2.51341700554		1.8707485199
2.51829099655		0.505741119385
2.52316808701		5.04730892181
2.52803611755		1.19585609436
2.53291296959		1.22630310059
2.53791618347		5.04730892181
2.54278802872		0.465146064758
2.5476641655		1.98745918274
2.55254006386		5.05238342285
2.55741715431		0.0287494659424
2.56228899956		2.74861621857
2.56718301773		4.93567276001
2.57207012177		-0.00169658660889
2.57704305649		3.67215251923
2.58191895485		4.33182239532
2.5867960453		-0.00169658660889
2.59166908264		4.3521194458
2.59654712677		3.66200447083
2.60142016411		-0.00169658660889
2.60630297661		4.93059825897
2.61117315292		2.9617395401
2.6161429882		-0.00169658660889
2.62104797363		5.04223537445
2.62593197823		2.0838727951
2.6307990551		0.328137397766
2.63568496704		5.04730892181
2.64055109024		1.40390586853
2.6454269886		0.906617164612
2.65031909943		5.04730892181
2.65528917313		0.627526283264
2.66018414497		1.80478191376
2.66505408287		5.04730892181
2.66993713379		0.104865074158
2.67480707169		2.52534389496
2.67968201637		5.02701187134
2.68455910683		-0.00677108764648
2.68943214417		3.28649997711
2.69431304932		4.64135932922
2.69918417931		-0.00169658660889
2.70406508446		4.01213645935
2.70893406868		4.03243350983
2.71381616592		-0.00169658660889
2.71868610382		4.63628482819
2.72356700897		3.32709503174
2.72843813896		-0.00169658660889
2.73331904411		5.04730892181
2.73818707466		2.63698005676
2.74307918549		0.0997905731201
2.74806714058		5.04730892181
2.75294017792		1.68807125092
2.75794196129		0.723938941956
2.7628159523		5.03716087341
2.7676949501		0.942137718201
2.77256703377		1.37853431702
2.77744603157		5.04730892181
2.78231906891		0.378881454468
2.78719806671		2.11939334869
2.79207015038		5.04730892181
2.79694604874		0.00337791442871
2.80182313919		2.89069843292
2.80669498444		4.90015220642
2.81156396866		-0.00169658660889
2.81645202637		3.64678096771
2.82132816315		4.36734294891
2.82620811462		-0.00169658660889
2.8310880661		4.33182239532
2.83595609665		3.68737602234
2.8408241272		-0.00169658660889
2.84570002556		4.88492965698
2.85057711601		3.00740909576
2.85545516014		-0.00169658660889
2.86032700539		5.04730892181
2.8652100563		2.28684806824
2.87007904053		0.191129684448
2.8749601841		5.04730892181
2.87983012199		1.59165763855
2.88470602036		0.729013442993
2.88958001137		5.04223537445
2.89446306229		0.92183971405
2.89933204651		1.38360881805
2.90421009064		5.04730892181
2.90908312798		0.368732452393
2.91396617889		2.12954235077
2.91883111		5.04730892181
2.92371916771		0.00337791442871
2.92858600616		2.89069843292
2.93346714973		4.88492965698
2.93835115433		-0.00169658660889
2.94323706627		3.67722702026
2.9480881691		4.33182239532
2.95296406746		-0.00169658660889
2.95796608925		4.47390460968
2.96284008026		3.54021930695
2.96771717072		-0.00677108764648
2.97259712219		4.99149131775
2.9774711132		2.82980632782
2.98234200478		-0.00677108764648
2.98722100258		5.04730892181
2.99209403992		2.12954235077
2.99697303772		0.312914848328
3.00184512138		5.04730892181
3.00672197342		1.42927742004
3.01159596443		0.871096611023
3.01647114754		5.04223537445
3.0213470459		0.784832000732
3.02623009682		1.57136058807
3.03111314774		5.04730892181
3.03598213196		0.226650238037
3.04085016251		2.30207061768
3.04572796822		5.04223537445
3.05060315132		-0.00169658660889
3.05548501015		3.07845020294
3.06035113335		4.78851604462
3.06522917747		-0.00169658660889
3.07010507584		3.81423568726
3.07502913475		4.13899612427
3.07998299599		-0.00677108764648
3.08485817909		4.61598682404
3.08973312378		3.36769008636
3.0946149826		-0.00677108764648
3.09948611259		5.03716087341
3.10436701775		2.66235160828
3.10923504829		0.0135259628296
3.11413598061		5.04730892181
3.11898803711		1.95701313019
3.12387704849		0.449922561646
3.12873911858		5.04730892181
3.13361907005		1.26689815521
3.13848900795		1.02332782745
3.14336705208		5.04730892181
3.14823913574		0.627526283264
3.15312218666		1.74896335602
3.15799307823		5.04730892181
3.16286706924		0.0947160720825
3.16787195206		2.68264961243
3.17274403572		4.98641681671
3.1776201725		-0.00169658660889
3.18249607086		3.42858314514
3.18737506866		4.53987121582
3.19224715233		-0.00677108764648
3.19712305069		4.13899612427
3.20199799538		3.90050029755
3.20687508583		-0.00677108764648
3.21174907684		4.74284648895
3.21662712097		3.19008731842
3.22150015831		-0.00169658660889
3.22639513016		5.04730892181
3.2312669754		2.46952533722
3.23621916771		0.150534629822
3.24112796783		5.04730892181
3.24603915215		1.55613708496
3.25100398064		0.830501556396
3.25588202477		5.04730892181
3.2607550621		0.825427055359
3.26563715935		1.53076553345
3.27050709724		5.04730892181
3.27540302277		0.252021789551
3.28025913239		2.26655006409
3.28513407707		5.04223537445
3.29000806808		-0.00677108764648
3.29489302635		3.05307865143
3.29976010323		4.81896209717
3.30463910103		-0.00169658660889
3.30951213837		3.77871513367
3.3143889904		4.240483284
3.31928801537		-0.00169658660889
3.3242650032		4.59568977356
3.32913899422		3.41335964203
3.33402109146		-0.00169658660889
3.33889007568		5.02701187134
3.3437731266		2.69279766083
3.3486430645		0.0135259628296
3.35352301598		5.05238342285
3.35839414597		1.98745918274
3.363270998		0.414402008057
3.36814618111		5.05238342285
3.37301898003		1.23137664795
3.37802100182		1.14511299133
3.38289618492		5.04730892181
3.38777208328		0.551410675049
3.39264798164		1.8707485199
3.3975250721		5.04730892181
3.40241718292		0.0642700195312
3.40729117393		2.64712810516
3.41214895248		4.98641681671
3.41702795029		-0.00169658660889
3.42190217972		3.39306259155
3.4267821312		4.56524372101
3.43165206909		-0.00677108764648
3.43652915955		4.10854911804
3.44140315056		3.94109535217
3.44628715515		-0.00169658660889
3.45115613937		4.71747493744
3.45611310005		3.13426876068
3.46103096008		-0.00169658660889
3.46590900421		5.04223537445
3.47078299522		2.37818622589
3.47566509247		0.150534629822
3.48053503036		5.04730892181
3.48540902138		1.66777324677
3.49028515816		0.673195838928
3.49518013		5.04730892181
3.50003504753		0.97765827179
3.5049200058		1.33286476135
3.50978899002		5.04730892181
3.51466917992		0.414402008057
3.51953911781		2.04327774048
3.52441501617		5.04730892181
3.52929210663		0.0135259628296
3.5341861248		2.84502887726
3.53904414177		4.93059825897
3.54391908646		-0.00169658660889
3.54879117012		3.56051635742
3.55367398262		4.41808605194
3.55854511261		-0.00169658660889
3.56342196465		4.26585483551
3.56829595566		3.76856613159
3.57317614555		-0.00169658660889
3.57805204391		4.85955715179
3.58292102814		3.0124835968
3.5879240036		-0.00677108764648
3.59280109406		5.04730892181
3.59767508507		2.19550895691
3.60255002975		0.257096290588
3.60742902756		5.04730892181
3.61230111122		1.48002147675
3.61717796326		0.810203552246
3.6220510006		5.04730892181
3.62692904472		0.840649604797
3.63180303574		1.49524497986
3.63668107986		5.04730892181
3.6415541172		0.28754234314
3.64643311501		2.24117851257
3.65130400658		5.04223537445
3.65618801117		-0.00169658660889
3.66105794907		3.00233459473
3.66593813896		4.83926010132
3.67080712318		-0.00169658660889
3.67568898201		3.74826812744
3.68056106567		4.28107833862
3.68543601036		-0.00169658660889
3.69031310081		4.41808605194
3.69520711899		3.58081436157
3.70006299019		-0.00169658660889
3.70493817329		4.9610452652
3.70981311798		2.89069843292
3.71469497681		-0.00169658660889
3.71956396103		5.05238342285
3.72444105148		2.19550895691
3.72933411598		0.277394294739
3.73419809341		5.04730892181
3.73906612396		1.5003194809
3.74394798279		0.815278053284
3.74881696701		5.04730892181
3.75370001793		0.840649604797
3.75856900215		1.5003194809
3.76344609261		5.04223537445
3.76832604408		0.282468795776
3.77320313454		2.25132751465
3.77807211876		5.04223537445
3.78294610977		-0.00169658660889
3.78795099258		3.19008731842
3.79282402992		4.72762393951
3.79771399498		-0.00169658660889
3.80270600319		4.07810306549
3.80757117271		3.97661590576
3.81244301796		-0.00677108764648
3.81732916832		4.69210338593
3.82220315933		3.26620292664
3.82707905769		-0.00169658660889
3.83195495605		5.04223537445
3.83683013916		2.56593894958
3.84171009064		0.0490465164185
3.8465821743		5.03716087341
3.85145807266		1.85552597046
3.85633397102		0.510815620422
3.86120796204		5.03716087341
3.8661210537		1.10959243774
3.87108302116		1.27704620361
3.87596702576		5.04223537445
3.88084197044		0.439774513245
3.88571095467		2.01790523529
3.89058709145		5.04223537445
3.89546513557		0.0135259628296
3.90033602715		2.79936027527
3.90522003174		4.94074726105
3.91008901596		-0.00169658660889
3.91497206688		3.54529380798
3.9198410511		4.4536075592
3.92471694946		-0.00677108764648
3.92959213257		4.23033428192
3.93447208405		3.80408668518
3.93934202194		-0.00677108764648
3.94422006607		4.82403659821
3.94909405708		3.10382270813
3.95397615433		-0.00169658660889
3.95884418488		5.04730892181
3.96372199059		2.38833522797
3.96859908104		0.125163078308
3.97347903252		5.04730892181
3.97835016251		1.67792224884
3.9832470417		0.668121337891
3.98809814453		5.04730892181
3.99297308922		0.967509269714
3.99785208702		1.28719520569
4.00272607803		5.04730892181
4.00760316849		0.434700012207
4.0124771595		2.01790523529
4.01735305786		5.04730892181
4.02222704887		0.0186004638672
4.02710700035		2.79428577423
4.03198599815		4.94074726105
4.03685808182		-0.00677108764648
4.04173111916		3.55036830902
4.04660797119		4.44345855713
4.0514819622		-0.00677108764648
4.05635905266		4.24555778503
4.06123209		3.79901218414
4.06618309021		-0.00169658660889
4.07111096382		4.95089626312
4.07603096962		2.87547588348
4.08098506927		-0.00169658660889
4.0858631134		5.05238342285
4.09073901176		2.05850028992
4.09561896324		0.358584403992
4.10048699379		5.05238342285
4.10536599159		1.3633108139
4.11023902893		0.926914215088
4.11512207985		5.04730892181
4.11999201775		0.723938941956
4.12487316132		1.64240169525
4.12974095345		5.04730892181
4.13462305069		0.196204185486
4.13949513435		2.37311172485
4.14437508583		5.04730892181
4.14924502373		-0.00677108764648
4.15412712097		3.15964031219
4.15899515152		4.74284648895
4.16387414932		-0.00169658660889
4.16874814034		3.89035129547
4.17362999916		4.14406967163
4.17849707603		-0.00169658660889
4.18339705467		4.58046627045
4.18837404251		3.28649997711
4.19325709343		-0.00169658660889
4.19812607765		5.04730892181
4.20300197601		2.54564094543
4.20800304413		0.0997905731201
4.21287918091		5.04730892181
4.21787905693		1.57643508911
4.22275400162		0.744236946106
4.22763299942		5.04730892181
4.23250603676		0.911691665649
4.23738217354		1.41405487061
4.24225902557		5.04730892181
4.24713206291		0.328137397766
4.2520070076		2.14983940125
4.2568860054		5.04730892181
4.26175904274		-0.00169658660889
4.26664018631		2.93636798859
4.27153801918		4.85955715179
4.27638912201		-0.00169658660889
4.28126215935		3.66707897186
4.28617405891		4.28615283966
4.29113817215		-0.00169658660889
4.29605007172		4.52972316742
4.30101513863		3.35246753693
4.30589604378		-0.00169658660889
4.310765028		5.03716087341
4.31564307213		2.64712810516
4.32051706314		0.0186004638672
4.3253929615		5.04730892181
4.33028411865		1.91641807556
4.33515405655		0.454997062683
4.34002017975		5.04730892181
4.34489512444		1.2516746521
4.3497710228		1.03855037689
4.35465216637		5.04730892181
4.35952305794		0.622451782227
4.3643989563		1.78448390961
4.36927509308		5.05238342285
4.37415504456		0.125163078308
4.37902402878		2.51012039185
4.3839070797		5.0219373703
4.38877511024		-0.00169658660889
4.3936560154		3.28649997711
4.39852595329		4.6616563797
4.40340900421		-0.00169658660889
4.40827798843		4.00706195831
4.413159132		4.03750801086
4.41803002357		-0.00677108764648
4.42290306091		4.72254943848
4.42790818214		3.18501281738
4.43278312683		-0.00677108764648
4.43765616417		5.04223537445
4.44254803658		2.45430183411
4.44742512703		0.0997905731201
4.45228409767		5.04730892181
4.45716094971		1.76418685913
4.46203398705		0.576782226562
4.46691203117		5.04730892181
4.47178697586		1.08421993256
4.47666406631		1.20600509644
4.48153614998		5.04730892181
4.48642015457		0.490517616272
4.49129009247		1.93671607971
4.49617195129		5.04730892181
4.50104117393		0.0439729690552
4.50591516495		2.69279766083
4.51079010963		4.98134231567
4.51567316055		-0.00677108764648
4.52054214478		3.45395469666
4.52541899681		4.51957416534
4.53029417992		-0.00169658660889
4.53517508507		4.19481372833
4.54004406929		3.8802022934
4.54492807388		-0.00169658660889
4.54979705811		4.76821899414
4.5546810627		3.16978931427
4.55955004692		-0.00677108764648
4.56442403793		5.04223537445
4.56929802895		2.47459983826
4.57417917252		0.0896415710449
4.57905006409		5.04730892181
4.58392596245		1.76418685913
4.58879995346		0.5818567276
4.59368395805		5.04730892181
4.59855318069		1.08421993256
4.60343503952		1.22122859955
4.60830402374		5.04730892181
4.61318612099		0.490517616272
4.61805605888		1.94178962708
4.62292909622		5.04730892181
4.62793207169		0.00337791442871
4.6328060627		2.87547588348
4.63768696785		4.89507770538
4.64256000519		-0.00169658660889
4.64744997025		3.67215251923
4.65230798721		4.34197044373
4.65718603134		-0.00677108764648
4.66206002235		4.32167339325
4.66693902016		3.70767402649
4.67181301117		-0.00169658660889
4.67668795586		4.89507770538
4.68156313896		3.0124835968
4.68643903732		-0.00677108764648
4.6913151741		5.04223537445
4.69619607925		2.29699611664
4.70106601715		0.180980682373
4.70594596863		5.04730892181
4.71081614494		1.60688114166
4.71569800377		0.729013442993
4.72056818008		5.04730892181
4.72544312477		0.931988716125
4.73033595085		1.40898036957
4.73519611359		5.04730892181
4.7400701046		0.368732452393
4.74494695663		2.12954235077
4.74981999397		5.04730892181
4.75470399857		0.00337791442871
4.75957512856		2.90592193604
4.76444816589		4.89507770538
4.76932501793		-0.00169658660889
4.77420496941		3.64678096771
4.77907514572		4.36734294891
4.78395414352		-0.00169658660889
4.78883314133		4.32674789429
4.79370903969		3.69752502441
4.79857707024		-0.00169658660889
4.80346012115		4.9103012085
4.80832195282		3.00233459473
4.81319618225		-0.00169658660889
4.81808304787		5.04730892181
4.82295417786		2.25640106201
4.82783699036		0.191129684448
4.83270597458		5.04730892181
4.83760309219		1.57136058807
4.84246206284		0.729013442993
4.84735107422		5.04730892181
4.85221004486		0.911691665649
4.85708713531		1.39883136749
4.86196208		5.04730892181
4.86683917046		0.363657951355
4.87171411514		2.13461589813
4.87658905983		5.04730892181
4.88146400452		0.00337791442871
4.8863401413		2.900847435
4.89121508598		4.90015220642
4.89613199234		-0.00169658660889
4.90109109879		3.81423568726
4.90596699715		4.22018527985
4.91084218025		-0.00677108764648
4.91572499275		4.47390460968
4.9205930233		3.54021930695
4.9254720211		-0.00677108764648
4.93034601212		4.99149131775
4.93522715569		2.79936027527
4.9401011467		-0.00677108764648
4.9449801445		5.04730892181
4.94984912872		2.11939334869
4.95473217964		0.312914848328
4.95960116386		5.04730892181
4.96447610855		1.41405487061
4.96935200691		0.871096611023
4.97423410416		5.04730892181
4.97909998894		0.78990650177
4.98397803307		1.56628608704
4.98885202408		5.04730892181
4.99373412132		0.24187374115
4.99860215187		2.31221961975
