0.000128030776978		2.37818622589
0.00471711158752		3.13426876068
0.00821995735168		1.81493091583
0.011589050293		3.23068237305
0.0149600505829		1.78955841064
0.0183410644531		3.27635097504
0.021714925766		1.75911235809
0.0250859260559		3.28649997711
0.0284650325775		1.72866630554
0.0318460464478		3.32709503174
0.0352120399475		1.70836830139
0.0385899543762		3.34739303589
0.0419700145721		1.66777324677
0.0453379154205		3.3727645874
0.0487129688263		1.64747619629
0.0520939826965		3.41335964203
0.0554640293121		1.6221036911
0.0588419437408		3.42858314514
0.0622189044952		1.59165763855
0.0655899047852		3.45395469666
0.0689990520477		1.55106258392
0.0724740028381		3.54529380798
0.0758440494537		1.47494697571
0.0792179107666		3.56051635742
0.0825951099396		1.45464992523
0.0859689712524		3.58081436157
0.089348077774		1.44450092316
0.0927200317383		3.60111141205
0.0960960388184		1.42420387268
0.0994710922241		3.62648391724
0.102981090546		1.38360881805
0.106353998184		3.66707897186
0.109730005264		1.38360881805
0.11310505867		3.67215251923
0.116478919983		1.37345981598
0.11986207962		3.68737602234
0.12323307991		1.37853431702
0.126605033875		3.69245052338
0.129987001419		1.37853431702
0.133357048035		3.69245052338
0.136735916138		1.37853431702
0.14023399353		3.6823015213
0.143607139587		1.39883136749
0.146982908249		3.67722702026
0.150365114212		1.40390586853
0.153734922409		3.66707897186
0.157109022141		1.41405487061
0.160494089127		3.65692996979
0.163861036301		1.41912937164
0.167237043381		3.64170646667
0.1706199646		1.43435192108
0.173994064331		3.62648391724
0.177361965179		1.44450092316
0.180738925934		3.61633491516
0.184112071991		1.45972442627
0.187488079071		3.59603691101
0.19087100029		1.48002147675
0.194240093231		3.58588886261
0.197618961334		1.49524497986
0.201002120972		3.55544185638
0.20436501503		1.5104675293
0.20774102211		3.54021930695
0.21121096611		1.59673213959
0.214617967606		3.44380569458
0.217992067337		1.63732719421
0.22137093544		3.41335964203
0.224745035172		1.66777324677
0.228116989136		3.38798809052
0.231496095657		1.70329380035
0.234869003296		3.35246753693
0.23824596405		1.72866630554
0.241621017456		3.3220205307
0.244995117188		1.75911235809
0.248373985291		3.29157447815
0.251748085022		1.79463291168
0.255120038986		3.2611284256
0.258496999741		1.8200044632
0.261873960495		3.22560787201
0.265245914459		1.85552597046
0.268623113632		3.19008731842
0.272001028061		1.89612102509
0.275372982025		3.13934326172
0.278755903244		1.95701313019
0.282253980637		2.97696304321
0.285627126694		2.0838727951
0.289000988007		2.93636798859
0.292382955551		2.12954235077
0.295753002167		2.89069843292
0.299128055573		2.1701374054
0.302505016327		2.8501033783
0.305877923965		2.20058345795
0.309253931046		2.80950832367
0.312633037567		2.24117851257
0.316004037857		2.76891326904
0.319380044937		2.28684806824
0.322756052017		2.72831821442
0.326131105423		2.32236862183
0.32950592041		2.62175655365
0.333008050919		2.50504589081
0.336383104324		2.52026939392
0.339765071869		2.58116149902
0.34326004982		2.33759117126
0.346632957458		2.71817016602
0.35001707077		2.2919216156
0.353384017944		2.75876522064
0.356760978699		2.22595500946
0.360268115997		2.93636798859
0.363635063171		2.0838727951
0.367010116577		2.9617395401
0.370393037796		2.03820323944
0.373760938644		3.00233459473
0.37713599205		2.01283168793
0.380512952805		3.04292964935
0.383893966675		1.95701313019
0.38726401329		3.08352470398
0.390643119812		1.93164157867
0.394014120102		3.11904525757
0.397388935089		1.89612102509
0.400772094727		3.17486381531
0.404266119003		1.75911235809
0.407639980316		3.29157447815
0.411023139954		1.7235918045
0.414391040802		3.3220205307
0.417768955231		1.69822025299
0.421193122864		3.38798809052
0.424642086029		1.58658313751
0.428020000458		3.46410369873
0.431396961212		1.55613708496
0.434767007828		3.47932624817
0.438143968582		1.54091453552
0.441520929337		3.50469875336
0.444894075394		1.51554203033
0.448271989822		3.52499580383
0.451647996902		1.49017047882
0.455022096634		3.54529380798
0.458396911621		1.47494697571
0.461775064468		3.56559085846
0.465148925781		1.45464992523
0.468522071838		3.57573986053
0.471899032593		1.44450092316
0.475275039673		3.60111141205
0.478650093079		1.42927742004
0.482032060623		3.6214094162
0.485399961472		1.40898036957
0.488786935806		3.63663196564
0.492276906967		1.38360881805
0.495651960373		3.67722702026
0.499027013779		1.38360881805
0.502404928207		3.6823015213
0.505795955658		1.37853431702
0.509278059006		3.69245052338
0.51265501976		1.38868236542
0.516030073166		3.69245052338
0.519402980804		1.39375686646
0.522906064987		3.65692996979
0.5262799263		1.42420387268
0.529664039612		3.63663196564
0.533030986786		1.43942642212
0.536406040192		3.62648391724
0.539789915085		1.45972442627
0.543283939362		3.55544185638
0.546658039093		1.52061653137
0.550040006638		3.54021930695
0.553410053253		1.54091453552
0.556785106659		3.51484680176
0.560168027878		1.56628608704
0.563537120819		3.48947525024
0.566910028458		1.59165763855
0.570292949677		3.46410369873
0.573662996292		1.61703014374
0.577035903931		3.44380569458
0.580413103104		1.64240169525
0.583787918091		3.41843414307
0.587163925171		1.6728477478
0.590549945831		3.37783908844
0.593919992447		1.70329380035
0.597290039062		3.35246753693
0.600673913956		1.74388885498
0.604042053223		3.3220205307
0.607415914536		1.76418685913
0.610800027847		3.25605392456
0.61429309845		1.89612102509
0.617667913437		3.13934326172
0.621042966843		1.94178962708
0.624419927597		3.09874820709
0.627794027328		1.9722366333
0.631233930588		2.98203754425
0.63467001915		2.13461589813
0.638045072556		2.88055038452
0.641421079636		2.17521095276
0.644794940948		2.8399553299
0.648170948029		2.20565795898
0.651549100876		2.79936027527
0.65492105484		2.25132751465
0.658298015594		2.76383876801
0.661679029465		2.30207061768
0.66504907608		2.71817016602
0.66842508316		2.3426656723
0.67180109024		2.67757511139
0.675173997879		2.38326072693
0.678549051285		2.63698005676
0.681927919388		2.43400478363
0.685306072235		2.5913105011
0.688674926758		2.46445083618
0.692052125931		2.56086444855
0.695425987244		2.51012039185
0.698818922043		2.47967433929
0.702304124832		2.67757511139
0.705677986145		2.3426656723
0.709053039551		2.72831821442
0.712431907654		2.2919216156
0.715804100037		2.76383876801
0.719178915024		2.25640106201
0.722557067871		2.80950832367
0.725930929184		2.21580600739
0.729306936264		2.84502887726
0.732696056366		2.14476490021
0.736184120178		3.00740909576
0.739557027817		1.96208763123
0.743058919907		3.16471481323
0.746433973312		1.85045146942
0.749819040298		3.22560787201
0.753309965134		1.71851730347
0.756685018539		3.32709503174
0.760066986084		1.69314575195
0.763436079025		3.35754108429
0.766812086105		1.66269874573
0.77019405365		3.38291358948
0.773562908173		1.63225269318
0.77693605423		3.41335964203
0.780313968658		1.60688114166
0.783689022064		3.43873119354
0.787065029144		1.57643508911
0.79045009613		3.46917819977
0.793946027756		1.49017047882
0.797316074371		3.54529380798
0.80069899559		1.46987247467
0.80406999588		3.56559085846
0.80744099617		1.44957542419
0.810826063156		3.60111141205
0.814317941666		1.39883136749
0.817691087723		3.65185546875
0.821111917496		1.38868236542
0.82457113266		3.68737602234
0.827944993973		1.37853431702
0.831326007843		3.69245052338
0.834693908691		1.37853431702
0.838071107864		3.69752502441
0.841448068619		1.37853431702
0.844823122025		3.69245052338
0.848196029663		1.38360881805
0.851572990417		3.69752502441
0.854948997498		1.38868236542
0.858324050903		3.68737602234
0.861700057983		1.38868236542
0.865072965622		3.6823015213
0.868448972702		1.39883136749
0.871827125549		3.67722702026
0.875200033188		1.40390586853
0.878576993942		3.66707897186
0.881953954697		1.41405487061
0.885327100754		3.65692996979
0.888700962067		1.42420387268
0.892077922821		3.64170646667
0.895452022552		1.43942642212
0.898828029633		3.62648391724
0.902205944061		1.44957542419
0.905579090118		3.61126041412
0.908958911896		1.46479797363
0.912331104279		3.58081436157
0.915837049484		1.55613708496
0.919332027435		3.4336566925
0.922711133957		1.65762519836
0.926080942154		3.40321063995
0.929456949234		1.73374080658
0.932960033417		3.26620292664
0.936331987381		1.80985641479
0.939716100693		3.23068237305
0.94308590889		1.84537696838
0.946460962296		3.20023536682
0.949841976166		1.90119457245
0.953334093094		3.04292964935
0.956710100174		2.02805423737
0.960092067719		2.98711204529
0.963459968567		2.05850028992
0.966835021973		2.94651699066
0.970219135284		2.10924434662
0.973587989807		2.91099643707
0.976962089539		2.14476490021
0.980339050293		2.86532688141
0.983715057373		2.18535995483
0.987088918686		2.82980632782
0.990473985672		2.23610401154
0.993839979172		2.79428577423
0.997215032578		2.26147556305
1.0005979538		2.73339271545
1.00396704674		2.30714511871
1.00734090805		2.7029466629
1.01072406769		2.35788917542
1.01409912109		2.66235160828
1.01747202873		2.393409729
1.0208439827		2.63190555573
1.0242190361		2.43400478363
1.02759504318		2.5913105011
1.03097701073		2.48474884033
1.0343439579		2.5405664444
1.03772306442		2.52026939392
1.04118299484		2.40863323212
1.04459810257		2.69787216187
1.04797101021		2.32236862183
1.05137395859		2.76891326904
1.0548479557		2.15491390228
1.05822300911		2.900847435
1.06160092354		2.10416984558
1.0649740696		2.94144248962
1.06835007668		2.06357479095
1.07172703743		2.98203754425
1.07509994507		2.0331287384
1.07847595215		3.02263259888
1.08185601234		1.96716213226
1.08535313606		3.17993831635
1.08872890472		1.84537696838
1.09210395813		3.20530986786
1.09547710419		1.81493091583
1.09885191917		3.24083042145
1.1022310257		1.77433586121
1.10560512543		3.26620292664
1.10897898674		1.74388885498
1.11235713959		3.30679798126
1.11573004723		1.71851730347
1.11910891533		3.34231853485
1.12248206139		1.68299674988
1.12585711479		3.35754108429
1.12923192978		1.65762519836
1.13261198997		3.39306259155
1.13598299026		1.63732719421
1.13935899734		3.41843414307
1.14273309708		1.60688114166
1.14610791206		3.44380569458
1.14948391914		1.561211586
1.15298700333		3.53514480591
1.15635895729		1.49017047882
1.1597430706		3.55544185638
1.16311097145		1.46479797363
1.16648793221		3.56559085846
1.16987013817		1.43942642212
1.17336392403		3.63663196564
1.17673897743		1.39375686646
1.18011403084		3.65185546875
1.18348813057		1.39375686646
1.186866045		3.66200447083
1.19024610519		1.38868236542
1.19361495972		3.67215251923
1.19698905945		1.37853431702
1.20037293434		3.6823015213
1.20386695862		1.37853431702
1.20724105835		3.69752502441
1.21062493324		1.37853431702
1.21399092674		3.69245052338
1.21737003326		1.38360881805
1.220744133		3.68737602234
1.22412490845		1.39375686646
1.22749495506		3.6823015213
1.23087096214		1.39883136749
1.23424696922		3.67722702026
1.23762106895		1.40390586853
1.24100208282		3.66707897186
1.24437212944		1.41405487061
1.24774694443		3.65185546875
1.25116991997		1.43942642212
1.25462198257		3.58588886261
1.25799894333		1.49017047882
1.26137804985		3.5706653595
1.26474809647		1.5003194809
1.26812291145		3.55036830902
1.27150201797		1.52061653137
1.27487707138		3.53514480591
1.27824997902		1.54091453552
1.28162908554		3.50469875336
1.28500008583		1.56628608704
1.28837800026		3.48440074921
1.29175710678		1.59673213959
1.29512810707		3.46410369873
1.29850411415		1.61703014374
1.30188012123		3.4336566925
1.30525398254		1.65255069733
1.30863213539		3.41335964203
1.3120059967		1.67792224884
1.31538009644		3.38291358948
1.31875705719		1.69822025299
1.32213306427		3.34739303589
1.32550597191		1.73881530762
1.3288860321		3.31694602966
1.33225893974		1.77433586121
1.33563303947		3.28142547607
1.33900713921		1.80478191376
1.34238409996		3.25097942352
1.34575891495		1.83522796631
1.34913492203		3.21545886993
1.35251092911		1.86567401886
1.35588812828		3.16978931427
1.35926103592		1.90626907349
1.36264109612		3.12411975861
1.36601209641		1.94178962708
1.36938810349		3.09367370605
1.37276411057		1.98745918274
1.37627005577		2.91607093811
1.37967205048		2.1701374054
1.38314008713		2.7536907196
1.38651299477		2.30207061768
1.38989710808		2.67757511139
1.39338898659		2.47967433929
1.39676499367		2.5405664444
1.40014910698		2.53549194336
1.40351605415		2.49997138977
1.40689301491		2.56593894958
1.41027402878		2.44922733307
1.41364598274		2.61160755157
1.4170191288		2.41878128052
1.42039394379		2.6522026062
1.42376995087		2.37311172485
1.42714500427		2.68772315979
1.43052697182		2.32236862183
1.4339029789		2.76891326904
1.43739509583		2.15998840332
1.44077706337		2.91607093811
1.44414806366		2.10924434662
1.4475209713		2.93636798859
1.45090413094		2.04835224152
1.45439791679		3.09874820709
1.45777392387		1.91641807556
1.46123313904		3.2103843689
1.46465396881		1.77433586121
1.4680249691		3.27635097504
1.47140192986		1.74388885498
1.47477412224		3.30679798126
1.47815299034		1.70836830139
1.4815299511		3.33724403381
1.48490309715		1.68807125092
1.48827695847		3.36261558533
1.49165391922		1.65762519836
1.49502801895		3.38798809052
1.49840307236		1.63225269318
1.50178098679		3.4235086441
1.50515508652		1.60688114166
1.50853013992		3.44380569458
1.51190805435		1.57136058807
1.51528096199		3.46410369873
1.51865696907		1.55106258392
1.52203392982		3.48947525024
1.52540802956		1.53584003448
1.52878594398		3.50977325439
1.53216004372		1.5104675293
1.53553295135		3.53007030487
1.5389149189		1.46987247467
1.54241299629		3.60618591309
1.54578399658		1.41912937164
1.54916000366		3.61633491516
1.55253696442		1.40898036957
1.55591106415		3.63663196564
1.55928707123		1.40390586853
1.56266713142		3.64678096771
1.56604003906		1.38868236542
1.56942009926		3.67215251923
1.57291507721		1.37853431702
1.57628703117		3.69245052338
1.57967090607		1.37345981598
1.58303904533		3.69245052338
1.58641409874		1.37345981598
1.58979892731		3.69752502441
1.59316706657		1.38360881805
1.59653902054		3.69752502441
1.59992408752		1.38868236542
1.6034181118		3.66200447083
1.60679292679		1.41405487061
1.61017608643		3.65185546875
1.6135430336		1.42420387268
1.61691904068		3.64170646667
1.62029409409		1.43942642212
1.6236679554		3.6214094162
1.62704491615		1.45464992523
1.63042807579		3.60111141205
1.6337890625		1.46479797363
1.63716197014		3.59096240997
1.64054203033		1.48002147675
1.64392709732		3.56051635742
1.6474211216		1.57136058807
1.65080499649		3.48440074921
1.65417313576		1.59673213959
1.65754795074		3.45902919769
1.6609249115		1.62717819214
1.66429901123		3.43873119354
1.66767311096		1.64747619629
1.67105197906		3.40321063995
1.6744260788		1.67792224884
1.67780208588		3.37783908844
1.68120908737		1.73881530762
1.68467593193		3.23575687408
1.68805193901		1.84537696838
1.69142913818		3.20023536682
1.6948029995		1.87582302094
1.69817709923		3.16471481323
1.70155501366		1.91641807556
1.70493292809		3.12411975861
1.70830392838		1.94178962708
1.7116830349		3.07845020294
1.71505498886		1.9823846817
1.71843099594		3.04800415039
1.7218079567		2.02297973633
1.72517991066		3.00233459473
1.72855591774		2.05850028992
1.73193907738		2.92114448547
1.73543405533		2.22595500946
1.73880910873		2.78413677216
1.74218511581		2.26147556305
1.74555802345		2.74354171753
1.74893903732		2.33759117126
1.75243592262		2.57608699799
1.75580906868		2.48474884033
1.75918602943		2.5405664444
1.76256299019		2.53041744232
1.76593613625		2.49489688873
1.76931190491		2.56593894958
1.77268910408		2.45430183411
1.77606296539		2.61160755157
1.7794380188		2.37311172485
1.78294110298		2.78921127319
1.78634095192		2.20565795898
1.78982400894		2.9617395401
1.79319000244		2.06357479095
1.79656505585		2.99218654633
1.79994797707		1.99253368378
1.80344104767		3.14441776276
1.80681705475		1.87582302094
1.81019902229		3.19008731842
1.81356692314		1.84030246735
1.81694602966		3.2103843689
1.82032108307		1.80478191376
1.82369494438		3.25097942352
1.82706904411		1.77433586121
1.83045101166		3.28649997711
1.8338201046		1.73881530762
1.83719611168		3.3118724823
1.84057807922		1.70329380035
1.84394693375		3.34231853485
1.84732294083		1.67792224884
1.8507039547		3.36261558533
1.85407590866		1.65255069733
1.85745000839		3.39813613892
1.8608250618		1.62717819214
1.86419796944		3.41843414307
1.86757493019		1.59673213959
1.87095808983		3.46410369873
1.87444996834		1.50539302826
1.87782597542		3.53514480591
1.88127994537		1.44450092316
1.88470196724		3.60618591309
1.88807702065		1.41912937164
1.89145612717		3.6214094162
1.89482808113		1.40898036957
1.89820313454		3.64170646667
1.9015789032		1.39375686646
1.90495610237		3.65185546875
1.90832996368		1.38868236542
1.91170597076		3.66200447083
1.91508102417		1.38360881805
1.91845798492		3.66707897186
1.92183303833		1.38360881805
1.92520713806		3.67722702026
1.92858195305		1.37853431702
1.9319601059		3.69245052338
1.93533301353		1.37853431702
1.93870902061		3.69245052338
1.94208598137		1.36838531494
1.94545912743		3.69245052338
1.94883608818		1.38360881805
1.95221209526		3.69752502441
1.95558595657		1.38360881805
1.95896697044		3.68737602234
1.96246314049		1.40898036957
1.96583795547		3.66200447083
1.96921300888		1.41912937164
1.97259402275		3.64678096771
1.97596311569		1.42420387268
1.97933912277		3.63663196564
1.98271512985		1.44450092316
1.98608994484		3.62648391724
1.98946690559		1.46987247467
1.99296998978		3.54529380798
1.99634003639		1.53076553345
1.99972391129		3.52499580383
2.00309205055		1.55106258392
2.00646901131		3.49962425232
2.0098490715		1.57643508911
2.01321697235		3.47932624817
2.01659297943		1.59673213959
2.01997613907		3.43873119354
2.02346992493		1.71851730347
2.02684497833		3.33216953278
2.03022909164		1.75403785706
2.03359699249		3.30172348022
2.03697299957		1.78448390961
2.04035592079		3.2611284256
2.04372096062		1.80985641479
2.04709792137		3.23575687408
2.05047893524		1.85552597046
2.05384993553		3.19516181946
2.05722403526		1.88597202301
2.06060004234		3.15456676483
2.06398105621		1.94178962708
2.06747603416		2.99218654633
2.07085800171		2.07372379303
2.07422494888		2.9617395401
2.07760000229		2.10416984558
2.08097910881		2.90592193604
2.08435201645		2.14983940125
2.0877289772		2.86025238037
2.0911450386		2.2310295105
2.09460306168		2.69279766083
2.09797692299		2.36296367645
2.10136294365		2.6420545578
2.10485696793		2.5405664444
2.10823202133		2.4898223877
2.11160492897		2.58116149902
2.11498093605		2.44415378571
2.11835503578		2.62175655365
2.12173295021		2.39848423004
2.12510490417		2.66742610931
2.12848305702		2.36296367645
2.1318590641		2.70802116394
2.13523411751		2.31729412079
2.13861012459		2.7536907196
2.14198613167		2.27162456512
2.14535999298		2.78413677216
2.14873504639		2.2310295105
2.15211105347		2.82473182678
2.15548610687		2.19043445587
2.15885901451		2.87040138245
2.16224002838		2.14476490021
2.16561293602		2.91099643707
2.16899609566		2.06864929199
2.17249011993		3.06830215454
2.17586398125		1.94686412811
2.17923903465		3.10382270813
2.18261909485		1.90626907349
2.18599104881		3.14441776276
2.18936491013		1.87582302094
2.19273996353		3.17486381531
2.19611501694		1.84030246735
2.19949102402		3.25097942352
2.20299601555		1.68299674988
2.20649194717		3.4235086441
2.20987510681		1.59165763855
2.21324300766		3.44888019562
2.21661901474		1.57136058807
2.22000098228		3.48947525024
2.22349500656		1.48002147675
2.22687005997		3.56051635742
2.23024702072		1.45972442627
2.23362207413		3.58081436157
2.23699593544		1.43942642212
2.24037790298		3.60111141205
2.24374699593		1.42420387268
2.24712204933		3.60618591309
2.25050497055		1.41912937164
2.25387501717		3.62648391724
2.25724697113		1.40390586853
2.26062512398		3.64170646667
2.26399898529		1.39883136749
2.2673740387		3.65692996979
2.27075695992		1.38868236542
2.27414512634		3.66707897186
2.27762699127		1.37345981598
2.28100609779		3.69752502441
2.28450298309		1.38868236542
2.28787899017		3.68737602234
2.29125809669		1.39375686646
2.29463100433		3.67722702026
2.29800391197		1.39883136749
2.30137991905		3.67215251923
2.30488801003		1.44957542419
2.3082549572		3.61633491516
2.31163191795		1.45464992523
2.31500697136		3.59603691101
2.31838107109		1.48002147675
2.32175803185		3.58081436157
2.32513213158		1.49524497986
2.32850694656		3.56051635742
2.33188605309		1.51554203033
2.33525800705		3.54529380798
2.33863306046		1.53076553345
2.34201097488		3.5199213028
2.34538698196		1.55613708496
2.3487610817		3.49962425232
2.35213804245		1.58150959015
2.35551190376		3.47425174713
2.35888791084		1.60688114166
2.36226391792		3.44888019562
2.36563611031		1.62717819214
2.36901307106		3.4235086441
2.37239003181		1.66269874573
2.37576413155		3.39813613892
2.37914395332		1.69822025299
2.38251709938		3.36261558533
2.38588905334		1.71851730347
2.38926410675		3.33216953278
2.3926949501		1.80478191376
2.39614605904		3.14949226379
2.39969611168		2.05850028992
2.40314602852		2.88562393188
2.40652108192		2.1701374054
2.40990495682		2.8399553299
2.41339707375		2.34774017334
2.41677308083		2.66235160828
2.42015600204		2.42385578156
2.42364692688		2.49997138977
2.42702412605		2.5913105011
2.43053102493		2.31729412079
2.43402600288		2.86532688141
2.43739891052		2.15491390228
2.44078612328		2.92114448547
2.44427609444		1.9722366333
2.44777607918		3.17486381531
2.45124006271		1.75911235809
2.454652071		3.3118724823
2.45802903175		1.68299674988
2.46152901649		3.42858314514
2.4649040699		1.59165763855
2.46827697754		3.45395469666
2.4717810154		1.49524497986
2.47515511513		3.54021930695
2.47853112221		1.47494697571
2.48190903664		3.56559085846
2.48528790474		1.44957542419
2.48878598213		3.62648391724
2.49216008186		1.39375686646
2.49565911293		3.67722702026
2.49903297424		1.38360881805
2.50253510475		3.69245052338
2.50590896606		1.37853431702
2.50928497314		3.69245052338
2.51266098022		1.37853431702
2.51603507996		3.68737602234
2.51953411102		1.42420387268
2.52303600311		3.60111141205
2.52653503418		1.52061653137
2.52991700172		3.52499580383
2.53328704834		1.54598808289
2.53667998314		3.49454975128
2.54017305374		1.68299674988
2.54366493225		3.29664897919
2.54703903198		1.77940940857
2.55042099953		3.26620292664
2.55379009247		1.81493091583
2.55716395378		3.23068237305
2.56054592133		1.85552597046
2.5640411377		3.03785610199
2.56753993034		2.11939334869
2.57092404366		2.89577293396
2.5742919445		2.15998840332
2.57766795158		2.85517787933
2.58104300499		2.22088050842
2.5845451355		2.68772315979
2.58791804314		2.36803817749
2.59132599831		2.60653305054
2.59479594231		2.54564094543
2.59817194939		2.47459983826
2.60154891014		2.59638500214
2.60491991043		2.43400478363
2.60829591751		2.63190555573
2.61167311668		2.38833522797
2.61504793167		2.71309566498
2.61855101585		2.21580600739
2.62192702293		2.84502887726
2.62529802322		2.17521095276
2.6286740303		2.88562393188
2.63205099106		2.10416984558
2.63554906845		3.04292964935
2.63892602921		1.96208763123
2.64230203629		3.08352470398
2.64568996429		1.91641807556
2.64917707443		3.23068237305
2.65255403519		1.78448390961
2.65592813492		3.26620292664
2.65930199623		1.76418685913
2.66267991066		3.29664897919
2.66605305672		1.7235918045
2.66942811012		3.34231853485
2.67293095589		1.6119556427
2.67630410194		3.44380569458
2.67980599403		1.50539302826
2.68318104744		3.53007030487
2.68655705452		1.49017047882
2.68994092941		3.55544185638
2.69343400002		1.42420387268
2.69681406021		3.6214094162
2.70031309128		1.37853431702
2.70380806923		3.69245052338
2.70718407631		1.37853431702
2.71056699753		3.69752502441
2.7139351368		1.37853431702
2.71730899811		3.69245052338
2.72069191933		1.38360881805
2.72405195236		3.68737602234
2.7275519371		1.40898036957
2.7309319973		3.66200447083
2.73431491852		1.41405487061
2.73768496513		3.65185546875
2.74109792709		1.43942642212
2.74456095695		3.59096240997
2.74793696404		1.48509597778
2.75132203102		3.56051635742
2.7546889782		1.50539302826
2.7580640316		3.55036830902
2.76144003868		1.52569103241
2.76481294632		3.53007030487
2.76818990707		1.54598808289
2.7715690136		3.50469875336
2.77494096756		1.57136058807
2.77831602097		3.48947525024
2.78170800209		1.6119556427
2.78519201279		3.36769008636
2.78856611252		1.71344280243
2.7919459343		3.33216953278
2.79531693459		1.73881530762
2.79869413376		3.30679798126
2.80207705498		1.79970741272
2.80556797981		3.15456676483
2.8089621067		1.93671607971
2.8124461174		2.98203754425
2.81582093239		2.07879829407
2.81919503212		2.94651699066
2.82257509232		2.11431884766
2.82594799995		2.900847435
2.82932090759		2.14476490021
2.83270311356		2.85517787933
2.83607292175		2.22088050842
2.83957290649		2.6522026062
2.84307408333		2.53041744232
2.84657406807		2.39848423004
2.84995603561		2.68772315979
2.85332608223		2.3426656723
2.85671710968		2.73846721649
2.86020803452		2.12954235077
2.86370301247		3.00740909576
2.86707806587		1.9823846817
2.87058496475		3.16978931427
2.87395310402		1.85552597046
2.87732791901		3.19516181946
2.88070511818		1.81493091583
2.88408207893		3.25605392456
2.88758111		1.68807125092
2.89096093178		3.36261558533
2.89433097839		1.65762519836
2.8977060318		3.38798809052
2.90112113953		1.60688114166
2.90458393097		3.48947525024
2.90796303749		1.53076553345
2.91134190559		3.51484680176
2.91471004486		1.50539302826
2.91808390617		3.53514480591
2.92146205902		1.49017047882
2.92483401299		3.55036830902
2.92820906639		1.46479797363
2.93158698082		3.56559085846
2.93496012688		1.45464992523
2.93833708763		3.58588886261
2.94172906876		1.43435192108
2.94521403313		3.64678096771
2.94859194756		1.38360881805
2.95196509361		3.66200447083
2.9553399086		1.38360881805
2.95871496201		3.67722702026
2.96209096909		1.37853431702
2.96546292305		3.67722702026
2.96886396408		1.37345981598
2.97234296799		3.69752502441
2.97584009171		1.39883136749
2.97921609879		3.67722702026
2.98259592056		1.40390586853
2.98609495163		3.61126041412
2.98959207535		1.53076553345
2.99309301376		3.47932624817
2.99646806717		1.60180664062
2.99985003471		3.44380569458
3.00321912766		1.63225269318
3.00659513474		3.4235086441
3.00997710228		1.66777324677
3.01335096359		3.39306259155
3.01673698425		1.69822025299
3.02022910118		3.22053337097
3.02372097969		1.93164157867
3.02709698677		3.07845020294
3.03060507774		2.08894729614
3.03397202492		2.93129348755
3.03734898567		2.12954235077
3.04073309898		2.88055038452
3.04422593117		2.31729412079
3.04772400856		2.5913105011
3.05118703842		2.56593894958
3.05460190773		2.41878128052
3.05801701546		2.69279766083
3.06148099899		2.23610401154
3.06485700607		2.82980632782
3.0682311058		2.15998840332
3.07173109055		2.98711204529
3.07510495186		2.02297973633
3.07848000526		3.01755809784
3.08186006546		1.98745918274
3.08523201942		3.05815315247
3.08860993385		1.94686412811
3.09198307991		3.09874820709
3.09535908699		1.90119457245
3.09886002541		3.24590492249
3.10223603249		1.77433586121
3.10560894012		3.27635097504
3.10898303986		1.74388885498
3.11236095428		3.30172348022
3.11573505402		1.7235918045
3.11911702156		3.35754108429
3.12261295319		1.59673213959
3.12598896027		3.43873119354
3.12936210632		1.57643508911
3.13273596764		3.47425174713
3.13611197472		1.55106258392
3.13948893547		3.53514480591
3.1429901123		1.45972442627
3.14636397362		3.5706653595
3.14976000786		1.43435192108
3.15323996544		3.64170646667
3.15661406517		1.39883136749
3.15999913216		3.65185546875
3.16349101067		1.37853431702
3.16686701775		3.68737602234
3.17024898529		1.37853431702
3.17361593246		3.69752502441
3.17700791359		1.37853431702
3.18049311638		3.68737602234
3.18386912346		1.39375686646
3.18724298477		3.6823015213
3.19062590599		1.40390586853
3.19412207603		3.6214094162
3.19761991501		1.49524497986
3.20100212097		3.55544185638
3.20437097549		1.52061653137
3.20787096024		3.46917819977
3.21125507355		1.61703014374
3.21474695206		3.35246753693
3.21812200546		1.75911235809
3.22162508965		3.20023536682
3.22502112389		1.89612102509
3.22849702835		3.04292964935
3.23187708855		2.02297973633
3.23524999619		3.00233459473
3.23862504959		2.05342674255
3.24200201035		2.9617395401
3.24537491798		2.09402179718
3.24875092506		2.91607093811
3.25212907791		2.16506290436
3.25562596321		2.74354171753
3.25900292397		2.31221961975
3.26238012314		2.70802116394
3.26575398445		2.35281467438
3.26912903786		2.63698005676
3.27262997627		2.53041744232
3.27600502968		2.49489688873
3.27938103676		2.56593894958
3.28275895119		2.44922733307
3.28613209724		2.63698005676
3.28965806961		2.23610401154
3.29313611984		2.94144248962
3.29663300514		1.97731018066
3.30001592636		3.07845020294
3.30350708961		1.8200044632
3.30700993538		3.3220205307
3.31038999557		1.69822025299
3.31376004219		3.34739303589
3.3171350956		1.6728477478
3.32051897049		3.37783908844
3.32388710976		1.64240169525
3.32726192474		3.40321063995
3.33065009117		1.6119556427
3.33413791656		3.51484680176
3.33763813972		1.45464992523
3.34101390839		3.58081436157
3.34438896179		1.43942642212
3.3477640152		3.59603691101
3.35122513771		1.38868236542
3.35464096069		3.65692996979
3.35801792145		1.38360881805
3.36139202118		3.67722702026
3.36491203308		1.37853431702
3.36839294434		3.68737602234
3.37177109718		1.39375686646
3.37514209747		3.67722702026
3.37864303589		1.42420387268
3.38202309608		3.63663196564
3.38539409637		1.43942642212
3.38876795769		3.6214094162
3.39214706421		1.45972442627
3.39564490318		3.55036830902
3.39902210236		1.52569103241
3.40239691734		3.52499580383
3.40578508377		1.55613708496
3.40927195549		3.42858314514
3.41264796257		1.65762519836
3.41602396965		3.40321063995
3.41939806938		1.68299674988
3.42277407646		3.3727645874
3.42615008354		1.73374080658
3.42965602875		3.22053337097
3.43315410614		1.98745918274
3.43665504456		2.93636798859
3.44003295898		2.12446784973
3.44352698326		2.76383876801
3.44690203667		2.2817735672
3.45028400421		2.71817016602
3.45365190506		2.32744312286
3.45702791214		2.68772315979
3.46040391922		2.38326072693
3.46390390396		2.51519489288
3.46727991104		2.55071544647
3.470662117		2.46952533722
3.47403097153		2.59638500214
3.47740602493		2.43400478363
3.48079895973		2.65727710724
3.48428010941		2.22595500946
3.48778104782		2.92621898651
3.49119997025		2.04327774048
3.49466013908		3.08859920502
3.4980340004		1.9214925766
3.50141096115		3.12411975861
3.50478410721		1.89612102509
3.50816011429		3.19008731842
3.51166009903		1.74896335602
3.51503396034		3.29664897919
3.5184109211		1.7235918045
3.52179002762		3.33216953278
3.52516198158		1.69822025299
3.52853703499		3.35754108429
3.53191304207		1.66269874573
3.53528809547		3.38798809052
3.53866291046		1.63732719421
3.54205107689		3.41843414307
3.54554104805		1.53076553345
3.54891300201		3.50977325439
3.55229091644		1.5104675293
3.55566501617		3.53007030487
3.55904102325		1.49017047882
3.56241893768		3.55036830902
3.56580495834		1.46479797363
3.56929111481		3.61633491516
3.57267212868		1.40390586853
3.5761680603		3.6823015213
3.57967710495		1.37853431702
3.58316993713		3.6823015213
3.5866689682		1.41405487061
3.59005308151		3.64170646667
3.59341907501		1.43435192108
3.59679412842		3.63663196564
3.60017895699		1.44957542419
3.60367202759		3.56559085846
3.60704803467		1.50539302826
3.61042809486		3.54529380798
3.61381196976		1.53584003448
3.61729693413		3.44888019562
3.62067294121		1.63225269318
3.62404799461		3.4235086441
3.62742495537		1.66269874573
3.63080811501		3.38798809052
3.63429903984		1.78955841064
3.63767409325		3.25605392456
3.64114809036		1.91134357452
3.64455199242		3.09367370605
3.64793300629		1.9823846817
3.65130996704		3.05307865143
3.65480303764		2.12954235077
3.65817809105		2.88562393188
3.66155600548		2.1701374054
3.66492891312		2.8501033783
3.6683049202		2.24625301361
3.67180609703		2.67757511139
3.67517995834		2.37818622589
3.67855405807		2.63698005676
3.68193292618		2.42893028259
3.68530607224		2.59638500214
3.68867897987		2.46445083618
3.69205904007		2.54564094543
3.69543409348		2.51012039185
3.69880795479		2.51519489288
3.70218610764		2.58623600006
3.70568609238		2.33759117126
3.70905804634		2.72324466705
3.71243691444		2.2919216156
3.71581101418		2.76891326904
3.71918511391		2.22595500946
3.72267794609		2.93129348755
3.72605609894		2.0838727951
3.72942900658		3.04292964935
3.73294091225		1.91134357452
3.7363140583		3.13934326172
3.73969602585		1.88089752197
3.7430639267		3.15964031219
3.7464389801		1.85045146942
3.74983000755		3.21545886993
3.75332212448		1.70836830139
3.75681495667		3.41843414307
3.76020002365		1.58658313751
3.76369094849		3.51484680176
3.76706695557		1.5003194809
3.77045106888		3.53514480591
3.77396011353		1.42927742004
3.77744412422		3.65185546875
3.78081798553		1.38868236542
3.78419303894		3.66200447083
3.78756999969		1.38360881805
3.79095196724		3.6823015213
3.79444503784		1.37853431702
3.79783391953		3.69245052338
3.8013279438		1.39375686646
3.80469608307		3.67722702026
3.80821204185		1.44450092316
3.81170296669		3.57573986053
3.81507205963		1.49524497986
3.81844902039		3.55544185638
3.82183814049		1.52569103241
3.82532501221		3.46917819977
3.82869791985		1.6119556427
3.83207511902		3.43873119354
3.8354511261		1.64240169525
3.83882713318		3.41335964203
3.84220600128		1.69822025299
3.84570097923		3.28649997711
3.84909510612		1.81493091583
3.85257792473		3.12411975861
3.85595393181		1.94686412811
3.85933303833		3.08352470398
3.86270308495		1.9823846817
3.86607813835		3.05307865143
3.86945390701		2.11431884766
3.87295794487		2.87040138245
3.87633109093		2.21073246002
3.87983202934		2.69787216187
3.88320803642		2.38326072693
3.88670706749		2.53549194336
3.89008808136		2.53549194336
3.89358210564		2.36803817749
3.89696002007		2.71309566498
3.90034198761		2.27669906616
3.90383195877		2.87040138245
3.90721011162		2.10416984558
3.91071796417		3.04292964935
3.91421103477		1.84030246735
3.91771292686		3.29664897919
3.92112612724		1.70329380035
3.92458605766		3.40828514099
3.92796206474		1.6119556427
3.9313480854		3.44380569458
3.93483805656		1.51554203033
3.93821310997		3.5199213028
3.94158911705		1.48509597778
3.94496703148		3.55036830902
3.94833803177		1.45972442627
3.9518430233		3.6214094162
3.95521593094		1.40898036957
3.95859098434		3.63663196564
3.96196699142		1.39883136749
3.96534705162		3.64678096771
3.96871805191		1.39375686646
3.97209501266		3.65692996979
3.9754691124		1.37853431702
3.97896909714		3.69245052338
3.98234605789		1.37853431702
3.98571896553		3.69752502441
3.98909592628		1.37853431702
3.99247097969		3.69245052338
3.9958460331		1.37853431702
3.9992210865		3.69245052338
4.00272107124		1.40390586853
4.00609898567		3.66707897186
4.00947499275		1.42420387268
4.01297307014		3.60618591309
4.01634812355		1.46987247467
4.01973009109		3.59096240997
4.02309799194		1.48509597778
4.0264749527		3.5706653595
4.02987313271		1.51554203033
4.03335213661		3.48440074921
4.03672409058		1.59165763855
4.04010796547		3.45902919769
4.04347610474		1.6221036911
4.04685211182		3.4336566925
4.05023407936		1.66777324677
4.05372691154		3.30679798126
4.057117939		1.78955841064
4.06060409546		3.14949226379
4.06398010254		1.91641807556
4.06735491753		3.11904525757
4.07074308395		1.96208763123
4.07423210144		2.92114448547
4.07772803307		2.23610401154
4.08119010925		2.68264961243
4.084608078		2.41370677948
4.08798193932		2.60145950317
4.09136605263		2.46952533722
4.09473395348		2.56086444855
4.09811091423		2.49997138977
4.10148596764		2.51519489288
4.10487699509		2.56086444855
4.10836100578		2.32236862183
4.1118619442		2.8501033783
4.1152369976		2.14476490021
4.11873698235		3.00740909576
4.12211203575		2.00268268585
4.12548494339		3.04800415039
4.12886190414		1.96716213226
4.13224101067		3.10889720917
4.13573908806		1.8200044632
4.13911294937		3.23068237305
4.14249205589		1.78955841064
4.14586210251		3.2611284256
4.14923810959		1.73881530762
4.15274095535		3.38291358948
4.15611696243		1.63732719421
4.15949106216		3.47425174713
4.16299295425		1.53076553345
4.16636991501		3.50977325439
4.1697499752		1.5003194809
4.17324209213		3.58588886261
4.17662501335		1.43435192108
4.18000006676		3.61126041412
4.18349409103		1.39375686646
4.18699407578		3.68737602234
4.19037890434		1.37345981598
4.19387102127		3.69245052338
4.19724607468		1.39375686646
4.20074605942		3.66200447083
4.2041220665		1.41912937164
4.2074971199		3.64170646667
4.21087908745		1.43435192108
4.21424794197		3.62648391724
4.2177491188		1.49017047882
4.22116398811		3.54021930695
4.22462201118		1.58150959015
4.22799897194		3.47425174713
4.23137903214		1.62717819214
4.23487496376		3.36261558533
4.23825097084		1.73374080658
4.24162912369		3.3220205307
4.24500107765		1.75911235809
4.24837613106		3.29157447815
4.25175309181		1.79970741272
4.2551279068		3.2611284256
4.25850391388		1.82507896423
4.26189303398		3.2103843689
4.2653799057		1.9722366333
4.26875400543		3.05815315247
4.27213191986		2.01283168793
4.27550506592		3.01755809784
4.27888202667		2.04327774048
4.28226399422		2.94651699066
4.28575706482		2.21073246002
4.2891330719		2.80443382263
4.29251194		2.27669906616
4.29600691795		2.63190555573
4.29938411713		2.42893028259
4.30276107788		2.5913105011
4.30613398552		2.49489688873
4.30965995789		2.38833522797
4.31315493584		2.79428577423
4.31663608551		2.10416984558
4.32001709938		2.9515914917
4.32338809967		2.07372379303
4.32676410675		2.98203754425
4.3301460743		2.02297973633
4.3336379528		3.13934326172
4.33701300621		1.87582302094
4.34039592743		3.20530986786
4.34388804436		1.73881530762
4.34726500511		3.30679798126
4.35064792633		1.70329380035
4.35414004326		3.41843414307
4.35751795769		1.60180664062
4.36090898514		3.45902919769
4.36439108849		1.48509597778
4.36789107323		3.59603691101
4.37127494812		1.42420387268
4.37476801872		3.66200447083
4.37814307213		1.38360881805
4.38152194023		3.66707897186
4.38489413261		1.37853431702
4.38827395439		3.6823015213
4.39177203178		1.38360881805
4.39514303207		3.69752502441
4.3985221386		1.37853431702
4.40189790726		3.69245052338
4.40527105331		1.38360881805
4.40864706039		3.69245052338
4.41202306747		1.38868236542
4.41540002823		3.68737602234
4.41877293587		1.39375686646
4.42215394974		3.67722702026
4.4255259037		1.40390586853
4.42889904976		3.67215251923
4.43227696419		1.41912937164
4.43577504158		3.61126041412
4.43915104866		1.45972442627
4.44252800941		3.60111141205
4.44591593742		1.48509597778
4.44940304756		3.48440074921
4.45290708542		1.64747619629
4.45640301704		3.3118724823
4.45978808403		1.77940940857
4.46327996254		3.16471481323
4.46665406227		1.91641807556
4.47005391121		3.09874820709
4.47353100777		2.06357479095
4.47690606117		2.9617395401
4.48028206825		2.12446784973
4.48378205299		2.77906227112
4.4871571064		2.27162456512
4.49054002762		2.72831821442
4.4940559864		2.46952533722
4.49753403664		2.44415378571
4.50091004372		2.62683105469
4.50428295135		2.37311172485
4.50778508186		2.78921127319
4.51120090485		2.17521095276
4.51466107368		2.96681404114
4.51805305481		2.0331287384
4.52153801918		3.11904525757
4.52491092682		1.89104652405
4.52828812599		3.14949226379
4.53166508675		1.86059951782
4.53503704071		3.19008731842
4.53841590881		1.83015346527
4.54179000854		3.22560787201
4.5451669693		1.79463291168
4.54853892326		3.26620292664
4.55204105377		1.66777324677
4.55541491508		3.38291358948
4.55879092216		1.64240169525
4.56216692924		3.40828514099
4.56554102898		1.6119556427
4.5689330101		3.44380569458
4.57242012024		1.49524497986
4.57592010498		3.58588886261
4.57929301262		1.43942642212
4.58267402649		3.60111141205
4.58604502678		1.42420387268
4.58941912651		3.6315574646
4.59292197227		1.38360881805
4.59629511833		3.67722702026
4.59980297089		1.37853431702
4.60329794884		3.68737602234
4.60679793358		1.41912937164
4.61017894745		3.64678096771
4.61354899406		1.42927742004
4.61694097519		3.62648391724
4.62043094635		1.5003194809
4.62392497063		3.50469875336
4.62729907036		1.57643508911
4.6306810379		3.46917819977
4.63405203819		1.60180664062
4.63742494583		3.45395469666
4.64080810547		1.63732719421
4.64430212975		3.3118724823
4.64780211449		1.85552597046
4.65125799179		3.09874820709
4.65468001366		2.00775718689
4.65805411339		3.02263259888
4.66143107414		2.04835224152
4.66480398178		2.97696304321
4.66818094254		2.07879829407
4.67155599594		2.93636798859
4.67493104935		2.12446784973
4.67830610275		2.89577293396
4.68168592453		2.16506290436
4.68505597115		2.85517787933
4.6884329319		2.20058345795
4.69181013107		2.80950832367
4.69518303871		2.24625301361
4.69855999947		2.77398777008
4.70195198059		2.30207061768
4.70544099808		2.5913105011
4.70880913734		2.46445083618
4.71218705177		2.55578994751
4.71556210518		2.51012039185
4.71893692017		2.51519489288
4.72231006622		2.5405664444
4.72567796707		2.4898223877
4.72905707359		2.58116149902
4.73244094849		2.40355873108
4.7359380722		2.75876522064
4.73931407928		2.25640106201
4.74269008636		2.80443382263
4.74606609344		2.21580600739
4.74943900108		2.87547588348
4.75294113159		2.04835224152
4.7563149929		3.02770709991
4.75981807709		1.89104652405
4.76319098473		3.15456676483
4.76656794548		1.86059951782
4.76995110512		3.20023536682
4.77344608307		1.71851730347
4.77681803703		3.32709503174
4.78020095825		1.68807125092
4.78357100487		3.35754108429
4.78694391251		1.66269874573
4.79032707214		3.39813613892
4.79381990433		1.55613708496
4.79719591141		3.48947525024
4.80057811737		1.53076553345
4.80394792557		3.50469875336
4.8073220253		1.49524497986
4.81083512306		3.59603691101
4.81432199478		1.39883136749
4.81769800186		3.65185546875
4.8211119175		1.38868236542
4.82457304001		3.68737602234
4.82795000076		1.37853431702
4.83133506775		3.69245052338
4.83482408524		1.38868236542
4.83820295334		3.68737602234
4.84157896042		1.39375686646
4.84495091438		3.6823015213
4.84832906723		1.40390586853
4.85183906555		3.6315574646
4.85532903671		1.50539302826
4.85882902145		3.49454975128
4.86220908165		1.58150959015
4.86557912827		3.47425174713
4.86895298958		1.62717819214
4.8724770546		3.34231853485
4.8759560585		1.82507896423
4.87933111191		3.19516181946
4.88283491135		1.97731018066
4.88620996475		3.05307865143
4.88958597183		2.05850028992
4.89310002327		2.86025238037
4.89658403397		2.29699611664
4.89996695518		2.7029466629
4.90333604813		2.37311172485
4.90683507919		2.55071544647
4.91021800041		2.53041744232
4.91371107101		2.36803817749
4.91709399223		2.70802116394
4.92058801651		2.19043445587
4.92396712303		2.87547588348
4.92733812332		2.14476490021
4.93072295189		2.92114448547
4.93421697617		1.9722366333
4.93758797646		3.06830215454
4.94096398354		1.95193862915
4.94434213638		3.12919425964
4.94783997536		1.80985641479
4.95122313499		3.25097942352
4.95471692085		1.6728477478
4.9581079483		3.38291358948
4.96159696579		1.56628608704
4.96496510506		3.47932624817
4.96834301949		1.52569103241
4.97184610367		3.56559085846
4.97521901131		1.45972442627
4.97859406471		3.57573986053
4.98198604584		1.43435192108
4.98546910286		3.64170646667
4.98884391785		1.39375686646
4.99222207069		3.66200447083
4.99559497833		1.38360881805
4.99897193909		3.66707897186
