0.000127077102661		1.29226970673
0.00391912460327		5.03208637238
0.00779700279236		3.99691295624
0.0116641521454		-0.00677108764648
0.0155389308929		2.00775718689
0.0194211006165		5.04730892181
0.0232889652252		2.20058345795
0.0271639823914		-0.00169658660889
0.0310399532318		3.95631790161
0.0349171161652		5.01178836823
0.0387899875641		0.49559211731
0.0426671504974		0.683343887329
0.0465431213379		5.04730892181
0.0504200458527		3.53514480591
0.0542919635773		-0.00677108764648
0.0581729412079		2.54564094543
0.0620551109314		5.04730892181
0.0659289360046		1.69314575195
0.0698029994965		-0.00169658660889
0.0736770629883		4.42823505402
0.0775890350342		4.7124004364
0.0814299583435		0.145460128784
0.0853049755096		1.11974048615
0.0891909599304		5.04730892181
0.0930550098419		3.05307865143
0.0969290733337		-0.00677108764648
0.10080909729		3.07337665558
0.104681015015		5.04730892181
0.108557939529		1.22630310059
0.112432003021		0.0744190216064
0.116307020187		4.81388759613
0.120185136795		4.3521194458
0.124059915543		-0.00169658660889
0.127941131592		1.63225269318
0.131809949875		5.04730892181
0.135684967041		2.55578994751
0.139565944672		-0.00169658660889
0.143435955048		3.58081436157
0.147319078445		5.04223537445
0.151188135147		0.794981002808
0.155063152313		0.394104957581
0.158946037292		5.04223537445
0.16281414032		3.90050029755
0.16669011116		-0.00677108764648
0.170571088791		2.14476490021
0.174441099167		5.04730892181
0.178323984146		2.05342674255
0.182193040848		-0.00677108764648
0.186068058014		4.08317756653
0.189945936203		4.96611976624
0.193818092346		0.404253005981
0.197709083557		0.800054550171
0.201569080353		5.04223537445
0.205446004868		3.41843414307
0.209329128265		-0.00677108764648
0.213194131851		2.66742610931
0.217072963715		5.04730892181
0.220948934555		1.58658313751
0.224822044373		-0.00169658660889
0.228703022003		4.51449966431
0.232573032379		4.6616563797
0.23644900322		0.0845680236816
0.240325927734		1.23645114899
0.244199037552		5.05238342285
0.248083114624		2.91607093811
0.251944065094		-0.00169658660889
0.255818128586		3.18501281738
0.259702920914		5.04730892181
0.263576030731		1.11974048615
0.267460107803		0.140385627747
0.271328926086		4.90015220642
0.275202035904		4.25570678711
0.279119968414		-0.00169658660889
0.282958030701		1.74896335602
0.286829948425		5.04223537445
0.290704011917		2.44922733307
0.294580936432		-0.00677108764648
0.298463106155		3.71274757385
0.302330970764		5.04223537445
0.30620598793		0.693492889404
0.310085058212		0.485443115234
0.313957929611		5.04730892181
0.317846059799		3.76856613159
0.321710109711		-0.00169658660889
0.325586080551		2.26147556305
0.329460144043		5.04730892181
0.333334922791		1.94178962708
0.337214946747		-0.00169658660889
0.341093063354		4.19988822937
0.344967126846		4.9103012085
0.348839998245		0.317989349365
0.352713108063		0.881244659424
0.356589078903		5.04730892181
0.360466957092		3.30172348022
0.364339113235		-0.00169658660889
0.368222951889		2.80443382263
0.372090101242		5.04730892181
0.375966072083		1.48002147675
0.379842042923		0.00337791442871
0.383717060089		4.60583877563
0.387599945068		4.56016921997
0.39146900177		0.0388984680176
0.395344018936		1.35823631287
0.399227142334		5.04730892181
0.403095006943		2.81458282471
0.406970024109		-0.00169658660889
0.410849094391		3.32709503174
0.414724111557		5.04730892181
0.41860294342		1.00810432434
0.422472000122		0.206352233887
0.426347970963		4.96611976624
0.430225133896		4.14406967163
0.43409705162		-0.00169658660889
0.437987089157		1.88089752197
0.441848993301		5.04730892181
0.445724010468		2.32744312286
0.449600934982		-0.00677108764648
0.453475952148		3.82438468933
0.457353115082		5.04223537445
0.461229085922		0.602153778076
0.465105056763		0.5818567276
0.468977928162		5.04223537445
0.472852945328		3.6823015213
0.476728916168		-0.00169658660889
0.48060798645		2.38833522797
0.484480142593		5.04223537445
0.488357067108		1.83015346527
0.492233991623		-0.00169658660889
0.496106147766		4.28107833862
0.499983072281		4.84433460236
0.503858089447		0.246947288513
0.507739067078		0.992880821228
0.511609077454		5.04223537445
0.515483140945		3.19008731842
0.519361972809		-0.00677108764648
0.523236036301		2.92114448547
0.527110099792		5.05238342285
0.530988931656		1.35823631287
0.534862995148		0.0236749649048
0.538748025894		4.7124004364
0.54261302948		4.46883010864
0.54648900032		0.00845146179199
0.550364971161		1.48002147675
0.554239988327		5.04730892181
0.558130025864		2.68264961243
0.561990022659		-0.00169658660889
0.565865039825		3.4336566925
0.56974196434		5.04730892181
0.573616027832		0.911691665649
0.577516078949		0.317989349365
0.581367969513		5.00671482086
0.585247039795		4.03243350983
0.589200019836		-0.00169658660889
0.592993974686		1.99253368378
0.596869945526		5.04730892181
0.600745916367		2.20058345795
0.604619979858		-0.00677108764648
0.608503103256		3.95124340057
0.612370967865		5.01178836823
0.616248130798		0.505741119385
0.620123147964		0.673195838928
0.623999118805		5.04730892181
0.627880096436		3.55036830902
0.631748914719		-0.00169658660889
0.635625123978		2.51012039185
0.639501094818		5.04730892181
0.643377065659		1.7235918045
0.647258043289		-0.00169658660889
0.651126146317		4.38763999939
0.65500497818		4.74792098999
0.658884048462		0.155609130859
0.662756919861		1.11466598511
0.66662812233		5.04730892181
0.670506954193		3.0632276535
0.674381017685		-0.00169658660889
0.67826795578		3.07337665558
0.682132005692		5.04730892181
0.686007976532		1.24660015106
0.689883947372		0.0642700195312
0.693756103516		4.79866504669
0.697639942169		4.36734294891
0.701508045197		-0.00677108764648
0.705384016037		1.59165763855
0.709267139435		5.04730892181
0.713135957718		2.58623600006
0.71701002121		-0.00169658660889
0.72088599205		3.56051635742
0.724761962891		5.04730892181
0.728637933731		0.810203552246
0.732511997223		0.383955955505
0.736387968063		5.03716087341
0.740266084671		3.91572284698
0.74413895607		-0.00169658660889
0.748018980026		2.11939334869
0.751889944077		5.04730892181
0.755764007568		2.09402179718
0.759642124176		-0.00169658660889
0.763515949249		4.05273151398
0.767400026321		4.97626781464
0.771265983582		0.429625511169
0.775144100189		0.764533996582
0.779019117355		5.04730892181
0.78290104866		3.4336566925
0.786770105362		-0.00677108764648
0.790646076202		2.6420545578
0.794520139694		5.04730892181
0.798419952393		1.57643508911
0.802272081375		-0.00169658660889
0.806148052216		4.49927616119
0.810023069382		4.67687988281
0.813897132874		0.0947160720825
0.817779064178		1.22630310059
0.821646928787		5.04730892181
0.825525999069		2.9515914917
0.829401016235		-0.00169658660889
0.833276033401		3.16978931427
0.837150096893		5.05238342285
0.841028928757		1.14511299133
0.8449010849		0.115014076233
0.848783969879		4.87985515594
0.852653026581		4.27600383759
0.856527090073		-0.00169658660889
0.860404968262		1.73374080658
0.864280939102		5.04730892181
0.868155002594		2.46952533722
0.87203001976		-0.00169658660889
0.875904083252		3.67722702026
0.879782915115		5.04223537445
0.883656024933		0.708716392517
0.887535095215		0.470220565796
0.891408920288		5.04223537445
0.89528298378		3.81423568726
0.899199008942		-0.00169658660889
0.903034925461		2.24625301361
0.906914949417		5.04730892181
0.910786151886		1.97731018066
0.914659023285		-0.00169658660889
0.918546915054		4.17451667786
0.922410964966		4.92045021057
0.926288127899		0.348435401917
0.930165052414		0.876170158386
0.934036970139		5.04223537445
0.937921047211		3.3118724823
0.941792011261		-0.00169658660889
0.945663928986		2.76891326904
0.949542045593		5.04223537445
0.953416109085		1.5003194809
0.957299947739		-0.00169658660889
0.961166143417		4.58554077148
0.965040922165		4.59568977356
0.968918085098		0.0439729690552
0.972793102264		1.33286476135
0.976666927338		5.05238342285
0.98054599762		2.84502887726
0.984420061111		-0.00677108764648
0.988295078278		3.29157447815
0.992170095444		5.04730892181
0.99604511261		1.03855037689
0.999923944473		0.201278686523
1.00379705429		4.95089626312
1.00767993927		4.15421867371
1.01154613495		-0.00677108764648
1.01542401314		1.84537696838
1.01930713654		5.04223537445
1.02317404747		2.35281467438
1.02705001831		-0.00677108764648
1.03092694283		3.80408668518
1.03480100632		5.04223537445
1.03868913651		0.607228279114
1.04255199432		0.576782226562
1.04643297195		5.04730892181
1.0503051281		3.70259952545
1.05418014526		-0.00677108764648
1.05806112289		2.36296367645
1.06192994118		5.04730892181
1.06580615044		1.86059951782
1.06968092918		-0.00169658660889
1.07355499268		4.27092933655
1.07744002342		4.84433460236
1.08131098747		0.252021789551
1.08518195152		0.97765827179
1.0891430378		5.04730892181
1.09293413162		3.20530986786
1.09681010246		-0.00169658660889
1.10068511963		2.900847435
1.10456109047		5.04730892181
1.10843610764		1.38868236542
1.1123111248		0.0135259628296
1.11618614197		4.68195438385
1.12006497383		4.49420261383
1.12393712997		0.0135259628296
1.12781405449		1.44450092316
1.13168907166		5.04223537445
1.13556313515		2.72831821442
1.13944292068		-0.00169658660889
1.14331412315		3.41843414307
1.14727091789		5.04730892181
1.15106797218		0.931988716125
1.15494203568		0.272319793701
1.15883111954		5.00671482086
1.16269207001		4.05780601501
1.16656708717		-0.00169658660889
1.17044305801		1.96208763123
1.17431998253		5.04730892181
1.17820096016		2.22595500946
1.18207001686		-0.00169658660889
1.18594503403		3.91572284698
1.18982601166		5.01686286926
1.19369602203		0.536187171936
1.19757699966		0.668121337891
1.20146512985		5.04730892181
1.20532298088		3.58081436157
1.20920705795		-0.00169658660889
1.21307396889		2.48474884033
1.21694993973		5.04223537445
1.22082614899		1.73881530762
1.22469997406		-0.00169658660889
1.2285759449		4.37749099731
1.23245191574		4.77836704254
1.23632693291		0.175906181335
1.24019908905		1.07407093048
1.24406909943		5.05238342285
1.24794912338		3.09367370605
1.25182795525		-0.00677108764648
1.25570607185		3.0124835968
1.25958108902		5.04730892181
1.26345515251		1.27704620361
1.26733708382		0.0541210174561
1.27120709419		4.7732925415
1.27508211136		4.39778900146
1.27896404266		-0.00169658660889
1.28283214569		1.57643508911
1.28671002388		5.03716087341
1.29058599472		2.59638500214
1.29446411133		-0.00169658660889
1.29834008217		3.5706653595
1.30221700668		5.04730892181
1.30608701706		0.820352554321
1.30996394157		0.358584403992
1.31383705139		5.03208637238
1.31771302223		3.94616889954
1.32158899307		-0.00169658660889
1.32546401024		2.0838727951
1.32934212685		5.04223537445
1.33321404457		2.11939334869
1.33709192276		-0.00677108764648
1.34097003937		4.03243350983
1.34484100342		4.98134231567
1.34871697426		0.444848060608
1.3525929451		0.754385948181
1.35646700859		5.04223537445
1.36034393311		3.45902919769
1.3642179966		-0.00169658660889
1.36809396744		2.62175655365
1.3719689846		5.04730892181
1.37584495544		1.6221036911
1.37972092628		-0.00169658660889
1.38359713554		4.46883010864
1.38747811317		4.69210338593
1.39134597778		0.109939575195
1.39522194862		1.18570804596
1.39914798737		5.04223537445
1.40297412872		2.98711204529
1.4068479538		-0.00169658660889
1.41072511673		3.14949226379
1.41459798813		5.04223537445
1.41848111153		1.16033554077
1.42234992981		0.109939575195
1.42622494698		4.85955715179
1.43010306358		4.29630184174
1.43397593498		-0.00169658660889
1.4378619194		1.70836830139
1.44172811508		5.04730892181
1.44560313225		2.4898223877
1.44948005676		-0.00169658660889
1.4533560276		3.66200447083
1.45723605156		5.04730892181
1.46110606194		0.739162445068
1.46498012543		0.449922561646
1.46885800362		5.04730892181
1.47273111343		3.82945823669
1.47660708427		-0.00169658660889
1.48048305511		2.20565795898
1.48435711861		5.04223537445
1.4882349968		1.98745918274
1.49211096764		-0.00169658660889
1.49598503113		4.13899612427
1.49986195564		4.93059825897
1.50373601913		0.348435401917
1.50761795044		0.85587310791
1.51148700714		5.04730892181
1.51536393166		3.34739303589
1.51925110817		-0.00169658660889
1.52311396599		2.73846721649
1.52698802948		5.04730892181
1.53086614609		1.52061653137
1.53474092484		-0.00169658660889
1.53862500191		4.57539176941
1.54249095917		4.61091327667
1.54636597633		0.0541210174561
1.55024313927		1.31764125824
1.55411601067		5.04730892181
1.55799913406		2.8501033783
1.56186699867		-0.00169658660889
1.56574296951		3.27635097504
1.56962299347		5.04730892181
1.5735039711		1.03855037689
1.57737612724		0.191129684448
1.58124804497		4.94582176208
1.58512091637		4.18973922729
1.5889980793		-0.00169658660889
1.59287214279		1.81493091583
1.59674811363		5.04223537445
1.60062408447		2.37311172485
1.60450005531		-0.00677108764648
1.6083791256		3.78886318207
1.61225104332		5.04223537445
1.61612391472		0.642748832703
1.62000513077		0.556485176086
1.62387704849		5.04730892181
1.62775111198		3.71782207489
1.63162708282		-0.00677108764648
1.63550209999		2.34774017334
1.63938903809		5.04730892181
1.64325499535		1.8707485199
1.64712905884		-0.00169658660889
1.65113306046		4.4028635025
1.65500593185		4.7631444931
1.65888810158		0.150534629822
1.66275596619		1.09944343567
1.66663098335		5.04730892181
1.67050814629		3.06830215454
1.67438197136		-0.00169658660889
1.67826700211		3.05815315247
1.68213415146		5.04730892181
1.68600702286		1.25674915314
1.68988704681		0.0642700195312
1.69375896454		4.79359054565
1.69764304161		4.35719394684
1.70151209831		-0.00169658660889
1.7053899765		1.6119556427
1.70926809311		5.04730892181
1.71313714981		2.58623600006
1.71701312065		-0.00677108764648
1.72088909149		3.56559085846
1.72476410866		5.04730892181
1.72864603996		0.794981002808
1.73251509666		0.368732452393
1.7363910675		5.03716087341
1.74026703835		3.92079734802
1.74414110184		-0.00677108764648
1.74802613258		2.12446784973
1.75189113617		5.04730892181
1.75576806068		2.08894729614
1.75965094566		-0.00677108764648
1.76352095604		4.05780601501
1.76740002632		4.97626781464
1.77127099037		0.414402008057
1.77514600754		0.76960849762
1.77902007103		5.04223537445
1.78289699554		3.43873119354
1.78677201271		-0.00169658660889
1.79065012932		2.66235160828
1.79452896118		5.04730892181
1.79840612411		1.60180664062
1.8022749424		-0.00169658660889
1.80614995956		4.49420261383
1.81002497673		4.68195438385
1.8138999939		0.0947160720825
1.81778311729		1.22630310059
1.8216509819		5.04730892181
1.82552695274		2.9515914917
1.82940506935		-0.00677108764648
1.83328199387		3.18501281738
1.83715415001		5.04730892181
1.84103012085		1.12988948822
1.84490513802		0.125163078308
1.84877991676		4.88492965698
1.85265612602		4.26585483551
1.8565299511		-0.00169658660889
1.8604080677		1.7235918045
1.86428308487		5.04730892181
1.86816191673		2.45937633514
1.87203192711		-0.00169658660889
1.87590813637		3.6823015213
1.8797929287		5.04730892181
1.88366007805		0.718864440918
1.88753604889		0.470220565796
1.89141106606		5.04730892181
1.8952870369		3.80408668518
1.89920210838		-0.00677108764648
1.90303707123		2.24117851257
1.90691208839		5.04223537445
1.91078805923		1.9722366333
1.91466212273		-0.00169658660889
1.91854405403		4.17959117889
1.92241501808		4.92045021057
1.92629003525		0.333211898804
1.9301700592		0.871096611023
1.93404006958		5.04730892181
1.93792295456		3.30679798126
1.94179296494		-0.00169658660889
1.9456679821		2.76891326904
1.94954514503		5.04730892181
1.95341897011		1.49524497986
1.95729994774		-0.00169658660889
1.96117210388		4.59568977356
1.96504497528		4.58554077148
1.968927145		0.0388984680176
1.97279810905		1.33793926239
1.97667193413		5.05238342285
1.98055005074		2.82980632782
1.98442292213		-0.00169658660889
1.98829913139		3.30172348022
1.99217414856		5.05238342285
1.99604892731		1.02840232849
1.99993300438		0.201278686523
2.00379991531		4.95597076416
2.00767707825		4.16944217682
2.01155114174		-0.00677108764648
2.01542711258		1.84537696838
2.01930713654		5.04730892181
2.02317810059		2.34774017334
2.02705311775		-0.00169658660889
2.03093194962		3.81423568726
2.03480410576		5.04223537445
2.03868603706		0.607228279114
2.04258298874		0.597080230713
2.04643106461		5.04730892181
2.05030798912		3.68737602234
2.05418109894		-0.00169658660889
2.05806708336		2.37818622589
2.06193304062		5.04730892181
2.06580901146		1.85045146942
2.06968593597		-0.00169658660889
2.07355809212		4.27600383759
2.07744193077		4.84940910339
2.0813100338		0.252021789551
2.08518695831		0.972583770752
2.08914709091		5.04730892181
2.09293794632		3.20023536682
2.09681296349		-0.00169658660889
2.10068702698		2.900847435
2.10456299782		5.04730892181
2.10843896866		1.37345981598
2.1123149395		0.0186004638672
2.11618900299		4.69210338593
2.12007212639		4.48405361176
2.12394094467		0.00845146179199
2.1278219223		1.46987247467
2.13169312477		5.04223537445
2.13556814194		2.71309566498
2.13944411278		-0.00169658660889
2.14332103729		3.4235086441
2.14727210999		5.05238342285
2.15107107162		0.92183971405
2.15494513512		0.277394294739
2.15882706642		5.00164031982
2.16269493103		4.05273151398
2.16657304764		-0.00169658660889
2.17044711113		1.97731018066
2.17432308197		5.04730892181
2.17820310593		2.21580600739
2.18207406998		-0.00169658660889
2.18594694138		3.92587184906
2.18982505798		5.0219373703
2.19369912148		0.51589012146
2.19758009911		0.657972335815
2.2014529705		5.04730892181
2.20532608032		3.58081436157
2.2092089653		-0.00677108764648
2.21307706833		2.4898223877
2.21695208549		5.04730892181
2.22082901001		1.73881530762
2.22470402718		-0.00169658660889
2.22858095169		4.37749099731
2.23245310783		4.77836704254
2.23633003235		0.170831680298
2.24021410942		1.09944343567
2.24408006668		5.05238342285
2.24795794487		3.07845020294
2.25183296204		-0.00169658660889
2.25570702553		3.03278160095
2.25958395004		5.04730892181
2.26345896721		1.26182365417
2.26734209061		0.0591955184937
2.27120900154		4.78851604462
2.27508497238		4.39778900146
2.27896809578		-0.00169658660889
2.28283715248		1.57643508911
2.28671193123		5.03716087341
2.29059314728		2.59638500214
2.29446291924		-0.00169658660889
2.29834508896		3.55036830902
2.30221414566		5.04223537445
2.3060901165		0.815278053284
2.30996608734		0.368732452393
2.31384015083		5.03716087341
2.31772208214		3.9309463501
2.32159399986		-0.00169658660889
2.32546710968		2.10416984558
2.32934498787		5.04730892181
2.3332221508		2.09909534454
2.33709192276		-0.00169658660889
2.34097313881		4.04765701294
2.34484601021		4.99149131775
2.34872102737		0.434700012207
2.35259699821		0.749311447144
2.35647106171		5.04223537445
2.36035394669		3.45395469666
2.36422395706		-0.00169658660889
2.36810708046		2.63698005676
2.37197613716		5.04730892181
2.37584900856		1.6221036911
2.3797249794		-0.00169658660889
2.38359999657		4.48912811279
2.3874809742		4.68702888489
2.3913500309		0.0997905731201
2.39522314072		1.2009305954
2.39915108681		5.04730892181
2.40297698975		2.96681404114
2.40685105324		-0.00677108764648
2.41072893143		3.15456676483
2.41460394859		5.04730892181
2.41848611832		1.1501865387
2.42235612869		0.109939575195
2.42623114586		4.86970615387
2.4301071167		4.28615283966
2.43398094177		-0.00677108764648
2.43786096573		1.71344280243
2.44173192978		5.04730892181
2.44560813904		2.47459983826
2.44948410988		-0.00169658660889
2.45335698128		3.66707897186
2.45724201202		5.04730892181
2.46111011505		0.718864440918
2.46498608589		0.449922561646
2.46886110306		5.04730892181
2.47273612022		3.82945823669
2.47661113739		-0.00169658660889
2.48049402237		2.2310295105
2.48436307907		5.04730892181
2.48824000359		1.9823846817
2.49211502075		-0.00169658660889
2.49598813057		4.14406967163
2.49986696243		4.93059825897
2.5037419796		0.348435401917
2.50762104988		0.860947608948
2.51149010658		5.04730892181
2.51536512375		3.34231853485
2.51924800873		-0.00169658660889
2.5231180191		2.7536907196
2.52699303627		5.04730892181
2.53087091446		1.50539302826
2.5347430706		0.00337791442871
2.53862810135		4.59568977356
2.54249501228		4.60583877563
2.54637098312		0.0490465164185
2.55024814606		1.3125667572
2.55412197113		5.04223537445
2.55800294876		2.85517787933
2.56187200546		-0.00169658660889
2.5657479763		3.27635097504
2.56962394714		5.04730892181
2.57349896431		1.05377388
2.57737994194		0.186055183411
2.58124995232		4.94582176208
2.58512592316		4.17959117889
2.58900213242		-0.00169658660889
2.59287810326		1.83522796631
2.59675192833		5.04223537445
2.60064911842		2.33251667023
2.6045050621		-0.00169658660889
2.60838603973		3.80408668518
2.61225295067		5.04730892181
2.6161301136		0.627526283264
2.62000513077		0.536187171936
2.62387895584		5.04730892181
2.62776112556		3.70767402649
2.63163113594		-0.00169658660889
2.63551497459		2.36296367645
2.63938713074		5.04730892181
2.64325904846		1.87582302094
2.64713311195		-0.00677108764648
2.65102410316		4.28615283966
2.65488791466		4.85448265076
2.65876793861		0.252021789551
2.66263699532		0.962434768677
2.66651391983		5.04730892181
2.67039203644		3.2103843689
2.67426300049		-0.00169658660889
2.67815899849		2.91099643707
2.68201303482		5.04730892181
2.68588900566		1.39375686646
2.68976902962		0.0135259628296
2.69363999367		4.67687988281
2.69752407074		4.50942516327
2.70139193535		0.0135259628296
2.70526695251		1.43435192108
2.70919203758		5.04730892181
2.71301794052		2.73339271545
2.71689295769		-0.00677108764648
2.72077608109		3.41335964203
2.72464513779		5.04730892181
2.72851991653		0.937063217163
2.73240804672		0.282468795776
2.73627114296		5.00164031982
2.7401471138		4.03243350983
2.7440199852		-0.00169658660889
2.74790406227		1.95701313019
2.75177192688		5.04223537445
2.75564908981		2.24625301361
2.75953793526		-0.00169658660889
2.76340007782		3.90557384491
2.76728200912		5.0219373703
2.7711520195		0.536187171936
2.77502512932		0.64782333374
2.7789080143		5.04223537445
2.782777071		3.60111141205
2.7866499424		-0.00169658660889
2.79052901268		2.47459983826
2.79440402985		5.04730892181
2.79830098152		1.7235918045
2.80215406418		-0.00169658660889
2.80603003502		4.36226844788
2.80990815163		4.78344154358
2.81378102303		0.175906181335
2.81766200066		1.07407093048
2.82153010368		5.04730892181
2.82542395592		3.08352470398
2.8292901516		-0.00169658660889
2.8331580162		3.00233459473
2.8370320797		5.04730892181
2.84091591835		1.27704620361
2.84478402138		0.0490465164185
2.8486700058		4.77836704254
2.85253810883		4.40793800354
2.85641002655		-0.00169658660889
2.8603041172		1.60180664062
2.86416196823		5.04730892181
2.86804413795		2.58623600006
2.87191295624		-0.00169658660889
2.87578892708		3.53007030487
2.87966704369		5.04730892181
2.88353896141		0.83557510376
2.88741707802		0.368732452393
2.89129114151		5.03208637238
2.89516806602		3.96139240265
2.89908194542		-0.00169658660889
2.90291905403		2.06864929199
2.90679192543		5.04223537445
2.91067004204		2.12954235077
2.9145450592		-0.00169658660889
2.91842794418		4.03243350983
2.92229509354		4.98641681671
2.92618393898		0.434700012207
2.93005299568		0.749311447144
2.93392109871		5.04223537445
2.93780612946		3.45902919769
2.94167113304		-0.00169658660889
2.94554710388		2.61160755157
2.9494240284		5.04223537445
2.95330095291		1.63732719421
2.9571750164		-0.00169658660889
2.9610710144		4.49420261383
2.96492505074		4.7124004364
2.96880197525		0.109939575195
2.97267508507		1.17555904388
2.97655200958		5.04730892181
2.98044013977		2.97696304321
2.98430204391		-0.00169658660889
2.98818612099		3.2103843689
2.99205708504		5.04223537445
2.99592900276		1.17048454285
2.99980711937		0.104865074158
3.00367999077		4.85955715179
3.00756406784		4.29630184174
3.01143193245		-0.00169658660889
3.01532506943		1.72866630554
3.01922798157		5.04730892181
3.02310109138		2.43907928467
3.02693796158		-0.00169658660889
3.0308110714		3.65185546875
3.03468608856		5.04223537445
3.03856897354		0.729013442993
3.04243707657		0.439774513245
3.04632806778		5.04730892181
3.05018997192		3.84468173981
3.05406308174		-0.00169658660889
3.05794501305		2.21073246002
3.06181406975		5.04223537445
3.06569004059		2.00268268585
3.0695669651		-0.00169658660889
3.07344102859		4.13899612427
3.0773229599		4.93059825897
3.08121395111		0.333211898804
3.08506608009		0.83557510376
3.08894515038		5.04730892181
3.09281897545		3.35246753693
3.09669399261		-0.00169658660889
3.10056996346		2.73339271545
3.10444808006		5.04730892181
3.1083419323		1.48002147675
3.11219596863		-0.00169658660889
3.11607193947		4.58554077148
3.1199491024		4.61091327667
3.1238219738		0.0591955184937
3.12770104408		1.30749225616
3.13157391548		5.04223537445
3.13545012474		2.87040138245
3.13933300972		-0.00169658660889
3.14319992065		3.29157447815
3.14707899094		5.04730892181
3.15107893944		0.906617164612
3.15495109558		0.28754234314
3.15883398056		5.01178836823
3.16270208359		4.04765701294
3.16657805443		-0.00677108764648
3.17045497894		1.97731018066
3.17434406281		5.04730892181
3.17821097374		2.20565795898
3.18207907677		-0.00169658660889
3.18595600128		3.93602085114
3.18983197212		5.0219373703
3.19370603561		0.520963668823
3.19758701324		0.673195838928
3.20146393776		5.04730892181
3.20533299446		3.56051635742
3.20923304558		-0.00169658660889
3.21308302879		2.51012039185
3.2169611454		5.04730892181
3.22083592415		1.7235918045
3.22470998764		-0.00169658660889
3.22858715057		4.39271450043
3.23246693611		4.68702888489
3.23647809029		0.0591955184937
3.24033999443		1.25674915314
3.24421310425		5.05238342285
3.24808812141		2.92114448547
3.25196504593		-0.00169658660889
3.25583791733		3.21545886993
3.25971913338		5.04730892181
3.26359009743		1.10451793671
3.26747298241		0.150534629822
3.27135896683		4.93567276001
3.27521705627		4.23540878296
3.27913713455		-0.00169658660889
3.28296804428		1.75911235809
3.28684711456		5.03716087341
3.29072093964		2.42385578156
3.2945959568		-0.00169658660889
3.29847812653		3.73812007904
3.30236005783		5.04730892181
3.3062210083		0.683343887329
3.31009602547		0.485443115234
3.31397199631		5.04223537445
3.31785607338		3.77364063263
3.32172894478		-0.00169658660889
3.32559895515		2.27162456512
3.32947206497		5.04730892181
3.33333992958		1.94686412811
3.33728504181		-0.00169658660889
3.34110307693		4.20496273041
3.34497714043		4.90015220642
3.34885311127		0.30784034729
3.35272598267		0.906617164612
3.35660099983		5.04730892181
3.3604850769		3.27127742767
3.36437010765		-0.00169658660889
3.36823010445		2.81965732574
3.37210512161		5.04730892181
3.37598013878		1.45464992523
3.37985801697		-0.00169658660889
3.38373208046		4.62613582611
3.3876080513		4.56016921997
3.39150714874		0.0186004638672
3.39535713196		1.3633108139
3.39924192429		5.03208637238
3.40310907364		2.79428577423
3.40698504448		-0.00169658660889
3.41086292267		3.34739303589
3.41473698616		5.04730892181
3.4186091423		0.992880821228
3.42248892784		0.216501235962
3.42636203766		4.97626781464
3.4302520752		4.11362361908
3.43411111832		-0.00169658660889
3.43799304962		1.88597202301
3.44186902046		5.04223537445
3.44573807716		2.31221961975
3.44962096214		-0.00169658660889
3.45349001884		3.83960723877
3.45737314224		5.03716087341
3.46124100685		0.586931228638
3.46511507034		0.576782226562
3.46899294853		5.04730892181
3.4728679657		3.66200447083
3.47674298286		-0.00169658660889
3.48062109947		2.40863323212
3.48450803757		5.04730892181
3.4883711338		1.80985641479
3.49224615097		-0.00677108764648
3.49611902237		4.30644989014
3.49999713898		4.83418560028
3.5038690567		0.221575737
3.50775408745		1.01317882538
3.51163506508		5.04730892181
3.5154979229		3.17993831635
3.51937603951		-0.00169658660889
3.52324914932		2.93636798859
3.52712392807		5.04730892181
3.53100204468		1.34808731079
3.53487491608		0.0236749649048
3.53876304626		4.72762393951
3.5426261425		4.4637556076
3.54650092125		0.00845146179199
3.55039310455		1.52061653137
3.55425214767		5.04730892181
3.55813407898		2.67250061035
3.56201004982		-0.00169658660889
3.56587791443		3.46410369873
3.56975793839		5.04730892181
3.57363009453		0.886319160461
3.57753109932		0.317989349365
3.58138108253		5.0219373703
3.58525705338		4.02228546143
3.58921194077		-0.00169658660889
3.59300804138		2.00268268585
3.5968811512		5.04730892181
3.60075998306		2.19550895691
3.60463213921		-0.00677108764648
3.60851097107		3.96139240265
3.61240005493		5.00164031982
3.6162610054		0.49559211731
3.62013697624		0.698567390442
3.62401199341		5.04730892181
3.62789297104		3.53514480591
3.63176107407		-0.00169658660889
3.63563895226		2.54564094543
3.63951706886		5.04730892181
3.64338803291		1.69822025299
3.64727210999		-0.00169658660889
3.65114212036		4.41808605194
3.65501499176		4.75806999207
3.65889692307		0.140385627747
3.66276693344		1.11466598511
3.6666431427		5.04730892181
3.67052292824		3.04800415039
3.67439198494		-0.00169658660889
3.67828893661		3.09367370605
3.68215107918		5.04223537445
3.68601799011		1.23137664795
3.68989992142		0.0693445205688
3.69376897812		4.81388759613
3.69765496254		4.3521194458
3.7015209198		-0.00677108764648
3.70539903641		1.6119556427
3.70928096771		5.04730892181
3.71314692497		2.57101249695
3.71702313423		-0.00169658660889
3.72090005875		3.58588886261
3.72477293015		5.04223537445
3.72865509987		0.78990650177
3.73253798485		0.394104957581
3.73640012741		5.04223537445
3.74027705193		3.87512779236
3.74414992332		-0.00169658660889
3.74803495407		2.13969039917
3.75190210342		5.04730892181
3.75577712059		2.07372379303
3.7596540451		-0.00169658660889
3.7635281086		4.07302856445
3.7674279213		4.95597076416
3.77128100395		0.404253005981
3.77515506744		0.774682998657
3.77910804749		5.04730892181
3.7829079628		3.42858314514
3.78678202629		-0.00677108764648
3.79065895081		2.65727710724
3.79453492165		5.04223537445
3.79843091965		1.56628608704
3.80229210854		-0.00677108764648
3.80615901947		4.50942516327
3.81003808975		4.67180538177
3.81391000748		0.0845680236816
3.81779313087		1.24660015106
3.82166099548		5.04730892181
3.82553792		2.94144248962
3.82941508293		-0.00169658660889
3.83330607414		3.21545886993
3.83716201782		5.04730892181
3.84118914604		0.937063217163
3.84504008293		0.231724739075
3.8489151001		4.98641681671
3.85279011726		4.11362361908
3.85666704178		-0.00169658660889
3.86055707932		1.9214925766
3.86441707611		5.04730892181
3.86829996109		2.25132751465
3.87216806412		-0.00169658660889
3.87604308128		3.85990524292
3.8799200058		5.02701187134
3.88379311562		0.576782226562
3.88767194748		0.607228279114
3.89154601097		5.04730892181
3.89543795586		3.60111141205
3.89930415154		-0.00677108764648
3.90317201614		2.42893028259
3.90704607964		5.04730892181
3.91092395782		1.79463291168
3.91479897499		-0.00169658660889
3.91868114471		4.33689689636
3.92255592346		4.81896209717
3.92644000053		0.196204185486
3.93030595779		1.02840232849
3.93417692184		5.04730892181
3.93805909157		3.13934326172
3.9419260025		-0.00169658660889
3.94580411911		2.95666599274
3.94968008995		5.04730892181
3.95355200768		1.32779026031
3.95743513107		0.03382396698
3.96132111549		4.75299549103
3.96518206596		4.43838405609
3.96914410591		-0.00169658660889
3.97305607796		1.69314575195
3.9769320488		5.04223537445
3.98080801964		2.49489688873
3.98468399048		-0.00677108764648
3.98857212067		3.67215251923
3.99243402481		5.04730892181
3.99630904198		0.703641891479
4.00018501282		0.439774513245
4.00405907631		5.04223537445
4.00793600082		3.84975624084
4.01181101799		-0.00169658660889
4.01568698883		2.20058345795
4.01956415176		5.04730892181
4.02345609665		1.96716213226
4.02732110023		-0.00169658660889
4.03118896484		4.13899612427
4.03506302834		4.94582176208
4.03894710541		0.348435401917
4.04282402992		0.845724105835
4.04668998718		5.03716087341
4.05057096481		3.34739303589
4.054459095		-0.00169658660889
4.05832505226		2.74354171753
4.06219291687		5.04730892181
4.06606698036		1.53076553345
4.06994605064		-0.00169658660889
4.07381892204		4.56524372101
4.07770109177		4.61598682404
4.08157205582		0.0541210174561
4.08544492722		1.29734420776
4.08934092522		5.04730892181
4.09319591522		2.87547588348
4.09707212448		-0.00169658660889
4.10095000267		3.26620292664
4.10482311249		5.04730892181
4.10869908333		1.05377388
4.11257505417		0.170831680298
4.11646509171		4.96611976624
4.12032604218		4.20496273041
4.12420201302		-0.00169658660889
4.12808203697		1.81493091583
4.13195300102		5.04223537445
4.13582611084		2.38833522797
4.1397049427		-0.00169658660889
4.1435790062		3.76856613159
4.14745998383		5.04223537445
4.15132904053		0.632600784302
4.15520596504		0.531112670898
4.15916514397		5.04730892181
4.16296315193		3.72289657593
4.16683197021		-0.00677108764648
4.17071199417		2.32744312286
4.17458415031		5.04223537445
4.17846393585		1.88089752197
4.1823489666		-0.00169658660889
4.18620896339		4.24555778503
4.19008493423		4.87985515594
4.19395804405		0.277394294739
4.19784092903		0.937063217163
4.20171403885		5.04730892181
4.2055850029		3.24590492249
4.20946311951		-0.00677108764648
4.21333694458		2.8501033783
4.21721792221		5.04730892181
4.22108793259		1.42420387268
4.22496414185		0.00845146179199
4.22883892059		4.65658187866
4.23271393776		4.52464866638
4.23660206795		0.0186004638672
4.24046707153		1.41912937164
4.24434113503		5.04730892181
4.24821615219		2.75876522064
4.25209403038		-0.00677108764648
4.2559659481		3.38291358948
4.25984597206		5.05238342285
4.26373195648		0.942137718201
4.26760101318		0.252021789551
4.27146911621		4.99149131775
4.27534508705		4.09840106964
4.27922797203		-0.00169658660889
4.28310203552		1.93671607971
4.28697299957		5.04730892181
4.29085111618		2.25640106201
4.29472303391		-0.00169658660889
4.29860711098		3.89542579651
4.30248999596		5.0219373703
4.30634903908		0.551410675049
4.31022500992		0.622451782227
4.31410098076		5.04223537445
4.31798315048		3.60618591309
4.32185196877		-0.00169658660889
4.32572793961		2.44415378571
4.32962012291		5.04730892181
4.33346915245		1.78955841064
4.33734703064		-0.00169658660889
4.3412270546		4.36226844788
4.34511613846		4.79866504669
4.34897994995		0.206352233887
4.35285305977		1.03855037689
4.35672903061		5.04223537445
4.36060500145		3.12919425964
4.36449503899		-0.00169658660889
4.36836314201		2.99218654633
4.37223100662		5.03716087341
4.37610697746		1.30749225616
4.3799841404		0.0439729690552
4.38385605812		4.75299549103
4.3877389431		4.42823505402
4.39161014557		-0.00169658660889
4.39548301697		1.52569103241
4.39936208725		5.04730892181
4.40323996544		2.6420545578
4.40710902214		-0.00169658660889
4.41098713875		3.49454975128
4.41486096382		5.04730892181
4.41874408722		0.850798606873
4.42261505127		0.328137397766
4.42648792267		5.0219373703
4.43038010597		3.96646690369
4.434237957		-0.00677108764648
4.43812012672		2.05342674255
4.4419901371		5.04730892181
4.44586610794		2.14983940125
4.44974708557		-0.00169658660889
4.45361614227		4.00198745728
4.4575009346		4.99656581879
4.46136713028		0.465146064758
4.46524310112		0.713790893555
4.46919894218		5.04730892181
4.47299313545		3.50977325439
4.47686910629		-0.00169658660889
4.48074507713		2.57101249695
4.4846329689		5.04730892181
4.48849701881		1.66777324677
4.49237298965		-0.00169658660889
4.49624705315		4.44345855713
4.50012302399		4.73269748688
4.50399708748		0.125163078308
4.50787997246		1.16541004181
4.51174902916		5.04730892181
4.515625		3.0124835968
4.51952004433		-0.00169658660889
4.52338409424		3.11904525757
4.52725696564		5.05238342285
4.53112792969		1.19078159332
4.53500199318		0.0845680236816
4.53888702393		4.84940910339
4.54275393486		4.33182239532
4.54662704468		-0.00169658660889
4.55052113533		1.67792224884
4.55437898636		5.04223537445
4.55825996399		2.52534389496
4.56212997437		-0.00677108764648
4.56600499153		3.61633491516
4.56988310814		5.04223537445
4.57375597954		0.764533996582
4.57763910294		0.429625511169
4.58150696754		5.04730892181
4.58540010452		3.84975624084
4.58926010132		-0.00169658660889
4.59313392639		2.1701374054
4.59700703621		5.04223537445
4.60088610649		2.0331287384
4.60475993156		-0.00169658660889
4.60864496231		4.11869812012
4.61252593994		4.93567276001
4.61638712883		0.389030456543
4.62026405334		0.825427055359
4.62413907051		5.04223537445
4.62801909447		3.38291358948
4.63188910484		-0.00169658660889
4.63576507568		2.7029466629
4.6396420002		5.04730892181
4.64352297783		1.55106258392
4.64740204811		-0.00169658660889
4.6512670517		4.54494571686
4.65514206886		4.63121032715
4.6590180397		0.0591955184937
4.66289401054		1.27197170258
4.66676998138		5.04223537445
4.67065000534		2.89577293396
4.67452001572		-0.00169658660889
4.67841601372		3.25605392456
4.6822719574		5.04730892181
4.68614506721		1.08929443359
4.6900241375		0.155609130859
4.69389510155		4.9103012085
4.69778394699		4.21511173248
4.70164704323		-0.00169658660889
4.70552611351		1.77433586121
4.70939898491		5.04730892181
4.71327400208		2.40863323212
4.71714997292		-0.00169658660889
4.72102499008		3.74319458008
4.72490000725		5.04730892181
4.72878098488		0.657972335815
4.73266410828		0.520963668823
4.73652601242		5.04730892181
4.74040603638		3.72797107697
4.74427700043		-0.00169658660889
4.74816012383		2.29699611664
4.75202894211		5.04730892181
4.75590515137		1.92656707764
4.75979495049		-0.00169658660889
4.76366209984		4.22018527985
4.7675409317		4.89000320435
4.7714099884		0.297691345215
4.77528214455		0.931988716125
4.77923703194		5.04223537445
4.78303408623		3.27127742767
4.78691005707		-0.00169658660889
4.79078507423		2.82980632782
4.79466104507		5.04730892181
4.79855704308		1.40898036957
4.80241012573		0.00845146179199
4.8062851429		4.64135932922
4.81016492844		4.53987121582
4.81403708458		0.0236749649048
4.81791901588		1.38868236542
4.82178902626		5.04223537445
4.82568001747		2.77398777008
4.82955694199		-0.00169658660889
4.83341598511		3.34231853485
4.83729314804		5.04730892181
4.84116506577		0.992880821228
4.84504103661		0.231724739075
4.84892392159		4.98641681671
4.85279202461		4.11869812012
4.85667014122		-0.00169658660889
4.86063909531		2.06864929199
4.86454892159		5.04223537445
4.86842012405		2.08894729614
4.87229609489		-0.00677108764648
4.87617111206		4.01721096039
4.88004994392		4.99149131775
4.88392806053		0.444848060608
4.88781094551		0.744236946106
4.89167499542		5.04223537445
4.89554810524		3.48947525024
4.8994269371		-0.00169658660889
4.90329909325		2.61668205261
4.90717506409		5.04730892181
4.91105103493		1.6119556427
4.91494607925		-0.00169658660889
4.91881012917		4.46883010864
4.92267799377		4.70225143433
4.92656898499		0.104865074158
4.9304330349		1.18570804596
4.93430304527		5.04730892181
4.93818712234		2.98711204529
4.94205403328		-0.00677108764648
4.94593000412		3.12919425964
4.94980692863		5.04730892181
4.95369696617		1.16033554077
4.95756292343		0.0997905731201
4.96143102646		4.84940910339
4.96530795097		4.31659889221
4.96927499771		-0.00169658660889
4.97318291664		1.84030246735
4.97706007957		5.05238342285
4.98093509674		2.3426656723
4.98481011391		-0.00169658660889
4.98869800568		3.82945823669
4.99256205559		5.04223537445
4.99643707275		0.576782226562
