0.000126123428345		2.64712810516
0.00465106964111		2.77906227112
0.00929307937622		2.69279766083
0.0139000415802		2.55071544647
0.0185251235962		2.41878128052
0.0231509208679		2.31729412079
0.0277791023254		2.25640106201
0.0324010848999		2.26147556305
0.0370209217072		2.3426656723
0.0416531562805		2.46445083618
0.0462760925293		2.60145950317
0.0509040355682		2.71817016602
0.0555260181427		2.79428577423
0.0601539611816		2.79936027527
0.064777135849		2.75876522064
0.0694069862366		2.63698005676
0.0740299224854		2.49997138977
0.0786621570587		2.36803817749
0.0832810401917		2.27669906616
0.087916135788		2.25132751465
0.092572927475		2.2817735672
0.0971720218658		2.38833522797
0.101791143417		2.52534389496
0.106418132782		2.65727710724
0.111046075821		2.7536907196
0.115668058395		2.80443382263
0.120294094086		2.78413677216
0.124917984009		2.71817016602
0.129545927048		2.57608699799
0.134171009064		2.43907928467
0.138797044754		2.32236862183
0.143419027328		2.25640106201
0.148047924042		2.25640106201
0.152671098709		2.32236862183
0.157300949097		2.43907928467
0.161924123764		2.58116149902
0.166558027267		2.69787216187
0.171175003052		2.78413677216
0.175802946091		2.79936027527
0.180424928665		2.75876522064
0.185059070587		2.6522026062
0.18967795372		2.51519489288
0.194302082062		2.38833522797
0.198930025101		2.2919216156
0.203552961349		2.24625301361
0.208181142807		2.27162456512
0.21280503273		2.36296367645
0.217440128326		2.49489688873
0.222056150436		2.63698005676
0.226684093475		2.73846721649
0.231308937073		2.80443382263
0.235940933228		2.78921127319
0.240556955338		2.71309566498
0.245192050934		2.59638500214
0.249810934067		2.46445083618
0.254436016083		2.3426656723
0.259063005447		2.26147556305
0.263687133789		2.25640106201
0.268314123154		2.30714511871
0.272941112518		2.41878128052
0.277631044388		2.53041744232
0.282189130783		2.68264961243
0.286821126938		2.77398777008
0.291439056396		2.80443382263
0.296066999435		2.76383876801
0.300692081451		2.66742610931
0.305324077606		2.5405664444
0.309942007065		2.40355873108
0.314567089081		2.29699611664
0.319194078445		2.25132751465
0.323818922043		2.27162456512
0.328448057175		2.35281467438
0.333070993423		2.47459983826
0.337708950043		2.61668205261
0.34232211113		2.73339271545
0.34695315361		2.79428577423
0.351572990417		2.79936027527
0.356199026108		2.73339271545
0.360823154449		2.61668205261
0.365456104279		2.47967433929
0.370074987411		2.35281467438
0.374700069427		2.27669906616
0.379337072372		2.25132751465
0.383955955505		2.2919216156
0.388579130173		2.39848423004
0.393203020096		2.53549194336
0.397835016251		2.66235160828
0.402456045151		2.76383876801
0.407082080841		2.80443382263
0.411706924438		2.77906227112
0.416334152222		2.68772315979
0.42095708847		2.56086444855
0.425586938858		2.42893028259
0.430210113525		2.31221961975
0.434833049774		2.26147556305
0.439460039139		2.26147556305
0.444083929062		2.33759117126
0.448711156845		2.45937633514
0.453335046768		2.59638500214
0.457962036133		2.71309566498
0.462587118149		2.78921127319
0.467221021652		2.79936027527
0.471837997437		2.74861621857
0.476465940475		2.63698005676
0.48108792305		2.50504589081
0.485722064972		2.37311172485
0.490340948105		2.27669906616
0.494974136353		2.25132751465
0.499592065811		2.28684806824
0.504219055176		2.37818622589
0.508845090866		2.51519489288
0.513468027115		2.64712810516
0.518095970154		2.7536907196
0.52272605896		2.80443382263
0.527353048325		2.78921127319
0.531970977783		2.70802116394
0.536602973938		2.58116149902
0.54122209549		2.43907928467
0.545850038528		2.32236862183
0.550476074219		2.26147556305
0.555104970932		2.25640106201
0.559725046158		2.31729412079
0.564350128174		2.43907928467
0.568978071213		2.57608699799
0.573601007462		2.7029466629
0.578227996826		2.77906227112
0.582852125168		2.80443382263
0.587486028671		2.76383876801
0.592102050781		2.6522026062
0.596730947495		2.52534389496
0.601357936859		2.393409729
0.605988025665		2.29699611664
0.61060500145		2.24625301361
0.615239143372		2.27162456512
0.619858980179		2.36296367645
0.624484062195		2.49997138977
0.62911605835		2.62683105469
0.633736133575		2.73846721649
0.638361930847		2.80443382263
0.642986059189		2.78921127319
0.64764714241		2.72831821442
0.652236938477		2.60145950317
0.656867980957		2.46952533722
0.661487102509		2.33759117126
0.666121006012		2.26655006409
0.670741081238		2.24625301361
0.675372123718		2.30207061768
0.679991006851		2.41878128052
0.684616088867		2.55071544647
0.689258098602		2.67250061035
0.693866014481		2.77398777008
0.698496103287		2.80950832367
0.703118085861		2.76891326904
0.707749128342		2.67250061035
0.712368011475		2.54564094543
0.716995954514		2.40863323212
0.72162103653		2.30207061768
0.726253032684		2.25132751465
0.730870962143		2.26655006409
0.735505104065		2.3426656723
0.740123987198		2.46952533722
0.744749069214		2.58623600006
0.749377965927		2.72831821442
0.754001140594		2.79428577423
0.758629083633		2.79936027527
0.763251066208		2.73339271545
0.767879009247		2.62175655365
0.772503137589		2.48474884033
0.777135133743		2.35788917542
0.781754970551		2.27669906616
0.786381006241		2.25132751465
0.791005134583		2.28684806824
0.795639038086		2.393409729
0.800256967545		2.53549194336
0.804885149002		2.63698005676
0.80952000618		2.75876522064
0.814132928848		2.80443382263
0.818761110306		2.77906227112
0.823385000229		2.69279766083
0.828012943268		2.56593894958
0.832636117935		2.42893028259
0.837262153625		2.31729412079
0.841886997223		2.25640106201
0.846513986588		2.25640106201
0.851139068604		2.33251667023
0.855772018433		2.44922733307
0.860388994217		2.5913105011
0.865020990372		2.7029466629
0.869641065598		2.78921127319
0.874264001846		2.80443382263
0.878900051117		2.7536907196
0.883521080017		2.6420545578
0.88814496994		2.50504589081
0.892769098282		2.37311172485
0.897401094437		2.2817735672
0.902020931244		2.25132751465
0.906654119492		2.2817735672
0.911271095276		2.37311172485
0.915899038315		2.50504589081
0.920522928238		2.6420545578
0.925153970718		2.7536907196
0.929774045944		2.80443382263
0.934406995773		2.78921127319
0.939027070999		2.71309566498
0.943650960922		2.58623600006
0.948276996613		2.44922733307
0.952919960022		2.33251667023
0.957530021667		2.26147556305
0.962154150009		2.25640106201
0.966779947281		2.31221961975
0.971403121948		2.42893028259
0.976032018661		2.57101249695
0.980657100677		2.69279766083
0.985288143158		2.77398777008
0.989906072617		2.80443382263
0.994534015656		2.76383876801
0.999163150787		2.66235160828
1.00378394127		2.52534389496
1.00841212273		2.393409729
1.01303505898		2.29699611664
1.0176961422		2.25132751465
1.02228713036		2.27162456512
1.02691292763		2.35788917542
1.03153800964		2.4898223877
1.03616595268		2.62175655365
1.04079008102		2.73339271545
1.04541993141		2.79936027527
1.05004096031		2.79428577423
1.054666996		2.72831821442
1.05929207802		2.60653305054
1.06391596794		2.46952533722
1.06854510307		2.3426656723
1.07316803932		2.26655006409
1.07780003548		2.25132751465
1.08242511749		2.30207061768
1.08705806732		2.40355873108
1.09167814255		2.54564094543
1.09630513191		2.66742610931
1.10092592239		2.76891326904
1.10554909706		2.80950832367
1.11017298698		2.76891326904
1.11479902267		2.69279766083
1.11942601204		2.55071544647
1.12405014038		2.41370677948
1.12867903709		2.30207061768
1.13330197334		2.25640106201
1.13792800903		2.26655006409
1.14255309105		2.3426656723
1.1471850872		2.45937633514
1.15180492401		2.60653305054
1.15642905235		2.72324466705
1.16105508804		2.78921127319
1.16568613052		2.79936027527
1.17030501366		2.73846721649
1.17493414879		2.65727710724
1.17955899239		2.4898223877
1.18418192863		2.36296367645
1.18881201744		2.27669906616
1.19343495369		2.24625301361
1.19806194305		2.2919216156
1.20268702507		2.38833522797
1.20731210709		2.52534389496
1.21193814278		2.65727710724
1.21656894684		2.7536907196
1.22118592262		2.80443382263
1.22581505775		2.78413677216
1.230437994		2.69787216187
1.23507094383		2.57101249695
1.23969602585		2.43907928467
1.24431610107		2.32744312286
1.24895000458		2.26147556305
1.25356793404		2.25640106201
1.25819396973		2.32744312286
1.26281809807		2.44922733307
1.26745009422		2.58116149902
1.27206993103		2.7029466629
1.27669501305		2.78413677216
1.28132200241		2.80443382263
1.28595113754		2.7536907196
1.29057192802		2.6420545578
1.29520511627		2.51519489288
1.29982304573		2.38326072693
1.30444812775		2.28684806824
1.30907893181		2.24625301361
1.31369996071		2.27669906616
1.31832814217		2.36296367645
1.32295107841		2.49997138977
1.32761693001		2.62683105469
1.3322019577		2.74354171753
1.33683395386		2.79936027527
1.34145307541		2.78413677216
1.34608101845		2.71309566498
1.35070610046		2.5913105011
1.35533714294		2.46445083618
1.35995411873		2.33251667023
1.36458206177		2.26147556305
1.36920809746		2.24625301361
1.37383198738		2.30714511871
1.37845993042		2.42385578156
1.38309001923		2.56086444855
1.38771605492		2.68772315979
1.39233493805		2.77398777008
1.39696192741		2.80443382263
1.4015879631		2.76383876801
1.40621709824		2.66742610931
1.41083598137		2.53041744232
1.4154651165		2.39848423004
1.42008900642		2.29699611664
1.42471313477		2.25132751465
1.4293410778		2.27162456512
1.43398094177		2.34774017334
1.43859410286		2.48474884033
1.44321608543		2.62175655365
1.44784498215		2.72831821442
1.45246815681		2.79936027527
1.45709896088		2.79936027527
1.46171808243		2.72831821442
1.46634507179		2.60653305054
1.47096896172		2.47459983826
1.47560405731		2.35281467438
1.4802210331		2.27162456512
1.48484897614		2.24625301361
1.48947310448		2.29699611664
1.49410009384		2.40355873108
1.49872612953		2.5405664444
1.50335001945		2.66742610931
1.50797915459		2.76891326904
1.51259994507		2.80443382263
1.51722693443		2.77398777008
1.52185106277		2.68772315979
1.52648901939		2.55578994751
1.53110194206		2.41878128052
1.53573107719		2.31221961975
1.54035305977		2.25132751465
1.54498696327		2.26147556305
1.54960513115		2.33759117126
1.55423092842		2.46445083618
1.55885910988		2.60145950317
1.5634829998		2.71309566498
1.56810998917		2.78413677216
1.57273292542		2.79936027527
1.5773601532		2.74861621857
1.5819849968		2.63190555573
1.58661603928		2.49997138977
1.5912361145		2.36296367645
1.59586215019		2.2817735672
1.60048699379		2.24625301361
1.60512113571		2.28684806824
1.60974097252		2.38833522797
1.61436295509		2.52534389496
1.61899209023		2.6522026062
1.62361598015		2.74861621857
1.62824511528		2.79936027527
1.63286614418		2.78921127319
1.63749313354		2.7029466629
1.64211797714		2.57101249695
1.6467499733		2.44415378571
1.65136909485		2.32236862183
1.65599608421		2.26147556305
1.66061902046		2.25640106201
1.66525292397		2.31729412079
1.66987705231		2.44415378571
1.67449593544		2.57608699799
1.67912793159		2.69787216187
1.68374896049		2.78921127319
1.6883790493		2.80443382263
1.69299912453		2.7536907196
1.69765996933		2.65727710724
1.70225095749		2.51519489288
1.70688295364		2.38833522797
1.71150112152		2.2817735672
1.71612811089		2.24625301361
1.72075295448		2.27669906616
1.72538495064		2.36803817749
1.73000311852		2.49997138977
1.73463106155		2.63698005676
1.73925495148		2.74354171753
1.74388098717		2.79936027527
1.74850797653		2.78921127319
1.75313210487		2.72324466705
1.75776314735		2.59638500214
1.76238203049		2.45430183411
1.76700997353		2.33251667023
1.77163410187		2.26655006409
1.77626109123		2.25132751465
1.78087806702		2.31221961975
1.78550815582		2.41878128052
1.79013800621		2.56086444855
1.79476213455		2.67250061035
1.79939007759		2.77398777008
1.80401301384		2.80443382263
1.8086400032		2.76891326904
1.81327009201		2.67250061035
1.81789302826		2.53549194336
1.82251596451		2.40355873108
1.82714295387		2.30207061768
1.83176708221		2.25132751465
1.83639407158		2.26655006409
1.84101700783		2.34774017334
1.84564709663		2.47459983826
1.85026812553		2.61668205261
1.85489392281		2.72324466705
1.8595199585		2.79428577423
1.86414408684		2.79936027527
1.86877298355		2.72831821442
1.87339496613		2.61668205261
1.87803602219		2.4898223877
1.88264608383		2.35281467438
1.88728094101		2.27162456512
1.89189696312		2.24625301361
1.89652299881		2.29699611664
1.9011490345		2.40355873108
1.90578103065		2.53549194336
1.91040205956		2.66742610931
1.91503214836		2.76383876801
1.91965198517		2.80443382263
1.92427706718		2.77398777008
1.92890310287		2.68772315979
1.9335269928		2.56086444855
1.93815398216		2.42385578156
1.94277906418		2.31221961975
1.94741201401		2.25640106201
1.95203208923		2.26147556305
1.95666193962		2.32744312286
1.96128296852		2.45430183411
1.96591305733		2.5913105011
1.97053408623		2.71309566498
1.97516107559		2.78921127319
1.97978496552		2.79936027527
1.98441004753		2.74861621857
1.98903608322		2.63698005676
1.99366402626		2.49997138977
1.99828696251		2.36296367645
2.0029129982		2.27669906616
2.007625103		2.25132751465
2.01216697693		2.2817735672
2.01679801941		2.37818622589
2.02141714096		2.52026939392
2.02604198456		2.6522026062
2.0306699276		2.74861621857
2.0353000164		2.79936027527
2.03991913795		2.78921127319
2.04454398155		2.70802116394
2.04917097092		2.57608699799
2.05379700661		2.44415378571
2.0584230423		2.32744312286
2.06304597855		2.26147556305
2.06770515442		2.25132751465
2.0722990036		2.31729412079
2.07692503929		2.43400478363
2.08154892921		2.57608699799
2.08618497849		2.69787216187
2.09080314636		2.77906227112
2.09543395042		2.80443382263
2.10005712509		2.75876522064
2.10467910767		2.65727710724
2.10930299759		2.52534389496
2.11392903328		2.38833522797
2.11855697632		2.28684806824
2.12318015099		2.24625301361
2.12780809402		2.27162456512
2.13243198395		2.36803817749
2.13705992699		2.4898223877
2.14169096947		2.62683105469
2.14631414413		2.73339271545
2.15093398094		2.79936027527
2.1555659771		2.78921127319
2.16018414497		2.72324466705
2.16480994225		2.61668205261
2.16943693161		2.46445083618
2.17406392097		2.33759117126
2.17868900299		2.26655006409
2.18331313133		2.25132751465
2.1879401207		2.30714511871
2.19256305695		2.41370677948
2.19719195366		2.55071544647
2.20182013512		2.67757511139
2.2064499855		2.76891326904
2.21106600761		2.80443382263
2.21569395065		2.77398777008
2.22031903267		2.67757511139
2.22501397133		2.56593894958
2.22958493233		2.41370677948
2.23420214653		2.30714511871
2.23882699013		2.25640106201
2.24345612526		2.26147556305
2.24807810783		2.33759117126
2.25270104408		2.47459983826
2.25733399391		2.61160755157
2.26195192337		2.72324466705
2.26658511162		2.79428577423
2.27120399475		2.79936027527
2.27584600449		2.73846721649
2.28045392036		2.62175655365
2.28508710861		2.4898223877
2.28970694542		2.36803817749
2.29433107376		2.27669906616
2.29895997047		2.24625301361
2.30358314514		2.2919216156
2.30821013451		2.393409729
2.3128349781		2.52534389496
2.31746101379		2.65727710724
2.32208514214		2.75876522064
2.32671904564		2.79936027527
2.33133602142		2.77906227112
2.33596515656		2.69279766083
2.34058594704		2.56593894958
2.34522008896		2.43400478363
2.34983801842		2.31221961975
2.35446500778		2.25640106201
2.35910797119		2.25640106201
2.3637149334		2.32236862183
2.36834597588		2.44922733307
2.3729660511		2.58623600006
2.37765693665		2.68772315979
2.38221907616		2.78413677216
2.3868560791		2.79936027527
2.39146900177		2.7536907196
2.39609503746		2.6420545578
2.40071892738		2.50504589081
2.40535092354		2.37311172485
2.40997099876		2.2817735672
2.41461515427		2.24625301361
2.41922402382		2.2817735672
2.42384910583		2.37311172485
2.4284760952		2.50504589081
2.43309903145		2.6420545578
2.43775892258		2.73846721649
2.44235014915		2.79936027527
2.44698405266		2.78921127319
2.45160102844		2.71309566498
2.45622897148		2.58623600006
2.46085500717		2.45430183411
2.46548604965		2.33759117126
2.47010207176		2.26147556305
2.47473096848		2.24625301361
2.47935914993		2.31221961975
2.48399400711		2.42385578156
2.48860692978		2.57101249695
2.49323105812		2.69279766083
2.4978621006		2.77398777008
2.50249814987		2.80443382263
2.507117033		2.76383876801
2.51173496246		2.65727710724
2.51636195183		2.53041744232
2.52098703384		2.393409729
2.52561807632		2.2919216156
2.53024291992		2.24625301361
2.53488111496		2.26147556305
2.53948712349		2.36296367645
2.54411411285		2.48474884033
2.54874205589		2.62683105469
2.55336499214		2.73339271545
2.55799412727		2.79936027527
2.56261706352		2.79428577423
2.56724405289		2.72831821442
2.57188296318		2.61668205261
2.57650113106		2.47459983826
2.58111906052		2.3426656723
2.58576393127		2.27162456512
2.5903699398		2.24625301361
2.59500312805		2.29699611664
2.59962201118		2.40355873108
2.60424900055		2.54564094543
2.60887503624		2.67757511139
2.61349797249		2.76891326904
2.61812615395		2.80443382263
2.62275195122		2.77906227112
2.62737703323		2.68264961243
2.63200211525		2.54564094543
2.63662600517		2.41370677948
2.6412551403		2.31221961975
2.64588403702		2.25132751465
2.65050292015		2.26147556305
2.6551361084		2.33759117126
2.65975499153		2.45430183411
2.66438007355		2.60653305054
2.66900897026		2.71309566498
2.67363715172		2.78921127319
2.67825913429		2.79428577423
2.68288207054		2.74354171753
2.68751692772		2.63190555573
2.69213199615		2.49489688873
2.69676208496		2.36803817749
2.70138502121		2.27162456512
2.70601701736		2.24625301361
2.71065211296		2.2817735672
2.71526694298		2.38833522797
2.7198870182		2.52534389496
2.72451305389		2.65727710724
2.72914195061		2.7536907196
2.73376393318		2.79936027527
2.73839402199		2.77906227112
2.74301409721		2.69787216187
2.74767708778		2.5913105011
2.75226712227		2.43400478363
2.75689411163		2.31729412079
2.7615339756		2.26147556305
2.76614904404		2.25640106201
2.77077102661		2.32744312286
2.77539610863		2.43907928467
2.7800321579		2.57608699799
2.78464508057		2.7029466629
2.78926992416		2.78413677216
2.79390096664		2.80443382263
2.79853892326		2.75876522064
2.80314898491		2.64712810516
2.80778312683		2.51519489288
2.81239914894		2.38326072693
2.81703901291		2.2919216156
2.8216509819		2.25132751465
2.82627892494		2.27669906616
2.83090114594		2.36803817749
2.83553409576		2.49997138977
2.84015202522		2.64712810516
2.84477806091		2.73339271545
2.84940910339		2.79936027527
2.8540289402		2.78921127319
2.85865712166		2.71817016602
2.86328101158		2.5913105011
2.86791992188		2.46445083618
2.87252306938		2.33251667023
2.87715315819		2.26147556305
2.88178110123		2.25132751465
2.88641500473		2.30714511871
2.89103412628		2.42385578156
2.89566612244		2.56086444855
2.90028500557		2.68264961243
2.90491008759		2.76891326904
2.90953493118		2.80443382263
2.91416096687		2.76383876801
2.91879105568		2.67250061035
2.92341208458		2.53549194336
2.92804002762		2.39848423004
2.93266415596		2.2919216156
2.937292099		2.25132751465
2.94192099571		2.26655006409
2.94654798508		2.35281467438
2.95117902756		2.47459983826
2.95579504967		2.60653305054
2.96042394638		2.72831821442
2.96505093575		2.78921127319
2.9696700573		2.78921127319
2.97429394722		2.72831821442
2.97892093658		2.60653305054
2.9835460186		2.47459983826
2.98817205429		2.34774017334
2.99279713631		2.27162456512
2.9974219799		2.24625301361
3.00204896927		2.29699611664
3.00669693947		2.393409729
3.01130008698		2.5405664444
3.01592493057		2.67250061035
3.02055001259		2.75876522064
3.02517795563		2.79936027527
3.0297999382		2.76891326904
3.03442811966		2.68264961243
3.03909897804		2.57101249695
3.04368305206		2.41878128052
3.04830694199		2.30714511871
3.05293107033		2.24625301361
3.05759501457		2.24625301361
3.06218314171		2.33251667023
3.06681609154		2.45430183411
3.07143497467		2.5913105011
3.07607293129		2.70802116394
3.08068203926		2.77906227112
3.08531904221		2.79936027527
3.08993506432		2.74354171753
3.09457707405		2.63190555573
3.09918808937		2.49489688873
3.10383296013		2.36803817749
3.10843801498		2.27162456512
3.11306214333		2.24117851257
3.11771202087		2.27162456512
3.12231612206		2.37818622589
3.12696099281		2.49997138977
3.13156509399		2.64712810516
3.1361989975		2.74354171753
3.14081692696		2.79936027527
3.14545702934		2.77906227112
3.15006899834		2.69787216187
3.15469503403		2.57101249695
3.15932011604		2.43400478363
3.16395902634		2.32236862183
3.1685731411		2.25132751465
3.17319703102		2.25132751465
3.17784714699		2.30714511871
3.18244814873		2.42385578156
3.18708205223		2.57101249695
3.19169807434		2.69279766083
3.19632506371		2.77398777008
3.20095014572		2.78921127319
3.20558214188		2.74861621857
3.21020102501		2.64712810516
3.21483111382		2.5405664444
3.21945500374		2.37818622589
3.22407913208		2.2817735672
3.22870707512		2.24117851257
3.23333096504		2.26147556305
3.23795700073		2.35788917542
3.24258112907		2.4898223877
3.24721813202		2.62683105469
3.25183200836		2.72324466705
3.25645804405		2.78921127319
3.26108193398		2.78921127319
3.26571512222		2.71309566498
3.27033400536		2.5913105011
3.27496695518		2.45937633514
3.27958607674		2.33251667023
3.28421092033		2.25640106201
3.28883910179		2.23610401154
3.29346108437		2.29699611664
3.2980890274		2.41370677948
3.30273008347		2.53549194336
3.30734610558		2.67250061035
3.31196498871		2.76383876801
3.31659197807		2.79936027527
3.32121515274		2.75876522064
3.3258471489		2.66235160828
3.3304669857		2.53041744232
3.33509492874		2.40355873108
3.33971810341		2.2919216156
3.3443441391		2.24117851257
3.34897112846		2.25640106201
3.35361194611		2.33251667023
3.35822105408		2.46445083618
3.36284613609		2.60653305054
3.36747503281		2.72324466705
3.37211108208		2.78921127319
3.37672495842		2.78413677216
3.38135194778		2.72831821442
3.38599610329		2.61668205261
3.39062213898		2.48474884033
3.3952319622		2.35281467438
3.39985108376		2.26147556305
3.40447711945		2.24117851257
3.40910601616		2.28684806824
3.41372799873		2.38833522797
3.4183549881		2.53041744232
3.42298007011		2.65727710724
3.42764592171		2.74354171753
3.43223214149		2.79428577423
3.43685913086		2.77398777008
3.44148206711		2.68772315979
3.44611501694		2.56086444855
3.45073413849		2.41370677948
3.45536613464		2.30714511871
3.4599981308		2.25132751465
3.46460914612		2.25132751465
3.46923494339		2.32744312286
3.47386097908		2.44922733307
3.47848796844		2.58116149902
3.48311209679		2.69787216187
3.48774695396		2.77906227112
3.49236607552		2.79428577423
3.49698996544		2.74354171753
3.50161600113		2.63190555573
3.50624704361		2.49997138977
3.51086807251		2.37311172485
3.5154979229		2.27162456512
3.52011799812		2.24117851257
3.52474212646		2.26147556305
3.5293700695		2.37311172485
3.53401303291		2.49997138977
3.53862214088		2.6420545578
3.54325699806		2.74354171753
3.54787492752		2.79428577423
3.55249714851		2.77398777008
3.55712199211		2.7029466629
3.56175112724		2.57608699799
3.56638097763		2.44922733307
3.57100200653		2.32236862183
3.57562494278		2.25132751465
3.58024907112		2.25132751465
3.58487510681		2.2919216156
3.58950304985		2.42893028259
3.59412813187		2.57101249695
3.59876894951		2.68772315979
3.60337710381		2.77398777008
3.60800504684		2.79428577423
3.61262893677		2.75876522064
3.61725997925		2.65727710724
3.6218791008		2.52534389496
3.62651014328		2.38326072693
3.63113307953		2.28684806824
3.63576292992		2.24625301361
3.64038300514		2.26655006409
3.64501595497		2.35281467438
3.64963293076		2.4898223877
3.65425992012		2.62683105469
3.6588871479		2.73339271545
3.66351103783		2.79428577423
3.66815114021		2.79428577423
3.67276310921		2.72324466705
3.67739415169		2.60145950317
3.68201398849		2.45937633514
3.68666005135		2.3426656723
3.6912651062		2.26655006409
3.69589304924		2.24625301361
3.70051503181		2.29699611664
3.70514798164		2.41370677948
3.70976614952		2.55071544647
3.71439194679		2.67757511139
3.71903800964		2.76383876801
3.72364401817		2.80443382263
3.72827100754		2.76383876801
3.73289394379		2.66742610931
3.73751997948		2.54564094543
3.74214696884		2.41370677948
3.746778965		2.30207061768
3.75139594078		2.25132751465
3.75604009628		2.25640106201
3.76064801216		2.3426656723
3.76528000832		2.46445083618
3.76991510391		2.60653305054
3.77452492714		2.72324466705
3.77927803993		2.77398777008
3.78390097618		2.79428577423
3.78852796555		2.75876522064
3.79315400124		2.66235160828
3.79778504372		2.53549194336
3.80240392685		2.393409729
3.8070371151		2.2919216156
3.81165504456		2.24625301361
3.81628108025		2.26655006409
3.8209130764		2.35281467438
3.8255341053		2.48474884033
3.83015704155		2.62175655365
3.83478403091		2.71817016602
3.83941197395		2.79428577423
3.84404993057		2.79428577423
3.84866309166		2.73339271545
3.85328507423		2.60653305054
3.85791397095		2.46952533722
3.86253714561		2.3426656723
3.86716794968		2.26655006409
3.87178111076		2.25132751465
3.87640810013		2.29699611664
3.88104009628		2.40355873108
3.88568496704		2.53549194336
3.89029312134		2.66742610931
3.89491701126		2.7536907196
3.89954209328		2.80443382263
3.90416812897		2.77398777008
3.90879607201		2.67757511139
3.91341900826		2.55071544647
3.91804504395		2.41370677948
3.92267012596		2.30714511871
3.92730998993		2.25640106201
3.93192005157		2.25640106201
3.9365530014		2.33251667023
3.94117307663		2.46445083618
3.94580197334		2.59638500214
3.95042300224		2.71817016602
3.95505714417		2.79428577423
3.95967411995		2.79936027527
3.96430492401		2.73846721649
3.968927145		2.62683105469
3.9735519886		2.49489688873
3.97817897797		2.36296367645
3.98281812668		2.27669906616
3.98743510246		2.24625301361
3.99205207825		2.2919216156
3.99667906761		2.38326072693
4.00130701065		2.52026939392
4.00593709946		2.6522026062
4.01055812836		2.7536907196
4.01518893242		2.79936027527
4.01980900764		2.78413677216
4.02443099022		2.7029466629
4.02906513214		2.57608699799
4.03368496895		2.43400478363
4.03831195831		2.31729412079
4.04293394089		2.25640106201
4.0476231575		2.25132751465
4.05219912529		2.32236862183
4.05681300163		2.43907928467
4.06143808365		2.58116149902
4.06606912613		2.69787216187
4.07070493698		2.77906227112
4.07532215118		2.80443382263
4.07994008064		2.7536907196
4.08456492424		2.6420545578
4.08919215202		2.51012039185
4.09381604195		2.37818622589
4.09844398499		2.2817735672
4.10308504105		2.25132751465
4.10770511627		2.27162456512
4.11231994629		2.37311172485
4.11694598198		2.50504589081
4.121571064		2.63190555573
4.12619709969		2.74354171753
4.13082408905		2.79936027527
4.13545107841		2.78921127319
4.14008593559		2.71817016602
4.14470005035		2.5913105011
4.14932513237		2.45937633514
4.15396809578		2.33759117126
4.15857696533		2.26147556305
4.16320109367		2.25132751465
4.16783308983		2.30714511871
4.17245292664		2.41878128052
4.17708396912		2.56086444855
4.18170309067		2.68772315979
4.18633198738		2.77398777008
4.1909570694		2.80443382263
4.1955871582		2.76383876801
4.20020699501		2.67250061035
4.20483112335		2.56593894958
4.20945906639		2.39848423004
4.21408295631		2.29699611664
4.21871113777		2.25132751465
4.22333502769		2.27162456512
4.22796392441		2.3426656723
4.23258709908		2.47967433929
4.23721194267		2.61668205261
4.24183702469		2.72831821442
4.24646806717		2.79428577423
4.25109815598		2.79428577423
4.25571608543		2.73339271545
4.26033902168		2.60653305054
4.26497292519		2.47967433929
4.26959013939		2.35281467438
4.27421498299		2.27162456512
4.2788579464		2.24625301361
4.28346705437		2.29699611664
4.28809499741		2.40355873108
4.29271793365		2.5405664444
4.29734396935		2.67250061035
4.30196905136		2.76383876801
4.30660295486		2.80443382263
4.31121897697		2.77906227112
4.31585097313		2.68772315979
4.3204729557		2.55578994751
4.32510399818		2.42385578156
4.32974004745		2.31729412079
4.33434796333		2.25132751465
4.33897709846		2.25640106201
4.34360003471		2.33759117126
4.34823894501		2.45430183411
4.35284996033		2.59638500214
4.35747599602		2.71817016602
4.3621070385		2.78921127319
4.36674904823		2.79936027527
4.37135410309		2.74354171753
4.37598109245		2.63190555573
4.38060593605		2.50504589081
4.38523793221		2.37311172485
4.38985610008		2.27669906616
4.39448809624		2.25132751465
4.39911103249		2.28684806824
4.40373492241		2.37818622589
4.40836000443		2.51519489288
4.41298413277		2.6522026062
4.4176440239		2.74861621857
4.42223501205		2.80443382263
4.42686200142		2.78413677216
4.43148708344		2.7029466629
4.43613409996		2.58623600006
4.44073915482		2.43907928467
4.4453690052		2.32744312286
4.44998908043		2.26147556305
4.45461392403		2.25640106201
4.45924115181		2.31729412079
4.46386504173		2.43400478363
4.4684920311		2.57608699799
4.47311711311		2.69787216187
4.47774910927		2.78413677216
4.48236894608		2.80443382263
4.48700213432		2.75876522064
4.49162006378		2.64712810516
4.49624705315		2.51519489288
4.5008699894		2.38833522797
4.50550293922		2.2919216156
4.5101211071		2.24625301361
4.51474714279		2.26147556305
4.51938915253		2.36296367645
4.52399992943		2.4898223877
4.52862715721		2.63190555573
4.53325104713		2.73846721649
4.53788495064		2.79936027527
4.54250097275		2.78921127319
4.5471329689		2.71817016602
4.55175209045		2.59638500214
4.55637907982		2.46445083618
4.56100392342		2.33759117126
4.5656349659		2.26147556305
4.57025408745		2.24625301361
4.57489609718		2.28684806824
4.57963299751		2.36803817749
4.58427715302		2.49997138977
4.58888792992		2.6420545578
4.59350800514		2.74861621857
4.59813594818		2.80443382263
4.60275912285		2.78921127319
4.60739398003		2.71309566498
4.61201095581		2.59638500214
4.61663603783		2.44415378571
4.62126207352		2.32236862183
4.62589001656		2.26147556305
4.63051199913		2.25640106201
4.63514614105		2.31221961975
4.63976502419		2.42893028259
4.64438915253		2.57101249695
4.64901709557		2.69787216187
4.65364193916		2.77906227112
4.65826892853		2.80950832367
4.66290712357		2.76891326904
4.66752505302		2.66235160828
4.67214512825		2.52534389496
4.67676901817		2.38833522797
4.68139910698		2.29699611664
4.68602705002		2.24625301361
4.69064807892		2.27162456512
4.69527196884		2.35281467438
4.69989609718		2.48474884033
4.70452213287		2.62683105469
4.70915198326		2.73339271545
4.71379113197		2.79428577423
4.71840000153		2.79428577423
4.72303104401		2.72324466705
4.72768497467		2.61160755157
4.73228907585		2.47459983826
4.73691010475		2.3426656723
4.74152708054		2.26147556305
4.74615693092		2.25132751465
4.75079202652		2.30207061768
4.75541114807		2.41370677948
4.76002907753		2.55071544647
4.76465511322		2.67757511139
4.76928210258		2.76383876801
4.77390599251		2.80443382263
4.77853298187		2.77398777008
4.78315806389		2.67757511139
4.78779196739		2.55071544647
4.79240894318		2.40355873108
4.79703497887		2.30207061768
4.80166006088		2.25132751465
4.80629301071		2.26655006409
4.81091213226		2.3426656723
4.81554698944		2.46445083618
4.82017803192		2.59638500214
4.82479500771		2.7029466629
4.82941699028		2.78921127319
4.83403897285		2.79428577423
4.83866596222		2.73846721649
4.84329104424		2.62175655365
4.84792113304		2.4898223877
4.85254192352		2.36296367645
4.85717010498		2.27669906616
4.86179304123		2.25132751465
4.86642599106		2.2817735672
4.87104105949		2.38833522797
4.87566494942		2.53041744232
4.88029694557		2.65727710724
4.88492298126		2.7536907196
4.88954615593		2.80443382263
4.8941719532		2.78413677216
4.89879894257		2.69279766083
4.90343999863		2.57101249695
4.90805101395		2.44922733307
4.91267514229		2.31729412079
4.91730093956		2.25132751465
4.92192792892		2.25640106201
4.92655801773		2.32744312286
4.93117594719		2.44922733307
4.93580412865		2.58623600006
4.94042801857		2.7029466629
4.94506311417		2.78921127319
4.94967913628		2.80443382263
4.95430493355		2.74861621857
4.95894813538		2.64712810516
4.96355700493		2.51012039185
4.96818995476		2.37818622589
4.97280907631		2.28684806824
4.97744011879		2.24625301361
4.98205804825		2.2817735672
4.98669099808		2.37311172485
4.99131202698		2.50504589081
4.99593806267		2.63698005676
