0.000125169754028		2.90592193604
0.00325918197632		2.22088050842
0.00651621818542		2.92114448547
0.00976419448853		2.14983940125
0.0128860473633		2.82473182678
0.0160121917725		2.36803817749
0.0192601680756		2.45430183411
0.0225121974945		2.78413677216
0.0257601737976		2.14983940125
0.0288891792297		2.93636798859
0.0320122241974		2.17521095276
0.035138130188		2.75876522064
0.0383870601654		2.49489688873
0.041640996933		2.35281467438
0.0447661876678		2.83488082886
0.0478889942169		2.13461589813
0.0511391162872		2.91607093811
0.0543930530548		2.25640106201
0.0576391220093		2.60653305054
0.0607740879059		2.61668205261
0.0640490055084		2.24117851257
0.0672671794891		2.92114448547
0.070522069931		2.14476490021
0.0737671852112		2.78413677216
0.0768930912018		2.41370677948
0.0800290107727		2.47459983826
0.083279132843		2.78921127319
0.0865280628204		2.14983940125
0.0897791385651		2.92114448547
0.0929040908813		2.20565795898
0.0960280895233		2.72831821442
0.0991570949554		2.49489688873
0.102404117584		2.35281467438
0.105654001236		2.86025238037
0.108784198761		2.12954235077
0.11203122139		2.900847435
0.115284204483		2.30714511871
0.118532180786		2.5405664444
0.121782064438		2.71309566498
0.124908208847		2.21073246002
0.128033161163		2.91607093811
0.131283044815		2.14476490021
0.134532213211		2.78413677216
0.137785196304		2.46445083618
0.140910148621		2.42385578156
0.144034147263		2.77398777008
0.147158145905		2.1701374054
0.150412082672		2.93129348755
0.153660058975		2.20058345795
0.156787157059		2.73339271545
0.159914016724		2.47459983826
0.16316819191		2.35281467438
0.166412115097		2.86532688141
0.169664144516		2.12446784973
0.172790050507		2.90592193604
0.175913095474		2.24117851257
0.179044008255		2.66235160828
0.182289123535		2.61160755157
0.185541152954		2.25640106201
0.188691139221		2.900847435
0.191915035248		2.11939334869
0.195041179657		2.87547588348
0.198173999786		2.30714511871
0.201416015625		2.54564094543
0.204557180405		2.67757511139
0.207792043686		2.20565795898
0.210922002792		2.92114448547
0.214168071747		2.13969039917
0.217418193817		2.78921127319
0.220560073853		2.41878128052
0.223794221878		2.42385578156
0.226921081543		2.77906227112
0.230046987534		2.16506290436
0.233299016953		2.93129348755
0.236421108246		2.16506290436
0.23955321312		2.77398777008
0.242796182632		2.47967433929
0.245922088623		2.41370677948
0.249053001404		2.78921127319
0.252299070358		2.13969039917
0.255422115326		2.93129348755
0.258555173874		2.17521095276
0.261807203293		2.71309566498
0.26505112648		2.54564094543
0.268181085587		2.33759117126
0.271425008774		2.87040138245
0.274550199509		2.12954235077
0.277676105499		2.92114448547
0.280805110931		2.21580600739
0.284054040909		2.64712810516
0.287177085876		2.57101249695
0.29043006897		2.28684806824
0.293554067612		2.87040138245
0.296679019928		2.12446784973
0.299806118011		2.91099643707
0.302930116653		2.22595500946
0.30605506897		2.69279766083
0.309182167053		2.53041744232
0.312432050705		2.32744312286
0.315555095673		2.84502887726
0.318687200546		2.12954235077
0.321932077408		2.90592193604
0.32505607605		2.2310295105
0.328189134598		2.66742610931
0.331432104111		2.5913105011
0.33468413353		2.26655006409
0.337808132172		2.88562393188
0.340939044952		2.12446784973
0.344188213348		2.87040138245
0.347434997559		2.3426656723
0.350686073303		2.49997138977
0.353810071945		2.7029466629
0.356936216354		2.21580600739
0.360069990158		2.91099643707
0.363312005997		2.14476490021
0.366562128067		2.79428577423
0.369688034058		2.40355873108
0.372815132141		2.48474884033
0.375943183899		2.71817016602
0.379196166992		2.17521095276
0.382438182831		2.93129348755
0.385564088821		2.16506290436
0.388711214066		2.77398777008
0.391942024231		2.46952533722
0.395065069199		2.41878128052
0.398199081421		2.78921127319
0.401443004608		2.14983940125
0.404582023621		2.93129348755
0.40783405304		2.20058345795
0.411068201065		2.67757511139
0.414193153381		2.55071544647
0.417443037033		2.30714511871
0.420582056046		2.86532688141
0.423837184906		2.11939334869
0.427070140839		2.87547588348
0.430198192596		2.29699611664
0.433444023132		2.56086444855
0.436589002609		2.66742610931
0.43983912468		2.20565795898
0.443072080612		2.92621898651
0.446197986603		2.13969039917
0.449455022812		2.79428577423
0.452714204788		2.46952533722
0.455951213837		2.37311172485
0.459086179733		2.81458282471
0.462324142456		2.12954235077
0.465449094772		2.92621898651
0.468595027924		2.20058345795
0.47184419632		2.67250061035
0.475090026855		2.5913105011
0.47833108902		2.26655006409
0.481575012207		2.90592193604
0.484716176987		2.12446784973
0.487957000732		2.81965732574
0.491204023361		2.393409729
0.494454145432		2.44415378571
0.497577190399		2.74861621857
0.500719070435		2.1802854538
0.503957033157		2.93129348755
0.507080078125		2.15491390228
0.510207176208		2.78921127319
0.513456106186		2.45430183411
0.516594171524		2.42893028259
0.519849061966		2.80950832367
0.52308011055		2.13461589813
0.526206016541		2.92114448547
0.529464006424		2.22595500946
0.5327231884		2.62683105469
0.535960197449		2.63190555573
0.539084196091		2.27162456512
0.542210102081		2.89069843292
0.545460224152		2.12446784973
0.548604011536		2.87547588348
0.551843166351		2.33251667023
0.555079221725		2.51519489288
0.558226108551		2.71309566498
0.561464071274		2.19043445587
0.564727067947		2.93129348755
0.56796503067		2.19043445587
0.571213006973		2.69787216187
0.574463129044		2.56593894958
0.577587127686		2.3426656723
0.580735206604		2.8501033783
0.583967208862		2.12446784973
0.587091207504		2.91607093811
0.590217113495		2.2310295105
0.593466043472		2.6420545578
0.596606016159		2.58116149902
0.599860191345		2.26655006409
0.603091001511		2.90592193604
0.60621714592		2.11939334869
0.609477043152		2.85517787933
0.612733125687		2.38326072693
0.615972042084		2.45937633514
0.619099140167		2.74354171753
0.622344017029		2.15998840332
0.625468015671		2.93129348755
0.628616094589		2.15491390228
0.631862163544		2.75876522064
0.635095119476		2.49489688873
0.638228178024		2.38326072693
0.641471147537		2.8399553299
0.644744157791		2.12446784973
0.647975206375		2.88562393188
0.651224136353		2.30714511871
0.654474020004		2.53549194336
0.657617092133		2.67757511139
0.660855054855		2.20058345795
0.664099216461		2.93129348755
0.667226076126		2.13969039917
0.670477151871		2.77906227112
0.673726081848		2.46952533722
0.676851987839		2.41370677948
0.679980993271		2.78413677216
0.683226108551		2.14476490021
0.686477184296		2.92621898651
0.689604043961		2.20058345795
0.69274520874		2.71309566498
0.695982217789		2.54564094543
0.699112176895		2.34774017334
0.702353000641		2.86532688141
0.70547914505		2.12446784973
0.708619117737		2.91607093811
0.711873054504		2.26147556305
0.715105056763		2.60653305054
0.718238115311		2.62175655365
0.721485137939		2.24625301361
0.724622011185		2.89577293396
0.727872133255		2.12954235077
0.731109142303		2.82473182678
0.73423409462		2.36803817749
0.737485170364		2.47459983826
0.7406270504		2.73339271545
0.74387717247		2.16506290436
0.747115135193		2.93129348755
0.750362157822		2.20058345795
0.753485202789		2.72831821442
0.756631135941		2.49489688873
0.759880065918		2.34774017334
0.763112068176		2.86025238037
0.766237020493		2.12446784973
0.769497156143		2.89577293396
0.772754192352		2.29699611664
0.775991201401		2.55071544647
0.779120206833		2.66235160828
0.782363176346		2.21073246002
0.785489082336		2.91099643707
0.788638114929		2.12954235077
0.791881084442		2.82473182678
0.795117139816		2.41370677948
0.798249006271		2.47459983826
0.801492214203		2.77398777008
0.804630994797		2.1701374054
0.807885169983		2.92621898651
0.811120986938		2.20058345795
0.814243078232		2.71817016602
0.817495107651		2.53041744232
0.820635080338		2.35788917542
0.823885202408		2.86025238037
0.82711815834		2.12446784973
0.830248117447		2.900847435
0.833499193192		2.28684806824
0.836635112762		2.60653305054
0.839890003204		2.65727710724
0.843120098114		2.21580600739
0.84625005722		2.91607093811
0.849505186081		2.13461589813
0.852765083313		2.78921127319
0.856008052826		2.45937633514
0.859258174896		2.35788917542
0.862507104874		2.8501033783
0.865751028061		2.11939334869
0.868884086609		2.90592193604
0.872126102448		2.26655006409
0.875250101089		2.62683105469
0.878509044647		2.63698005676
0.881751060486		2.2310295105
0.884879112244		2.90592193604
0.888006210327		2.12446784973
0.891256093979		2.84502887726
0.894502162933		2.38326072693
0.897628068924		2.51519489288
0.900770187378		2.70802116394
0.904008150101		2.18535995483
0.907258033752		2.93129348755
0.910508155823		2.1802854538
0.913755178452		2.70802116394
0.916882991791		2.49997138977
0.920011997223		2.38833522797
0.923259019852		2.84502887726
0.92650604248		2.12446784973
0.929633140564		2.92114448547
0.932774066925		2.22595500946
0.936011075974		2.6420545578
0.939140081406		2.57101249695
0.942383050919		2.2817735672
0.945510149002		2.88055038452
0.948656082153		2.12446784973
0.951903104782		2.88562393188
0.955141067505		2.32236862183
0.95839214325		2.51519489288
0.961636066437		2.74354171753
0.964779138565		2.19043445587
0.968016147614		2.93129348755
0.971265077591		2.1802854538
0.974514007568		2.71309566498
0.97763800621		2.49489688873
0.980785131454		2.38833522797
0.984017133713		2.83488082886
0.98714017868		2.13969039917
0.990409135818		2.90592193604
0.993641138077		2.25640106201
0.996780157089		2.6420545578
1.00002121925		2.62175655365
1.00314211845		2.28684806824
1.00626707077		2.87547588348
1.00952315331		2.11939334869
1.01278209686		2.8501033783
1.01602101326		2.36803817749
1.01915121078		2.52026939392
1.0223929882		2.73846721649
1.02551913261		2.19550895691
1.02866721153		2.92114448547
1.03191113472		2.14983940125
1.03514504433		2.76891326904
1.03828001022		2.44415378571
1.04152202606		2.40355873108
1.04466104507		2.79428577423
1.04791307449		2.13461589813
1.05114722252		2.92114448547
1.0542781353		2.22088050842
1.05752301216		2.6522026062
1.06066608429		2.57101249695
1.06391406059		2.27669906616
1.06714916229		2.89577293396
1.07027721405		2.11939334869
1.07352519035		2.86532688141
1.07666611671		2.31729412079
1.07991909981		2.52026939392
1.08315205574		2.72831821442
1.08627700806		2.19043445587
1.08953404427		2.92621898651
1.09279298782		2.1701374054
1.09603309631		2.72831821442
1.0991601944		2.47967433929
1.10240221024		2.35281467438
1.1055290699		2.82980632782
1.10866999626		2.13969039917
1.11192321777		2.92114448547
1.11515522003		2.24117851257
1.11828708649		2.64712810516
1.12153220177		2.60653305054
1.12467312813		2.2919216156
1.12792205811		2.900847435
1.13115811348		2.12446784973
1.13441109657		2.82980632782
1.13753414154		2.35281467438
1.1406750679		2.53041744232
1.14392518997		2.72831821442
1.14716005325		2.1701374054
1.15028500557		2.92621898651
1.1535410881		2.16506290436
1.15680217743		2.72324466705
1.16004109383		2.53549194336
1.16328620911		2.30714511871
1.16653800011		2.88055038452
1.16966319084		2.12446784973
1.17280316353		2.900847435
1.17604112625		2.28684806824
1.17917108536		2.61668205261
1.18241405487		2.6522026062
1.18553900719		2.26147556305
1.18868517876		2.89069843292
1.19193100929		2.12954235077
1.19516205788		2.8399553299
1.19829821587		2.36296367645
1.20153999329		2.4898223877
1.20467805862		2.72324466705
1.20793104172		2.15491390228
1.21116805077		2.93129348755
1.21429419518		2.17521095276
1.21754217148		2.73846721649
1.22068214417		2.47459983826
1.22393202782		2.36296367645
1.22716712952		2.8501033783
1.23029398918		2.13461589813
1.23354506493		2.91099643707
1.23668217659		2.23610401154
1.23993802071		2.60653305054
1.24317002296		2.6420545578
1.2462952137		2.25132751465
1.24955201149		2.90592193604
1.25269007683		2.12954235077
1.25593614578		2.83488082886
1.25917315483		2.393409729
1.26229715347		2.48474884033
1.26554703712		2.76383876801
1.26869511604		2.17521095276
1.2719399929		2.93129348755
1.27517318726		2.18535995483
1.27830719948		2.73339271545
1.28155112267		2.52026939392
1.284689188		2.37311172485
1.28794002533		2.87547588348
1.29118108749		2.11939334869
1.29430198669		2.90592193604
1.2975590229		2.27162456512
1.30082011223		2.56593894958
1.30405807495		2.69787216187
1.30717921257		2.22595500946
1.31030607224		2.91099643707
1.31355619431		2.13461589813
1.31669211388		2.84502887726
1.31994700432		2.393409729
1.32318019867		2.44922733307
1.32630705833		2.75876522064
1.32956314087		2.15491390228
1.33282113075		2.92621898651
1.3360581398		2.21073246002
1.33918714523		2.69787216187
1.34243416786		2.56593894958
1.34555912018		2.33251667023
1.34870409966		2.8501033783
1.3519551754		2.12446784973
1.35518312454		2.89069843292
1.358314991		2.27669906616
1.36156105995		2.58623600006
1.36470007896		2.63698005676
1.36795020103		2.20058345795
1.37119007111		2.92114448547
1.37431502342		2.13461589813
1.37756109238		2.81458282471
1.38070201874		2.38326072693
1.38395500183		2.44922733307
1.38718914986		2.79428577423
1.39031600952		2.15491390228
1.39356303215		2.93129348755
1.39670300484		2.18535995483
1.3999581337		2.7029466629
1.40318918228		2.55071544647
1.4063141346		2.33251667023
1.40957212448		2.87040138245
1.41283202171		2.12446784973
1.41606903076		2.86025238037
1.41919898987		2.31221961975
1.42231822014		2.57608699799
1.42556905746		2.67757511139
1.42871499062		2.2310295105
1.43196201324		2.91607093811
1.4351952076		2.14476490021
1.43832612038		2.80950832367
1.44157004356		2.42893028259
1.44471001625		2.45430183411
1.44796013832		2.80443382263
1.45120215416		2.13969039917
1.45444703102		2.91607093811
1.45757222176		2.21073246002
1.46071314812		2.70802116394
1.46396207809		2.56086444855
1.46719813347		2.2919216156
1.4703271389		2.87547588348
1.4735751152		2.12446784973
1.47671413422		2.89069843292
1.4799721241		2.31729412079
1.48320007324		2.5405664444
1.48632621765		2.68264961243
1.48958420753		2.19550895691
1.49284219742		2.93129348755
1.49607920647		2.15998840332
1.49920320511		2.77906227112
1.50232720375		2.42893028259
1.50557804108		2.41370677948
1.50871801376		2.78413677216
1.51197218895		2.13969039917
1.51520299911		2.92621898651
1.51833701134		2.21073246002
1.52157902718		2.66742610931
1.52472019196		2.54564094543
1.52797222137		2.2817735672
1.53121113777		2.89069843292
1.5343310833		2.11939334869
1.53758215904		2.87547588348
1.5407230854		2.29699611664
1.54397106171		2.54564094543
1.54720902443		2.71309566498
1.55033516884		2.20565795898
1.55357503891		2.92621898651
1.55671405792		2.13461589813
1.55984115601		2.82473182678
1.56308507919		2.40863323212
1.56621003151		2.48474884033
1.56937503815		2.74354171753
1.5725851059		2.1701374054
1.5757291317		2.92621898651
1.57896900177		2.16506290436
1.58221411705		2.72831821442
1.58533811569		2.47459983826
1.58847117424		2.40863323212
1.5917301178		2.82980632782
1.59496307373		2.12954235077
1.59809207916		2.92114448547
1.60134005547		2.25640106201
1.60458803177		2.61160755157
1.60773205757		2.60653305054
1.6109662056		2.25132751465
1.61409211159		2.89069843292
1.61721611023		2.12446784973
1.62034106255		2.88562393188
1.62359309196		2.30207061768
1.62671804428		2.59638500214
1.6298429966		2.61668205261
1.63296818733		2.28684806824
1.63609218597		2.87040138245
1.63921999931		2.12446784973
1.64234399796		2.91099643707
1.6455950737		2.26655006409
1.64873313904		2.62683105469
1.65197014809		2.62683105469
1.6550951004		2.2817735672
1.6582300663		2.88055038452
1.66134619713		2.11939334869
1.66459798813		2.88562393188
1.66772198677		2.27669906616
1.67085409164		2.62175655365
1.6741001606		2.6420545578
1.67722606659		2.26655006409
1.68035101891		2.88562393188
1.68363809586		2.12446784973
1.68685317039		2.8399553299
1.68997812271		2.33759117126
1.69310212135		2.56086444855
1.69622707367		2.65727710724
1.69939017296		2.2310295105
1.70260214806		2.91099643707
1.7058532238		2.13461589813
1.70898199081		2.82980632782
1.71222901344		2.40355873108
1.71535301208		2.47967433929
1.71860408783		2.77398777008
1.72185707092		2.14983940125
1.72498202324		2.93129348755
1.72813916206		2.1701374054
1.7313580513		2.73339271545
1.7346060276		2.52534389496
1.73785805702		2.31221961975
1.74098706245		2.85517787933
1.74410700798		2.12954235077
1.74723815918		2.92621898651
1.75036001205		2.20565795898
1.75360798836		2.67757511139
1.75674819946		2.5405664444
1.75998806953		2.30714511871
1.76311016083		2.86025238037
1.76623606682		2.12954235077
1.7694401741		2.91099643707
1.77261209488		2.24117851257
1.77573800087		2.66235160828
1.77887105942		2.55071544647
1.78211212158		2.29699611664
1.78523802757		2.86532688141
1.78837013245		2.12446784973
1.79161405563		2.900847435
1.79473900795		2.25640106201
1.79786705971		2.6522026062
1.80099105835		2.56086444855
1.80411410332		2.33759117126
1.80724000931		2.8399553299
1.81036710739		2.12954235077
1.81361699104		2.91099643707
1.81674218178		2.22595500946
1.81986808777		2.69279766083
1.82299304008		2.51519489288
1.82611918449		2.37311172485
1.82925009727		2.81458282471
1.83249306679		2.13461589813
1.8356180191		2.92114448547
1.83887600899		2.2310295105
1.84199500084		2.67757511139
1.84512901306		2.53041744232
1.84837818146		2.30714511871
1.85162115097		2.89069843292
1.8548719883		2.12954235077
1.85799813271		2.85517787933
1.86124920845		2.33251667023
1.86437320709		2.5405664444
1.86762404442		2.70802116394
1.87087512016		2.18535995483
1.87399816513		2.92114448547
1.8771250248		2.13969039917
1.8802511692		2.83488082886
1.88337516785		2.35788917542
1.88662409782		2.4898223877
1.88975214958		2.71817016602
1.89289116859		2.20565795898
1.89613103867		2.92621898651
1.89926099777		2.13969039917
1.90250110626		2.78413677216
1.90562820435		2.41878128052
1.90877008438		2.46952533722
1.91202402115		2.78413677216
1.91525506973		2.14476490021
1.91838622093		2.92621898651
1.92162919044		2.20058345795
1.92476916313		2.72324466705
1.92802119255		2.56086444855
1.9312582016		2.30207061768
1.93438100815		2.86025238037
1.93750715256		2.12954235077
1.94063520432		2.92621898651
1.94378018379		2.21073246002
1.94700813293		2.66235160828
1.95013618469		2.55071544647
1.95325899124		2.34774017334
1.95638418198		2.84502887726
1.9596350193		2.12446784973
1.96275901794		2.92621898651
1.96588611603		2.21580600739
1.96901917458		2.7029466629
1.97226119041		2.56086444855
1.97538709641		2.32236862183
1.97864603996		2.87547588348
1.98188900948		2.11939334869
1.98501205444		2.89069843292
1.98814320564		2.26147556305
1.99126315117		2.6420545578
1.99438714981		2.5913105011
1.99763917923		2.2817735672
2.00076603889		2.88055038452
2.00389003754		2.11939334869
2.00701618195		2.91099643707
2.01014399529		2.23610401154
2.01327013969		2.67757511139
2.01639318466		2.5405664444
2.01964521408		2.30714511871
2.02289199829		2.88562393188
2.02601909637		2.12446784973
2.02915215492		2.90592193604
2.03239607811		2.2919216156
2.03564500809		2.55071544647
2.03889703751		2.7029466629
2.04202699661		2.21073246002
2.04527211189		2.92621898651
2.04840421677		2.13969039917
2.05164718628		2.78921127319
2.05489611626		2.45430183411
2.05802321434		2.39848423004
2.06127810478		2.80950832367
2.06452512741		2.13969039917
2.06764912605		2.92114448547
2.07090210915		2.2310295105
2.07402515411		2.68264961243
2.0771510601		2.52534389496
2.08027815819		2.36803817749
2.08340120316		2.82473182678
2.08665108681		2.13461589813
2.08990502357		2.90592193604
2.09303021431		2.24117851257
2.09615302086		2.67250061035
2.09927821159		2.5405664444
2.10240411758		2.3426656723
2.10565519333		2.86025238037
2.10879516602		2.12446784973
2.1120300293		2.89577293396
2.11515522003		2.25132751465
2.11828804016		2.65727710724
2.12153220177		2.60653305054
2.12465500832		2.2919216156
2.12778306007		2.86532688141
2.13090801239		2.12954235077
2.13403606415		2.91607093811
2.13715910912		2.22088050842
2.14030218124		2.68772315979
2.14353299141		2.56086444855
2.14666008949		2.33251667023
2.14978718758		2.84502887726
2.15291118622		2.13461589813
2.15603613853		2.92621898651
2.15916800499		2.18535995483
2.1624121666		2.67757511139
2.16566109657		2.58116149902
2.16892814636		2.26655006409
2.17216300964		2.90592193604
2.17529010773		2.11939334869
2.17842006683		2.88055038452
2.18166399002		2.32236862183
2.18478798866		2.57101249695
2.18791413307		2.67757511139
2.19116806984		2.22088050842
2.19429016113		2.90592193604
2.1974170208		2.11939334869
2.20066809654		2.84502887726
2.20379114151		2.33759117126
2.20691609383		2.55578994751
2.21004414558		2.65727710724
2.2131690979		2.25132751465
2.21629309654		2.89069843292
2.21945500374		2.11939334869
2.22267007828		2.87040138245
2.22579407692		2.29699611664
2.22894215584		2.5913105011
2.23217201233		2.66742610931
2.23529601097		2.24117851257
2.23843216896		2.900847435
2.24167203903		2.12954235077
2.2448091507		2.86025238037
2.24806308746		2.38326072693
2.25129914284		2.47459983826
2.25442314148		2.73846721649
2.25767302513		2.1701374054
2.26081514359		2.93129348755
2.26406407356		2.17521095276
2.26729917526		2.72324466705
2.2704269886		2.4898223877
2.27367520332		2.35788917542
2.27681517601		2.82980632782
2.28007102013		2.12954235077
2.28330206871		2.900847435
2.28642821312		2.25132751465
2.28967905045		2.60653305054
2.29281902313		2.61160755157
2.29607105255		2.24625301361
2.29938316345		2.92114448547
2.30255508423		2.13969039917
2.30568218231		2.82473182678
2.30882120132		2.36296367645
2.3120701313		2.47967433929
2.31530499458		2.77398777008
2.31843900681		2.16506290436
2.32168221474		2.93129348755
2.32482218742		2.16506290436
2.32807207108		2.7029466629
2.33130812645		2.53549194336
2.33443212509		2.34774017334
2.3376891613		2.85517787933
2.340955019		2.12446784973
2.34418702126		2.88055038452
2.34743499756		2.34774017334
2.35068702698		2.49997138977
2.35381007195		2.7029466629
2.35695409775		2.20565795898
2.3601911068		2.92621898651
2.36343622208		2.15998840332
2.36668515205		2.74861621857
2.36981320381		2.45937633514
2.3729531765		2.42893028259
2.3761920929		2.80950832367
2.37940812111		2.13461589813
2.38256716728		2.92621898651
2.38568902016		2.19043445587
2.3888361454		2.72831821442
2.39208316803		2.53041744232
2.39531707764		2.31729412079
2.39844703674		2.86025238037
2.40169119835		2.12446784973
2.40483212471		2.90592193604
2.4080851078		2.29699611664
2.41131901741		2.56593894958
2.41444611549		2.65727710724
2.41769218445		2.22088050842
2.42083501816		2.91607093811
2.42408204079		2.13461589813
2.42732000351		2.80443382263
2.43044710159		2.39848423004
2.43369603157		2.44415378571
2.43685412407		2.77398777008
2.44009017944		2.14983940125
2.44332098961		2.92621898651
2.44644713402		2.19043445587
2.44969820976		2.69279766083
2.45283603668		2.52026939392
2.4560880661		2.32236862183
2.45940709114		2.90592193604
2.46270418167		2.12954235077
2.46594905853		2.81965732574
2.46908402443		2.37818622589
2.47232508659		2.46445083618
2.47545099258		2.74861621857
2.47870802879		2.16506290436
2.48195099831		2.92621898651
2.48508214951		2.1701374054
2.4883351326		2.71309566498
2.49157714844		2.56593894958
2.49482703209		2.29699611664
2.4979531765		2.87547588348
2.50120520592		2.12446784973
2.50433015823		2.89577293396
2.50745415688		2.27162456512
2.51070809364		2.5913105011
2.51395511627		2.66742610931
2.5170841217		2.23610401154
2.52021217346		2.900847435
2.52345705032		2.13461589813
2.52670621872		2.82473182678
2.52983522415		2.36803817749
2.53308701515		2.46445083618
2.53621721268		2.73339271545
2.53946518898		2.16506290436
2.54271101952		2.93129348755
2.54583621025		2.17521095276
2.5489821434		2.75876522064
2.55220413208		2.4898223877
2.55532622337		2.40355873108
2.55845618248		2.79936027527
2.5617120266		2.14476490021
2.56485009193		2.93129348755
2.56813812256		2.22595500946
2.57133603096		2.6522026062
2.57446217537		2.57101249695
2.57771515846		2.28684806824
2.58085203171		2.88055038452
2.58410310745		2.11939334869
2.58733916283		2.86532688141
2.59046506882		2.31729412079
2.59371709824		2.53041744232
2.59685301781		2.68772315979
2.60010814667		2.19043445587
2.60333919525		2.93129348755
2.60646700859		2.14476490021
2.60971713066		2.77398777008
2.612855196		2.42893028259
2.61610913277		2.39848423004
2.61937999725		2.8399553299
2.62259316444		2.12446784973
2.62571811676		2.92114448547
2.62886810303		2.21073246002
2.63210916519		2.6522026062
2.63534903526		2.61160755157
2.63860106468		2.24625301361
2.64184498787		2.91607093811
2.64498519897		2.12446784973
2.64823317528		2.83488082886
2.65147018433		2.41878128052
2.65472102165		2.43400478363
2.65784907341		2.76891326904
2.66098999977		2.1701374054
2.66422605515		2.93129348755
2.66734814644		2.16506290436
2.6704761982		2.77398777008
2.67372512817		2.46952533722
2.67686414719		2.41370677948
2.68011617661		2.82980632782
2.68335103989		2.13461589813
2.68647503853		2.92114448547
2.68972802162		2.24117851257
2.69286608696		2.65727710724
2.69611811638		2.60653305054
2.69938921928		2.24117851257
2.70260310173		2.91099643707
2.70572805405		2.12446784973
2.7088701725		2.86025238037
2.71212005615		2.35281467438
2.71535420418		2.49489688873
2.71848702431		2.72831821442
2.72173213959		2.1802854538
2.72486901283		2.92114448547
2.72812700272		2.16506290436
2.73135399818		2.73339271545
2.73448705673		2.47967433929
2.73773121834		2.37311172485
2.74087309837		2.81965732574
2.74412512779		2.13461589813
2.74735808372		2.90592193604
2.75048613548		2.24625301361
2.75373411179		2.62175655365
2.75687408447		2.59638500214
2.76012802124		2.25132751465
2.76336121559		2.90592193604
2.76648521423		2.12446784973
2.76973819733		2.8399553299
2.77287602425		2.35281467438
2.77612709999		2.4898223877
2.77944111824		2.79428577423
2.78261399269		2.14983940125
2.78573918343		2.93129348755
2.78888607025		2.16506290436
2.7921500206		2.72831821442
2.79536509514		2.52026939392
2.79849720001		2.36296367645
2.8017411232		2.84502887726
2.80487918854		2.12954235077
2.80813503265		2.90592193604
2.81136703491		2.27669906616
2.81449198723		2.61668205261
2.8177421093		2.63698005676
2.8208861351		2.25640106201
2.82413315773		2.91099643707
2.82736706734		2.12954235077
2.83049416542		2.8399553299
2.83375000954		2.38326072693
2.83701109886		2.43907928467
2.84025120735		2.79936027527
2.84349799156		2.12954235077
2.84674715996		2.91607093811
2.84987211227		2.21073246002
2.85301113129		2.69787216187
2.85625219345		2.57101249695
2.85950899124		2.27162456512
2.86275005341		2.90592193604
2.86587405205		2.11939334869
2.86901307106		2.88562393188
2.87225198746		2.30714511871
2.87537407875		2.58116149902
2.87849712372		2.6420545578
2.88174819946		2.23610401154
2.88488817215		2.90592193604
2.88815021515		2.12954235077
2.89137601852		2.80950832367
2.89450120926		2.38833522797
2.89775204659		2.45937633514
2.90089201927		2.7536907196
2.90414500237		2.15491390228
2.90737915039		2.93129348755
2.91050720215		2.1802854538
2.91375422478		2.71309566498
2.91689300537		2.50504589081
2.92014813423		2.33251667023
2.92338109016		2.86532688141
2.92650699615		2.12446784973
2.92975616455		2.89577293396
2.93290519714		2.27162456512
2.93622303009		2.53041744232
2.9395210743		2.74861621857
2.94275999069		2.1701374054
2.94588398933		2.92621898651
2.94902300835		2.14983940125
2.95226216316		2.76891326904
2.95550918579		2.4898223877
2.95876002312		2.35281467438
2.96188616753		2.82473182678
2.96502804756		2.13969039917
2.96826505661		2.91607093811
2.97138619423		2.21073246002
2.97451615334		2.7029466629
2.97776317596		2.55071544647
2.98090219498		2.33759117126
2.9841530323		2.87040138245
2.98738598824		2.12446784973
2.99051499367		2.89069843292
2.99376511574		2.30207061768
2.99690318108		2.58623600006
3.00015807152		2.68264961243
3.00339007378		2.20565795898
3.00651502609		2.91607093811
3.00976705551		2.13969039917
3.01290512085		2.81965732574
3.01616001129		2.42893028259
3.0194311142		2.393409729
3.02264213562		2.82473182678
3.02576708794		2.14476490021
3.02891516685		2.92621898651
3.03216814995		2.21073246002
3.03539419174		2.66742610931
3.03852701187		2.55578994751
3.0417702198		2.29699611664
3.0449090004		2.86532688141
3.04817008972		2.11939334869
3.05139613152		2.87547588348
3.05452108383		2.30714511871
3.05777215958		2.54564094543
3.06091403961		2.67757511139
3.06416320801		2.20058345795
3.06739902496		2.93129348755
3.07056903839		2.14476490021
3.07377719879		2.78413677216
3.07691407204		2.41878128052
3.0801692009		2.41370677948
3.08340120316		2.81965732574
3.08652710915		2.13969039917
3.08977913857		2.92114448547
3.0929172039		2.20058345795
3.096170187		2.66742610931
3.09943914413		2.60653305054
3.10265421867		2.26147556305
3.10578012466		2.88562393188
3.10892009735		2.12446784973
3.11217308044		2.87547588348
3.11540412903		2.33759117126
3.11853599548		2.54564094543
3.12178206444		2.70802116394
3.12492012978		2.20565795898
3.12817907333		2.93129348755
3.13141512871		2.16506290436
3.1346590519		2.74354171753
3.13778305054		2.45937633514
3.14092516899		2.42385578156
3.14417314529		2.81965732574
3.14741015434		2.13461589813
3.1505382061		2.92114448547
3.1537861824		2.22595500946
3.15692615509		2.67250061035
3.16017818451		2.60653305054
3.16343021393		2.26147556305
3.16666412354		2.90592193604
3.16978907585		2.12446784973
3.17292809486		2.87547588348
3.17617821693		2.3426656723
3.17949700356		2.46445083618
3.18266510963		2.7536907196
3.18579220772		2.18535995483
3.18893718719		2.92621898651
3.19218015671		2.15998840332
3.19541621208		2.74861621857
3.19854807854		2.46445083618
3.20179104805		2.38326072693
3.20493006706		2.80950832367
3.20819020271		2.12954235077
3.21141719818		2.90592193604
3.21454405785		2.23610401154
3.21779417992		2.63190555573
3.22093820572		2.5913105011
3.22418308258		2.26655006409
3.2274210453		2.90592193604
3.2305521965		2.12446784973
3.23379516602		2.8501033783
3.2369351387		2.33251667023
3.24019217491		2.49489688873
3.2434220314		2.74861621857
3.24654817581		2.1802854538
3.24979901314		2.93129348755
3.25293803215		2.15998840332
3.25619316101		2.74861621857
3.25950908661		2.54564094543
3.26267504692		2.33251667023
3.26579904556		2.8399553299
3.26894712448		2.12954235077
3.27219319344		2.91099643707
3.27542614937		2.26147556305
3.27855920792		2.63190555573
3.28180217743		2.62175655365
3.28494215012		2.27162456512
3.28820204735		2.91099643707
3.29143118858		2.12954235077
3.29455304146		2.8501033783
3.29780602455		2.36803817749
3.30094218254		2.51519489288
3.30419611931		2.74861621857
3.30742907524		2.16506290436
3.31055808067		2.93129348755
3.3138051033		2.1701374054
3.31694507599		2.75876522064
3.32020020485		2.50504589081
3.32343316078		2.3426656723
3.32655715942		2.84502887726
3.32981514931		2.12446784973
3.33307600021		2.89069843292
3.33631205559		2.30207061768
3.33956718445		2.52534389496
3.34281015396		2.72324466705
3.34593510628		2.20565795898
3.34908413887		2.91607093811
3.35231399536		2.13969039917
3.35543513298		2.82473182678
3.3585691452		2.37818622589
3.36181116104		2.47459983826
3.3649520874		2.73846721649
3.36820912361		2.16506290436
3.37143707275		2.92621898651
3.37456321716		2.17521095276
3.37781405449		2.71817016602
3.3809530735		2.4898223877
3.38420510292		2.3426656723
3.38744020462		2.86025238037
3.39056706429		2.12954235077
3.39381504059		2.900847435
3.39695501328		2.25640106201
3.40021014214		2.58623600006
3.40344214439		2.66235160828
3.40656900406		2.23610401154
3.40982103348		2.91099643707
3.41308522224		2.14476490021
3.41632318497		2.77906227112
3.41957807541		2.47967433929
3.42282009125		2.36296367645
3.42594504356		2.81965732574
3.42909812927		2.14476490021
3.43232512474		2.92114448547
3.4355711937		2.24625301361
3.43882918358		2.61160755157
3.44207119942		2.64712810516
3.44520020485		2.26147556305
3.44833302498		2.89069843292
3.45157313347		2.12954235077
3.45482301712		2.83488082886
3.45794916153		2.37818622589
3.4612030983		2.49489688873
3.46445012093		2.76383876801
3.46757602692		2.1701374054
3.47082805634		2.93129348755
3.47395205498		2.15491390228
3.47709202766		2.78413677216
3.48033118248		2.46952533722
3.48357701302		2.36296367645
3.48682618141		2.8501033783
3.48995614052		2.12954235077
3.49309420586		2.92114448547
3.49633312225		2.2310295105
3.49958610535		2.61160755157
3.50283002853		2.6420545578
3.50595402718		2.26655006409
3.50909805298		2.89069843292
3.51233410835		2.12446784973
3.51545619965		2.88055038452
3.51859021187		2.29699611664
3.52183198929		2.55578994751
3.52497410774		2.65727710724
3.52823519707		2.20565795898
3.53146100044		2.92621898651
3.53458404541		2.13969039917
3.53783321381		2.79936027527
3.54097414017		2.40355873108
3.5442302227		2.42385578156
3.54746317863		2.80443382263
3.55058407784		2.15491390228
3.55370211601		2.93129348755
3.55682706833		2.15998840332
3.55997920036		2.77398777008
3.5632121563		2.46445083618
3.56633806229		2.42385578156
3.56947112083		2.77906227112
3.572712183		2.14983940125
3.57583808899		2.92621898651
3.57910919189		2.20565795898
3.58234119415		2.66742610931
3.5854640007		2.53041744232
3.58859610558		2.34774017334
3.59184122086		2.86025238037
3.59496617317		2.12954235077
3.59809303284		2.91099643707
3.60134220123		2.24625301361
3.6044690609		2.66235160828
3.60759210587		2.55578994751
3.61084508896		2.2919216156
3.6139690876		2.86532688141
3.61709499359		2.12446784973
3.62022018433		2.91099643707
3.62334513664		2.22088050842
3.62647509575		2.69787216187
3.62972307205		2.56086444855
3.63284611702		2.33251667023
3.63597202301		2.8399553299
3.63909816742		2.13461589813
3.6423470974		2.91607093811
3.64547204971		2.22595500946
3.64860510826		2.67757511139
3.6518471241		2.57608699799
3.65509700775		2.27669906616
3.65823101997		2.88562393188
3.66147613525		2.12446784973
3.6646001339		2.88055038452
3.66784906387		2.32744312286
3.67110300064		2.51012039185
3.67435312271		2.74861621857
3.67747807503		2.19043445587
3.68060421944		2.92621898651
3.68385219574		2.14983940125
3.68710303307		2.75876522064
3.69023013115		2.44415378571
3.69335412979		2.44415378571
3.69647908211		2.75876522064
3.69960618019		2.1802854538
3.70285606384		2.93129348755
3.70610618591		2.1802854538
3.70923399925		2.74861621857
3.712485075		2.51519489288
3.71560621262		2.36803817749
3.71885800362		2.8501033783
3.72210907936		2.11939334869
3.72524118423		2.91099643707
3.72848916054		2.26655006409
3.7317340374		2.57101249695
3.7349820137		2.69279766083
3.73824214935		2.19043445587
3.74148511887		2.93129348755
3.74461007118		2.14983940125
3.7478621006		2.76891326904
3.75111103058		2.4898223877
3.75423622131		2.40355873108
3.75736308098		2.79428577423
3.76048898697		2.15998840332
3.76361107826		2.93129348755
3.76686406136		2.18535995483
3.7701151371		2.70802116394
3.77324104309		2.50504589081
3.77636504173		2.38833522797
3.77949619293		2.80443382263
3.78276014328		2.13461589813
3.78599119186		2.91607093811
3.78914022446		2.22595500946
3.79236507416		2.6420545578
3.79549312592		2.57101249695
3.79862499237		2.31729412079
3.80186605453		2.87547588348
3.80500721931		2.11939334869
3.80824518204		2.88055038452
3.81136918068		2.27162456512
3.81449508667		2.62683105469
3.81762003899		2.59638500214
3.82087111473		2.26655006409
3.82400202751		2.88055038452
3.82724618912		2.12446784973
3.83037304878		2.88055038452
3.83349704742		2.28684806824
3.83662104607		2.60653305054
3.83987617493		2.6522026062
3.8429980278		2.25640106201
3.84612607956		2.88562393188
3.84925699234		2.12446784973
3.85249900818		2.87547588348
3.85562515259		2.30714511871
3.85888314247		2.5405664444
3.86212611198		2.71309566498
3.8652510643		2.20565795898
3.86838316917		2.91099643707
3.87162804604		2.14476490021
3.87487721443		2.78921127319
3.8780040741		2.45430183411
3.88125610352		2.41878128052
3.88437914848		2.77398777008
3.88750505447		2.1701374054
3.89063119888		2.93129348755
3.89388108253		2.16506290436
3.89700508118		2.77398777008
3.90013098717		2.41878128052
3.9032561779		2.46952533722
3.90638113022		2.73846721649
3.90950918198		2.19550895691
3.91276216507		2.92621898651
3.91588115692		2.14983940125
3.91914010048		2.76383876801
3.92238903046		2.49489688873
3.92563509941		2.33759117126
3.92889213562		2.86532688141
3.93213510513		2.11939334869
3.93526005745		2.900847435
3.938393116		2.25132751465
3.94163799286		2.58623600006
3.94488716125		2.66742610931
3.9480111599		2.2310295105
3.95126509666		2.91607093811
3.95451307297		2.13969039917
3.95763921738		2.81965732574
3.96089220047		2.41878128052
3.9641392231		2.42385578156
3.96726417542		2.77398777008
3.97039413452		2.1701374054
3.97351503372		2.93129348755
3.97664213181		2.14476490021
3.97989320755		2.76891326904
3.98314213753		2.47967433929
3.98626804352		2.40355873108
3.98942804337		2.79428577423
3.9926431179		2.13969039917
3.99589419365		2.92114448547
3.99915099144		2.24625301361
4.00239419937		2.60653305054
4.00552105904		2.60145950317
4.00865316391		2.2817735672
4.01189517975		2.900847435
4.0151450634		2.12954235077
4.01827812195		2.86025238037
4.0215280056		2.35281467438
4.02477407455		2.47967433929
4.02789711952		2.73846721649
4.03114819527		2.17521095276
4.03427410126		2.92621898651
4.03739905357		2.14983940125
4.04052805901		2.81458282471
4.04364919662		2.38833522797
4.04691720009		2.45430183411
4.05015420914		2.78413677216
4.05328011513		2.16506290436
4.05640602112		2.92621898651
4.05952811241		2.14983940125
4.06265211105		2.80443382263
4.06590414047		2.43400478363
4.06905007362		2.44415378571
4.07229304314		2.79936027527
4.07552909851		2.13461589813
4.07866215706		2.92621898651
4.08190512657		2.21073246002
4.08504509926		2.7029466629
4.08830618858		2.57101249695
4.09153103828		2.28684806824
4.09465813637		2.87547588348
4.09790802002		2.12446784973
4.10117506981		2.85517787933
4.10441112518		2.36296367645
4.10753321648		2.53041744232
4.11066222191		2.68772315979
4.11390900612		2.20058345795
4.11704921722		2.92114448547
4.12031006813		2.14983940125
4.12353420258		2.77398777008
4.12666416168		2.43400478363
4.12991404533		2.40355873108
4.13305211067		2.78921127319
4.13630199432		2.13461589813
4.13954401016		2.92114448547
4.14278817177		2.24625301361
4.14591407776		2.65727710724
4.14905810356		2.55578994751
4.15230417252		2.28684806824
4.1555390358		2.900847435
4.15867209435		2.11939334869
4.16191601753		2.87040138245
4.16505503654		2.30207061768
4.16831421852		2.53041744232
4.17154216766		2.72831821442
4.17466807365		2.19550895691
4.17791819572		2.93129348755
4.18118619919		2.16506290436
4.18442201614		2.73339271545
4.18754410744		2.46952533722
4.19067120552		2.40863323212
4.19391918182		2.82473182678
4.19706010818		2.13969039917
4.20031499863		2.91607093811
4.20354604721		2.23610401154
4.20667314529		2.66235160828
4.20992612839		2.60145950317
4.21306204796		2.2919216156
4.21631503105		2.89069843292
4.21956110001		2.12446784973
4.22279906273		2.8399553299
4.22592806816		2.34774017334
4.22907114029		2.53549194336
4.23231720924		2.72324466705
4.23555016518		2.17521095276
4.23868203163		2.92621898651
4.24192619324		2.16506290436
4.2450671196		2.77906227112
4.24832606316		2.47967433929
4.25155210495		2.36803817749
4.25467801094		2.82473182678
4.25792813301		2.12446784973
4.26119804382		2.90592193604
4.26443219185		2.2817735672
4.2675549984		2.61668205261
4.27068305016		2.59638500214
4.27393102646		2.26147556305
4.27707099915		2.89069843292
4.28032302856		2.12954235077
4.28355908394		2.8399553299
4.28668308258		2.34774017334
4.28993415833		2.49489688873
4.29307317734		2.71817016602
4.29632520676		2.17521095276
4.29956507683		2.92621898651
4.30281114578		2.19043445587
4.30593800545		2.73846721649
4.30907511711		2.46445083618
4.31232714653		2.36803817749
4.31556105614		2.84502887726
4.31869912148		2.12954235077
4.3219370842		2.90592193604
4.32507610321		2.23610401154
4.32833600044		2.61668205261
4.33156204224		2.6420545578
4.33468818665		2.25640106201
4.33793902397		2.91099643707
4.34121012688		2.13461589813
4.34444403648		2.80443382263
4.34769201279		2.45430183411
4.35094118118		2.393409729
4.35406517982		2.79428577423
4.35720801353		2.15491390228
4.36044812202		2.92114448547
4.36369299889		2.22088050842
4.36694312096		2.6522026062
4.37007021904		2.56593894958
4.37320899963		2.32236862183
4.37644815445		2.87547588348
4.37957715988		2.11939334869
4.38282012939		2.89069843292
4.38594603539		2.26655006409
4.38909101486		2.62175655365
4.39233899117		2.63698005676
4.39557218552		2.2310295105
4.39870500565		2.91099643707
4.40194702148		2.12954235077
4.40508699417		2.8501033783
4.4083480835		2.38833522797
4.41157507896		2.45430183411
4.41469812393		2.75876522064
4.41795420647		2.14476490021
4.42122006416		2.93129348755
4.42445611954		2.21580600739
4.42770218849		2.6420545578
4.43095207214		2.61160755157
4.43407702446		2.28684806824
4.43721818924		2.87547588348
4.44045901299		2.12446784973
4.44370317459		2.85517787933
4.44695401192		2.35788917542
4.45007920265		2.52534389496
4.45322012901		2.68264961243
4.45645904541		2.20058345795
4.45958709717		2.91607093811
4.46283102036		2.14476490021
4.465955019		2.81458282471
4.46910119057		2.38326072693
4.4723470211		2.45430183411
4.4755821228		2.78921127319
4.47871518135		2.15998840332
4.48195815086		2.93129348755
4.48509812355		2.1802854538
4.48835802078		2.7029466629
4.49158501625		2.55071544647
4.49470901489		2.33251667023
4.49796009064		2.88562393188
4.5012280941		2.11939334869
4.50446510315		2.86532688141
4.50758719444		2.30207061768
4.51071405411		2.58623600006
4.51396203041		2.67250061035
4.51710700989		2.2310295105
4.52035903931		2.91607093811
4.52358913422		2.14476490021
4.52671504021		2.81458282471
4.52996516228		2.42385578156
4.53310513496		2.45937633514
4.53635907173		2.78413677216
4.53959798813		2.13969039917
4.54284214973		2.92114448547
4.54596614838		2.20565795898
4.5491130352		2.70802116394
4.5523481369		2.54564094543
4.55558419228		2.29699611664
4.55871319771		2.87040138245
4.56196808815		2.12446784973
4.56510806084		2.89577293396
4.56836915016		2.30207061768
4.57159519196		2.53041744232
4.57486701012		2.72831821442
4.57813310623		2.15998840332
4.58135008812		2.93636798859
4.58447599411		2.15998840332
4.58759522438		2.78921127319
4.59072518349		2.41878128052
4.59397602081		2.41878128052
4.5971121788		2.78413677216
4.60036706924		2.13969039917
4.60360002518		2.92621898651
4.60672521591		2.20058345795
4.60997700691		2.66742610931
4.61311411858		2.54564094543
4.61637401581		2.29699611664
4.61960721016		2.89069843292
4.62285208702		2.12446784973
4.62597799301		2.87547588348
4.6291270256		2.29699611664
4.63236808777		2.54564094543
4.63560318947		2.71309566498
4.6387360096		2.20565795898
4.64197921753		2.92114448547
4.64511704445		2.13969039917
4.6483771801		2.78921127319
4.65160608292		2.45937633514
4.65473103523		2.41878128052
4.65798211098		2.83488082886
4.66125106812		2.12954235077
4.66449022293		2.90592193604
4.66773414612		2.2817735672
4.67098212242		2.57101249695
4.67411017418		2.6420545578
4.67724919319		2.25640106201
4.68049001694		2.900847435
4.68361115456		2.12954235077
4.6867351532		2.87040138245
4.68998718262		2.33251667023
4.69312500954		2.55071544647
4.69637799263		2.70802116394
4.699614048		2.1802854538
4.70273900032		2.92621898651
4.70598912239		2.15998840332
4.70912909508		2.78413677216
4.7123811245		2.46445083618
4.71562099457		2.37818622589
4.71887207031		2.8399553299
4.72211503983		2.12446784973
4.72525501251		2.90592193604
4.72850108147		2.27162456512
4.73174118996		2.56593894958
4.73499107361		2.68264961243
4.73812508583		2.22595500946
4.74137020111		2.92114448547
4.74449801445		2.13461589813
4.74761819839		2.8501033783
4.75074410439		2.33251667023
4.75399398804		2.50504589081
4.75713419914		2.70802116394
4.76038718224		2.1802854538
4.76362109184		2.93129348755
4.76674604416		2.15491390228
4.76999807358		2.7536907196
4.77313709259		2.45937633514
4.77638912201		2.38326072693
4.77962517738		2.84502887726
4.78274822235		2.12446784973
4.785998106		2.91099643707
4.7891471386		2.22595500946
4.79239320755		2.63190555573
4.79562520981		2.63190555573
4.79875612259		2.26655006409
4.80200219154		2.900847435
4.80514121056		2.11939334869
4.80839705467		2.8501033783
4.81162714958		2.37311172485
4.81475710869		2.51012039185
4.81800413132		2.7536907196
4.82126903534		2.15491390228
4.82450914383		2.93129348755
4.82775402069		2.21580600739
4.83100509644		2.65727710724
4.83413004875		2.55071544647
4.83727121353		2.33759117126
4.8405110836		2.86532688141
4.84375619888		2.12446784973
4.84700798988		2.87040138245
4.85013413429		2.30207061768
4.85327219963		2.58623600006
4.85651302338		2.67250061035
4.85975909233		2.19550895691
4.8630092144		2.92621898651
4.86613512039		2.14476490021
4.86927509308		2.81965732574
4.87251400948		2.41878128052
4.87563514709		2.46952533722
4.87876820564		2.74354171753
4.8820130825		2.16506290436
4.88515019417		2.92621898651
4.88841104507		2.17521095276
4.89164018631		2.71817016602
4.89476513863		2.49489688873
4.89801216125		2.33759117126
4.90128111839		2.87040138245
4.90451908112		2.12446784973
4.90764212608		2.89577293396
4.9107670784		2.26147556305
4.91402411461		2.59638500214
4.91728210449		2.67250061035
4.92052102089		2.20058345795
4.92364120483		2.91099643707
4.9267680645		2.12446784973
4.93001914024		2.82473182678
4.93315815926		2.36803817749
4.93641114235		2.46952533722
4.93964719772		2.77398777008
4.94277000427		2.15998840332
4.94602012634		2.93129348755
4.94916510582		2.17521095276
4.95241212845		2.71817016602
4.95564699173		2.53549194336
4.95877814293		2.3426656723
4.96202206612		2.86025238037
4.9651620388		2.12446784973
4.96842312813		2.89577293396
4.97164916992		2.2919216156
4.97477507591		2.5913105011
4.97802305222		2.69787216187
4.98129320145		2.20058345795
4.98452711105		2.92621898651
4.98765015602		2.13969039917
4.99077820778		2.82980632782
4.99402499199		2.40355873108
4.99716615677		2.47459983826
