0.000132083892822		2.52534389496
0.00383615493774		2.66742610931
0.00761008262634		2.2817735672
0.0113370418549		2.40355873108
0.0150830745697		2.77398777008
0.0188400745392		2.63190555573
0.0225880146027		2.26655006409
0.0263340473175		2.42893028259
0.0300869941711		2.78921127319
0.0338351726532		2.61160755157
0.0375950336456		2.25640106201
0.0413370132446		2.44922733307
0.0450839996338		2.79936027527
0.048837184906		2.58116149902
0.0525860786438		2.25132751465
0.056342124939		2.47459983826
0.0600910186768		2.80443382263
0.0638411045074		2.56086444855
0.0675921440125		2.25132751465
0.0713391304016		2.51012039185
0.075129032135		2.79936027527
0.0789670944214		2.58116149902
0.0827140808105		2.25132751465
0.0864651203156		2.4898223877
0.0902152061462		2.79936027527
0.0939681529999		2.55071544647
0.0977301597595		2.24625301361
0.101477146149		2.51519489288
0.105225086212		2.79936027527
0.108977079391		2.52026939392
0.112728118896		2.24625301361
0.116477012634		2.5405664444
0.120228052139		2.80443382263
0.123979091644		2.49997138977
0.127730131149		2.24625301361
0.131478071213		2.56593894958
0.135232210159		2.80950832367
0.138984203339		2.47459983826
0.142731189728		2.24625301361
0.146486997604		2.5913105011
0.150230169296		2.79428577423
0.153982162476		2.45937633514
0.157735109329		2.25640106201
0.161484003067		2.60653305054
0.165233135223		2.79428577423
0.16911315918		2.47459983826
0.172860145569		2.25640106201
0.176619052887		2.5913105011
0.180360078812		2.78921127319
0.184112071991		2.44415378571
0.187862157822		2.26147556305
0.191620111465		2.62683105469
0.195368051529		2.78413677216
0.199113130569		2.41878128052
0.202865123749		2.27162456512
0.206617116928		2.64712810516
0.210365056992		2.77398777008
0.214115142822		2.393409729
0.21786904335		2.27669906616
0.221618175507		2.66742610931
0.225373029709		2.76383876801
0.229117155075		2.37311172485
0.232867002487		2.2919216156
0.236618995667		2.68772315979
0.240369081497		2.7536907196
0.244119167328		2.35281467438
0.247870206833		2.30714511871
0.251620054245		2.7029466629
0.255377054214		2.73846721649
0.259119987488		2.33251667023
0.262871026993		2.32236862183
0.266630172729		2.72324466705
0.270373106003		2.71817016602
0.274125099182		2.31729412079
0.277875185013		2.35281467438
0.281624078751		2.73846721649
0.28538107872		2.69279766083
0.289125204086		2.30207061768
0.292875051498		2.36803817749
0.296634197235		2.7536907196
0.300377130508		2.67757511139
0.304127216339		2.28684806824
0.307884216309		2.38833522797
0.311628103256		2.77398777008
0.315384149551		2.65727710724
0.319128036499		2.27162456512
0.322880029678		2.40863323212
0.326631069183		2.77906227112
0.330381155014		2.62175655365
0.334132194519		2.26655006409
0.337882995605		2.43400478363
0.341632127762		2.78413677216
0.345389127731		2.61160755157
0.349132061005		2.26147556305
0.352882146835		2.45937633514
0.356635093689		2.79428577423
0.360387086868		2.57608699799
0.364135026932		2.25640106201
0.367886066437		2.4898223877
0.371635198593		2.79936027527
0.375392198563		2.55578994751
0.379137039185		2.25132751465
0.382886171341		2.51519489288
0.386644124985		2.80443382263
0.390388011932		2.53041744232
0.394138097763		2.24625301361
0.397891044617		2.5405664444
0.401640176773		2.80950832367
0.405393123627		2.49997138977
0.409140110016		2.24625301361
0.412890195847		2.56593894958
0.416647195816		2.79936027527
0.420392036438		2.47967433929
0.424148082733		2.25132751465
0.427894115448		2.58623600006
0.431643009186		2.79936027527
0.435399055481		2.45937633514
0.439144134521		2.25640106201
0.442893981934		2.61160755157
0.446654081345		2.78921127319
0.450397014618		2.42893028259
0.454147100449		2.26655006409
0.457898139954		2.63698005676
0.461649179459		2.77398777008
0.465404033661		2.40355873108
0.469149112701		2.27669906616
0.472898006439		2.65727710724
0.476651191711		2.76891326904
0.480399131775		2.38326072693
0.484151124954		2.28684806824
0.487903118134		2.68264961243
0.491652011871		2.75876522064
0.495408058167		2.35788917542
0.499152183533		2.30207061768
0.502902030945		2.69787216187
0.506659984589		2.74354171753
0.510404109955		2.3426656723
0.51415514946		2.32236862183
0.517906188965		2.71817016602
0.521655082703		2.72831821442
0.525412082672		2.32744312286
0.529156208038		2.3426656723
0.53290605545		2.73339271545
0.536666154861		2.70802116394
0.540414094925		2.30714511871
0.544157028198		2.36296367645
0.547909021378		2.74861621857
0.551659107208		2.68264961243
0.555412054062		2.2919216156
0.559177160263		2.37311172485
0.562909126282		2.76383876801
0.56666302681		2.66235160828
0.570412158966		2.27162456512
0.574163198471		2.40355873108
0.577916145325		2.77906227112
0.581663131714		2.63698005676
0.585420131683		2.26655006409
0.589165210724		2.42893028259
0.592915058136		2.78413677216
0.596667051315		2.61160755157
0.600419998169		2.26147556305
0.604166030884		2.44922733307
0.607918024063		2.78413677216
0.611667156219		2.58623600006
0.615424156189		2.25640106201
0.619168043137		2.47967433929
0.622919082642		2.79936027527
0.626676082611		2.56593894958
0.630419015884		2.25132751465
0.634169101715		2.51012039185
0.637922048569		2.79936027527
0.641671180725		2.53549194336
0.645428180695		2.25132751465
0.649171113968		2.53549194336
0.652922153473		2.80443382263
0.656686067581		2.52026939392
0.66042304039		2.24625301361
0.664173126221		2.55578994751
0.667926073074		2.79936027527
0.671674013138		2.48474884033
0.6754322052		2.24625301361
0.679176092148		2.58116149902
0.682926177979		2.79428577423
0.686683177948		2.46952533722
0.69042801857		2.25132751465
0.694179058075		2.60145950317
0.697931051254		2.79428577423
0.701680183411		2.44415378571
0.705435991287		2.26147556305
0.709180116653		2.63190555573
0.712930202484		2.78413677216
0.716682195663		2.41370677948
0.720429182053		2.27162456512
0.724182128906		2.6522026062
0.72793507576		2.76891326904
0.731683015823		2.38833522797
0.735440015793		2.28684806824
0.739184141159		2.67250061035
0.742933988571		2.76383876801
0.746690988541		2.36803817749
0.750435113907		2.29699611664
0.754184007645		2.69279766083
0.757943153381		2.74861621857
0.76168513298		2.3426656723
0.765443086624		2.31221961975
0.769188165665		2.71309566498
0.772951126099		2.73339271545
0.776699066162		2.33251667023
0.780438184738		2.33251667023
0.784190177917		2.72831821442
0.787941217422		2.71309566498
0.79169011116		2.31221961975
0.79544711113		2.34774017334
0.799194097519		2.74354171753
0.80294418335		2.68772315979
0.806694984436		2.30207061768
0.810445070267		2.37818622589
0.814194202423		2.75876522064
0.81794500351		2.66235160828
0.82169508934		2.28684806824
0.825453042984		2.38833522797
0.829198122025		2.77398777008
0.832946062088		2.6420545578
0.836697101593		2.27162456512
0.840450048447		2.41878128052
0.844196081161		2.78921127319
0.847948074341		2.62175655365
0.85170006752		2.26147556305
0.855456113815		2.44415378571
0.859200000763		2.79428577423
0.862949132919		2.59638500214
0.866708993912		2.25640106201
0.870450019836		2.46952533722
0.874201059341		2.79428577423
0.877960205078		2.58116149902
0.881703138351		2.25132751465
0.88546204567		2.4898223877
0.889209032059		2.80443382263
0.892954111099		2.54564094543
0.896712064743		2.24625301361
0.900454998016		2.52026939392
0.904206037521		2.80443382263
0.907958030701		2.51519489288
0.911706209183		2.24625301361
0.915464162827		2.54564094543
0.919208049774		2.79936027527
0.922957181931		2.49489688873
0.926716089249		2.24625301361
0.930458068848		2.57608699799
0.934209108353		2.80443382263
0.937963008881		2.46952533722
0.94170999527		2.24625301361
0.945466995239		2.59638500214
0.94921207428		2.79428577423
0.952961206436		2.44922733307
0.95671415329		2.25640106201
0.960455179214		2.62175655365
0.964205026627		2.78413677216
0.967967987061		2.42385578156
0.971714019775		2.26655006409
0.975471019745		2.6420545578
0.979215145111		2.77398777008
0.982964038849		2.39848423004
0.98672413826		2.2817735672
0.990467071533		2.66742610931
0.99421620369		2.75876522064
0.997968196869		2.37818622589
1.00171804428		2.29699611664
1.00547719002		2.68264961243
1.00921916962		2.7536907196
1.01297402382		2.35788917542
1.01673102379		2.30207061768
1.02046918869		2.70802116394
1.02421998978		2.73846721649
1.02798318863		2.33251667023
1.03172206879		2.32236862183
1.03548002243		2.72831821442
1.0392241478		2.71309566498
1.04297399521		2.31729412079
1.04672598839		2.3426656723
1.05047416687		2.73846721649
1.05422520638		2.69787216187
1.05798006058		2.30207061768
1.06172704697		2.36296367645
1.06548213959		2.7536907196
1.0692281723		2.67757511139
1.07297611237		2.28684806824
1.07672905922		2.38833522797
1.08048009872		2.76891326904
1.08423113823		2.6522026062
1.08798003197		2.27669906616
1.09173107147		2.40863323212
1.09548616409		2.77906227112
1.09922909737		2.62683105469
1.10298109055		2.26147556305
1.10673809052		2.42893028259
1.11048316956		2.79428577423
1.11423206329		2.60145950317
1.11798405647		2.26147556305
1.12173914909		2.45937633514
1.12549114227		2.79428577423
1.12923407555		2.57608699799
1.13298201561		2.25640106201
1.13674211502		2.47967433929
1.14048504829		2.79936027527
1.1442360878		2.55578994751
1.14798903465		2.25132751465
1.15173721313		2.51012039185
1.1554942131		2.80443382263
1.15923905373		2.53041744232
1.16300702095		2.24625301361
1.16674208641		2.53549194336
1.17049002647		2.79936027527
1.17423915863		2.49997138977
1.17799401283		2.25132751465
1.18174099922		2.56593894958
1.18550014496		2.79936027527
1.18924212456		2.47967433929
1.1929910183		2.25132751465
1.19674420357		2.5913105011
1.20049309731		2.79936027527
1.20424699783		2.45430183411
1.20799612999		2.25640106201
1.21174502373		2.61668205261
1.21550321579		2.78921127319
1.21924614906		2.42893028259
1.22299599648		2.26147556305
1.22675418854		2.63190555573
1.23049712181		2.77906227112
1.23424601555		2.40355873108
1.23800420761		2.27162456512
1.24174904823		2.65727710724
1.2455060482		2.76891326904
1.24925017357		2.38326072693
1.25300002098		2.28684806824
1.25675821304		2.67757511139
1.26050114632		2.7536907196
1.26425218582		2.36296367645
1.26800298691		2.30714511871
1.27175211906		2.69279766083
1.27550816536		2.74354171753
1.27925300598		2.33759117126
1.28300309181		2.31729412079
1.28675699234		2.72324466705
1.2905061245		2.72324466705
1.29425621033		2.31729412079
1.29800820351		2.33759117126
1.30175614357		2.73846721649
1.30550813675		2.7029466629
1.30925798416		2.30714511871
1.31300806999		2.35788917542
1.31676006317		2.74354171753
1.32051205635		2.68772315979
1.32425904274		2.29699611664
1.32801318169		2.37818622589
1.33176207542		2.76383876801
1.33551812172		2.66235160828
1.33926105499		2.27669906616
1.34301304817		2.40355873108
1.34677004814		2.77398777008
1.35051298141		2.63698005676
1.35427618027		2.27162456512
1.35801506042		2.42893028259
1.36176514626		2.78413677216
1.36552214622		2.60653305054
1.3692650795		2.25640106201
1.37301516533		2.45430183411
1.37677407265		2.79936027527
1.38051700592		2.58623600006
1.38426709175		2.25132751465
1.38801908493		2.47967433929
1.39176917076		2.79936027527
1.39552617073		2.56086444855
1.39926815033		2.25132751465
1.40302205086		2.49997138977
1.40677213669		2.79936027527
1.4105219841		2.5405664444
1.41427302361		2.24625301361
1.41802406311		2.53041744232
1.42177319527		2.79936027527
1.42553019524		2.51519489288
1.42927312851		2.24625301361
1.43302512169		2.55578994751
1.43677520752		2.79936027527
1.44052600861		2.48474884033
1.44427514076		2.25132751465
1.44802808762		2.58116149902
1.45177602768		2.79428577423
1.45553517342		2.46952533722
1.45927810669		2.25640106201
1.46302819252		2.60653305054
1.46678519249		2.79428577423
1.4705350399		2.43907928467
1.47427916527		2.25640106201
1.47803211212		2.63190555573
1.48177909851		2.78413677216
1.48553800583		2.41370677948
1.4892821312		2.26655006409
1.49303221703		2.64712810516
1.49679017067		2.77398777008
1.50053215027		2.393409729
1.50428318977		2.2817735672
1.50803399086		2.67250061035
1.51178503036		2.75876522064
1.51554107666		2.36803817749
1.51928400993		2.29699611664
1.523042202		2.68772315979
1.52678799629		2.74354171753
1.53053617477		2.34774017334
1.53428721428		2.31221961975
1.53804016113		2.70802116394
1.54178905487		2.73339271545
1.54554605484		2.32236862183
1.54929018021		2.33251667023
1.55303907394		2.73339271545
1.5567920208		2.71309566498
1.5605430603		2.30714511871
1.56429100037		2.35281467438
1.56804299355		2.74861621857
1.5717921257		2.69279766083
1.57555103302		2.29699611664
1.57929420471		2.37311172485
1.58304309845		2.7536907196
1.58680605888		2.67250061035
1.59054398537		2.28684806824
1.5942940712		2.393409729
1.59804606438		2.77398777008
1.60179615021		2.6420545578
1.60554718971		2.27162456512
1.60929918289		2.41878128052
1.61304807663		2.77906227112
1.61680603027		2.62175655365
1.62054800987		2.26655006409
1.6242980957		2.44415378571
1.62805104256		2.78921127319
1.63180017471		2.59638500214
1.63555717468		2.25640106201
1.63930106163		2.47459983826
1.64305114746		2.79936027527
1.64680814743		2.56593894958
1.65055298805		2.25132751465
1.65430116653		2.49997138977
1.65805506706		2.80443382263
1.66180419922		2.54564094543
1.66556119919		2.24625301361
1.66930413246		2.51519489288
1.67305517197		2.80443382263
1.67680716515		2.52534389496
1.68055820465		2.24625301361
1.68430614471		2.55071544647
1.68806004524		2.80443382263
1.69181108475		2.49489688873
1.69556498528		2.25132751465
1.69930911064		2.57608699799
1.70306611061		2.79428577423
1.70681905746		2.46952533722
1.71056103706		2.25640106201
1.71431016922		2.59638500214
1.7180621624		2.79428577423
1.72181200981		2.44415378571
1.72557020187		2.25640106201
1.72931218147		2.62175655365
1.73306298256		2.78921127319
1.73682904243		2.42385578156
1.74056410789		2.26655006409
1.74431419373		2.64712810516
1.74806714058		2.77398777008
1.75181508064		2.39848423004
1.75557303429		2.27669906616
1.75931715965		2.66235160828
1.76306605339		2.76383876801
1.76681804657		2.37818622589
1.77056908607		2.2919216156
1.77431917191		2.68264961243
1.77807021141		2.7536907196
1.78181910515		2.35281467438
1.78557920456		2.30714511871
1.78931999207		2.7029466629
1.79307103157		2.73339271545
1.79682207108		2.33251667023
1.80057501793		2.32744312286
1.80432319641		2.72324466705
1.80807614326		2.71817016602
1.81182408333		2.31221961975
1.8155810833		2.3426656723
1.81932902336		2.74354171753
1.8230741024		2.69787216187
1.82683515549		2.30207061768
1.83057713509		2.36296367645
1.8343269825		2.7536907196
1.838078022		2.67757511139
1.84182715416		2.28684806824
1.84558415413		2.38326072693
1.84933018684		2.76891326904
1.85307908058		2.65727710724
1.85683512688		2.27669906616
1.86058115959		2.40863323212
1.86433005333		2.77906227112
1.86808204651		2.62683105469
1.87183117867		2.26655006409
1.87558817863		2.43400478363
1.87933301926		2.78921127319
1.88308310509		2.59638500214
1.88684010506		2.26655006409
1.89058303833		2.46445083618
1.89433407784		2.79428577423
1.89808511734		2.57608699799
1.90183615685		2.25132751465
1.90559101105		2.48474884033
1.90933799744		2.80443382263
1.91308617592		2.55071544647
1.9168381691		2.24625301361
1.92058801651		2.51012039185
1.92433905602		2.80443382263
1.92808914185		2.53041744232
1.93184018135		2.24625301361
1.93560099602		2.53549194336
1.93934011459		2.80443382263
1.94309020042		2.50504589081
1.94684815407		2.24625301361
1.95059299469		2.56593894958
1.95434212685		2.79936027527
1.95809412003		2.47459983826
1.96184420586		2.25132751465
1.9656021595		2.58623600006
1.96934318542		2.79428577423
1.9730951786		2.45937633514
1.97687911987		2.25640106201
1.9805970192		2.61160755157
1.98434615135		2.78413677216
1.98809719086		2.42893028259
1.99184799194		2.25640106201
1.9955971241		2.6420545578
1.99934720993		2.78413677216
2.00309801102		2.39848423004
2.0068500042		2.27162456512
2.01059818268		2.65727710724
2.01435017586		2.76383876801
2.01810121536		2.38326072693
2.02185106277		2.28684806824
2.02560305595		2.67250061035
2.02935314178		2.75876522064
2.03310203552		2.36296367645
2.0368540287		2.29699611664
2.04060721397		2.69787216187
2.04435706139		2.74354171753
2.04810714722		2.33759117126
2.05186200142		2.32236862183
2.05560803413		2.71309566498
2.05935716629		2.72324466705
2.06310606003		2.32744312286
2.06686401367		2.33759117126
2.07060718536		2.73339271545
2.07435917854		2.7029466629
2.07810997963		2.30207061768
2.08185911179		2.35788917542
2.08561706543		2.7536907196
2.0893599987		2.68264961243
2.09311008453		2.28684806824
2.09686803818		2.37818622589
2.10061120987		2.76383876801
2.10436105728		2.6522026062
2.10811400414		2.2817735672
2.11186218262		2.39848423004
2.11562013626		2.77398777008
2.1193652153		2.6420545578
2.12311506271		2.27162456512
2.12687420845		2.41878128052
2.13061499596		2.78921127319
2.13436508179		2.61160755157
2.13811707497		2.26147556305
2.14186620712		2.45430183411
2.14562416077		2.78921127319
2.14936804771		2.58623600006
2.15311908722		2.25640106201
2.15686917305		2.48474884033
2.16061806679		2.79428577423
2.16436910629		2.56086444855
2.16812610626		2.25132751465
2.1718711853		2.50504589081
2.17562913895		2.80443382263
2.17937207222		2.53041744232
2.18312311172		2.24625301361
2.18687915802		2.53041744232
2.19062304497		2.80443382263
2.1943731308		2.51519489288
2.19812512398		2.24625301361
2.20187520981		2.55578994751
2.20563006401		2.80443382263
2.20937609673		2.4898223877
2.21312618256		2.24625301361
2.21688818932		2.57608699799
2.22062802315		2.79936027527
2.2243771553		2.46445083618
2.22812819481		2.25640106201
2.2318789959		2.60145950317
2.23563599586		2.78921127319
2.23938107491		2.43907928467
2.24313020706		2.26147556305
2.24688410759		2.62683105469
2.25063109398		2.78413677216
2.25438117981		2.41370677948
2.25813317299		2.26655006409
2.2618830204		2.6522026062
2.26564216614		2.77398777008
2.26938199997		2.38833522797
2.27313303947		2.2817735672
2.27688503265		2.67757511139
2.28063702583		2.76383876801
2.28439116478		2.37311172485
2.28813719749		2.30207061768
2.29188704491		2.68772315979
2.29564213753		2.74861621857
2.29938721657		2.34774017334
2.30313920975		2.31221961975
2.30689001083		2.70802116394
2.31063818932		2.73339271545
2.3143889904		2.32744312286
2.31814098358		2.33251667023
2.32189011574		2.72831821442
2.32564806938		2.71309566498
2.32939314842		2.31729412079
2.33314204216		2.35281467438
2.33689808846		2.74354171753
2.34064412117		2.69279766083
2.34439206123		2.2919216156
2.34814500809		2.37311172485
2.35189318657		2.76891326904
2.35565400124		2.67250061035
2.35939717293		2.2817735672
2.36314606667		2.39848423004
2.36690402031		2.77398777008
2.370647192		2.6420545578
2.37439799309		2.27162456512
2.37814807892		2.41370677948
2.38189816475		2.77906227112
2.38565301895		2.62683105469
2.38939905167		2.26147556305
2.39314818382		2.44415378571
2.39690113068		2.79428577423
2.40065598488		2.60145950317
2.40440106392		2.25640106201
2.40815520287		2.46952533722
2.41190099716		2.79428577423
2.41565918922		2.57101249695
2.41940116882		2.25132751465
2.42315506935		2.49489688873
2.42691016197		2.80443382263
2.43065404892		2.54564094543
2.4344060421		2.24625301361
2.43815517426		2.52026939392
2.44190621376		2.80443382263
2.44566321373		2.52026939392
2.44940710068		2.24625301361
2.45315718651		2.55071544647
2.4569170475		2.80443382263
2.4606590271		2.49997138977
2.46440911293		2.25132751465
2.46815919876		2.57101249695
2.47190904617		2.80443382263
2.47566699982		2.47459983826
2.47941112518		2.25132751465
2.48316121101		2.60145950317
2.48691105843		2.79428577423
2.49066114426		2.44922733307
2.49441409111		2.26147556305
2.49816417694		2.61668205261
2.50191521645		2.78413677216
2.50567221642		2.42385578156
2.50941419601		2.26655006409
2.51316714287		2.6420545578
2.51693511009		2.77906227112
2.52066802979		2.39848423004
2.52441716194		2.27669906616
2.5281701088		2.66742610931
2.53191804886		2.76383876801
2.53567409515		2.37311172485
2.5394179821		2.29699611664
2.54316806793		2.68772315979
2.54692721367		2.7536907196
2.55067801476		2.35788917542
2.55442118645		2.30714511871
2.5581741333		2.69787216187
2.56192111969		2.73846721649
2.56568002701		2.33759117126
2.5694231987		2.32236862183
2.57317304611		2.72831821442
2.57693219185		2.71817016602
2.58067512512		2.31729412079
2.58442521095		2.34774017334
2.58817410469		2.73846721649
2.59192609787		2.69279766083
2.59568309784		2.30714511871
2.59942698479		2.36803817749
2.60317611694		2.7536907196
2.60693001747		2.67757511139
2.61067819595		2.28684806824
2.61442899704		2.38833522797
2.61818003654		2.77398777008
2.6219291687		2.64712810516
2.62568807602		2.27162456512
2.62943100929		2.40863323212
2.63318514824		2.78413677216
2.63693213463		2.63190555573
2.64068198204		2.26655006409
2.6444311142		2.43400478363
2.64818406105		2.78921127319
2.65193414688		2.60653305054
2.65569019318		2.26147556305
2.65943408012		2.45937633514
2.66318511963		2.79936027527
2.66693711281		2.57608699799
2.67068600655		2.25640106201
2.67443609238		2.4898223877
2.67818808556		2.79936027527
2.68193721771		2.55071544647
2.68569302559		2.25132751465
2.68943715096		2.51012039185
2.69319009781		2.80443382263
2.69694900513		2.53549194336
2.70069003105		2.24625301361
2.70444202423		2.5405664444
2.70819306374		2.80950832367
2.7119410038		2.50504589081
2.71569919586		2.24625301361
2.71944212914		2.56593894958
2.72319221497		2.79936027527
2.72694420815		2.47967433929
2.73069310188		2.25132751465
2.73444509506		2.5913105011
2.73819613457		2.79936027527
2.74194598198		2.45430183411
2.74570298195		2.25132751465
2.74945116043		2.61160755157
2.75319600105		2.78921127319
2.75694799423		2.42893028259
2.7607011795		2.26655006409
2.76444816589		2.63190555573
2.7681992054		2.77906227112
2.77194905281		2.40355873108
2.77570700645		2.27669906616
2.77945017815		2.65727710724
2.78320121765		2.76891326904
2.7869591713		2.38326072693
2.79070115089		2.28684806824
2.7944521904		2.68772315979
2.79820513725		2.7536907196
2.80195212364		2.35788917542
2.80570816994		2.30207061768
2.80945420265		2.7029466629
2.81320405006		2.73846721649
2.81696200371		2.3426656723
2.8207051754		2.31729412079
2.8244562149		2.71309566498
2.82821011543		2.72831821442
2.83195710182		2.32744312286
2.83571720123		2.33251667023
2.83945703506		2.73339271545
2.84320807457		2.70802116394
2.84696507454		2.30207061768
2.85070800781		2.35788917542
2.85446000099		2.74861621857
2.85821199417		2.68264961243
2.86196208		2.29699611664
2.86573410034		2.37311172485
2.86946201324		2.76383876801
2.87321305275		2.65727710724
2.87696313858		2.27669906616
2.88071107864		2.40355873108
2.88446307182		2.77906227112
2.888215065		2.63698005676
2.89196419716		2.27162456512
2.89572620392		2.42385578156
2.89946508408		2.78413677216
2.90321612358		2.60653305054
2.90697216988		2.26147556305
2.91071820259		2.44922733307
2.91446709633		2.79936027527
2.91821908951		2.58623600006
2.92196917534		2.25132751465
2.92572617531		2.46952533722
2.92947006226		2.79936027527
2.93322014809		2.56086444855
2.93698215485		2.25132751465
2.94072198868		2.50504589081
2.94447207451		2.79936027527
2.94822216034		2.5405664444
2.95197510719		2.25132751465
2.95573115349		2.52026939392
2.95947313309		2.80443382263
2.96322417259		2.51519489288
2.9669752121		2.24625301361
2.97072505951		2.55578994751
2.97447514534		2.80443382263
2.97822904587		2.48474884033
2.98198318481		2.25132751465
2.98573613167		2.58116149902
2.98948001862		2.79428577423
2.9932281971		2.45937633514
2.99698114395		2.25132751465
3.00073099136		2.60145950317
3.00448107719		2.78921127319
3.0082321167		2.44415378571
3.01198101044		2.25640106201
3.0157392025		2.62683105469
3.01948404312		2.78413677216
3.02323102951		2.41370677948
3.02698302269		2.27162456512
3.03073716164		2.64712810516
3.03448414803		2.77398777008
3.0382361412		2.393409729
3.04198503494		2.2817735672
3.04574513435		2.66742610931
3.04948711395		2.75876522064
3.05323719978		2.36803817749
3.05698919296		2.29699611664
3.0607380867		2.69279766083
3.06448817253		2.74354171753
3.06823801994		2.3426656723
3.07198905945		2.31729412079
3.07574701309		2.71309566498
3.07949209213		2.72831821442
3.0832400322		2.33251667023
3.08699798584		2.33251667023
3.09074211121		2.72831821442
3.09449100494		2.71817016602
3.09825015068		2.31221961975
3.10199403763		2.34774017334
3.10574913025		2.74861621857
3.10949420929		2.69279766083
3.11324501038		2.29699611664
3.11699604988		2.37311172485
3.12074518204		2.75876522064
3.12449502945		2.66235160828
3.12824702263		2.28684806824
3.13199520111		2.39848423004
3.13575315475		2.76891326904
3.13949799538		2.6420545578
3.14324808121		2.27162456512
3.14700508118		2.41370677948
3.15074920654		2.78921127319
3.15449905396		2.61668205261
3.15825104713		2.26147556305
3.16200017929		2.44415378571
3.16575717926		2.79428577423
3.16950011253		2.5913105011
3.17325019836		2.25132751465
3.17701411247		2.45937633514
3.18075418472		2.79936027527
3.18450307846		2.57101249695
3.18825507164		2.24625301361
3.19200515747		2.49489688873
3.19576120377		2.79936027527
3.19950509071		2.54564094543
3.20325613022		2.25132751465
3.20701003075		2.52026939392
3.21075701714		2.79936027527
3.2145152092		2.52534389496
3.21825814247		2.25132751465
3.22200918198		2.5405664444
3.22576618195		2.80443382263
3.22950911522		2.49489688873
3.23326015472		2.25132751465
3.2370121479		2.57608699799
3.24076199532		2.80443382263
3.24451112747		2.46952533722
3.24826407433		2.25132751465
3.25201201439		2.60145950317
3.25577020645		2.78921127319
3.25951313972		2.44415378571
3.26326417923		2.26147556305
3.26702213287		2.61668205261
3.27076506615		2.78413677216
3.2745141983		2.42385578156
3.27826714516		2.26655006409
3.28203511238		2.63190555573
3.28577399254		2.77906227112
3.28952002525		2.39848423004
3.29326701164		2.2817735672
3.2970252037		2.66235160828
3.30076813698		2.76383876801
3.30451798439		2.37818622589
3.30827116966		2.2919216156
3.3120200634		2.68772315979
3.31577706337		2.7536907196
3.31952214241		2.35281467438
3.32327198982		2.31221961975
3.32703018188		2.70802116394
3.33077812195		2.73339271545
3.33452510834		2.33251667023
3.33827519417		2.32744312286
3.34202504158		2.72324466705
3.34578108788		2.71817016602
3.34952402115		2.31729412079
3.35327601433		2.3426656723
3.35703015327		2.73846721649
3.3607749939		2.69787216187
3.36452698708		2.30207061768
3.36827802658		2.36803817749
3.37203001976		2.7536907196
3.37578606606		2.67757511139
3.37952899933		2.28684806824
3.38327908516		2.393409729
3.38703608513		2.76891326904
3.39078021049		2.6522026062
3.39453101158		2.27669906616
3.39828300476		2.41370677948
3.40203118324		2.77906227112
3.4057841301		2.63190555573
3.40953302383		2.26655006409
3.41328310966		2.43400478363
3.41704416275		2.78921127319
3.42078399658		2.60145950317
3.42453718185		2.25640106201
3.42828607559		2.45937633514
3.43203616142		2.79936027527
3.43579316139		2.57608699799
3.43953800201		2.25132751465
3.44328713417		2.48474884033
3.44704508781		2.80443382263
3.45079112053		2.55578994751
3.45454001427		2.24625301361
3.4582901001		2.51012039185
3.46204018593		2.80443382263
3.4657971859		2.53549194336
3.46954011917		2.24625301361
3.47329115868		2.5405664444
3.47704315186		2.80443382263
3.48079419136		2.50504589081
3.4845430851		2.25132751465
3.48829603195		2.55578994751
3.49204516411		2.79936027527
3.49580216408		2.48474884033
3.49954414368		2.24625301361
3.50329518318		2.5913105011
3.50705218315		2.79936027527
3.51079511642		2.45430183411
3.51454615593		2.25132751465
3.51829814911		2.61668205261
3.52204799652		2.78413677216
3.52580499649		2.42893028259
3.52954912186		2.26655006409
3.53329801559		2.63698005676
3.53705716133		2.77906227112
3.5408000946		2.40863323212
3.54455018044		2.27162456512
3.54830217361		2.6522026062
3.55205106735		2.76891326904
3.55580306053		2.38326072693
3.55955314636		2.28684806824
3.56330800056		2.67757511139
3.56706118584		2.75876522064
3.57080507278		2.36296367645
3.57455420494		2.30714511871
3.57830619812		2.69787216187
3.58205509186		2.74354171753
3.5858130455		2.3426656723
3.58955621719		2.31729412079
3.59330606461		2.71817016602
3.59705710411		2.72324466705
3.60080718994		2.31729412079
3.60455799103		2.3426656723
3.6083111763		2.73339271545
3.61206102371		2.7029466629
3.61581516266		2.30714511871
3.61955904961		2.35788917542
3.62331008911		2.7536907196
3.62706804276		2.68772315979
3.63081002235		2.28684806824
3.63456201553		2.37818622589
3.63831400871		2.76891326904
3.64206218719		2.66235160828
3.64582109451		2.27669906616
3.64956617355		2.40355873108
3.65331506729		2.77906227112
3.65706706047		2.63698005676
3.66081500053		2.27162456512
3.66456604004		2.42385578156
3.66831898689		2.78413677216
3.67206716537		2.61160755157
3.67582607269		2.26147556305
3.67957305908		2.45430183411
3.6833190918		2.79428577423
3.68706917763		2.5913105011
3.69081902504		2.25132751465
3.69457101822		2.47967433929
3.69832205772		2.80443382263
3.70207309723		2.56086444855
3.7058300972		2.25132751465
3.70957398415		2.49997138977
3.71332216263		2.80443382263
3.71713709831		2.56593894958
3.72095108032		2.25132751465
3.72469902039		2.48474884033
3.72845005989		2.80443382263
3.73220014572		2.55578994751
3.73595809937		2.25132751465
3.73970007896		2.51012039185
3.74345207214		2.80443382263
3.74724006653		2.5405664444
3.75095510483		2.25132751465
3.75470304489		2.53549194336
3.75845503807		2.79936027527
3.76220417023		2.50504589081
3.76596307755		2.24625301361
3.76970720291		2.56086444855
3.77345705032		2.79936027527
3.77729105949		2.51012039185
3.78110098839		2.24625301361
3.78484201431		2.54564094543
3.78858804703		2.80443382263
3.79233717918		2.49997138977
3.79609417915		2.24625301361
3.79983901978		2.56593894958
3.80358815193		2.79936027527
3.8073451519		2.47967433929
3.81108999252		2.24625301361
3.81484007835		2.58623600006
3.81859111786		2.79936027527
3.82234311104		2.44922733307
3.82609915733		2.25640106201
3.82986021042		2.61160755157
3.83359217644		2.78413677216
3.83735013008		2.42893028259
3.84109306335		2.26655006409
3.84484410286		2.63698005676
3.84859609604		2.77906227112
3.85234498978		2.40355873108
3.85610198975		2.27162456512
3.85984706879		2.6522026062
3.86359620094		2.76383876801
3.86735510826		2.37818622589
3.87109804153		2.2919216156
3.87484812737		2.68264961243
3.87860012054		2.74861621857
3.88235020638		2.35788917542
3.88610601425		2.30207061768
3.88985013962		2.7029466629
3.89359903336		2.74354171753
3.89735913277		2.33759117126
3.90110206604		2.31729412079
3.90485215187		2.72324466705
3.90860509872		2.72324466705
3.91235804558		2.32236862183
3.91610407829		2.3426656723
3.91985416412		2.73339271545
3.92360520363		2.69787216187
3.92736101151		2.30714511871
3.93110609055		2.35788917542
3.93485498428		2.7536907196
3.93860912323		2.68264961243
3.94235801697		2.28684806824
3.94611501694		2.38326072693
3.949873209		2.76891326904
3.95360803604		2.6522026062
3.95736598969		2.2817735672
3.9611120224		2.40863323212
3.96485900879		2.77906227112
3.96861314774		2.63190555573
3.97236299515		2.26655006409
3.97611904144		2.42893028259
3.97986221313		2.78413677216
3.98361110687		2.61160755157
3.98737001419		2.26147556305
3.99111413956		2.44922733307
3.99486708641		2.79936027527
3.99861598015		2.58116149902
4.00236415863		2.25132751465
4.00611805916		2.47967433929
4.00986814499		2.79936027527
4.0136141777		2.56086444855
4.01737213135		2.24625301361
4.02110719681		2.51012039185
4.02486300468		2.80443382263
4.02863121033		2.5405664444
4.03237009048		2.24625301361
4.03612112999		2.53549194336
4.03986907005		2.79936027527
4.04362010956		2.50504589081
4.04737520218		2.24625301361
4.05111098289		2.56593894958
4.0548620224		2.79936027527
4.05862808228		2.4898223877
4.06237602234		2.25132751465
4.06613016129		2.58116149902
4.06989002228		2.79936027527
4.07362604141		2.46445083618
4.07738113403		2.25132751465
4.08112406731		2.61160755157
4.08487415314		2.79428577423
4.08862709999		2.43400478363
4.09237599373		2.26147556305
4.09613418579		2.62683105469
4.09987807274		2.78413677216
4.10362815857		2.41370677948
4.10738801956		2.27669906616
4.11113214493		2.6522026062
4.11487913132		2.76891326904
4.1186311245		2.38833522797
4.12238121033		2.28684806824
4.1261382103		2.67250061035
4.1298801899		2.7536907196
4.13363099098		2.36803817749
4.13739109039		2.30207061768
4.14113306999		2.69787216187
4.14488911629		2.74354171753
4.14863419533		2.34774017334
4.15238714218		2.31729412079
4.15613603592		2.71817016602
4.15988707542		2.72831821442
4.16363620758		2.32236862183
4.16738700867		2.33251667023
4.17113518715		2.73339271545
4.17488718033		2.70802116394
4.17864108086		2.30714511871
4.18238902092		2.35281467438
4.18614602089		2.74354171753
4.1899061203		2.68772315979
4.19363903999		2.29699611664
4.19739198685		2.37311172485
4.20114517212		2.75876522064
4.20492100716		2.67250061035
4.20864415169		2.2817735672
4.21239209175		2.39848423004
4.21614909172		2.77398777008
4.21989607811		2.64712810516
4.22364401817		2.27162456512
4.22739601135		2.42385578156
4.23114514351		2.78413677216
4.23489618301		2.61160755157
4.23864817619		2.26147556305
4.24239516258		2.44922733307
4.24615502357		2.79428577423
4.24989819527		2.59638500214
4.25364613533		2.25132751465
4.25739908218		2.46952533722
4.2611541748		2.79936027527
4.26490211487		2.57101249695
4.2686560154		2.25132751465
4.27240109444		2.49997138977
4.27615118027		2.80443382263
4.27990007401		2.54564094543
4.28365206718		2.24625301361
4.28740310669		2.52534389496
4.29115414619		2.80443382263
4.29490208626		2.52026939392
4.29865503311		2.24625301361
4.30240702629		2.55071544647
4.30615615845		2.80443382263
4.30992102623		2.49489688873
4.31365704536		2.25132751465
4.3174071312		2.57608699799
4.32115912437		2.79936027527
4.32490706444		2.46445083618
4.32865905762		2.25132751465
4.33240699768		2.60145950317
4.33616518974		2.79428577423
4.33990907669		2.45430183411
4.3436601162		2.25640106201
4.34741210938		2.62683105469
4.35116100311		2.78921127319
4.35491204262		2.41370677948
4.35866618156		2.27162456512
4.36241412163		2.6420545578
4.36616921425		2.77398777008
4.36991405487		2.39848423004
4.37366199493		2.28684806824
4.37742114067		2.66235160828
4.38116502762		2.76383876801
4.38491511345		2.37311172485
4.38866519928		2.2919216156
4.39241504669		2.68772315979
4.39616799355		2.74861621857
4.39991807938		2.34774017334
4.40366721153		2.31221961975
4.40742111206		2.70802116394
4.41116905212		2.73339271545
4.41491913795		2.32744312286
4.41867113113		2.33251667023
4.42242121696		2.72324466705
4.42617821693		2.71817016602
4.42993712425		2.31729412079
4.43367218971		2.34774017334
4.4374229908		2.74354171753
4.44117617607		2.69787216187
4.44492316246		2.30207061768
4.44867515564		2.36803817749
4.45242500305		2.75876522064
4.45618104935		2.67250061035
4.45992398262		2.2919216156
4.46367502213		2.393409729
4.4674270153		2.76891326904
4.47117710114		2.65727710724
4.47492814064		2.27669906616
4.47868418694		2.41370677948
4.48242807388		2.78413677216
4.48618507385		2.62683105469
4.48992705345		2.26655006409
4.4936850071		2.43907928467
4.49743103981		2.78921127319
4.50117897987		2.59638500214
4.50493407249		2.25640106201
4.50868010521		2.46445083618
4.51243305206		2.79936027527
4.51618218422		2.57608699799
4.51993203163		2.25132751465
4.52368211746		2.4898223877
4.52743601799		2.80950832367
4.53118419647		2.55071544647
4.53493309021		2.25132751465
4.53868699074		2.51519489288
4.54243707657		2.80443382263
4.54619312286		2.52534389496
4.54995298386		2.25132751465
4.55368709564		2.54564094543
4.55743813515		2.80443382263
4.56118702888		2.50504589081
4.5651910305		2.26147556305
4.56907701492		2.42893028259
4.57280611992		2.78921127319
4.5765581131		2.59638500214
4.58031606674		2.26147556305
4.58406710625		2.46445083618
4.58781909943		2.79428577423
4.59156417847		2.57608699799
4.59536314011		2.25640106201
4.59918618202		2.43907928467
4.60293602943		2.79428577423
4.60669207573		2.59638500214
4.61045312881		2.25640106201
4.61419510841		2.46952533722
4.61794805527		2.80443382263
4.62169408798		2.57101249695
4.62545418739		2.24625301361
4.62919712067		2.49489688873
4.63295006752		2.79936027527
4.63669610023		2.54564094543
4.64044904709		2.24625301361
4.64420199394		2.51519489288
4.6479511261		2.80443382263
4.65170001984		2.53041744232
4.6554582119		2.24625301361
4.65920114517		2.55071544647
4.66295218468		2.80443382263
4.66670703888		2.49489688873
4.67045211792		2.24625301361
4.67420220375		2.57101249695
4.67797398567		2.79428577423
4.68170404434		2.46952533722
4.68545913696		2.25640106201
4.68920516968		2.59638500214
4.69295406342		2.78921127319
4.69671320915		2.44922733307
4.70045614243		2.25640106201
4.70420718193		2.62175655365
4.70796012878		2.79428577423
4.71170806885		2.41878128052
4.71546411514		2.26655006409
4.71921205521		2.6420545578
4.7229590416		2.77398777008
4.72672104836		2.40863323212
4.73046016693		2.27669906616
4.73421120644		2.66235160828
4.73796319962		2.76891326904
4.741710186		2.37818622589
4.74546813965		2.2919216156
4.7492120266		2.68772315979
4.75296401978		2.7536907196
4.756731987		2.35788917542
4.76046919823		2.31221961975
4.76421308517		2.7029466629
4.76796603203		2.72831821442
4.77171421051		2.33759117126
4.77547216415		2.32236862183
4.77921700478		2.71817016602
4.78296613693		2.71817016602
4.78672409058		2.31729412079
4.79047012329		2.3426656723
4.79421806335		2.73846721649
4.79798603058		2.69787216187
4.80172109604		2.30207061768
4.80547213554		2.36803817749
4.80922412872		2.75876522064
4.81297111511		2.67250061035
4.81673121452		2.2919216156
4.82047104836		2.38326072693
4.8242251873		2.76383876801
4.82797718048		2.66235160828
4.8317232132		2.27669906616
4.83548307419		2.40863323212
4.83922600746		2.77398777008
4.84298110008		2.62683105469
4.84673309326		2.26655006409
4.85047602654		2.43400478363
4.85422706604		2.78413677216
4.85797810555		2.60145950317
4.86172509193		2.25640106201
4.86548304558		2.45937633514
4.86922717094		2.79936027527
4.87298321724		2.57608699799
4.87673020363		2.25132751465
4.88048005104		2.48474884033
4.88423013687		2.80443382263
4.88798213005		2.55578994751
4.89173007011		2.25132751465
4.89549016953		2.51012039185
4.89923405647		2.80443382263
4.90298318863		2.53549194336
4.9067401886		2.24625301361
4.91048407555		2.53041744232
4.91423416138		2.80443382263
4.91800308228		2.51519489288
4.92173600197		2.24625301361
4.92549204826		2.56086444855
4.92923498154		2.79936027527
4.93298506737		2.47459983826
4.9367442131		2.25640106201
4.94048810005		2.5913105011
4.94423913956		2.79428577423
4.94799208641		2.46445083618
4.9517390728		2.26147556305
4.95549702644		2.61160755157
4.95924520493		2.79428577423
4.96298909187		2.42893028259
4.96674799919		2.26147556305
4.97049212456		2.63698005676
4.97424316406		2.78413677216
4.97799515724		2.40355873108
4.98174214363		2.27669906616
4.98550009727		2.65727710724
4.98924303055		2.76891326904
4.99299621582		2.38326072693
4.99674701691		2.28684806824
