0.000126838684082		1.74896335602
0.00388979911804		3.41843414307
0.00652480125427		1.55106258392
0.0091438293457		3.25097942352
0.0117628574371		2.19043445587
0.0143909454346		2.31221961975
0.0170168876648		3.22053337097
0.019642829895		1.58658313751
0.0222640037537		3.44888019562
0.0248928070068		1.8707485199
0.0275208950043		2.67757511139
0.0301439762115		2.91607093811
0.0327658653259		1.73881530762
0.0353939533234		3.50977325439
0.0380198955536		1.64747619629
0.0406439304352		3.00233459473
0.0432670116425		2.52026939392
0.0458958148956		2.09909534454
0.0486500263214		3.35246753693
0.0512709617615		1.54598808289
0.0539338588715		3.3727645874
0.0565187931061		2.04835224152
0.0591490268707		2.46952533722
0.0617699623108		3.10382270813
0.064395904541		1.63225269318
0.0670328140259		3.49454975128
0.0696578025818		1.75911235809
0.0722789764404		2.82980632782
0.0749039649963		2.74354171753
0.0775330066681		1.85045146942
0.0801558494568		3.48440074921
0.0827798843384		1.59165763855
0.0854058265686		3.13426876068
0.0880329608917		2.35281467438
0.0906579494476		2.15998840332
0.0932819843292		3.32709503174
0.0959088802338		1.55613708496
0.0985338687897		3.37783908844
0.101156949997		2.00775718689
0.103784799576		2.52026939392
0.106415987015		3.0632276535
0.109032869339		1.65762519836
0.111658811569		3.49454975128
0.114283800125		1.73374080658
0.116917848587		2.87040138245
0.119536876678		2.69787216187
0.122159957886		1.88089752197
0.124790906906		3.47425174713
0.127412796021		1.57643508911
0.130038976669		3.16471481323
0.132663011551		2.30714511871
0.135294914246		2.20565795898
0.137915849686		3.30172348022
0.140537023544		1.561211586
0.143163919449		3.39813613892
0.14578795433		1.96716213226
0.148417949677		2.56593894958
0.151038885117		3.02770709991
0.153668880463		1.67792224884
0.156297922134		3.49962425232
0.158914804459		1.70836830139
0.16153883934		2.90592193604
0.164165973663		2.6522026062
0.166829824448		1.94686412811
0.169414997101		3.45902919769
0.17204284668		1.56628608704
0.174665927887		3.19516181946
0.177292823792		2.27162456512
0.179915904999		2.24117851257
0.182542800903		3.28142547607
0.185167789459		1.561211586
0.187795877457		3.41843414307
0.190418958664		1.93164157867
0.193048000336		2.60653305054
0.195668935776		2.99218654633
0.198294878006		1.70329380035
0.200918912888		3.50469875336
0.203545808792		1.68299674988
0.206176996231		2.94144248962
0.208796024323		2.61160755157
0.211422920227		1.95193862915
0.214046955109		3.44888019562
0.216719865799		1.55106258392
0.219298839569		3.22053337097
0.221921920776		2.2310295105
0.224545955658		2.27669906616
0.227175951004		3.24590492249
0.229798793793		1.57136058807
0.232424020767		3.43873119354
0.235049962997		1.89612102509
0.237679004669		2.63698005676
0.240299940109		2.9515914917
0.242925882339		1.71851730347
0.245548963547		3.50977325439
0.248181819916		1.66269874573
0.250801801682		2.98203754425
0.253426790237		2.55578994751
0.256057024002		1.98745918274
0.258678913116		3.42858314514
0.261303901672		1.55106258392
0.263933897018		3.25605392456
0.266561985016		2.1802854538
0.269177913666		2.31221961975
0.271806001663		3.21545886993
0.274428844452		1.58150959015
0.277056932449		3.44888019562
0.27968287468		1.86567401886
0.282305955887		2.68264961243
0.284929990768		2.91099643707
0.287558794022		1.74388885498
0.290180921555		3.50469875336
0.292806863785		1.64747619629
0.295432806015		3.0124835968
0.298064947128		2.50504589081
0.300683021545		2.02297973633
0.303308963776		3.41335964203
0.305933952332		1.54598808289
0.308560848236		3.28142547607
0.311185836792		2.14476490021
0.313808917999		2.35281467438
0.316442012787		3.19008731842
0.319061994553		1.59673213959
0.321684837341		3.46410369873
0.324313879013		1.83522796631
0.32694196701		2.72324466705
0.329561948776		2.86025238037
0.332186937332		1.77940940857
0.334818840027		3.50469875336
0.337440013885		1.63225269318
0.340061903		3.03785610199
0.34268784523		2.46952533722
0.345312833786		2.05850028992
0.347940921783		3.38798809052
0.350564002991		1.54598808289
0.353190898895		3.3118724823
0.355813980103		2.02805423737
0.358572006226		2.52534389496
0.361190795898		3.05815315247
0.363816976547		1.65762519836
0.366451025009		3.49962425232
0.369067907333		1.73374080658
0.371691942215		2.87547588348
0.37431883812		2.68772315979
0.376950979233		1.88597202301
0.379587888718		3.46917819977
0.38219499588		1.57643508911
0.384818792343		3.16978931427
0.387445926666		2.30714511871
0.390070915222		2.20565795898
0.392696857452		3.30172348022
0.395318984985		1.55613708496
0.397948026657		3.40321063995
0.400570869446		1.96716213226
0.403194904327		2.56086444855
0.405821800232		2.99218654633
0.408447980881		1.67792224884
0.411069869995		3.50469875336
0.413695812225		1.70836830139
0.416328907013		2.91099643707
0.418948888779		2.64712810516
0.421571016312		1.91134357452
0.424197912216		3.45902919769
0.426832914352		1.56628608704
0.429448843002		3.19516181946
0.432075023651		2.26655006409
0.434701919556		2.24625301361
0.43732881546		3.27635097504
0.439957857132		1.561211586
0.442575931549		3.4235086441
0.445201873779		1.92656707764
0.4478328228		2.61160755157
0.450451850891		2.98711204529
0.453078985214		1.69822025299
0.455710887909		3.49962425232
0.458333969116		1.67792224884
0.460963010788		2.9515914917
0.463581800461		2.60145950317
0.466211795807		1.96716213226
0.468830823898		3.44380569458
0.471455812454		1.55613708496
0.474082946777		3.22560787201
0.476750850677		2.1802854538
0.479333877563		2.2817735672
0.481956005096		3.25097942352
0.484582901001		1.57643508911
0.487208843231		3.43873119354
0.489832878113		1.89104652405
0.492456912994		2.6420545578
0.495082855225		2.94651699066
0.497712850571		1.7235918045
0.500334978104		3.50469875336
0.502960920334		1.66269874573
0.505584001541		2.98203754425
0.508210897446		2.55071544647
0.510834932327		1.98745918274
0.513461828232		3.4336566925
0.516093969345		1.55106258392
0.518711805344		3.25605392456
0.521338939667		2.1802854538
0.523962020874		2.32236862183
0.526595830917		3.2103843689
0.529211997986		1.58658313751
0.531839847565		3.45395469666
0.534462928772		1.86059951782
0.537091016769		2.68264961243
0.539712905884		2.900847435
0.542356014252		1.75403785706
0.544964790344		3.50469875336
0.547590970993		1.64747619629
0.550215005875		3.01755809784
0.552840948105		2.51519489288
0.555464982986		2.02297973633
0.558094978333		3.40828514099
0.560716867447		1.54598808289
0.563341856003		3.28649997711
0.565967798233		2.05850028992
0.568720817566		2.48474884033
0.571345806122		3.09367370605
0.573969841003		1.64240169525
0.576602935791		3.49454975128
0.579219818115		1.75403785706
0.581844806671		2.8399553299
0.584469795227		2.73846721649
0.58709692955		1.85552597046
0.589720964432		3.47932624817
0.592344999313		1.58658313751
0.594970941544		3.13934326172
0.597597837448		2.3426656723
0.600224018097		2.1701374054
0.602845907211		3.32709503174
0.605472803116		1.55106258392
0.608099937439		3.38291358948
0.610723972321		1.99253368378
0.613348960876		2.52534389496
0.615978956223		3.00740909576
0.618603944778		1.66269874573
0.621227025986		3.49962425232
0.62385892868		1.7235918045
0.626484870911		2.88562393188
0.629101991653		2.68264961243
0.631731987		1.89104652405
0.634349822998		3.46917819977
0.63697886467		1.57643508911
0.63959980011		3.16471481323
0.642228841782		2.29699611664
0.644853830338		2.20058345795
0.647486925125		3.29157447815
0.650103807449		1.55613708496
0.652727842331		3.40321063995
0.655356884003		1.96208763123
0.657985925674		2.57608699799
0.660606861115		3.01755809784
0.663233995438		1.67792224884
0.665854930878		3.50977325439
0.668483972549		1.70329380035
0.671106815338		2.91099643707
0.673731803894		2.63698005676
0.676363945007		1.92656707764
0.678982973099		3.45902919769
0.68160700798		1.56628608704
0.684235811234		3.20530986786
0.686864852905		2.25640106201
0.689482927322		2.24625301361
0.692108869553		3.27635097504
0.694734811783		1.56628608704
0.697359800339		3.41843414307
0.699985980988		1.9214925766
0.702610969543		2.61160755157
0.70524096489		2.97696304321
0.70786190033		1.71344280243
0.71048784256		3.50469875336
0.713111877441		1.68299674988
0.715736865997		2.9515914917
0.718361854553		2.59638500214
0.720986843109		1.95193862915
0.723611831665		3.44380569458
0.726244926453		1.55613708496
0.728863954544		3.23068237305
0.731489896774		2.22088050842
0.734113931656		2.28684806824
0.73678278923		3.2103843689
0.739365816116		1.57136058807
0.741992950439		3.44380569458
0.744615793228		1.89612102509
0.747243881226		2.64712810516
0.749866962433		2.93636798859
0.752490997314		1.7235918045
0.755116939545		3.50469875336
0.757744789124		1.65762519836
0.760368824005		2.98711204529
0.762993812561		2.55071544647
0.765615940094		1.98745918274
0.768248796463		3.4235086441
0.770869016647		1.55106258392
0.773494005203		3.2611284256
0.776126861572		2.1701374054
0.778744935989		2.32236862183
0.78137087822		3.21545886993
0.78399682045		1.58150959015
0.786633968353		3.45902919769
0.789246797562		1.85552597046
0.79187297821		2.68772315979
0.794495820999		2.90592193604
0.797122955322		1.74896335602
0.799746990204		3.50469875336
0.802371025085		1.64240169525
0.80499792099		3.0124835968
0.807626962662		2.49997138977
0.81024980545		2.02805423737
0.812872886658		3.40828514099
0.815500974655		1.54598808289
0.81812787056		3.29157447815
0.820749998093		2.13461589813
0.823376893997		2.36803817749
0.826000928879		3.14949226379
0.828626871109		1.59673213959
0.831251859665		3.46410369873
0.833876848221		1.83522796631
0.836511850357		2.73846721649
0.839126825333		2.85517787933
0.841755867004		1.77433586121
0.844378948212		3.49962425232
0.847005844116		1.6221036911
0.849629878998		3.05815315247
0.852255821228		2.45937633514
0.854880809784		2.06357479095
0.857511997223		3.38291358948
0.860131978989		1.54091453552
0.862756967545		3.31694602966
0.8653819561		2.09909534454
0.868014812469		2.42385578156
0.870634794235		3.14949226379
0.873257875443		1.6119556427
0.875882863998		3.48947525024
0.878509998322		1.79970741272
0.881134986877		2.76891326904
0.883757829666		2.81458282471
0.886391878128		1.80985641479
0.889010906219		3.49454975128
0.891634941101		1.60688114166
0.894259929657		3.08352470398
0.896886825562		2.41370677948
0.899508953094		2.09909534454
0.902138948441		3.36769008636
0.904761791229		1.54598808289
0.907388925552		3.34231853485
0.91001200676		2.06357479095
0.912638902664		2.44922733307
0.915261983871		3.11397171021
0.917888879776		1.62717819214
0.920512914658		3.49454975128
0.923141002655		1.76926136017
0.925762891769		2.80950832367
0.928388834		2.76891326904
0.931016921997		1.83522796631
0.933646917343		3.48440074921
0.936272859573		1.59673213959
0.938891887665		3.11904525757
0.941514968872		2.37818622589
0.944140911102		2.13461589813
0.946851015091		3.28142547607
0.949523925781		1.56628608704
0.952142953873		3.4235086441
0.954767942429		1.9214925766
0.9573969841		2.61160755157
0.96001791954		2.97696304321
0.962642908096		1.70329380035
0.965267896652		3.50469875336
0.967897891998		1.67792224884
0.970520019531		2.9515914917
0.973143815994		2.5913105011
0.975769996643		1.95701313019
0.978394985199		3.43873119354
0.981019973755		1.55613708496
0.983646869659		3.23068237305
0.986279010773		2.20565795898
0.988897800446		2.2919216156
0.991521835327		3.24590492249
0.994146823883		1.57643508911
0.996810913086		3.45395469666
0.999398946762		1.88597202301
1.00202393532		2.64712810516
1.00464892387		2.93636798859
1.0072748661		1.72866630554
1.00989794731		3.50469875336
1.01252388954		1.65762519836
1.01515102386		2.98711204529
1.01777887344		2.53549194336
1.02040290833		1.99253368378
1.02302694321		3.4235086441
1.02565479279		1.55106258392
1.02827882767		3.26620292664
1.03090691566		2.17521095276
1.0335278511		2.33251667023
1.03615784645		3.20023536682
1.03877687454		1.58150959015
1.04140281677		3.45395469666
1.04402780533		1.86059951782
1.04673790932		2.77398777008
1.04940485954		2.77398777008
1.0520298481		1.83015346527
1.05465483665		3.48947525024
1.05728387833		1.59165763855
1.05990481377		3.11397171021
1.06253099442		2.37818622589
1.06515693665		2.15491390228
1.06779098511		3.34231853485
1.07040786743		1.54091453552
1.07303285599		3.36261558533
1.07565689087		2.02805423737
1.07828688622		2.49997138977
1.08090996742		3.08352470398
1.08353590965		1.64747619629
1.086165905		3.49454975128
1.08878588676		1.74896335602
1.09140992165		2.8399553299
1.09403800964		2.72324466705
1.09669780731		1.88597202301
1.09928584099		3.47932624817
1.10191202164		1.58150959015
1.1045358181		3.14441776276
1.10716295242		2.33251667023
1.10978794098		2.1701374054
1.11241793633		3.31694602966
1.11503982544		1.55106258392
1.11766600609		3.39306259155
1.1202878952		1.98745918274
1.12291693687		2.53549194336
1.12554001808		3.05307865143
1.12816786766		1.66269874573
1.13078999519		3.49962425232
1.13341379166		1.7235918045
1.13608384132		2.92114448547
1.13867092133		2.67250061035
1.14129281044		1.89104652405
1.143917799		3.46410369873
1.14654493332		1.57136058807
1.14916992188		3.17993831635
1.15179395676		2.29699611664
1.15441894531		2.21580600739
1.15704584122		3.29157447815
1.15966796875		1.55613708496
1.16229391098		3.40321063995
1.16491985321		1.95193862915
1.16754698753		2.58116149902
1.17017102242		3.01755809784
1.17279601097		1.67792224884
1.17542099953		3.49962425232
1.17804789543		1.69822025299
1.18067193031		2.92114448547
1.18329882622		2.62683105469
1.18592381477		1.96716213226
1.18854784966		3.45902919769
1.19117379189		1.561211586
1.19380402565		3.20530986786
1.1964328289		2.24117851257
1.19904899597		2.25640106201
1.20167398453		3.26620292664
1.20429897308		1.561211586
1.20693182945		3.42858314514
1.20955085754		1.91641807556
1.21217393875		2.61160755157
1.21480202675		2.9617395401
1.21743679047		1.71344280243
1.22005200386		3.50977325439
1.22267484665		1.67792224884
1.22530198097		2.95666599274
1.22792887688		2.58116149902
1.23055386543		1.96208763123
1.23317885399		3.43873119354
1.23580384254		1.55613708496
1.23843002319		3.23575687408
1.24105381966		2.21073246002
1.24368000031		2.29699611664
1.246311903		3.23068237305
1.24893188477		1.57643508911
1.25155591965		3.44380569458
1.25417995453		1.88597202301
1.25682687759		2.67757511139
1.25943493843		2.93636798859
1.26205801964		1.72866630554
1.26468086243		3.50469875336
1.26731085777		1.65255069733
1.26993489265		2.99218654633
1.27255797386		2.5405664444
1.27518892288		2.00775718689
1.277810812		3.42858314514
1.28043699265		1.55106258392
1.28305792809		3.26620292664
1.28568482399		2.1701374054
1.28831386566		2.33759117126
1.29093599319		3.2103843689
1.29356193542		1.58658313751
1.29619193077		3.45902919769
1.29881095886		1.85552597046
1.30143499374		2.69787216187
1.30406594276		2.88562393188
1.30673098564		1.77433586121
1.3093149662		3.50469875336
1.31193995476		1.64240169525
1.31456589699		3.02770709991
1.31719183922		2.4898223877
1.31981992722		2.0331287384
1.32244086266		3.40321063995
1.32506394386		1.54598808289
1.32769298553		3.29664897919
1.33031582832		2.12954235077
1.33294081688		2.37818622589
1.3355679512		3.17993831635
1.33819580078		1.59673213959
1.34081697464		3.47425174713
1.34344100952		1.8200044632
1.34607386589		2.74861621857
1.34869289398		2.84502887726
1.35131788254		1.77940940857
1.35394287109		3.49962425232
1.35658192635		1.61703014374
1.35919499397		3.0632276535
1.36181998253		2.45430183411
1.36444497108		2.07372379303
1.36707282066		3.38291358948
1.36969685555		1.54598808289
1.37232089043		3.31694602966
1.37494683266		2.08894729614
1.37757396698		2.41878128052
1.38019585609		3.14441776276
1.38282299042		1.61703014374
1.38545489311		3.48440074921
1.3880739212		1.78955841064
1.39069700241		2.77906227112
1.39332580566		2.80443382263
1.39594984055		1.88089752197
1.39870381355		3.46410369873
1.40132689476		1.57643508911
1.40395188332		3.17993831635
1.40658402443		2.2817735672
1.40920186043		2.21580600739
1.41182994843		3.28649997711
1.41445398331		1.55613708496
1.41707992554		3.40828514099
1.41970086098		1.95193862915
1.42232894897		2.57608699799
1.42495393753		3.00740909576
1.42757987976		1.68299674988
1.43020296097		3.50469875336
1.4328289032		1.69822025299
1.43545484543		2.92621898651
1.43808889389		2.61668205261
1.44070601463		1.93164157867
1.4433298111		3.45395469666
1.44595599174		1.55106258392
1.44858598709		3.2103843689
1.45120882988		2.25132751465
1.45383286476		2.26147556305
1.45645880699		3.26620292664
1.45908498764		1.56628608704
1.46170902252		3.4235086441
1.46433591843		1.91641807556
1.46696090698		2.62175655365
1.46958494186		2.97188854218
1.47220802307		1.70836830139
1.47483587265		3.50469875336
1.47746801376		1.6728477478
1.48009085655		2.9617395401
1.48271083832		2.58116149902
1.48533582687		1.96716213226
1.48796582222		3.43873119354
1.49058580399		1.55613708496
1.49321389198		3.24083042145
1.49584388733		2.15998840332
1.49846482277		2.30207061768
1.50108981133		3.23575687408
1.50371479988		1.58150959015
1.50634789467		3.44888019562
1.50896382332		1.88597202301
1.5115878582		2.65727710724
1.51421284676		2.93129348755
1.51684784889		1.73374080658
1.51946997643		3.50977325439
1.52208995819		1.65762519836
1.52471590042		2.99726104736
1.52734398842		2.53549194336
1.52996587753		1.99760818481
1.53259181976		3.4235086441
1.53521680832		1.54598808289
1.53784489632		3.27127742767
1.54046702385		2.16506290436
1.54309487343		2.3426656723
1.54571890831		3.2103843689
1.54833698273		1.58658313751
1.55095982552		3.45395469666
1.55358600616		1.85045146942
1.55621695518		2.69787216187
1.55884790421		2.88055038452
1.56146979332		1.74896335602
1.56409692764		3.49962425232
1.56676197052		1.61703014374
1.56934499741		3.02770709991
1.57197093964		2.46445083618
1.57460999489		2.04835224152
1.5772228241		3.40321063995
1.57984900475		1.54598808289
1.58247089386		3.29664897919
1.58509778976		2.12446784973
1.58772492409		2.37818622589
1.59034800529		3.16978931427
1.59297299385		1.60180664062
1.59559798241		3.47425174713
1.59822487831		1.8200044632
1.60085391998		2.74354171753
1.60347485542		2.8399553299
1.60610699654		1.78448390961
1.60872602463		3.49454975128
1.61135196686		1.6221036911
1.61397600174		3.0632276535
1.61660480499		2.44415378571
1.61922693253		2.06864929199
1.62185192108		3.38798809052
1.62447881699		1.54598808289
1.62710595131		3.3220205307
1.62972784042		2.08894729614
1.63235282898		2.42385578156
1.63497900963		3.14949226379
1.63760685921		1.6119556427
1.64022994041		3.47932624817
1.64285492897		1.78448390961
1.64547896385		2.77906227112
1.64810991287		2.78413677216
1.65073084831		1.81493091583
1.65335488319		3.48947525024
1.65598487854		1.59165763855
1.65860795975		3.09367370605
1.6612329483		2.40863323212
1.66385793686		2.10924434662
1.66648983955		3.36261558533
1.66911101341		1.54598808289
1.67173290253		3.34231853485
1.67435884476		2.04835224152
1.67698597908		2.46445083618
1.67961096764		3.10889720917
1.68224096298		1.63732719421
1.68486094475		3.49454975128
1.6874859333		1.75911235809
1.69011092186		2.81965732574
1.69273591042		2.74861621857
1.6953599453		1.84030246735
1.69798779488		3.48947525024
1.70061182976		1.59165763855
1.70323896408		3.12919425964
1.70586299896		2.32236862183
1.70849084854		2.14476490021
1.7111120224		3.33216953278
1.71373796463		1.54091453552
1.71637296677		3.3727645874
1.71898794174		2.01790523529
1.72161579132		2.50504589081
1.7242410183		3.07337665558
1.72687292099		1.64747619629
1.72948884964		3.49454975128
1.73211598396		1.73374080658
1.73474192619		2.86532688141
1.73736786842		2.70802116394
1.73999190331		1.8707485199
1.74261784554		3.47425174713
1.74524283409		1.57136058807
1.74786996841		3.15456676483
1.7504940033		2.32236862183
1.75311994553		2.19550895691
1.75574398041		3.3118724823
1.75836992264		1.55613708496
1.76099395752		3.39306259155
1.76362586021		1.9722366333
1.76625299454		2.55071544647
1.76886987686		3.04292964935
1.77149701118		1.6728477478
1.77412199974		3.49454975128
1.77683901787		1.66269874573
1.77949690819		2.99726104736
1.78212285042		2.53041744232
1.78474879265		2.01283168793
1.78739690781		3.41335964203
1.78999900818		1.54598808289
1.79262590408		3.28142547607
1.79524898529		2.15998840332
1.79787492752		2.3426656723
1.80050086975		3.20530986786
1.80312585831		1.58658313751
1.80575084686		3.45902919769
1.80837583542		1.85045146942
1.81100296974		2.7029466629
1.81362485886		2.88055038452
1.81625986099		1.76418685913
1.81887793541		3.49962425232
1.82150387764		1.63225269318
1.82412695885		3.02770709991
1.82680487633		2.43400478363
1.82937979698		2.03820323944
1.83200383186		3.40321063995
1.83462786674		1.54091453552
1.83725786209		3.30172348022
1.8398809433		2.11939334869
1.84250593185		2.38833522797
1.8451359272		3.16978931427
1.84775686264		1.60180664062
1.85038089752		3.47425174713
1.85300588608		1.81493091583
1.85563087463		2.73846721649
1.8583920002		2.69279766083
1.86100888252		1.8707485199
1.8636329174		3.47932624817
1.86626791954		1.57643508911
1.86888480186		3.15456676483
1.87151098251		2.32236862183
1.8741338253		2.1802854538
1.87679696083		3.29664897919
1.87938499451		1.55106258392
1.88201093674		3.39306259155
1.88463592529		1.9823846817
1.88726401329		2.5405664444
1.88988685608		3.03785610199
1.89250993729		1.66269874573
1.89513587952		3.49962425232
1.89776492119		1.71344280243
1.9003880024		2.89577293396
1.90301084518		2.67250061035
1.90563988686		1.90119457245
1.90826487541		3.46917819977
1.91088986397		1.56628608704
1.91351485252		3.19008731842
1.91614699364		2.27162456512
1.91876482964		2.22595500946
1.92138886452		3.28649997711
1.92401480675		1.55613708496
1.92668581009		3.42858314514
1.9292678833		1.94178962708
1.93189191818		2.58623600006
1.93451690674		3.00740909576
1.93714499474		1.68299674988
1.9397687912		3.50469875336
1.94239401817		1.68807125092
1.9450199604		2.92621898651
1.94764590263		2.61160755157
1.95026898384		1.93671607971
1.9528939724		3.45395469666
1.95551896095		1.55613708496
1.95814681053		3.21545886993
1.96077299118		2.24117851257
1.96339488029		2.26147556305
1.96602082253		3.20530986786
1.9687769413		1.60180664062
1.97139787674		3.46917819977
1.97402191162		1.8200044632
1.97668600082		2.76891326904
1.97927188873		2.84502887726
1.98189902306		1.77940940857
1.98452401161		3.49962425232
1.98715090752		1.6221036911
1.9897749424		3.0632276535
1.9924018383		2.44415378571
1.99502491951		2.06357479095
1.99765181541		3.38291358948
2.00027894974		1.54598808289
2.00290489197		3.32709503174
2.0055270195		2.08894729614
2.00816082954		2.42893028259
2.01077699661		3.13934326172
2.01340198517		1.61703014374
2.01606678963		3.48947525024
2.01865291595		1.79463291168
2.02128195763		2.78413677216
2.02390980721		2.78921127319
2.02653598785		1.82507896423
2.02916288376		3.48440074921
2.0317800045		1.60688114166
2.03440785408		3.09367370605
2.03703284264		2.40355873108
2.03965687752		2.10924434662
2.0422809124		3.36769008636
2.04490494728		1.54598808289
2.0475358963		3.34739303589
2.05015492439		2.04835224152
2.05277991295		2.45937633514
2.05540680885		3.10889720917
2.0581638813		1.73881530762
2.06091094017		3.50469875336
2.06352686882		1.63732719421
2.0661509037		3.02263259888
2.0687789917		2.50504589081
2.07140183449		2.02805423737
2.07402801514		3.40828514099
2.07669591904		1.54598808289
2.0792798996		3.28649997711
2.0819029808		2.13969039917
2.08453083038		2.36803817749
2.08715701103		3.17993831635
2.08978796005		1.60180664062
2.09240698814		3.46917819977
2.09502983093		1.82507896423
2.09766888618		2.74861621857
2.10028791428		2.84502887726
2.10291385651		1.77940940857
2.10553979874		3.50469875336
2.10816788673		1.61703014374
2.11078882217		3.0632276535
2.11341381073		2.44922733307
2.11607384682		2.09909534454
2.11866593361		3.38291358948
2.12129497528		1.54598808289
2.12391781807		3.31694602966
2.12654900551		2.08894729614
2.12916994095		2.42385578156
2.13179183006		3.14949226379
2.13441991806		1.6119556427
2.13704800606		3.47932624817
2.13966798782		1.78955841064
2.14229297638		2.77398777008
2.14491987228		2.80443382263
2.14754796028		1.80985641479
2.15017080307		3.49454975128
2.15279579163		1.60180664062
2.15541982651		3.08859920502
2.15804886818		2.40355873108
2.16067099571		2.11431884766
2.16329693794		3.36769008636
2.16592288017		1.55106258392
2.16854691505		3.34231853485
2.17117881775		2.04327774048
2.17379879951		2.45430183411
2.1764228344		3.10889720917
2.17904901505		1.62717819214
2.18167591095		3.48947525024
2.18429899216		1.76926136017
2.18692994118		2.81965732574
2.18954992294		2.7536907196
2.19217586517		1.84030246735
2.19479990005		3.48947525024
2.19742584229		1.59165763855
2.20005297661		3.12411975861
2.20267701149		2.36296367645
2.20530200005		2.13969039917
2.20792794228		3.33216953278
2.21055388451		1.54598808289
2.21317982674		3.36769008636
2.21580386162		1.9823846817
2.21842885017		2.50504589081
2.22105383873		3.07337665558
2.22367882729		1.64747619629
2.22631192207		3.49454975128
2.22893095016		1.74388885498
2.23155498505		2.8501033783
2.2341799736		2.71817016602
2.23681282997		1.8707485199
2.23943185806		3.47425174713
2.24205589294		1.57643508911
2.24468183517		3.15456676483
2.24730992317		2.31729412079
2.24993181229		2.18535995483
2.25256586075		3.30679798126
2.25518393517		1.54598808289
2.25781798363		3.39813613892
2.2604329586		1.97731018066
2.26305890083		2.5405664444
2.26568698883		3.03785610199
2.26830887794		1.6728477478
2.27093482018		3.50469875336
2.2735619545		1.71344280243
2.27619099617		2.89577293396
2.27881193161		2.66742610931
2.28143692017		1.90119457245
2.2840628624		3.46410369873
2.28673195839		1.55613708496
2.28931283951		3.18501281738
2.29193782806		2.2817735672
2.29456400871		2.22088050842
2.29719185829		3.28142547607
2.29983782768		1.561211586
2.30243992805		3.41335964203
2.30506587029		1.94178962708
2.30769300461		2.5913105011
2.3103158474		3.00233459473
2.31294178963		1.68807125092
2.31556487083		3.50469875336
2.31819295883		1.69314575195
2.32081794739		2.93636798859
2.32344388962		2.61668205261
2.32607579231		1.94686412811
2.32869291306		3.45395469666
2.33131885529		1.55613708496
2.33394885063		3.21545886993
2.33657598495		2.24117851257
2.33919382095		2.26655006409
2.3418200016		3.2611284256
2.34444499016		1.56628608704
2.34707093239		3.42858314514
2.34969496727		1.90626907349
2.35232281685		2.63190555573
2.35494589806		2.96681404114
2.35757279396		1.70836830139
2.36020278931		3.50469875336
2.3628218174		1.66269874573
2.36544799805		2.96681404114
2.3680768013		2.56593894958
2.37070083618		1.9722366333
2.37332582474		3.4336566925
2.37595391273		1.54598808289
2.37870287895		3.32709503174
2.38132500648		2.08894729614
2.38395190239		2.42385578156
2.38658380508		3.13934326172
2.3892018795		1.61703014374
2.39182400703		3.48440074921
2.39445090294		1.78955841064
2.39707779884		2.78413677216
2.39970302582		2.78921127319
2.40232586861		1.80478191376
2.40495181084		3.49962425232
2.40757894516		1.60180664062
2.41020298004		3.09367370605
2.41282701492		2.40355873108
2.41545891762		2.11939334869
2.41808080673		3.35754108429
2.42070388794		1.54091453552
2.4233288765		3.34739303589
2.42595386505		2.01283168793
2.42857885361		2.46445083618
2.4312069416		3.10889720917
2.43382883072		1.63225269318
2.43646883965		3.49454975128
2.4390809536		1.75911235809
2.4417078495		2.81458282471
2.44433188438		2.74861621857
2.44695997238		1.84537696838
2.4495818615		3.48947525024
2.45220780373		1.58658313751
2.45483279228		3.12411975861
2.45746779442		2.34774017334
2.46008300781		2.14983940125
2.46270990372		3.34231853485
2.46533679962		1.54598808289
2.46796393394		3.3727645874
2.47058391571		2.00775718689
2.47321200371		2.49997138977
2.4758348465		3.04292964935
2.47846889496		1.65762519836
2.4810898304		3.49454975128
2.48371291161		1.73374080658
2.4863448143		2.86532688141
2.48896384239		2.7029466629
2.49158787727		1.86567401886
2.49421596527		3.47425174713
2.49685001373		1.57643508911
2.49946594238		3.15964031219
2.50208997726		2.31729412079
2.50471687317		2.19043445587
2.5073428154		3.30679798126
2.50996780396		1.55106258392
2.51259183884		3.39306259155
2.51521682739		1.9722366333
2.51784300804		2.55071544647
2.5204679966		3.03785610199
2.52309393883		1.6728477478
2.52571892738		3.49962425232
2.52834296227		1.71344280243
2.53096985817		2.89577293396
2.53359293938		2.66742610931
2.53623199463		1.91641807556
2.53884387016		3.46410369873
2.54147100449		1.56628608704
2.54409599304		3.19008731842
2.54680800438		2.19043445587
2.54948997498		2.36803817749
2.55211997032		3.19008731842
2.55472588539		1.59165763855
2.55735397339		3.46410369873
2.55999398232		1.83015346527
2.56259989738		2.70802116394
2.56522583961		2.88055038452
2.56787490845		1.77433586121
2.57047700882		3.50469875336
2.57310581207		1.62717819214
2.57572793961		3.03785610199
2.5783598423		2.47459983826
2.58097791672		2.03820323944
2.58360385895		3.39813613892
2.58623695374		1.54091453552
2.58885478973		3.30172348022
2.59147882462		2.11939334869
2.59410595894		2.38833522797
2.59677600861		3.13426876068
2.59935593605		1.60688114166
2.60198283195		3.47932624817
2.604626894		1.79970741272
2.60723280907		2.76383876801
2.60985779762		2.83488082886
2.6124818325		1.78448390961
2.61510896683		3.49454975128
2.61773681641		1.6119556427
2.62035989761		3.07337665558
2.62298297882		2.42385578156
2.62560987473		2.07879829407
2.62827801704		3.33216953278
2.63099694252		1.55613708496
2.63361287117		3.39306259155
2.63624691963		1.95701313019
2.63885688782		2.5405664444
2.64147996902		3.04292964935
2.64410281181		1.66777324677
2.64685583115		3.50469875336
2.64947986603		1.65255069733
2.65210390091		2.98711204529
2.65472984314		2.5405664444
2.65736985207		2.01283168793
2.65999698639		3.4235086441
2.66261482239		1.54598808289
2.66524100304		3.27127742767
2.66786694527		2.15491390228
2.67048883438		2.33759117126
2.67311382294		3.20023536682
2.67574095726		1.58658313751
2.67836594582		3.45902919769
2.68099379539		1.84537696838
2.68361592293		2.7029466629
2.68624997139		2.87040138245
2.68886780739		1.75911235809
2.69149279594		3.49962425232
2.69411802292		1.63225269318
2.69678902626		3.06830215454
2.6993689537		2.4898223877
2.70199489594		2.03820323944
2.70461893082		3.40321063995
2.70724582672		1.54091453552
2.70986795425		3.29157447815
2.71249580383		2.11939334869
2.71511983871		2.38326072693
2.71774697304		3.16978931427
2.72037196159		1.60180664062
2.72299480438		3.47425174713
2.72562098503		1.81493091583
2.72825098038		2.74861621857
2.73087286949		2.8399553299
2.73349881172		1.78955841064
2.73613286018		3.49962425232
2.73874783516		1.61703014374
2.74138092995		3.06830215454
2.74402189255		2.41878128052
2.74663186073		2.0838727951
2.7492518425		3.38291358948
2.75189185143		1.54091453552
2.75450181961		3.3220205307
2.75712895393		2.07879829407
2.75975084305		2.42385578156
2.7623758316		3.13426876068
2.76500082016		1.6119556427
2.76762795448		3.48440074921
2.77025294304		1.78448390961
2.77287697792		2.77906227112
2.77550387383		2.78921127319
2.77813196182		1.81493091583
2.78075480461		3.48947525024
2.78338098526		1.60180664062
2.78600382805		3.15964031219
2.78875994682		2.27162456512
2.79138183594		2.24117851257
2.79400587082		3.28649997711
2.79663300514		1.55613708496
2.7992579937		3.41843414307
2.80188179016		1.94686412811
2.80450892448		2.58116149902
2.80713701248		2.96681404114
2.8097589016		1.68807125092
2.81238389015		3.50469875336
2.81500792503		1.68299674988
2.81763482094		2.93129348755
2.82025980949		2.62175655365
2.82289195061		1.94178962708
2.82551288605		3.44888019562
2.82813501358		1.55106258392
2.83076095581		3.21545886993
2.83338785172		2.2310295105
2.8360118866		2.30207061768
2.83863592148		3.26620292664
2.84126400948		1.56628608704
2.84388685226		3.42858314514
2.84651899338		1.89612102509
2.84912896156		2.61668205261
2.85175299644		2.97696304321
2.85438084602		1.70329380035
2.85702300072		3.50469875336
2.85963892937		1.66777324677
2.8622648716		2.9617395401
2.86489200592		2.56593894958
2.86751699448		1.9722366333
2.87014198303		3.44380569458
2.87276601791		1.55106258392
2.87539196014		3.24590492249
2.87801790237		2.19043445587
2.88064193726		2.30207061768
2.88326597214		3.22560787201
2.88589191437		1.58658313751
2.88852000237		3.44888019562
2.89114189148		1.87582302094
2.89376688004		2.66742610931
2.89639496803		2.91607093811
2.89902496338		1.73881530762
2.90164494514		3.50977325439
2.90428185463		1.64240169525
2.90690398216		3.00740909576
2.90951895714		2.53041744232
2.91214680672		2.00775718689
2.91476893425		3.4235086441
2.91739797592		1.54598808289
2.92004489899		3.29157447815
2.92264580727		2.15998840332
2.92526984215		2.3426656723
2.92791295052		3.19008731842
2.93052697182		1.59165763855
2.93314790726		3.45902919769
2.93577885628		1.83015346527
2.93846297264		2.77398777008
2.94102597237		2.87040138245
2.94365096092		1.77433586121
2.94629096985		3.50469875336
2.94890189171		1.63225269318
2.95152688026		3.03785610199
2.95415186882		2.47967433929
2.95693087578		2.1802854538
2.95952892303		3.33724403381
2.96215200424		1.54598808289
2.9647769928		3.36769008636
2.96740484238		1.99760818481
2.97002983093		2.50504589081
2.97265386581		3.06830215454
2.97528195381		1.65762519836
2.97790694237		3.49962425232
2.98053002357		1.73881530762
2.98316001892		2.89577293396
2.9857878685		2.69279766083
2.98840594292		1.8707485199
2.99103188515		3.47425174713
2.99365782738		1.57643508911
2.99628901482		3.16471481323
2.99890780449		2.31729412079
3.00153398514		2.19043445587
3.00415992737		3.3118724823
3.00682091713		1.55106258392
3.00940895081		3.39306259155
3.01203298569		1.97731018066
3.01465892792		2.54564094543
3.01728796959		3.03785610199
3.0199098587		1.66777324677
3.02253389359		3.49962425232
3.02516293526		1.70836830139
3.02778887749		2.900847435
3.03041195869		2.66235160828
3.03303694725		1.90626907349
3.03565979004		3.47425174713
3.03828883171		1.561211586
3.04091095924		3.19008731842
3.04353785515		2.27162456512
3.04616999626		2.23610401154
3.04877996445		3.29157447815
3.051404953		1.561211586
3.05402994156		3.40828514099
3.05677580833		1.85045146942
3.05941700935		2.7029466629
3.06203985214		2.88562393188
3.06466579437		1.75403785706
3.06729793549		3.50469875336
3.06991481781		1.63225269318
3.07254385948		3.03278160095
3.07516479492		2.4898223877
3.07779192924		2.03820323944
3.0804169178		3.40828514099
3.08304190636		1.54598808289
3.08566784859		3.29664897919
3.08829498291		2.11939334869
3.09091901779		2.38326072693
3.09354281425		3.16978931427
3.09619498253		1.60688114166
3.09879493713		3.47425174713
3.10141992569		1.8200044632
3.10406494141		2.76383876801
3.10671281815		2.79428577423
3.1092979908		1.78448390961
3.11194300652		3.49454975128
3.11454987526		1.6119556427
3.11717391014		3.06830215454
3.11979699135		2.44415378571
3.12242484093		2.07879829407
3.12504982948		3.38291358948
3.12767386436		1.54091453552
3.13029885292		3.32709503174
3.13292694092		2.07879829407
3.13554883003		2.42893028259
3.1381778717		3.13934326172
3.14079999924		1.61703014374
3.14342594147		3.48947525024
3.1460518837		1.78448390961
3.14868402481		2.79428577423
3.15130281448		2.77398777008
3.15392589569		1.81493091583
3.15656089783		3.49454975128
3.15917801857		1.59165763855
3.16180491447		3.09874820709
3.16442799568		2.39848423004
3.16705489159		2.12954235077
3.16967797279		3.36261558533
3.17230391502		1.54598808289
3.17493081093		3.35246753693
3.17755699158		2.04835224152
3.18017983437		2.46952533722
3.18280482292		3.10889720917
3.18543195724		1.63225269318
3.18805789948		3.49454975128
3.19068193436		1.75911235809
3.19330692291		2.82980632782
3.19593381882		2.70802116394
3.19855880737		1.84537696838
3.20118093491		3.48947525024
3.20380783081		1.59165763855
3.2064409256		3.13426876068
3.20905900002		2.35788917542
3.21168279648		2.14983940125
3.2143099308		3.33724403381
3.21694397926		1.54598808289
3.21955990791		3.3727645874
3.22218489647		2.00775718689
3.2248108387		2.50504589081
3.22743701935		3.07337665558
3.23006796837		1.65255069733
3.23268890381		3.49454975128
3.23531389236		1.72866630554
3.23793888092		2.86532688141
3.24056386948		2.69787216187
3.24318981171		1.88089752197
3.24581480026		3.45395469666
3.24855685234		1.55106258392
3.25118279457		3.24083042145
3.25380682945		2.20565795898
3.2564368248		2.30714511871
3.25906896591		3.21545886993
3.26169085503		1.58150959015
3.26431584358		3.44888019562
3.2669479847		1.8707485199
3.26956796646		2.66742610931
3.27221083641		2.900847435
3.2748169899		1.73374080658
3.2774438858		3.50977325439
3.2800848484		1.64747619629
3.28269290924		3.00233459473
3.28531885147		2.52534389496
3.28796696663		2.02805423737
3.29057002068		3.41843414307
3.29319596291		1.54598808289
3.29581785202		3.31694602966
3.29845094681		2.14983940125
3.3010699749		2.34774017334
3.3036968708		3.19516181946
3.30633091927		1.59165763855
3.30894780159		3.45902919769
3.31157779694		1.83522796631
3.31419897079		2.70802116394
3.31683087349		2.87040138245
3.31945180893		1.77433586121
3.32207298279		3.50469875336
3.32469892502		1.63225269318
3.32732701302		3.05307865143
3.3299498558		2.45937633514
3.33259797096		2.06357479095
3.33519887924		3.38798809052
3.33782792091		1.54091453552
3.3404519558		3.30172348022
3.34307599068		2.10416984558
3.34570097923		2.38833522797
3.34832596779		3.16471481323
3.35095191002		1.60180664062
3.35357689857		3.47932624817
3.35621094704		1.80478191376
3.35882997513		2.7536907196
3.36145401001		2.83488082886
3.36408090591		1.78955841064
3.36680197716		3.48440074921
3.3694589138		1.57643508911
3.37208199501		3.15964031219
3.37470698357		2.31729412079
3.37733387947		2.19043445587
3.37995386124		3.3118724823
3.38258194923		1.55106258392
3.38520789146		3.40321063995
3.38783502579		1.9722366333
3.39045882225		2.55071544647
3.39309191704		3.02770709991
3.39570784569		1.6728477478
3.39833402634		3.50469875336
3.40095996857		1.70836830139
3.4035859108		2.90592193604
3.40621590614		2.6522026062
3.40883398056		1.90626907349
3.41145992279		3.46410369873
3.41408586502		1.561211586
3.4167509079		3.22053337097
3.41933679581		2.27669906616
3.42196202278		2.2310295105
3.42458581924		3.29157447815
3.42721486092		1.561211586
3.42983698845		3.41335964203
3.43246483803		1.93671607971
3.43508887291		2.5913105011
3.43771386147		3.00233459473
3.4403398037		1.69314575195
3.44296693802		3.50977325439
3.44558882713		1.69314575195
3.44822978973		2.9515914917
3.45083284378		2.62175655365
3.45345687866		1.93671607971
3.45612287521		3.43873119354
3.45871782303		1.55613708496
3.46134281158		3.22053337097
3.46398901939		2.21073246002
3.46660089493		2.2817735672
3.46921682358		3.25605392456
3.47184300423		1.57136058807
3.47447299957		3.4336566925
3.47710084915		1.89104652405
3.47971892357		2.63190555573
3.48234391212		2.95666599274
3.48496794701		1.70836830139
3.48759579659		3.50977325439
3.49021887779		1.66269874573
3.49284601212		2.97696304321
3.49547100067		2.55071544647
3.49809885025		1.9722366333
3.50072002411		3.43873119354
3.50334882736		1.54598808289
3.50597190857		3.27635097504
3.50859880447		2.19043445587
3.51122188568		2.34774017334
3.51384902		3.23068237305
3.51647996902		1.57643508911
3.51909995079		3.45395469666
3.52172279358		1.87582302094
3.52435088158		2.67250061035
3.52697587013		2.92114448547
3.52959990501		1.73374080658
3.53222489357		3.50469875336
3.5348508358		1.64747619629
3.53747701645		3.00233459473
3.54010081291		2.52026939392
3.54272699356		2.01283168793
3.54535293579		3.41843414307
3.54797697067		1.54598808289
3.55060482025		3.28142547607
3.55322885513		2.14983940125
3.55586194992		2.43907928467
3.55860900879		3.10382270813
3.56122994423		1.63225269318
3.56385588646		3.49454975128
3.56648993492		1.75403785706
3.56910395622		2.82473182678
3.57173085213		2.74861621857
3.57435894012		1.84537696838
3.57698583603		3.48947525024
3.57960581779		1.58658313751
3.58223080635		3.13426876068
3.58485889435		2.35788917542
3.5874838829		2.15491390228
3.59010601044		3.33724403381
3.59273386002		1.54598808289
3.5953578949		3.37783908844
3.5979847908		2.00775718689
3.60061001778		2.51519489288
3.60323286057		3.07337665558
3.60586094856		1.66777324677
3.60849094391		3.49962425232
3.61111092567		1.73374080658
3.61373591423		2.86532688141
3.61636281013		2.69787216187
3.61898779869		1.87582302094
3.62161183357		3.47425174713
3.62425279617		1.57136058807
3.62686991692		3.16471481323
3.62948799133		2.31221961975
3.63213086128		2.20565795898
3.63473796844		3.3118724823
3.63736701012		1.55106258392
3.64000201225		3.40828514099
3.64260601997		1.97731018066
3.64522981644		2.54564094543
3.64786481857		3.02770709991
3.65048289299		1.66777324677
3.65310883522		3.50469875336
3.6557328701		1.70836830139
3.6583738327		2.91099643707
3.66099500656		2.65727710724
3.66361689568		1.90626907349
3.66625094414		3.46410369873
3.6688709259		1.56628608704
3.67149400711		3.20530986786
3.6741168499		2.27669906616
3.6767809391		2.26655006409
3.67937088013		3.27127742767
3.68199396133		1.55613708496
3.68462085724		3.4235086441
3.68724799156		1.90119457245
3.68987083435		2.5913105011
3.69249486923		3.00233459473
3.69511985779		1.69822025299
3.69774889946		3.50469875336
3.70037698746		1.68807125092
3.70299696922		2.94651699066
3.70562291145		2.61160755157
3.70824885368		1.94178962708
3.71087288857		3.45395469666
3.71350002289		1.55613708496
3.71613192558		3.22560787201
3.71875500679		2.22088050842
3.72137594223		2.27669906616
3.72399783134		3.25605392456
3.72663187981		1.56628608704
3.72924995422		3.43873119354
3.73187398911		1.90119457245
3.73450398445		2.63698005676
3.73712897301		2.95666599274
3.73975086212		1.71344280243
3.74237799644		3.50977325439
3.745002985		1.66269874573
3.74762988091		2.97696304321
3.75025486946		2.56593894958
3.75288081169		1.97731018066
3.7555038929		3.43873119354
3.7581307888		1.55106258392
3.76075482368		3.25605392456
3.76337981224		2.15998840332
3.7660138607		2.41878128052
3.76876091957		3.13426876068
3.77138185501		1.6221036911
3.77400779724		3.48440074921
3.77663087845		1.78448390961
3.77925801277		2.78921127319
3.78188300133		2.78921127319
3.78450894356		1.81493091583
3.78713393211		3.49454975128
3.78975892067		1.60180664062
3.7923848629		3.10382270813
3.79500794411		2.39848423004
3.79763698578		2.11939334869
3.80028295517		3.34739303589
3.80288791656		1.54091453552
3.80550980568		3.35246753693
3.80815386772		2.02297973633
3.81076097488		2.47459983826
3.81338691711		3.10889720917
3.81606793404		1.66269874573
3.81863689423		3.49454975128
3.82126188278		1.75403785706
3.82388687134		2.82473182678
3.8265209198		2.73846721649
3.82913684845		1.84537696838
3.83176398277		3.48947525024
3.83438897133		1.58658313751
3.837018013		3.13426876068
3.83964085579		2.34774017334
3.842263937		2.15491390228
3.84488987923		3.33724403381
3.84751391411		1.54598808289
3.8501329422		3.3727645874
3.85275697708		2.01283168793
3.8553879261		2.52026939392
3.85802578926		3.05307865143
3.86064386368		1.65255069733
3.86326694489		3.50469875336
3.86589384079		1.70836830139
3.86852097511		2.87040138245
3.8711438179		2.68264961243
3.87376999855		1.87582302094
3.87640285492		3.46917819977
3.87902379036		1.57643508911
3.88165092468		3.16978931427
3.88427090645		2.31221961975
3.88690400124		2.20565795898
3.88952088356		3.30679798126
3.89214587212		1.55106258392
3.89477181435		3.39813613892
3.89740085602		1.96208763123
3.90002298355		2.55578994751
3.90264701843		3.03278160095
3.90527391434		1.6728477478
3.90789890289		3.50977325439
3.91052389145		1.70329380035
3.91314888		2.90592193604
3.91577482224		2.6522026062
3.91840100288		1.91641807556
3.92102479935		3.46917819977
3.92364883423		1.561211586
3.92628192902		3.20023536682
3.92890095711		2.26655006409
3.93152785301		2.23610401154
3.93415284157		3.28142547607
3.93681502342		1.57136058807
3.93940496445		3.41335964203
3.94202685356		1.93164157867
3.94465398788		2.59638500214
3.94727993011		2.99218654633
3.94990301132		1.69314575195
3.95252895355		3.50977325439
3.95515489578		1.68299674988
3.95778083801		2.94144248962
3.96040987968		2.60145950317
3.96303582191		1.94686412811
3.96565580368		3.45395469666
3.96828985214		1.55613708496
3.97090792656		3.23068237305
3.97353196144		2.22595500946
3.97618699074		2.30714511871
3.97878193855		3.25605392456
3.98141002655		1.57136058807
3.98404788971		3.44380569458
3.98669600487		1.8707485199
3.98928380013		2.6420545578
3.99190998077		2.9515914917
3.99453496933		1.71344280243
3.99716281891		3.50977325439
3.99978780746		1.65762519836
4.00240898132		2.98203754425
4.00503396988		2.57101249695
4.00766301155		1.9823846817
4.01028800011		3.4336566925
4.01291179657		1.54598808289
4.01553797722		3.25605392456
4.01816391945		2.18535995483
4.02078700066		2.31729412079
4.02341985703		3.20023536682
4.02607393265		1.59165763855
4.02866482735		3.45395469666
4.0312898159		1.84030246735
4.03391385078		2.68264961243
4.03654694557		2.90592193604
4.03916692734		1.75403785706
4.04179000854		3.50469875336
4.04442191124		1.64240169525
4.04703998566		3.0124835968
4.04965901375		2.52534389496
4.05228281021		2.00775718689
4.05490779877		3.41843414307
4.05755186081		1.54091453552
4.06016898155		3.28649997711
4.06279492378		2.14476490021
4.06541991234		2.36296367645
4.06804680824		3.19516181946
4.07066893578		1.59165763855
4.07329487801		3.46917819977
4.07591986656		1.80985641479
4.07854485512		2.72324466705
4.08117198944		2.86532688141
4.083796978		1.76926136017
4.08642983437		3.49962425232
4.08904886246		1.6221036911
4.09167289734		3.04292964935
4.09429693222		2.47459983826
4.09693098068		2.06357479095
4.09954786301		3.39813613892
4.10217285156		1.54091453552
4.10479879379		3.3118724823
4.10742592812		2.10416984558
4.11005187035		2.40355873108
4.11267399788		3.16471481323
4.11529994011		1.60180664062
4.11792588234		3.47932624817
4.12055182457		1.80478191376
4.12317681313		2.75876522064
4.12580800056		2.77398777008
4.12842798233		1.79463291168
4.13105201721		3.50469875336
4.13367700577		1.6119556427
4.13632798195		3.09874820709
4.13892889023		2.42385578156
4.14155292511		2.08894729614
4.14419698715		3.36769008636
4.14680600166		1.54091453552
4.14942979813		3.33724403381
4.15207695961		2.04327774048
4.15468096733		2.43907928467
4.15730690956		3.12919425964
4.15992879868		1.6221036911
4.162555933		3.49454975128
4.16518092155		1.77433586121
4.16780996323		2.80950832367
4.17043185234		2.77906227112
4.17305898666		1.82507896423
4.17568182945		3.49454975128
4.17830896378		1.59165763855
4.18093490601		3.11904525757
4.18355894089		2.36803817749
4.18619084358		2.13969039917
4.18881082535		3.35246753693
4.1914358139		1.54091453552
4.19405984879		3.35754108429
4.1967279911		1.99253368378
4.19931101799		2.51519489288
4.20193600655		3.09874820709
4.20456194878		1.63732719421
4.20719599724		3.50469875336
4.20981383324		1.74896335602
4.21243786812		2.8399553299
4.21506285667		2.72831821442
4.21769189835		1.86059951782
4.22031402588		3.48440074921
4.22293996811		1.58150959015
4.22556400299		3.14441776276
4.22819280624		2.33759117126
4.2308139801		2.1701374054
4.23344302177		3.32709503174
4.23607492447		1.55106258392
4.23869490623		3.38798809052
4.24131798744		1.99253368378
4.243942976		2.52534389496
4.24657392502		3.05307865143
4.24918484688		1.65255069733
4.25180983543		3.50469875336
4.25446295738		1.70836830139
4.25708079338		2.900847435
4.25969696045		2.68264961243
4.26231980324		1.88597202301
4.26494383812		3.47425174713
4.26757287979		1.56628608704
4.27019381523		3.17486381531
4.27281999588		2.29699611664
4.27544498444		2.21073246002
4.27807402611		3.29664897919
4.28069591522		1.55106258392
4.28332185745		3.41843414307
4.28594493866		1.92656707764
4.28857779503		2.57101249695
4.29119801521		3.01755809784
4.29382395744		1.67792224884
4.29645895958		3.50469875336
4.29907393456		1.69822025299
4.30169892311		2.91607093811
4.30432796478		2.63698005676
4.30695796013		1.92656707764
4.30957579613		3.45902919769
4.31222081184		1.55613708496
4.31482696533		3.20530986786
4.31745195389		2.25640106201
4.32009100914		2.26147556305
4.32270288467		3.27635097504
4.32532691956		1.55613708496
4.32795500755		3.42858314514
4.33057785034		1.9214925766
4.3332028389		2.60653305054
4.33582901955		2.94651699066
4.33845496178		1.70329380035
4.34107995033		3.50977325439
4.34370493889		1.68299674988
4.34633779526		2.9617395401
4.348954916		2.59638500214
4.35158085823		1.95701313019
4.35420680046		3.44380569458
4.35683894157		1.54598808289
4.35946393013		3.25605392456
4.36208200455		2.21073246002
4.36470985413		2.2919216156
4.36733484268		3.22560787201
4.3699669838		1.57136058807
4.37258481979		3.44380569458
4.37520980835		1.86567401886
4.37783789635		2.66235160828
4.38046002388		2.94144248962
4.38308382034		1.7235918045
4.38571095467		3.50977325439
4.38833594322		1.65255069733
4.3909599781		2.98711204529
4.39358592033		2.54564094543
4.39621186256		1.99253368378
4.39883780479		3.4336566925
4.40146183968		1.54598808289
4.40408802032		3.2611284256
4.40675187111		2.13969039917
4.40933990479		2.33251667023
4.41196298599		3.22053337097
4.41459083557		1.58150959015
4.41721701622		3.46410369873
4.41983985901		1.85552597046
4.42246294022		2.69279766083
4.42509198189		2.89577293396
4.42771601677		1.74896335602
4.43033981323		3.50977325439
4.43296694756		1.63732719421
4.43559098244		3.02263259888
4.43821692467		2.50504589081
4.44084382057		2.02805423737
4.4434709549		3.41335964203
4.44610190392		1.54091453552
4.44870996475		3.28649997711
4.45134091377		2.13969039917
4.4539577961		2.35788917542
4.45659089088		3.17993831635
4.45922279358		1.59673213959
4.46184492111		3.47425174713
4.46447181702		1.82507896423
4.46709799767		2.73339271545
4.46972084045		2.85517787933
4.47236180305		1.78448390961
4.47497701645		3.50469875336
4.47760391235		1.6119556427
4.48023796082		3.07337665558
4.48284697533		2.45937633514
4.48547291756		2.06357479095
4.4881207943		3.37783908844
4.49072384834		1.54091453552
4.49334979057		3.31694602966
4.49597287178		2.05850028992
4.4986000061		2.41370677948
4.50122380257		3.15456676483
4.50385093689		1.60688114166
4.50648379326		3.48440074921
4.50910186768		1.79463291168
4.51172590256		2.76891326904
4.51435184479		2.80950832367
4.51697897911		1.80478191376
4.5196018219		3.49962425232
4.52222585678		1.60688114166
4.52485394478		3.08859920502
4.52747893333		2.39848423004
4.53010392189		2.09909534454
4.53273391724		3.36769008636
4.53535580635		1.54091453552
4.53797984123		3.34231853485
4.54060697556		2.05342674255
4.54322981834		2.46445083618
4.5458548069		3.04292964935
4.548609972		1.67792224884
4.55123090744		3.50977325439
4.553855896		1.69822025299
4.55648899078		2.92621898651
4.55910801888		2.63698005676
4.56173181534		1.91641807556
4.56435799599		3.46410369873
4.56698393822		1.55613708496
4.56960988045		3.2103843689
4.57223296165		2.25640106201
4.57485890388		2.25132751465
4.57748579979		3.27127742767
4.58011102676		1.561211586
4.58273482323		3.4235086441
4.58536100388		1.91134357452
4.58798980713		2.62175655365
4.59061193466		2.98203754425
4.59323883057		1.70329380035
4.59586000443		3.50977325439
4.59848594666		1.6728477478
4.60111188889		2.95666599274
4.60373687744		2.5913105011
4.6063709259		1.96208763123
4.60898780823		3.44888019562
4.61161398888		1.55106258392
4.6142449379		3.23575687408
4.61687397957		2.20565795898
4.61948990822		2.28684806824
4.62211680412		3.24083042145
4.62474179268		1.57136058807
4.62736582756		3.44888019562
4.62999081612		1.88597202301
4.63261795044		2.65727710724
4.63523983955		2.93636798859
4.63786697388		1.7235918045
4.64048480988		3.50977325439
4.64310693741		1.65762519836
4.64573502541		2.98711204529
4.64838480949		2.52026939392
4.65098690987		1.98745918274
4.65361189842		3.4336566925
4.65626001358		1.54598808289
4.65887284279		3.27127742767
4.66149687767		2.17521095276
4.66414189339		2.35788917542
4.66678500175		3.18501281738
4.66937088966		1.58150959015
4.67199492455		3.45902919769
4.67462182045		1.84537696838
4.67724990845		2.69787216187
4.67987298965		2.89577293396
4.68249988556		1.75403785706
4.68512296677		3.50977325439
4.68774986267		1.63225269318
4.69037294388		3.02770709991
4.69300079346		2.49489688873
4.6956319809		2.05342674255
4.69824981689		3.41335964203
4.70087385178		1.54091453552
4.70350289345		3.30679798126
4.70613384247		2.11939334869
4.70875191689		2.36803817749
4.71137690544		3.15964031219
4.71400284767		1.59673213959
4.71663594246		3.47932624817
4.71925282478		1.81493091583
4.72187590599		2.73339271545
4.7245028019		2.8501033783
4.72712993622		1.77433586121
4.7297539711		3.50469875336
4.73237895966		1.61703014374
4.73500585556		3.0632276535
4.73763084412		2.44922733307
4.74025583267		2.06864929199
4.74288201332		3.38798809052
4.74550580978		1.53584003448
4.74813199043		3.3220205307
4.75075697899		2.09402179718
4.75338196754		2.41878128052
4.75600481033		3.07845020294
4.75876092911		1.66269874573
4.76138281822		3.50469875336
4.76400780678		1.71851730347
4.76663279533		2.88562393188
4.76925992966		2.67757511139
4.77188301086		1.88597202301
4.77450895309		3.47425174713
4.77714395523		1.561211586
4.77975988388		3.17993831635
4.78238582611		2.28684806824
4.78501081467		2.22088050842
4.78763985634		3.30172348022
4.79026293755		1.55613708496
4.7928879261		3.40828514099
4.79551386833		1.93164157867
4.79813885689		2.57608699799
4.80076289177		2.98711204529
4.80340600014		1.68807125092
4.80601596832		3.50977325439
4.80864191055		1.69314575195
4.81126594543		2.92114448547
4.81388902664		2.63698005676
4.81652498245		1.93164157867
4.8191409111		3.46410369873
4.82176589966		1.55613708496
4.8244099617		3.22560787201
4.82701897621		2.24625301361
4.829641819		2.25640106201
4.83228683472		3.25605392456
4.8348929882		1.561211586
4.83751893044		3.4336566925
4.84016394615		1.89612102509
4.84276986122		2.62175655365
4.84539294243		2.97188854218
4.84801602364		1.70329380035
4.8506360054		3.50977325439
4.85326194763		1.6728477478
4.85588693619		3.04800415039
4.85865592957		2.44415378571
4.86127400398		2.06357479095
4.8638958931		3.38798809052
4.86653184891		1.53584003448
4.86914682388		3.31694602966
4.87177300453		2.09909534454
4.87439894676		2.41370677948
4.87702298164		3.15964031219
4.87964987755		1.60688114166
4.8822748661		3.48440074921
4.88489794731		1.78955841064
4.88753199577		2.80950832367
4.89015293121		2.80950832367
4.89277386665		1.79970741272
4.89539980888		3.49454975128
4.89802694321		1.60180664062
4.90065193176		3.08859920502
4.90327596664		2.39848423004
4.90590190887		2.13461589813
4.90852880478		3.3727645874
4.91115283966		1.54598808289
4.91377687454		3.34231853485
4.91640996933		2.05342674255
4.91902685165		2.44922733307
4.92165398598		3.11904525757
4.92427897453		1.6221036911
4.9269118309		3.49454975128
4.92952895164		1.76418685913
4.93215489388		2.81458282471
4.93477988243		2.76383876801
4.93740701675		1.83522796631
4.94003796577		3.48947525024
4.94265580177		1.59165763855
4.94528198242		3.12919425964
4.94791197777		2.37311172485
4.95053482056		2.13969039917
4.95315790176		3.34231853485
4.95578289032		1.54091453552
4.95841097832		3.3727645874
4.9610350132		2.01790523529
4.96365785599		2.49489688873
4.9662938118		3.07845020294
4.96891093254		1.64747619629
4.97153496742		3.49962425232
4.9741590023		1.73881530762
4.97682285309		2.88562393188
4.97941398621		2.71309566498
4.98203682899		1.86567401886
4.98466396332		3.47932624817
4.98728990555		1.57136058807
4.98991298676		3.15456676483
4.99253702164		2.32744312286
4.99516391754		2.1802854538
4.99779081345		3.32709503174
