0.000126123428345		2.41370677948
0.010468006134		1.60688114166
0.0207090377808		3.9309463501
0.0309591293335		0.784832000732
0.0412061214447		3.93602085114
0.0514559745789		1.62717819214
0.0617091655731		2.73846721649
0.071958065033		3.41335964203
0.0822160243988		1.09944343567
0.0924611091614		4.01213645935
0.102717161179		0.891393661499
0.112968206406		3.66707897186
0.123219013214		2.30207061768
0.133465051651		2.05342674255
0.143720149994		3.79393768311
0.153974056244		0.840649604797
0.164221048355		3.99691295624
0.174472093582		1.23137664795
0.184720039368		3.20023536682
0.194977045059		2.98711204529
0.205254077911		1.45464992523
0.215474128723		3.96139240265
0.225731134415		0.794981002808
0.235980987549		3.88527679443
0.246229171753		1.79463291168
0.256482124329		2.57608699799
0.26673412323		3.52499580383
0.276982069016		1.00810432434
0.287235021591		4.01721096039
0.297485113144		0.957360267639
0.307735204697		3.5706653595
0.317994117737		2.46952533722
0.328242063522		1.89612102509
0.338495016098		3.84975624084
0.348743200302		0.810203552246
0.358994007111		3.99691295624
0.369250059128		1.35316181183
0.379549026489		3.08352470398
0.38974905014		3.13426876068
0.400002002716		1.31764125824
0.410251140594		3.98676395416
0.42050409317		0.815278053284
0.430755138397		3.82945823669
0.441004991531		1.91641807556
0.4512591362		2.41370677948
0.46151804924		3.62648391724
0.471765041351		0.947212219238
0.482020139694		4.01721096039
0.492264032364		1.03855037689
0.502520084381		3.45902919769
0.512768983841		2.6420545578
0.5230281353		1.74896335602
0.533267974854		3.89542579651
0.543524980545		0.794981002808
0.553771018982		3.97154140472
0.564021110535		1.48509597778
0.574273109436		2.91099643707
0.584523200989		3.28142547607
0.594782114029		1.20600509644
0.605031013489		3.99691295624
0.615277051926		0.845724105835
0.625533103943		3.75334262848
0.635786056519		2.11431884766
0.646032094955		2.23610401154
0.656284093857		3.71274757385
0.666535139084		0.886319160461
0.676784038544		4.00198745728
0.687036991119		1.12481498718
0.697288990021		3.33724403381
0.707544088364		2.80950832367
0.717791080475		1.58658313751
0.728042125702		3.9309463501
0.738293170929		0.78990650177
0.748547077179		3.93602085114
0.758797168732		1.62717819214
0.769047021866		2.74861621857
0.779298067093		3.40828514099
0.78955411911		1.09944343567
0.799801111221		4.01213645935
0.810056209564		0.891393661499
0.820305109024		3.67215251923
0.830554008484		2.2919216156
0.840813159943		2.06864929199
0.851060152054		3.77871513367
0.861315011978		0.845724105835
0.871565103531		3.9918384552
0.881816148758		1.22630310059
0.892063140869		3.2103843689
0.902318000793		2.97188854218
0.912572145462		1.44957542419
0.922821998596		3.95631790161
0.933067083359		0.794981002808
0.943325996399		3.89035129547
0.953574180603		1.78448390961
0.963827133179		2.58623600006
0.97407412529		3.5199213028
0.984326124191		1.01317882538
0.994580030441		4.01213645935
1.00482606888		0.957360267639
1.01507616043		3.57573986053
1.02533316612		2.46445083618
1.03558707237		1.90626907349
1.04583120346		3.84468173981
1.05608415604		0.815278053284
1.06633520126		3.9918384552
1.07658720016		1.34808731079
1.0868370533		3.06830215454
1.09708809853		3.12919425964
1.10734605789		1.32271575928
1.11759018898		3.98676395416
1.12784099579		0.810203552246
1.13809418678		3.83453273773
1.14834713936		1.94178962708
1.15860104561		2.42385578156
1.16884708405		3.62648391724
1.17909908295		0.947212219238
1.18943619728		4.01721096039
1.19960904121		1.02840232849
1.20985007286		3.46410369873
1.2201051712		2.63698005676
1.23035502434		1.74896335602
1.24060606956		3.89035129547
1.25085902214		0.800054550171
1.26110816002		3.97154140472
1.27136516571		1.48002147675
1.28161406517		2.92621898651
1.29186820984		3.26620292664
1.30211615562		1.21615409851
1.31237006187		3.99691295624
1.32262015343		0.850798606873
1.33286809921		3.75841712952
1.34312319756		2.10924434662
1.35337305069		2.24625301361
1.36362719536		3.70767402649
1.37387108803		0.896468162537
1.38412308693		4.00198745728
1.39437818527		1.11974048615
1.40462613106		3.34231853485
1.41487717628		2.80443382263
1.42513203621		1.59673213959
1.43538308144		3.92587184906
1.44562911987		0.78990650177
1.45588111877		3.93602085114
1.46613502502		1.61703014374
1.47640109062		2.76891326904
1.48663711548		3.39813613892
1.49688816071		1.10959243774
1.50714612007		4.01213645935
1.51739001274		0.886319160461
1.52766513824		3.67722702026
1.53789615631		2.27669906616
1.54814600945		2.07879829407
1.558396101		3.7837896347
1.5686480999		0.850798606873
1.57889914513		3.9918384552
1.58915019035		1.22122859955
1.5994451046		3.23068237305
1.60965800285		2.9617395401
1.61990308762		1.44957542419
1.63015604019		3.96139240265
1.64040708542		0.800054550171
1.65066003799		3.89035129547
1.6609120369		1.75403785706
1.67116808891		2.59638500214
1.6814160347		3.51484680176
1.6916680336		1.02332782745
1.7019200325		4.01721096039
1.7121720314		0.947212219238
1.72242212296		3.58081436157
1.73266816139		2.45937633514
1.74292612076		1.91641807556
1.75317120552		3.84468173981
1.76342511177		0.810203552246
1.77367305756		3.9918384552
1.78392601013		1.33793926239
1.79418897629		3.07845020294
1.80442905426		3.11904525757
1.81468200684		1.32779026031
1.82493519783		3.98676395416
1.83518099785		0.810203552246
1.84543204308		3.82945823669
1.85568499565		1.93671607971
1.8659350872		2.42893028259
1.87618708611		3.61633491516
1.88643717766		0.952286720276
1.89668798447		4.01721096039
1.90694618225		1.02332782745
1.91719198227		3.47425174713
1.92744207382		2.62175655365
1.93769407272		1.75403785706
1.94794416428		3.88527679443
1.95819807053		0.800054550171
1.96844911575		3.97154140472
1.97869920731		1.46987247467
1.98895311356		2.93129348755
1.99920201302		3.26620292664
2.00954318047		1.24660015106
2.01970815659		3.99691295624
2.02995610237		0.840649604797
2.0402071476		3.76349163055
2.05045700073		2.10416984558
2.06071305275		2.25640106201
2.07096910477		3.69752502441
2.08121919632		0.896468162537
2.09146904945		4.00706195831
2.10172104836		1.11466598511
2.11199307442		3.35754108429
2.12222409248		2.78921127319
2.13247013092		1.60180664062
2.14272618294		3.92079734802
2.15297412872		0.78990650177
2.16322803497		3.94109535217
2.17347407341		1.61703014374
2.18372607231		2.76891326904
2.19398212433		3.39306259155
2.20422720909		1.11466598511
2.21447920799		4.00706195831
2.22473716736		0.886319160461
2.2349820137		3.67722702026
2.24523305893		2.27669906616
2.25548505783		2.08894729614
2.26573419571		3.77871513367
2.2759912014		0.85587310791
2.28623914719		3.9918384552
2.29649019241		1.21615409851
2.30674099922		3.22053337097
2.31699419022		2.94651699066
2.32724308968		1.46479797363
2.33749318123		3.96139240265
2.3477461338		0.794981002808
2.35799813271		3.89035129547
2.36824917793		1.76418685913
2.37850117683		2.59638500214
2.38875198364		3.50977325439
2.39900898933		1.02332782745
2.40925598145		4.01721096039
2.419506073		0.947212219238
2.42976117134		3.58588886261
2.44000816345		2.44922733307
2.45025801659		1.9214925766
2.46051216125		3.83453273773
2.47076201439		0.820352554321
2.48101401329		3.98676395416
2.49127101898		1.33286476135
2.50151920319		3.08352470398
2.51177406311		3.10889720917
2.5220220089		1.33793926239
2.5322701931		3.9816904068
2.54252409935		0.810203552246
2.55277109146		3.83453273773
2.56302809715		1.9214925766
2.57327508926		2.43907928467
2.58352613449		3.61126041412
2.59378314018		0.952286720276
2.60403418541		4.01721096039
2.6142821312		1.01825332642
2.62453699112		3.48440074921
2.63478207588		2.61668205261
2.64503312111		1.75911235809
2.65528607368		3.88527679443
2.66553711891		0.794981002808
2.67579698563		3.97661590576
2.68603920937		1.46479797363
2.6962890625		2.93129348755
2.70654797554		3.25097942352
2.7167930603		1.22630310059
2.7270450592		3.99691295624
2.73729610443		0.840649604797
2.74755215645		3.76349163055
2.75779914856		2.07879829407
2.76805520058		2.26655006409
2.77830410004		3.70259952545
2.7885529995		0.901542663574
2.79880309105		4.00706195831
2.80905508995		1.10451793671
2.81930613518		3.35754108429
2.82956218719		2.78413677216
2.83980798721		1.6119556427
2.85005998611		3.91572284698
2.86031198502		0.78990650177
2.87056207657		3.93602085114
2.88081502914		1.60180664062
2.89106416702		2.79936027527
2.90132212639		3.38291358948
2.91157412529		1.11974048615
2.92182517052		4.01213645935
2.93207502365		0.886319160461
2.94232797623		3.6823015213
2.95257210732		2.26655006409
2.96283006668		2.09402179718
2.97307419777		3.77871513367
2.98332715034		0.850798606873
2.99358320236		3.9918384552
3.0038330555		1.21615409851
3.01408004761		3.22560787201
3.02433609962		2.94651699066
3.03458309174		1.46987247467
3.04483318329		3.95631790161
3.05508518219		0.794981002808
3.06534409523		3.89035129547
3.07559418678		1.75403785706
3.0858399868		2.60653305054
3.09609103203		3.50469875336
3.10634899139		1.02840232849
3.11659502983		4.01721096039
3.12684416771		0.947212219238
3.13709402084		3.59096240997
3.14734816551		2.43907928467
3.15759801865		1.93164157867
3.16785001755		3.83453273773
3.17811918259		0.820352554321
3.188352108		3.9918384552
3.19860219955		1.32779026031
3.20885515213		3.08859920502
3.21910619736		3.10889720917
3.22944808006		1.37345981598
3.23963212967		3.9816904068
3.24986720085		0.805129051208
3.26012802124		3.84468173981
3.27036714554		1.91641807556
3.28061819077		2.44922733307
3.29087018967		3.61126041412
3.30111217499		0.972583770752
3.31139612198		4.01721096039
3.32162904739		1.01825332642
3.33188009262		3.48947525024
3.34213113785		2.60145950317
3.35237812996		1.77433586121
3.36263203621		3.88527679443
3.37288117409		0.800054550171
3.38315010071		3.97661590576
3.39338803291		1.44957542419
3.40363907814		2.94651699066
3.4138841629		3.24590492249
3.42414116859		1.23645114899
3.43438601494		3.98676395416
3.44464206696		0.83557510376
3.45489001274		3.76856613159
3.46514201164		2.0838727951
3.47539710999		2.27669906616
3.48564505577		3.69752502441
3.495896101		0.901542663574
3.50615310669		4.00706195831
3.5164129734		1.09944343567
3.52664899826		3.36769008636
3.53689908981		2.76891326904
3.54715013504		1.6221036911
3.55740308762		3.92079734802
3.56767320633		0.78990650177
3.57790899277		3.94109535217
3.58817410469		1.58150959015
3.59840607643		2.78413677216
3.60865902901		3.37783908844
3.61891007423		1.12481498718
3.62916302681		4.01213645935
3.63950920105		0.866022109985
3.64979219437		3.72289657593
3.66004109383		2.17521095276
3.6702940464		2.16506290436
3.68054199219		3.75334262848
3.69079613686		0.871096611023
3.70105004311		3.99691295624
3.71130514145		1.16541004181
3.72155404091		3.28649997711
3.73180413246		2.87547588348
3.74205708504		1.53076553345
3.75230312347		3.94616889954
3.76255917549		0.78990650177
3.7728061676		3.91572284698
3.78306317329		1.67792224884
3.79331302643		2.68264961243
3.80356216431		3.45395469666
3.81381416321		1.06392288208
3.82406711578		4.01213645935
3.83431315422		0.92183971405
3.8445789814		3.63663196564
3.85481500626		2.36296367645
3.86506700516		1.99760818481
3.87532305717		3.81423568726
3.88557004929		0.825427055359
3.89581918716		3.9918384552
3.90607714653		1.27704620361
3.91633605957		3.15456676483
3.9265730381		3.03785610199
3.93682408333		1.39375686646
3.94707608223		3.97154140472
3.95732903481		0.805129051208
3.96758198738		3.85990524292
3.97783017159		1.85045146942
3.98808717728		2.53549194336
3.99833297729		3.5706653595
4.0085849762		0.987807273865
4.01884198189		4.01721096039
4.02908802032		0.982732772827
4.03933906555		3.53514480591
4.04959702492		2.53041744232
4.05984306335		1.84030246735
4.07009315491		3.86497974396
4.08034300804		0.805129051208
4.09059619904		3.98676395416
4.10084605217		1.39883136749
4.11109614372		3.04800415039
4.12135601044		3.19008731842
4.13160610199		1.27704620361
4.14185810089		3.98676395416
4.15210413933		0.820352554321
4.16236805916		3.80408668518
4.1726231575		2.00268268585
4.18286418915		2.35281467438
4.19311213493		3.65692996979
4.20336413383		0.926914215088
4.21361017227		4.01721096039
4.22387003899		1.06392288208
4.23411202431		3.41843414307
4.24437618256		2.69279766083
4.25461697578		1.68807125092
4.26487016678		3.91064834595
4.27512407303		0.78990650177
4.28536915779		3.96139240265
4.29562115669		1.53076553345
4.30586910248		2.8501033783
4.31612610817		3.3118724823
4.32637500763		1.17048454285
4.33663320541		4.00706195831
4.34687805176		0.860947608948
4.35712814331		3.72289657593
4.36738014221		2.1802854538
4.37763214111		2.1802854538
4.38788700104		3.74826812744
4.39813518524		0.876170158386
4.40838813782		3.99691295624
4.41863512993		1.16033554077
4.42888903618		3.29664897919
4.43914008141		2.87040138245
4.4494330883		1.55613708496
4.45964407921		3.94109535217
4.46989417076		0.78990650177
4.4801440239		3.91572284698
4.49039816856		1.68299674988
4.50066399574		2.69787216187
4.51090216637		3.44380569458
4.52118015289		1.07407093048
4.53142118454		4.01213645935
4.54178619385		0.881244659424
4.55203199387		3.67215251923
4.56228303909		2.2919216156
4.57254600525		2.07879829407
4.5827870369		3.78886318207
4.59303712845		0.845724105835
4.60329413414		3.9918384552
4.61353898048		1.22630310059
4.62380814552		3.21545886993
4.63403916359		2.97188854218
4.64430809021		1.45464992523
4.65454816818		3.96646690369
4.66479301453		0.794981002808
4.67505002022		3.88527679443
4.68529701233		1.77940940857
4.69555997849		2.5913105011
4.70579910278		3.5199213028
4.71604919434		1.02332782745
4.72630405426		4.01721096039
4.73655319214		0.952286720276
4.7468111515		3.57573986053
4.75705504417		2.46445083618
4.76730704308		1.90626907349
4.77755618095		3.84468173981
4.78781104088		0.815278053284
4.79805898666		3.99691295624
4.80831503868		1.33793926239
4.81856703758		3.07337665558
4.82881498337		3.12919425964
4.83906602859		1.32271575928
4.8493180275		3.98676395416
4.85957098007		0.810203552246
4.86982011795		3.83453273773
4.88007211685		1.94178962708
4.89032101631		2.41370677948
4.90058708191		3.6214094162
4.91082501411		0.942137718201
4.92107319832		4.01721096039
4.93146014214		1.0030298233
4.9417090416		3.50977325439
4.95195412636		2.57101249695
4.96221017838		1.80478191376
4.97247505188		3.87512779236
4.98271203041		0.800054550171
4.99296498299		3.9816904068
