0.000125885009766		0.815278053284
0.00482201576233		5.03716087341
0.00972509384155		5.04223537445
0.0144491195679		5.04223537445
0.0193259716034		1.53076553345
0.0240750312805		-0.00169658660889
0.0288259983063		-0.00169658660889
0.0335741043091		1.27197170258
0.0383319854736		5.04730892181
0.0430760383606		5.04223537445
0.0478301048279		4.58554077148
0.0525779724121		0.718864440918
0.0573670864105		-0.00169658660889
0.0620760917664		-0.00169658660889
0.0668270587921		2.51519489288
0.0715808868408		5.04730892181
0.0763289928436		5.04223537445
0.0810830593109		3.79393768311
0.0858368873596		0.00845146179199
0.0905900001526		-0.00169658660889
0.0953729152679		-0.00169658660889
0.100215911865		3.91064834595
0.10496711731		5.04223537445
0.109716892242		5.04730892181
0.114466905594		2.87547588348
0.119343042374		-0.00169658660889
0.124094963074		-0.00169658660889
0.128844976425		-0.00169658660889
0.133594036102		5.0219373703
0.138349056244		5.04223537445
0.143094062805		5.04223537445
0.14784693718		1.97731018066
0.152595043182		-0.00169658660889
0.157385110855		-0.00169658660889
0.162220954895		0.810203552246
0.166974067688		5.04730892181
0.171726942062		5.04223537445
0.176475048065		4.88492965698
0.181224107742		1.02840232849
0.185983896255		-0.00169658660889
0.190726041794		-0.00169658660889
0.195482969284		2.0331287384
0.200226068497		5.04223537445
0.204977989197		5.04223537445
0.20973110199		4.09840106964
0.214477062225		0.206352233887
0.219352960587		-0.00677108764648
0.22410607338		-0.00677108764648
0.228854894638		3.42858314514
0.233603954315		5.04223537445
0.238357067108		5.04223537445
0.243113994598		3.2103843689
0.247858047485		-0.00169658660889
0.252608060837		-0.00169658660889
0.257397890091		-0.00169658660889
0.262233018875		4.70225143433
0.266984939575		5.02701187134
0.271735906601		5.0219373703
0.276485919952		2.31221961975
0.281239032745		-0.00169658660889
0.285995006561		-0.00169658660889
0.290736913681		0.257096290588
0.2954890728		5.04730892181
0.300239086151		5.04223537445
0.304996013641		5.04223537445
0.309741020203		1.45972442627
0.314575910568		-0.00169658660889
0.319366931915		-0.00677108764648
0.324119091034		1.54091453552
0.328867912292		5.04223537445
0.333616018295		5.04223537445
0.33836889267		4.40793800354
0.343117952347		0.551410675049
0.347875118256		-0.00677108764648
0.35261797905		-0.00169658660889
0.357410907745		2.83488082886
0.36224603653		5.04223537445
0.366997003555		5.04223537445
0.371748924255		3.5199213028
0.376497983932		-0.00169658660889
0.381246089935		-0.00677108764648
0.386008024216		-0.00169658660889
0.3907558918		4.13899612427
0.395508050919		5.04730892181
0.400252103806		5.04223537445
0.405004024506		2.73846721649
0.409759998322		-0.00169658660889
0.414541959763		-0.00169658660889
0.419378042221		0.00337791442871
0.424129009247		5.03208637238
0.428886890411		5.04223537445
0.433630943298		5.04223537445
0.43838095665		1.80478191376
0.443131923676		-0.00169658660889
0.447881937027		-0.00169658660889
0.452629089355		0.916765213013
0.457422018051		5.04223537445
0.462256908417		5.04223537445
0.467015028		4.71747493744
0.471757888794		0.85587310791
0.476515054703		-0.00169658660889
0.48125910759		-0.00169658660889
0.486018896103		2.30207061768
0.490760087967		5.04223537445
0.495512008667		5.04730892181
0.500262022018		3.92587184906
0.505018949509		0.0896415710449
0.50976395607		-0.00169658660889
0.514519929886		-0.00169658660889
0.519263029099		3.5199213028
0.524013996124		5.04223537445
0.528767108917		5.04223537445
0.53351688385		3.13934326172
0.538274049759		-0.00169658660889
0.54301905632		-0.00169658660889
0.547769069672		-0.00169658660889
0.55251789093		4.64643383026
0.557358980179		5.04223537445
0.56214594841		5.04223537445
0.566895961761		2.23610401154
0.571645021439		-0.00169658660889
0.576399087906		-0.00169658660889
0.58114695549		0.348435401917
0.585906982422		5.04223537445
0.590650081635		5.04223537445
0.595405101776		5.04730892181
0.600148916245		1.38868236542
0.604898929596		-0.00169658660889
0.609652996063		-0.00169658660889
0.614401102066		1.60688114166
0.619287014008		5.04223537445
0.624026060104		5.04223537445
0.628778934479		4.34704494476
0.63352894783		0.490517616272
0.638281106949		-0.00169658660889
0.643028020859		-0.00169658660889
0.647779941559		2.88055038452
0.652530908585		5.04223537445
0.657322883606		5.04223537445
0.662157058716		3.45395469666
0.666913986206		-0.00169658660889
0.671657085419		-0.00169658660889
0.676414966583		-0.00169658660889
0.681159973145		4.22525978088
0.685924053192		5.04223537445
0.690659046173		5.04730892181
0.695410966873		2.67250061035
0.700159072876		-0.00677108764648
0.704917907715		-0.00169658660889
0.709681034088		-0.00169658660889
0.714412927628		5.04223537445
0.71929192543		5.04223537445
0.724036931992		5.03716087341
0.7287940979		1.71851730347
0.733539104462		-0.00169658660889
0.73829293251		-0.00677108764648
0.743041038513		1.00810432434
0.747792959213		5.04223537445
0.75254201889		5.04223537445
0.757333993912		4.72254943848
0.762168884277		0.784832000732
0.766918897629		-0.00169658660889
0.77166891098		-0.00169658660889
0.776420116425		2.38833522797
0.781169891357		5.03716087341
0.785932064056		5.04223537445
0.790671110153		3.86497974396
0.795428991318		0.0439729690552
0.80017209053		-0.00169658660889
0.80492401123		-0.00677108764648
0.809678077698		3.62648391724
0.814424037933		5.04223537445
0.819300889969		5.04223537445
0.824049949646		2.97696304321
0.828805923462		-0.00169658660889
0.833558082581		-0.00169658660889
0.838303089142		-0.00169658660889
0.843055009842		4.85955715179
0.847805023193		5.04223537445
0.85255408287		5.04223537445
0.85733795166		2.13461589813
0.862055063248		-0.00169658660889
0.866813898087		-0.00169658660889
0.871556997299		0.434700012207
0.876315116882		5.04223537445
0.881057977676		5.04223537445
0.885818004608		5.03716087341
0.890558958054		1.31764125824
0.895308971405		-0.00169658660889
0.900058984756		-0.00169658660889
0.904818058014		1.59165763855
0.909560918808		5.04730892181
0.914309978485		5.04730892181
0.919188976288		4.27092933655
0.923938035965		0.409327507019
0.928694963455		-0.00169658660889
0.933440923691		-0.00169658660889
0.938199996948		3.00740909576
0.942939043045		5.04730892181
0.947694063187		5.04223537445
0.952440977097		3.48440074921
0.957191944122		-0.00677108764648
0.96195101738		-0.00677108764648
0.9666929245		-0.00677108764648
0.971443891525		4.17959117889
0.976197004318		5.04223537445
0.980967998505		5.04223537445
0.985696077347		2.69787216187
0.990447998047		-0.00169658660889
0.995197057724		-0.00169658660889
0.999944925308		-0.00169658660889
1.0046980381		5.04223537445
1.00944900513		5.04223537445
1.01419901848		5.04223537445
1.0189499855		1.8707485199
1.02369999886		-0.00169658660889
1.02845001221		-0.00169658660889
1.03320097923		0.820352554321
1.03795194626		5.04223537445
1.04270195961		5.04223537445
1.04745697975		4.86970615387
1.05220293999		1.01825332642
1.05696105957		-0.00169658660889
1.06170606613		-0.00169658660889
1.06645607948		2.02297973633
1.07120490074		5.03716087341
1.07596492767		5.04223537445
1.08071088791		4.08317756653
1.08545899391		0.226650238037
1.09020900726		-0.00169658660889
1.09495902061		-0.00677108764648
1.09971189499		3.2611284256
1.10446000099		5.04223537445
1.10933899879		5.04223537445
1.11409497261		3.20023536682
1.11883997917		-0.00169658660889
1.12358498573		-0.00677108764648
1.12834310532		-0.00677108764648
1.13308691978		4.54494571686
1.13784098625		5.04223537445
1.14258790016		5.04223537445
1.1473801136		2.38833522797
1.15221309662		-0.00169658660889
1.15697193146		-0.00169658660889
1.16171193123		0.257096290588
1.16647195816		5.04223537445
1.17121911049		5.04223537445
1.17596697807		5.04223537445
1.18071889877		1.45972442627
1.18547701836		-0.00169658660889
1.19022011757		-0.00169658660889
1.19497609138		1.38868236542
1.19972205162		5.04730892181
1.2044711113		5.04223537445
1.20935201645		4.39778900146
1.21409797668		0.541261672974
1.21884989738		-0.00169658660889
1.22359609604		-0.00169658660889
1.22834992409		2.76891326904
1.23309898376		5.04730892181
1.23785090446		5.04223537445
1.24260091782		3.60618591309
1.24739098549		-0.00677108764648
1.25222706795		-0.00169658660889
1.2569770813		-0.00169658660889
1.26172709465		4.11869812012
1.26648402214		5.04223537445
1.27122688293		5.04730892181
1.27599000931		2.71817016602
1.28073000908		-0.00169658660889
1.28549408913		-0.00169658660889
1.29023098946		-0.00169658660889
1.29498100281		5.03716087341
1.29973196983		5.04223537445
1.30448198318		5.04223537445
1.30936002731		1.78955841064
1.31410694122		-0.00169658660889
1.31886005402		-0.00169658660889
1.32361292839		0.926914215088
1.32836008072		5.04223537445
1.33311009407		5.04730892181
1.33786988258		4.80373954773
1.34261107445		0.952286720276
1.34740209579		-0.00169658660889
1.35223793983		-0.00169658660889
1.35698795319		2.2817735672
1.36173892021		5.04223537445
1.36649799347		5.03716087341
1.37123990059		3.92079734802
1.37599205971		0.0896415710449
1.38074207306		-0.00169658660889
1.3855009079		-0.00169658660889
1.39024305344		3.50977325439
1.3950009346		5.04223537445
1.39974498749		5.04223537445
1.40458106995		3.05815315247
1.40937399864		-0.00169658660889
1.41411995888		-0.00677108764648
1.418872118		-0.00169658660889
1.42362594604		4.7631444931
1.42837810516		5.04223537445
1.43312501907		5.04223537445
1.43787503242		2.22595500946
1.4426240921		-0.00169658660889
1.44741797447		-0.00169658660889
1.45224905014		0.480368614197
1.45699906349		5.04223537445
1.46175098419		5.04223537445
1.46651005745		5.02701187134
1.47125196457		1.26689815521
1.47602891922		-0.00169658660889
1.48075294495		-0.00169658660889
1.48551011086		1.64240169525
1.49025392532		5.04730892181
1.49500608444		5.04223537445
1.49975705147		4.34197044373
1.50458788872		0.409327507019
1.50937700272		-0.00169658660889
1.51412701607		-0.00169658660889
1.51887893677		3.02770709991
1.52362704277		5.04223537445
1.52838802338		5.03716087341
1.53313302994		3.44380569458
1.53788995743		-0.00169658660889
1.54263401031		-0.00677108764648
1.54742002487		-0.00169658660889
1.55213689804		4.20496273041
1.55689501762		5.04730892181
1.5616350174		5.04223537445
1.56639504433		2.65727710724
1.571144104		-0.00169658660889
1.57589006424		-0.00169658660889
1.58063697815		-0.00169658660889
1.58539700508		5.04223537445
1.5901389122		5.04730892181
1.59489798546		5.04223537445
1.59964203835		1.82507896423
1.60439109802		-0.00169658660889
1.60927510262		-0.00169658660889
1.61401891708		1.00810432434
1.6187710762		5.04223537445
1.62351894379		5.04223537445
1.62826991081		4.74792098999
1.63301992416		0.876170158386
1.63777303696		-0.00677108764648
1.64252090454		-0.00169658660889
1.64731502533		2.27162456512
1.652146101		5.04223537445
1.6568980217		5.04223537445
1.66164803505		3.85483074188
1.66640806198		0.0388984680176
1.67114901543		-0.00169658660889
1.67590689659		-0.00169658660889
1.68065190315		3.61126041412
1.68541002274		5.04223537445
1.69015789032		5.04223537445
1.69490909576		3.0632276535
1.69965410233		-0.00169658660889
1.70440292358		-0.00169658660889
1.70928192139		-0.00169658660889
1.71403098106		4.84940910339
1.71878910065		5.04223537445
1.72353196144		5.04223537445
1.72828197479		2.15491390228
1.73303103447		-0.00169658660889
1.73778390884		-0.00169658660889
1.74253296852		0.439774513245
1.74732708931		5.04223537445
1.75216007233		5.04223537445
1.75691795349		4.99656581879
1.76165890694		1.2009305954
1.76641893387		-0.00169658660889
1.77116107941		-0.00677108764648
1.77591395378		1.73374080658
1.78066396713		5.04223537445
1.78542089462		5.04730892181
1.79016399384		4.26585483551
1.79492211342		0.404253005981
1.79966402054		-0.00677108764648
1.80441594124		-0.00169658660889
1.80929803848		3.13426876068
1.81404399872		5.04223537445
1.81879496574		5.04223537445
1.82354211807		3.3727645874
1.82829403877		-0.00169658660889
1.83304405212		-0.00169658660889
1.83779406548		-0.00169658660889
1.8425450325		4.29630184174
1.84733510017		5.04223537445
1.85204696655		5.03716087341
1.8567969799		2.59638500214
1.86154603958		-0.00677108764648
1.86630892754		-0.00169658660889
1.87104892731		0.0135259628296
1.87580490112		5.04730892181
1.88054990768		5.04223537445
1.88530707359		5.04223537445
1.8900539875		1.75403785706
1.89480805397		-0.00677108764648
1.89955091476		-0.00169658660889
1.90429997444		1.06899738312
1.90918397903		5.04730892181
1.91393399239		5.04223537445
1.9186809063		4.67180538177
1.9234290123		0.815278053284
1.92818188667		-0.00169658660889
1.93293809891		-0.00677108764648
1.93768310547		2.33251667023
1.94243192673		5.03716087341
1.94718909264		5.04223537445
1.95193195343		3.87512779236
1.95669102669		0.0541210174561
1.96143293381		-0.00677108764648
1.96619296074		-0.00169658660889
1.97093605995		3.55544185638
1.97568488121		5.04730892181
1.98043608665		5.04730892181
1.98519492149		3.08859920502
1.98993706703		-0.00169658660889
1.9946949482		-0.00169658660889
1.99943900108		-0.00169658660889
2.00418806076		4.6616563797
2.0089468956		5.04730892181
2.01369595528		5.04223537445
2.0184431076		2.2919216156
2.02319288254		-0.00169658660889
2.02794504166		-0.00169658660889
2.03269100189		0.267245292664
2.03745293617		5.04223537445
2.04220199585		5.04223537445
2.04695105553		5.04223537445
2.05169391632		1.44957542419
2.05644488335		-0.00169658660889
2.06119799614		-0.00169658660889
2.06594896317		1.38360881805
2.07069611549		5.03716087341
2.07545590401		5.04730892181
2.08019900322		4.49927616119
2.08495593071		0.627526283264
2.08969807625		-0.00169658660889
2.09444904327		-0.00169658660889
2.09932589531		2.76891326904
2.10407590866		5.03208637238
2.10883402824		5.04730892181
2.11357593536		3.60111141205
2.11833095551		-0.00169658660889
2.12307906151		-0.00169658660889
2.12783002853		-0.00169658660889
2.13257789612		3.96646690369
2.13737010956		5.04223537445
2.14220499992		5.04730892181
2.14696407318		2.71309566498
2.15170788765		-0.00677108764648
2.15646696091		-0.00677108764648
2.16121602058		-0.00677108764648
2.16596698761		5.03716087341
2.17070698738		5.04223537445
2.17546010017		5.04730892181
2.18021202087		1.88597202301
2.18496799469		-0.00169658660889
2.1897110939		-0.00677108764648
2.19445991516		0.820352554321
2.19933891296		5.04730892181
2.20409393311		5.03208637238
2.20884895325		4.79359054565
2.21358990669		0.937063217163
2.21834301949		-0.00169658660889
2.2230899334		-0.00169658660889
2.22784090042		2.11431884766
2.23259401321		5.04223537445
2.23738288879		5.04223537445
2.24221801758		3.91572284698
2.24697899818		0.079493522644
2.25172305107		-0.00677108764648
2.25646901131		-0.00677108764648
2.26121807098		3.49962425232
2.26598405838		5.03716087341
2.27072095871		5.04223537445
2.27547907829		3.12411975861
2.28022289276		-0.00677108764648
2.28498101234		-0.00677108764648
2.28972196579		-0.00169658660889
2.29447293282		4.65658187866
2.29922699928		5.04223537445
2.30397605896		5.04223537445
2.30873298645		2.31729412079
2.31347608566		-0.00169658660889
2.31822896004		-0.00169658660889
2.32297492027		0.226650238037
2.32772898674		5.04730892181
2.33247804642		5.04223537445
2.33723092079		5.04223537445
2.34197807312		1.48002147675
2.34673690796		-0.00677108764648
2.35148096085		-0.00169658660889
2.3562309742		1.33793926239
2.36098098755		5.04223537445
2.36573910713		5.04223537445
2.37048506737		4.52972316742
2.37523388863		0.657972335815
2.37998390198		-0.00169658660889
2.38474488258		-0.00169658660889
2.38948488235		2.56086444855
2.39423799515		5.04223537445
2.39898896217		5.04730892181
2.40373802185		3.72797107697
2.40849208832		0.00337791442871
2.41323709488		-0.00169658660889
2.41798901558		-0.00169658660889
2.42273807526		3.77871513367
2.42749810219		5.04223537445
2.43224096298		5.04223537445
2.43699908257		2.94144248962
2.44174098969		-0.00169658660889
2.44649910927		-0.00677108764648
2.45124197006		-0.00169658660889
2.4559969902		4.85955715179
2.46074199677		5.04223537445
2.46550011635		5.04223537445
2.47024488449		2.12954235077
2.4750020504		-0.00169658660889
2.47974300385		-0.00169658660889
2.48453497887		0.510815620422
2.48937106133		5.04730892181
2.49412202835		5.03716087341
2.49887394905		4.99149131775
2.50362300873		1.17555904388
2.50840091705		-0.00169658660889
2.51312303543		-0.00677108764648
2.51787590981		1.75403785706
2.52262401581		5.04223537445
2.52746200562		5.04223537445
2.53226494789		4.12884712219
2.53700709343		0.282468795776
2.54175710678		-0.00169658660889
2.54651594162		-0.00169658660889
2.55125689507		3.16978931427
2.55601501465		5.04223537445
2.56075811386		5.04223537445
2.56551408768		3.34739303589
2.57026100159		-0.00169658660889
2.57501888275		-0.00677108764648
2.57988595963		-0.00169658660889
2.58464193344		4.45868110657
2.58938598633		5.04223537445
2.5941400528		5.03716087341
2.59888100624		2.45430183411
2.60363507271		0.00337791442871
2.60839605331		-0.00677108764648
2.61314105988		0.0896415710449
2.61791205406		5.04223537445
2.62264108658		5.04223537445
2.62743091583		5.04730892181
2.63226699829		1.50539302826
2.63702702522		-0.00169658660889
2.64176702499		-0.00169658660889
2.64652705193		1.28719520569
2.65126895905		5.04223537445
2.65601992607		5.04223537445
2.6607708931		4.5500202179
2.66552805901		0.678269386292
2.6702709198		-0.00169658660889
2.67502903938		-0.00169658660889
2.6797709465		2.50504589081
2.68453407288		5.04223537445
2.68927311897		5.04223537445
2.69402289391		3.75841712952
2.6987760067		0.00337791442871
2.70352196693		-0.00677108764648
2.7082760334		-0.00169658660889
2.71302509308		3.72797107697
2.71777701378		5.03716087341
2.72252702713		5.04223537445
2.72737002373		2.89069843292
2.73215603828		-0.00169658660889
2.73690390587		-0.00169658660889
2.74165391922		-0.00169658660889
2.74641394615		4.94074726105
2.75115990639		5.04223537445
2.75591397285		5.04223537445
2.76065611839		2.05342674255
2.76541399956		-0.00169658660889
2.77015900612		-0.00169658660889
2.77491593361		0.592005729675
2.77965903282		5.04223537445
2.78440904617		5.04223537445
2.78928494453		4.94582176208
2.79405498505		1.08929443359
2.79878091812		-0.00169658660889
2.80352902412		-0.00169658660889
2.80829596519		1.88597202301
2.81304001808		5.04730892181
2.81779003143		5.04223537445
2.82253694534		4.17451667786
2.82733201981		0.28754234314
2.83216404915		-0.00169658660889
2.83692407608		-0.00169658660889
2.84166502953		3.24083042145
2.84642505646		5.04223537445
2.85117101669		5.04223537445
2.85592007637		3.27127742767
2.86066794395		-0.00169658660889
2.86542510986		-0.00169658660889
2.87017011642		-0.00169658660889
2.87492895126		4.4028635025
2.87966990471		5.04223537445
2.88442206383		5.04223537445
2.88929796219		2.38326072693
2.89404702187		-0.00169658660889
2.8988070488		-0.00169658660889
2.90354895592		0.155609130859
2.90829992294		5.04223537445
2.91305088997		5.04223537445
2.91780400276		5.04223537445
2.92255306244		1.54091453552
2.92739105225		-0.00169658660889
2.93217897415		-0.00169658660889
2.93692803383		1.38868236542
2.94167900085		5.04730892181
2.94643807411		5.04223537445
2.95117998123		4.4637556076
2.95593905449		0.622451782227
2.96068000793		-0.00169658660889
2.96543908119		-0.00169658660889
2.9702000618		2.63698005676
2.97494292259		5.04730892181
2.97980594635		5.04223537445
2.98456406593		3.58081436157
2.98930907249		-0.00169658660889
2.99407505989		-0.00169658660889
2.99880504608		-0.00169658660889
3.00355195999		3.95124340057
3.00831890106		5.04223537445
3.0130610466		5.04223537445
3.01781392097		2.80443382263
3.02256202698		-0.00169658660889
3.02735495567		-0.00169658660889
3.03218793869		-0.00169658660889
3.0369489193		5.03208637238
3.04168891907		5.04730892181
3.04645395279		5.04223537445
3.05118989944		1.86567401886
3.05594396591		-0.00169658660889
3.06069207191		-0.00169658660889
3.0654489994		0.794981002808
3.07019495964		5.04730892181
3.07495188713		5.04223537445
3.0796918869		4.89000320435
3.08444309235		0.997955322266
3.08931994438		-0.00169658660889
3.09406995773		-0.00169658660889
3.09882497787		2.13461589813
3.10356998444		5.04223537445
3.10832691193		5.04730892181
3.11307501793		3.99691295624
3.11782693863		0.155609130859
3.12257289886		-0.00169658660889
3.1273651123		-0.00169658660889
3.13220000267		3.50977325439
3.13694906235		5.04223537445
3.14170193672		5.04223537445
3.1464600563		3.11397171021
3.15120100975		-0.00677108764648
3.15595889091		-0.00169658660889
3.1607029438		-0.00169658660889
3.1654651165		4.63628482819
3.17020702362		5.04223537445
3.17496299744		5.04730892181
3.17983198166		2.20565795898
3.18458890915		-0.00677108764648
3.18933200836		-0.00169658660889
3.19412302971		0.409327507019
3.19895100594		5.04730892181
3.20370006561		5.04223537445
3.20846605301		5.01686286926
3.21321105957		1.2516746521
3.21797895432		-0.00169658660889
3.22270989418		-0.00677108764648
3.22746992111		1.64747619629
3.23221206665		5.04223537445
3.23698401451		5.04223537445
3.24171304703		4.31659889221
3.24647307396		0.444848060608
3.2512140274		-0.00677108764648
3.25596404076		-0.00677108764648
3.26071596146		2.87040138245
3.26547408104		5.04223537445
3.27021598816		5.04223537445
3.27497506142		3.52499580383
3.27971696854		-0.00169658660889
3.28447008133		-0.00169658660889
3.28934407234		-0.00169658660889
3.29409408569		4.19988822937
3.29884791374		5.04223537445
3.30359506607		5.04223537445
3.30834794044		2.6420545578
3.31309604645		-0.00169658660889
3.31784892082		-0.00169658660889
3.3225979805		-0.00169658660889
3.3274409771		5.03716087341
3.33222699165		5.04223537445
3.33697605133		5.04223537445
3.34173202515		1.69314575195
3.3464820385		-0.00169658660889
3.35122609138		-0.00169658660889
3.35597896576		1.02332782745
3.36072611809		5.04223537445
3.3654859066		5.04730892181
3.37024593353		4.7124004364
3.37498497963		0.845724105835
3.37972903252		-0.00169658660889
3.38447999954		-0.00169658660889
3.38935709		2.37818622589
3.39412307739		5.04223537445
3.39884996414		5.04223537445
3.40359902382		3.83453273773
3.40836596489		0.0287494659424
3.41311097145		-0.00677108764648
3.41786003113		-0.00677108764648
3.42260789871		3.60111141205
3.42739796638		5.03716087341
3.43223905563		5.04223537445
3.43699789047		2.94144248962
3.44173693657		-0.00169658660889
3.44649791718		-0.00677108764648
3.45124006271		-0.00677108764648
3.45598888397		4.83418560028
3.46074104309		5.04223537445
3.46549701691		5.04730892181
3.47024202347		2.13461589813
3.47499990463		-0.00169658660889
3.47974300385		-0.00677108764648
3.48452997208		0.500666618347
3.48937511444		5.04223537445
3.49411797523		5.03716087341
3.4988720417		4.99149131775
3.5036239624		1.17555904388
3.50836992264		-0.00169658660889
3.51311898232		-0.00677108764648
3.51787209511		1.74388885498
3.52262210846		5.04223537445
3.52746391296		5.04223537445
3.5322470665		4.14406967163
3.5369989872		0.292616844177
3.54174900055		-0.00169658660889
3.54650902748		-0.00169658660889
3.55124998093		3.14441776276
3.55601191521		5.04223537445
3.56075000763		5.04223537445
3.56551098824		3.34231853485
3.5702559948		-0.00169658660889
3.57501006126		-0.00677108764648
3.57987904549		-0.00169658660889
3.58463597298		4.42316055298
3.58937811852		5.04223537445
3.59415197372		5.03716087341
3.59887290001		2.47459983826
3.60362505913		-0.00169658660889
3.60839509964		-0.00169658660889
3.61313390732		0.079493522644
3.617882967		5.04223537445
3.62263393402		5.04223537445
3.62742209435		5.04223537445
3.63225889206		1.51554203033
3.63703799248		-0.00169658660889
3.64188599586		-0.00169658660889
3.64664411545		1.42927742004
3.65138697624		5.04730892181
3.65613698959		5.04223537445
3.66089010239		4.45868110657
3.66564393044		0.597080230713
3.67038989067		-0.00677108764648
3.67515206337		-0.00169658660889
3.67988801003		2.6420545578
3.68464899063		5.04730892181
3.68938994408		5.04223537445
3.69414401054		3.66200447083
3.6988940239		-0.00169658660889
3.70364189148		-0.00677108764648
3.70839595795		-0.00169658660889
3.71314311028		3.84975624084
3.7178940773		5.04223537445
3.72264504433		5.04730892181
3.72748303413		2.80443382263
3.73227405548		-0.00169658660889
3.73702192307		-0.00677108764648
3.74177193642		-0.00169658660889
3.74653196335		4.99656581879
3.75127196312		5.04223537445
3.7560300827		5.04223537445
3.76077389717		1.95193862915
3.76553201675		-0.00677108764648
3.77029299736		-0.00169658660889
3.77503299713		0.703641891479
3.77977800369		5.04223537445
3.78454208374		5.04223537445
3.78927707672		4.95089626312
3.79404592514		1.08929443359
3.7987780571		-0.00169658660889
3.80351901054		-0.00169658660889
3.80828809738		1.86567401886
3.81303310394		5.03716087341
3.81778407097		5.04223537445
3.82253098488		4.17959117889
3.82732701302		0.292616844177
3.83215808868		-0.00169658660889
3.83691501617		-0.00169658660889
3.84166288376		3.23575687408
3.8464179039		5.04730892181
3.85116004944		5.03716087341
3.85591006279		3.28649997711
3.86066198349		-0.00169658660889
3.86542010307		-0.00677108764648
3.87016296387		-0.00169658660889
3.87492108345		4.38763999939
3.87966394424		5.03716087341
3.8844139576		5.04730892181
3.88929009438		2.393409729
3.8940410614		-0.00169658660889
3.89879608154		-0.00677108764648
3.90353989601		0.150534629822
3.9082930088		5.04730892181
3.91304397583		5.04223537445
3.91779589653		5.04223537445
3.92254400253		1.54091453552
3.92738604546		-0.00677108764648
3.93217897415		-0.00169658660889
3.93692088127		1.37345981598
3.94167208672		5.04223537445
3.946434021		5.04223537445
3.95117211342		4.45868110657
3.95592999458		0.617377281189
3.9606719017		-0.00169658660889
3.96543192863		-0.00169658660889
3.97019195557		2.61668205261
3.97493195534		5.04223537445
3.97967600822		5.04223537445
3.9844250679		3.65185546875
3.98930311203		-0.00169658660889
3.99407196045		-0.00169658660889
3.99879789352		-0.00169658660889
4.0035469532		3.93602085114
4.00831198692		5.04730892181
4.01305508614		5.04223537445
4.01780605316		2.80950832367
4.02255606651		-0.00677108764648
4.02734708786		-0.00169658660889
4.0321969986		-0.00169658660889
4.03694391251		5.01686286926
4.0416829586		5.04223537445
4.04644703865		5.03716087341
4.05118393898		1.87582302094
4.0559360981		-0.00677108764648
4.06068396568		-0.00677108764648
4.06544208527		0.779757499695
4.07018709183		5.03208637238
4.07494592667		5.03716087341
4.07969999313		4.86970615387
4.08443903923		0.982732772827
4.08931589127		-0.00677108764648
4.09406590462		-0.00169658660889
4.09881806374		2.09909534454
4.10356807709		5.02701187134
4.10832595825		5.03716087341
4.11306810379		3.9918384552
4.11781811714		0.155609130859
4.12256908417		-0.00169658660889
4.12747001648		-0.00677108764648
4.13219499588		3.47932624817
4.13694405556		5.03208637238
4.14169502258		5.04223537445
4.14645409584		3.10382270813
4.15119600296		-0.00169658660889
4.15608096123		-0.00169658660889
4.16082000732		-0.00677108764648
4.16560506821		4.75299549103
4.17045307159		5.03716087341
4.17520689964		5.04223537445
4.18007588387		1.99760818481
4.18483400345		-0.00677108764648
4.18957591057		-0.00169658660889
4.19432806969		0.678269386292
4.19919610023		5.04223537445
4.20394396782		5.03716087341
4.20870900154		4.89000320435
4.21345591545		1.04362487793
4.21823406219		-0.00169658660889
4.22295498848		-0.00169658660889
4.2277109623		1.94178962708
4.23245501518		5.04223537445
4.23721599579		5.04223537445
4.24195790291		4.10854911804
4.24671697617		0.262170791626
4.25146007538		-0.00677108764648
4.25620794296		-0.00169658660889
4.26095795631		3.14949226379
4.2657160759		5.04223537445
4.27046108246		5.04223537445
4.27521896362		3.3118724823
4.27996110916		-0.00169658660889
4.28471803665		-0.00169658660889
4.28946089745		-0.00169658660889
4.29421401024		4.31152439117
4.29896306992		5.04223537445
4.30371403694		5.03716087341
4.30846595764		2.53549194336
4.31321406364		-0.00169658660889
4.31796693802		-0.00169658660889
4.32271695137		0.0388984680176
4.32747602463		5.04223537445
4.3322160244		5.04223537445
4.33696699142		5.04223537445
4.34171795845		1.69314575195
4.3464820385		-0.00169658660889
4.3512198925		-0.00169658660889
4.35596990585		1.01825332642
4.3607211113		5.04223537445
4.36548304558		5.04730892181
4.37023711205		4.7124004364
4.3749859333		0.85587310791
4.37972402573		-0.00169658660889
4.38447189331		-0.00169658660889
4.38935089111		2.36803817749
4.39412093163		5.04223537445
4.39884710312		5.04223537445
4.40359210968		3.83453273773
4.40835905075		0.0388984680176
4.41310191154		-0.00169658660889
4.41785502434		-0.00677108764648
4.42260193825		3.58081436157
4.42739200592		5.04223537445
4.43223190308		5.04730892181
4.43698906898		2.94144248962
4.4417309761		-0.00169658660889
4.44648790359		-0.00169658660889
4.45123195648		-0.00169658660889
4.45598101616		4.79866504669
4.46073293686		5.04223537445
4.46549010277		5.04223537445
4.47023391724		2.13461589813
4.47499299049		-0.00169658660889
4.47973394394		-0.00169658660889
4.48448491096		0.490517616272
4.48936200142		5.04223537445
4.4941110611		5.04223537445
4.4988629818		4.99149131775
4.50361299515		1.18063354492
4.50836396217		-0.00169658660889
4.51311397552		-0.00677108764648
4.51786589622		1.72866630554
4.52262091637		5.04223537445
4.52745699883		5.04730892181
4.53223991394		4.14914417267
4.53699302673		0.297691345215
4.54174399376		-0.00677108764648
4.54649400711		-0.00169658660889
4.55124211311		3.14949226379
4.55600190163		5.04223537445
4.56074500084		5.02701187134
4.56549501419		3.35246753693
4.57026791573		-0.00169658660889
4.57500195503		-0.00169658660889
4.57974696159		-0.00169658660889
4.58453202248		4.3013753891
4.58937191963		5.04730892181
4.59413695335		5.04223537445
4.59886598587		2.47459983826
4.60361599922		-0.00169658660889
4.60838699341		-0.00169658660889
4.61311602592		0.0693445205688
4.61787104607		5.04223537445
4.62261795998		5.04730892181
4.62743997574		5.04223537445
4.63224411011		1.5104675293
4.63699388504		-0.00677108764648
4.64174509048		-0.00169658660889
4.64649391174		1.24660015106
4.65124988556		5.04223537445
4.65600204468		5.04730892181
4.66075897217		4.56016921997
4.66551804543		0.678269386292
4.67026495934		-0.00169658660889
4.67501401901		-0.00677108764648
4.6797580719		2.46445083618
4.68451690674		5.04223537445
4.68925905228		5.04223537445
4.69400906563		3.76349163055
4.69876289368		0.0135259628296
4.70350909233		-0.00169658660889
4.70826196671		-0.00169658660889
4.71301102638		3.71274757385
4.71778392792		5.04223537445
4.7225151062		5.04223537445
4.72736406326		2.87040138245
4.73214292526		-0.00169658660889
4.73689198494		-0.00677108764648
4.74164295197		-0.00169658660889
4.74641609192		4.9103012085
4.75114202499		5.04223537445
4.75590205193		5.04223537445
4.76064395905		2.05342674255
4.76539993286		-0.00169658660889
4.77015805244		-0.00169658660889
4.77490210533		0.546336174011
4.77964496613		5.04730892181
4.78439593315		5.04223537445
4.78927206993		4.94582176208
4.79402208328		1.10959243774
4.79877090454		-0.00169658660889
4.8035159111		-0.00169658660889
4.8082818985		1.83522796631
4.81302499771		5.04223537445
4.8177819252		5.04223537445
4.82257390022		4.12884712219
4.82747006416		0.175906181335
4.83227801323		-0.00169658660889
4.83703398705		-0.00169658660889
4.84177899361		3.36261558533
4.84653711319		5.04223537445
4.85128188133		5.04730892181
4.85602807999		3.17993831635
4.86078310013		-0.00169658660889
4.86554002762		-0.00677108764648
4.87028002739		-0.00677108764648
4.87503790855		4.50942516327
4.87978696823		5.04223537445
4.88463997841		5.04730892181
4.8894109726		2.28684806824
4.89415788651		-0.00169658660889
4.89891195297		-0.00677108764648
4.90368103981		0.343360900879
4.90854096413		5.04223537445
4.91328692436		5.04223537445
4.9180419445		5.03716087341
4.92278790474		1.33286476135
4.92753791809		-0.00169658660889
4.93228697777		-0.00677108764648
4.93703889847		1.50539302826
4.94178700447		5.04730892181
4.94655799866		5.04223537445
4.95129108429		4.36226844788
4.95604896545		0.526038169861
4.96079111099		-0.00169658660889
4.96555709839		-0.00169658660889
4.97031402588		2.7536907196
4.97504901886		5.04223537445
4.97979307175		5.04223537445
4.98455095291		3.58588886261
4.98929595947		-0.00169658660889
4.99404501915		-0.00169658660889
4.99879002571		-0.00169658660889
