0.000128984451294		2.64712810516
0.00433802604675		2.24625301361
0.0074679851532		2.72831821442
0.0105907917023		2.51519489288
0.0137119293213		2.3426656723
0.0168368816376		2.80443382263
0.019966840744		2.31221961975
0.023087978363		2.56593894958
0.0262110233307		2.69279766083
0.0293388366699		2.25132751465
0.0324628353119		2.7536907196
0.0355889797211		2.46952533722
0.0387139320374		2.37818622589
0.041839838028		2.79936027527
0.0449647903442		2.28684806824
0.0480890274048		2.61160755157
0.0512189865112		2.65727710724
0.0543429851532		2.25640106201
0.057464838028		2.77398777008
0.0605969429016		2.43907928467
0.0637509822845		2.40863323212
0.0668408870697		2.77906227112
0.0699858665466		2.27162456512
0.0730998516083		2.6420545578
0.0762238502502		2.61668205261
0.0793519020081		2.27669906616
0.0824778079987		2.79428577423
0.085599899292		2.393409729
0.0887258052826		2.45430183411
0.0918509960175		2.76383876801
0.0949759483337		2.25640106201
0.0981018543243		2.67757511139
0.101226806641		2.57608699799
0.10435295105		2.29699611664
0.107475996017		2.79936027527
0.110603809357		2.35788917542
0.113729000092		2.49997138977
0.116854906082		2.74354171753
0.119982004166		2.24625301361
0.123104810715		2.70802116394
0.126227855682		2.53549194336
0.129362821579		2.32744312286
0.132481813431		2.80443382263
0.135605812073		2.32236862183
0.138737916946		2.5405664444
0.141855955124		2.70802116394
0.14498090744		2.24625301361
0.148108959198		2.74354171753
0.15123295784		2.49489688873
0.154357910156		2.35788917542
0.157482862473		2.79428577423
0.160615921021		2.29699611664
0.163733959198		2.58623600006
0.166858911514		2.67757511139
0.169986963272		2.25132751465
0.17311000824		2.76383876801
0.176237821579		2.44922733307
0.179369926453		2.393409729
0.182488918304		2.78921127319
0.185613870621		2.27669906616
0.188745975494		2.62175655365
0.191865921021		2.63698005676
0.194989919662		2.26147556305
0.198113918304		2.77906227112
0.201238870621		2.41370677948
0.204363822937		2.43907928467
0.207489013672		2.77398777008
0.210616827011		2.26147556305
0.213739871979		2.65727710724
0.216866970062		2.59638500214
0.219995975494		2.28684806824
0.223115921021		2.79936027527
0.226243972778		2.37311172485
0.229378938675		2.47459983826
0.232493877411		2.7536907196
0.235617876053		2.25132751465
0.238744974136		2.69787216187
0.241873979568		2.56086444855
0.244994878769		2.31729412079
0.248121023178		2.80950832367
0.251245975494		2.3426656723
0.254370927811		2.52026939392
0.257502794266		2.72831821442
0.260623931885		2.24625301361
0.263747930527		2.72831821442
0.266870975494		2.51519489288
0.270005941391		2.33759117126
0.273125886917		2.80443382263
0.276251792908		2.31221961975
0.279379844666		2.56086444855
0.282501935959		2.69279766083
0.285627841949		2.25132751465
0.288758993149		2.74861621857
0.291877985001		2.47459983826
0.295004844666		2.37818622589
0.298126935959		2.79936027527
0.301259994507		2.28684806824
0.304379940033		2.60145950317
0.307504892349		2.65727710724
0.310633897781		2.25640106201
0.313756942749		2.77906227112
0.31688284874		2.42893028259
0.320007801056		2.41370677948
0.323130846024		2.78413677216
0.326257944107		2.27162456512
0.329391002655		2.6420545578
0.33250784874		2.62175655365
0.335634946823		2.27162456512
0.338765859604		2.78921127319
0.34188580513		2.393409729
0.345009803772		2.45430183411
0.348134994507		2.76383876801
0.351262807846		2.25640106201
0.354393005371		2.67757511139
0.357511997223		2.57608699799
0.360641002655		2.30207061768
0.363765954971		2.80443382263
0.366890907288		2.35788917542
0.370013952255		2.50504589081
0.373138904572		2.73339271545
0.376262903214		2.25132751465
0.379396915436		2.70802116394
0.382513999939		2.53549194336
0.385640859604		2.32236862183
0.388772964478		2.80443382263
0.391891956329		2.32744312286
0.395016908646		2.54564094543
0.398144006729		2.71309566498
0.401271820068		2.24117851257
0.404392004013		2.74354171753
0.407517910004		2.49489688873
0.410645008087		2.35281467438
0.413770914078		2.80443382263
0.41689491272		2.29699611664
0.420024871826		2.58623600006
0.423146009445		2.67757511139
0.42627286911		2.25640106201
0.429404973984		2.75876522064
0.432523012161		2.45430183411
0.435647010803		2.393409729
0.438773870468		2.78921127319
0.44189786911		2.27669906616
0.445022821426		2.62683105469
0.448146820068		2.63698005676
0.451279878616		2.26655006409
0.454397916794		2.78413677216
0.457523822784		2.40863323212
0.460652828217		2.43400478363
0.463778018951		2.77906227112
0.466917991638		2.26147556305
0.470027923584		2.66235160828
0.473151922226		2.60145950317
0.476274967194		2.28684806824
0.479411840439		2.79936027527
0.482527971268		2.37311172485
0.485653877258		2.47459983826
0.488787889481		2.76383876801
0.491906881332		2.24625301361
0.495028972626		2.69787216187
0.498155832291		2.55071544647
0.501282930374		2.31221961975
0.504406929016		2.80443382263
0.507530927658		2.33759117126
0.510658979416		2.52026939392
0.513782024384		2.72324466705
0.516908884048		2.24625301361
0.520036935806		2.72831821442
0.5231590271		2.51519489288
0.52628493309		2.33759117126
0.529416799545		2.80443382263
0.53253698349		2.30714511871
0.535661935806		2.56086444855
0.538791894913		2.7029466629
0.541911840439		2.24625301361
0.545038938522		2.7536907196
0.54816699028		2.4898223877
0.551289796829		2.37311172485
0.554410934448		2.79428577423
0.557537794113		2.28684806824
0.560664892197		2.60653305054
0.563789844513		2.65727710724
0.566915988922		2.26147556305
0.570040941238		2.76891326904
0.573165893555		2.43400478363
0.576290845871		2.41370677948
0.579423904419		2.78921127319
0.582541942596		2.26655006409
0.585666894913		2.6420545578
0.588799953461		2.61668205261
0.591916799545		2.27162456512
0.595043897629		2.79428577423
0.598169803619		2.41878128052
0.601300001144		2.45430183411
0.604420900345		2.76383876801
0.607544898987		2.25640106201
0.610672950745		2.68264961243
0.613795995712		2.57608699799
0.616922855377		2.29699611664
0.620048999786		2.80443382263
0.623171806335		2.35281467438
0.626295804977		2.50504589081
0.629436016083		2.74861621857
0.632553815842		2.25132751465
0.635672807693		2.70802116394
0.638804912567		2.53549194336
0.641924858093		2.32744312286
0.645066022873		2.80443382263
0.648175954819		2.33759117126
0.651300907135		2.5405664444
0.654425859451		2.71309566498
0.65755200386		2.24625301361
0.660678863525		2.73846721649
0.663805961609		2.49997138977
0.666926860809		2.35788917542
0.670053958893		2.80443382263
0.673177957535		2.29699611664
0.676303863525		2.58623600006
0.679430007935		2.67757511139
0.682556867599		2.25132751465
0.685679912567		2.76383876801
0.688812971115		2.44922733307
0.691931009293		2.393409729
0.695053815842		2.79428577423
0.698180913925		2.2919216156
0.701310873032		2.62683105469
0.704432010651		2.63698005676
0.707556962967		2.26147556305
0.710685968399		2.78413677216
0.713807821274		2.41370677948
0.716934919357		2.43400478363
0.720060825348		2.77906227112
0.723183870316		2.25640106201
0.726310968399		2.66235160828
0.729444980621		2.60653305054
0.732568979263		2.2817735672
0.735687971115		2.79428577423
0.738818883896		2.37818622589
0.741944789886		2.47459983826
0.745064020157		2.7536907196
0.748188972473		2.25640106201
0.751314878464		2.69279766083
0.754438877106		2.55578994751
0.757565021515		2.30714511871
0.76069188118		2.80950832367
0.763815879822		2.33759117126
0.766939878464		2.52026939392
0.77006983757		2.72831821442
0.773191928864		2.24625301361
0.776315927505		2.72831821442
0.779449939728		2.51519489288
0.782569885254		2.33759117126
0.785692930222		2.80443382263
0.788827896118		2.31729412079
0.79194688797		2.56086444855
0.795068979263		2.69279766083
0.79819393158		2.24625301361
0.801322937012		2.75876522064
0.804447889328		2.46952533722
0.80757188797		2.37818622589
0.810696840286		2.79428577423
0.813822984695		2.28684806824
0.816946983337		2.60653305054
0.820076942444		2.65727710724
0.823197841644		2.26655006409
0.826323986053		2.77906227112
0.829456806183		2.43907928467
0.832573890686		2.41370677948
0.835698843002		2.77906227112
0.838832855225		2.27162456512
0.841950893402		2.63698005676
0.845081806183		2.62175655365
0.848201990128		2.26655006409
0.851328849792		2.79428577423
0.854452848434		2.38833522797
0.857577800751		2.45937633514
0.86070394516		2.76891326904
0.863828897476		2.25640106201
0.866954803467		2.67757511139
0.870080947876		2.57608699799
0.873205900192		2.29699611664
0.876329898834		2.80443382263
0.879454851151		2.35788917542
0.882581949234		2.49489688873
0.88570690155		2.74354171753
0.888839006424		2.24625301361
0.89195895195		2.71309566498
0.895082950592		2.53549194336
0.898209810257		2.31729412079
0.901333808899		2.80443382263
0.904458999634		2.32236862183
0.907584905624		2.5405664444
0.910710811615		2.71309566498
0.913836956024		2.25132751465
0.916962862015		2.74354171753
0.920090913773		2.49489688873
0.923211812973		2.35281467438
0.926338911057		2.80443382263
0.92946100235		2.30207061768
0.932588815689		2.58116149902
0.935719013214		2.67757511139
0.938845872879		2.25132751465
0.941962957382		2.76891326904
0.945087909698		2.44922733307
0.948215961456		2.38326072693
0.951339960098		2.78921127319
0.954464912415		2.27669906616
0.957588911057		2.62175655365
0.960718870163		2.63698005676
0.963840961456		2.27162456512
0.966966867447		2.78413677216
0.97011089325		2.41878128052
0.973217964172		2.42893028259
0.976341962814		2.77906227112
0.979511976242		2.26655006409
0.982594966888		2.66235160828
0.985719919205		2.59638500214
0.988852977753		2.2817735672
0.99197101593		2.79428577423
0.995095968246		2.37311172485
0.998220920563		2.46445083618
1.00134682655		2.75876522064
1.00447297096		2.25640106201
1.0075969696		2.69279766083
1.01072502136		2.56086444855
1.01384902		2.30714511871
1.01697301865		2.80443382263
1.02010202408		2.33251667023
1.02322483063		2.52026939392
1.02635002136		2.72831821442
1.02951002121		2.24625301361
1.03260588646		2.72831821442
1.03572487831		2.51519489288
1.03885889053		2.3426656723
1.04197692871		2.80443382263
1.04510188103		2.31221961975
1.04822587967		2.55071544647
1.05135393143		2.69279766083
1.05447888374		2.25132751465
1.05760288239		2.7536907196
1.06072998047		2.47459983826
1.06385684013		2.36803817749
1.06697893143		2.79936027527
1.07010698318		2.28684806824
1.07322978973		2.60653305054
1.07635498047		2.65727710724
1.07956290245		2.25132751465
1.08260893822		2.77398777008
1.08573293686		2.43400478363
1.08886599541		2.41370677948
1.09198379517		2.78413677216
1.0951089859		2.27162456512
1.09823393822		2.63190555573
1.10136079788		2.61668205261
1.10448479652		2.27162456512
1.10760998726		2.78921127319
1.11073899269		2.393409729
1.11386084557		2.45430183411
1.11698889732		2.76383876801
1.12011384964		2.25640106201
1.12323880196		2.68264961243
1.12636184692		2.57608699799
1.12952899933		2.2919216156
1.13261389732		2.80443382263
1.13573884964		2.35788917542
1.13887095451		2.49489688873
1.14198994637		2.74354171753
1.14511680603		2.25132751465
1.14823889732		2.7029466629
1.15136790276		2.5405664444
1.15449094772		2.32236862183
1.15761685371		2.80443382263
1.16074299812		2.32744312286
1.16386890411		2.54564094543
1.16699385643		2.71309566498
1.1701169014		2.25132751465
1.17323684692		2.73846721649
1.17636084557		2.4898223877
1.17957687378		2.33759117126
1.1826210022		2.79936027527
1.18574500084		2.29699611664
1.18887782097		2.57608699799
1.19199681282		2.68264961243
1.19511985779		2.25640106201
1.1982460022		2.75876522064
1.2013759613		2.45430183411
1.2044968605		2.38833522797
1.20762181282		2.78921127319
1.21074986458		2.27669906616
1.21387290955		2.63190555573
1.21699786186		2.63698005676
1.22012782097		2.26655006409
1.22324800491		2.78413677216
1.22637891769		2.41370677948
1.22953796387		2.42385578156
1.2326259613		2.77906227112
1.23575186729		2.26147556305
1.2388780117		2.65727710724
1.24200797081		2.60145950317
1.24512791634		2.28684806824
1.24825286865		2.79428577423
1.25137901306		2.37311172485
1.25450396538		2.47967433929
1.25762796402		2.7536907196
1.26075601578		2.25132751465
1.26388001442		2.69787216187
1.26700592041		2.56086444855
1.27014398575		2.31221961975
1.27325701714		2.79936027527
1.27638292313		2.33759117126
1.27954602242		2.50504589081
1.28263187408		2.73339271545
1.28575897217		2.25132751465
1.28889083862		2.72831821442
1.29200792313		2.51012039185
1.29513287544		2.3426656723
1.29825997353		2.80443382263
1.30138683319		2.31221961975
1.30450987816		2.56593894958
1.30763602257		2.69787216187
1.31076288223		2.24625301361
1.3138859272		2.7536907196
1.31701302528		2.47459983826
1.32014393806		2.37311172485
1.32326889038		2.79428577423
1.32638788223		2.2817735672
1.32955288887		2.58623600006
1.33263993263		2.65727710724
1.33576393127		2.26147556305
1.33889579773		2.77906227112
1.34201478958		2.43400478363
1.34514093399		2.41370677948
1.34826493263		2.78921127319
1.3513917923		2.26655006409
1.35451793671		2.64712810516
1.3576438427		2.61668205261
1.36076784134		2.27669906616
1.36389279366		2.79428577423
1.36701893806		2.38833522797
1.37014698982		2.45430183411
1.37326979637		2.76891326904
1.37639379501		2.25640106201
1.37960195541		2.65727710724
1.38264584541		2.57608699799
1.38577079773		2.2919216156
1.38890600204		2.80443382263
1.39202284813		2.35281467438
1.39514684677		2.49997138977
1.39827179909		2.74354171753
1.40139985085		2.25132751465
1.40452384949		2.70802116394
1.40764784813		2.5405664444
1.41077589989		2.32744312286
1.41389989853		2.80443382263
1.41702580452		2.32236862183
1.42015981674		2.53549194336
1.42327690125		2.71309566498
1.42640280724		2.25132751465
1.42956495285		2.73846721649
1.43265390396		2.49489688873
1.43577694893		2.35788917542
1.43890881538		2.79936027527
1.44202780724		2.29699611664
1.44515299797		2.58623600006
1.44828486443		2.69279766083
1.45140695572		2.25132751465
1.45452880859		2.76383876801
1.457654953		2.45430183411
1.46078181267		2.393409729
1.46390891075		2.79428577423
1.46703195572		2.27669906616
1.47016096115		2.62175655365
1.47328281403		2.63698005676
1.47640800476		2.26655006409
1.47962594032		2.77398777008
1.48266196251		2.41370677948
1.48578500748		2.43400478363
1.4889190197		2.77398777008
1.49203681946		2.26147556305
1.49515986443		2.66235160828
1.49828696251		2.61668205261
1.5014128685		2.28684806824
1.50453686714		2.79936027527
1.50766086578		2.37311172485
1.51078796387		2.47459983826
1.51391386986		2.7536907196
1.51704502106		2.25132751465
1.52016592026		2.69787216187
1.52329087257		2.55578994751
1.52641391754		2.31221961975
1.52957582474		2.80443382263
1.53266596794		2.3426656723
1.53579092026		2.52026939392
1.53892493248		2.72831821442
1.54204297066		2.24625301361
1.54516887665		2.72831821442
1.54829287529		2.53041744232
1.55141997337		2.3426656723
1.55454397202		2.80443382263
1.55766987801		2.30714511871
1.56079602242		2.56086444855
1.56392002106		2.69279766083
1.56704688072		2.24625301361
1.57017183304		2.7536907196
1.57329702377		2.47459983826
1.57642197609		2.37311172485
1.5796289444		2.80443382263
1.58267188072		2.2817735672
1.58579802513		2.60653305054
1.58893084526		2.66235160828
1.59205198288		2.25640106201
1.59517288208		2.77398777008
1.59829902649		2.44415378571
1.60142493248		2.41370677948
1.60454893112		2.78921127319
1.60767483711		2.26655006409
1.6108019352		2.6420545578
1.6139318943		2.61668205261
1.6170527935		2.27669906616
1.62017893791		2.79428577423
1.62330198288		2.39848423004
1.62642788887		2.45937633514
1.62958884239		2.77398777008
1.6326789856		2.25640106201
1.63580489159		2.67757511139
1.63893198967		2.58116149902
1.64205288887		2.29699611664
1.64517998695		2.79936027527
1.64832901955		2.37311172485
1.65143084526		2.49489688873
1.65455698967		2.74354171753
1.65768289566		2.25132751465
1.66080784798		2.71309566498
1.66393184662		2.53041744232
1.66705679893		2.32744312286
1.67018795013		2.80443382263
1.67330884933		2.32744312286
1.67643594742		2.5405664444
1.67964196205		2.73846721649
1.68268680573		2.24625301361
1.68580985069		2.73846721649
1.68894386292		2.49997138977
1.69206190109		2.35788917542
1.69518589973		2.80443382263
1.69831180573		2.30207061768
1.70143795013		2.58116149902
1.70456385612		2.67757511139
1.70768880844		2.25640106201
1.71082091331		2.76891326904
1.71393990517		2.45430183411
1.71706581116		2.393409729
1.72019481659		2.78921127319
1.72331380844		2.27669906616
1.72643995285		2.62683105469
1.72960281372		2.6522026062
1.73268985748		2.26147556305
1.73581695557		2.78413677216
1.73895096779		2.40863323212
1.74206900597		2.43907928467
1.74519181252		2.77906227112
1.74831986427		2.27162456512
1.75144481659		2.65727710724
1.754570961		2.59638500214
1.75769495964		2.2817735672
1.76082086563		2.79936027527
1.76394486427		2.37818622589
1.76706981659		2.47967433929
1.77020096779		2.75876522064
1.77332282066		2.25132751465
1.77644681931		2.69787216187
1.77960801125		2.57101249695
1.78269886971		2.31221961975
1.78582286835		2.80443382263
1.78895688057		2.33759117126
1.79207396507		2.52026939392
1.79519987106		2.73339271545
1.79832482338		2.24625301361
1.80145096779		2.72831821442
1.8045759201		2.51519489288
1.80770897865		2.33759117126
1.8108279705		2.79936027527
1.81395196915		2.31221961975
1.81707692146		2.56593894958
1.82020688057		2.69787216187
1.82332801819		2.24625301361
1.8264529705		2.7536907196
1.8296148777		2.48474884033
1.83270382881		2.37311172485
1.83582901955		2.79936027527
1.83896684647		2.2919216156
1.84207987785		2.60145950317
1.84520697594		2.65727710724
1.84833192825		2.25640106201
1.85145902634		2.77398777008
1.85458397865		2.43400478363
1.85770702362		2.40863323212
1.86083388329		2.78413677216
1.86396098137		2.26147556305
1.86708498001		2.6420545578
1.87020897865		2.62175655365
1.87333893776		2.27162456512
1.87645888329		2.79428577423
1.87966489792		2.41370677948
1.88271284103		2.45430183411
1.88583683968		2.76383876801
1.88896989822		2.26147556305
1.8920879364		2.67757511139
1.89521384239		2.58116149902
1.89833784103		2.28684806824
1.90146493912		2.80443382263
1.90459489822		2.36296367645
1.9077129364		2.49997138977
1.91084194183		2.74354171753
1.9139649868		2.24625301361
1.91709280014		2.70802116394
1.92021799088		2.5405664444
1.92334198952		2.32744312286
1.92646789551		2.80443382263
1.92962789536		2.33251667023
1.93271994591		2.5405664444
1.93584394455		2.70802116394
1.93897485733		2.25132751465
1.94209289551		2.74354171753
1.94521784782		2.49489688873
1.94834399223		2.3426656723
1.9514708519		2.80443382263
1.95459485054		2.29699611664
1.95772099495		2.58623600006
1.96084785461		2.68264961243
1.96397089958		2.25132751465
1.9670958519		2.76383876801
1.97022294998		2.44922733307
1.97334885597		2.393409729
1.97647285461		2.78921127319
1.97967886925		2.29699611664
1.98272490501		2.62175655365
1.985850811		2.63698005676
1.98898482323		2.26147556305
1.99210190773		2.78921127319
1.9952249527		2.41878128052
1.99835181236		2.41878128052
2.00148296356		2.77906227112
2.00460481644		2.26147556305
2.00772881508		2.66235160828
2.01085400581		2.60145950317
2.01397895813		2.28684806824
2.0171020031		2.79936027527
2.02023386955		2.37311172485
2.02335381508		2.47967433929
2.02647900581		2.75876522064
2.02964782715		2.25640106201
2.03273200989		2.69279766083
2.03585481644		2.55578994751
2.03898191452		2.30714511871
2.04210782051		2.80443382263
2.04523396492		2.3426656723
2.04835796356		2.51012039185
2.05148386955		2.72831821442
2.05460786819		2.24625301361
2.05773591995		2.72324466705
2.06086182594		2.51519489288
2.06398582458		2.3426656723
2.06710982323		2.80443382263
2.07023787498		2.31221961975
2.07336091995		2.56086444855
2.07648801804		2.7029466629
2.07968997955		2.24625301361
2.08273696899		2.7536907196
2.08586287498		2.46952533722
2.08899593353		2.36803817749
2.09211301804		2.80443382263
2.09523797035		2.28684806824
2.09841585159		2.58623600006
2.1014919281		2.65727710724
2.10461592674		2.25640106201
2.10774087906		2.77398777008
2.11086702347		2.43400478363
2.11399102211		2.41370677948
2.11711883545		2.78921127319
2.12024593353		2.26655006409
2.12336802483		2.63698005676
2.12650084496		2.62175655365
2.12962698936		2.27162456512
2.13274478912		2.79428577423
2.13586997986		2.38833522797
2.13900184631		2.45430183411
2.14211988449		2.76383876801
2.14524579048		2.25640106201
2.14836978912		2.66742610931
2.15149784088		2.58116149902
2.15462183952		2.30207061768
2.15774583817		2.79936027527
2.1608748436		2.35788917542
2.16399788857		2.49489688873
2.16712379456		2.73846721649
2.17025089264		2.25132751465
2.17337489128		2.70802116394
2.17650079727		2.53549194336
2.17963290215		2.32236862183
2.18275284767		2.80443382263
2.18587589264		2.32236862183
2.18901085854		2.5405664444
2.19212579727		2.70802116394
2.1952559948		2.25132751465
2.19837880135		2.71817016602
2.20152187347		2.49997138977
2.20463395119		2.36296367645
2.20775794983		2.79936027527
2.21088600159		2.30207061768
2.21400880814		2.58116149902
2.21713399887		2.67757511139
2.22026085854		2.24625301361
2.22338485718		2.76383876801
2.22650980949		2.44922733307
2.22964096069		2.38833522797
2.23275279999		2.78921127319
2.23588895798		2.27669906616
2.23900794983		2.62175655365
2.24213981628		2.6420545578
2.24526500702		2.26655006409
2.24842500687		2.77398777008
2.25151395798		2.41370677948
2.25463891029		2.42893028259
2.25776386261		2.77398777008
2.26090288162		2.26147556305
2.26400899887		2.66742610931
2.26713180542		2.60145950317
2.27026987076		2.27669906616
2.27338981628		2.79936027527
2.27651500702		2.37818622589
2.27964782715		2.47459983826
2.28276801109		2.74861621857
2.28589296341		2.25132751465
2.28902602196		2.69279766083
2.29214692116		2.56086444855
2.29526686668		2.31221961975
2.29842782021		2.79936027527
2.30151987076		2.33759117126
2.30464291573		2.51519489288
2.30778384209		2.73339271545
2.31089687347		2.24625301361
2.31401991844		2.72324466705
2.3171479702		2.51519489288
2.32027196884		2.33759117126
2.32339787483		2.79936027527
2.32652282715		2.31221961975
2.32965493202		2.56086444855
2.3327729702		2.69787216187
2.33589887619		2.24625301361
2.33903098106		2.74861621857
2.34214997292		2.47459983826
2.34527492523		2.37818622589
2.34840798378		2.79936027527
2.35152602196		2.28684806824
2.35465097427		2.60145950317
2.35777688026		2.66235160828
2.36090397835		2.25640106201
2.36402583122		2.77906227112
2.36715292931		2.42893028259
2.3702788353		2.40863323212
2.37340402603		2.78413677216
2.37652802467		2.26655006409
2.37966179848		2.62683105469
2.38277792931		2.61668205261
2.38590502739		2.27162456512
2.38907194138		2.78413677216
2.39217495918		2.40355873108
2.39528083801		2.45430183411
2.39841485023		2.76891326904
2.40153193474		2.25640106201
2.40465593338		2.67757511139
2.4077808857		2.57608699799
2.41092085838		2.2919216156
2.41403579712		2.79936027527
2.41715884209		2.35788917542
2.42028784752		2.49489688873
2.42340993881		2.74354171753
2.42653799057		2.25132751465
2.42966985703		2.70802116394
2.43278694153		2.53549194336
2.43592381477		2.31729412079
2.43905091286		2.80443382263
2.44216394424		2.32744312286
2.44528698921		2.53549194336
2.44842100143		2.71817016602
2.45154094696		2.25132751465
2.4546649456		2.73846721649
2.45778894424		2.49489688873
2.46092891693		2.35281467438
2.46403884888		2.79936027527
2.46716284752		2.29699611664
2.47029185295		2.58116149902
2.47341680527		2.67757511139
2.47654080391		2.25132751465
2.4796769619		2.76383876801
2.48279380798		2.45430183411
2.48592591286		2.38833522797
2.48905181885		2.79428577423
2.49216890335		2.27162456512
2.49529480934		2.62175655365
2.49842691422		2.6420545578
2.50154495239		2.26655006409
2.50467085838		2.78413677216
2.50781083107		2.42385578156
2.51092195511		2.43400478363
2.51404595375		2.77398777008
2.51717400551		2.26655006409
2.52030181885		2.66235160828
2.52342200279		2.60145950317
2.52654981613		2.2817735672
2.52968192101		2.79936027527
2.53279781342		2.36803817749
2.53594088554		2.46445083618
2.53905797005		2.75876522064
2.54217600822		2.25132751465
2.54530096054		2.69787216187
2.548432827		2.56086444855
2.55155181885		2.30714511871
2.55467700958		2.80443382263
2.55780291557		2.33759117126
2.56092882156		2.52026939392
2.56405186653		2.72831821442
2.56718182564		2.24625301361
2.57030487061		2.72324466705
2.57342982292		2.51519489288
2.57655382156		2.3426656723
2.57968688011		2.80950832367
2.58283090591		2.32236862183
2.58592987061		2.56086444855
2.5890789032		2.69787216187
2.59218287468		2.25132751465
2.59530687332		2.74861621857
2.5984389782		2.47967433929
2.60155701637		2.37311172485
2.60468387604		2.79428577423
2.60780882835		2.28684806824
2.61093592644		2.60145950317
2.61405992508		2.66742610931
2.61718583107		2.25640106201
2.6203148365		2.77398777008
2.62343502045		2.42893028259
2.62656188011		2.40863323212
2.62969493866		2.78921127319
2.63281393051		2.27162456512
2.63594889641		2.6420545578
2.6390709877		2.62175655365
2.64218783379		2.27162456512
2.64531302452		2.78921127319
2.64844679832		2.39848423004
2.65156388283		2.45430183411
2.65469002724		2.76383876801
2.65781593323		2.25640106201
2.66095590591		2.67250061035
2.66406679153		2.58623600006
2.66719198227		2.2919216156
2.67031884193		2.79936027527
2.6734418869		2.35281467438
2.67656898499		2.49489688873
2.67970895767		2.74861621857
2.68281984329		2.25132751465
2.68594384193		2.71309566498
2.68907785416		2.54564094543
2.69219493866		2.32236862183
2.69531989098		2.80443382263
2.69845294952		2.32236862183
2.70157194138		2.5405664444
2.70469689369		2.71817016602
2.70783901215		2.24625301361
2.71094989777		2.73339271545
2.71407198906		2.49997138977
2.7171998024		2.35788917542
2.72032594681		2.79936027527
2.72344899178		2.29699611664
2.72657299042		2.58116149902
2.72971200943		2.67757511139
2.73282384872		2.25132751465
2.73597288132		2.75876522064
2.73908400536		2.46445083618
2.74220299721		2.393409729
2.74532699585		2.79428577423
2.7484588623		2.27669906616
2.75157785416		2.62175655365
2.7547018528		2.6420545578
2.75782680511		2.26147556305
2.76095581055		2.78413677216
2.76407790184		2.40863323212
2.76720190048		2.43400478363
2.77033090591		2.77906227112
2.77345490456		2.26147556305
2.77658486366		2.65727710724
2.77971792221		2.61160755157
2.7828309536		2.28684806824
2.78595685959		2.79936027527
2.78910493851		2.37818622589
2.79222202301		2.46952533722
2.79533290863		2.75876522064
2.79846692085		2.25132751465
2.8015859127		2.69279766083
2.80470895767		2.55578994751
2.80783390999		2.31221961975
2.81096196175		2.80443382263
2.81408596039		2.33759117126
2.8172109127		2.51519489288
2.82033991814		2.72831821442
2.8234629631		2.24625301361
2.82658696175		2.72831821442
2.82972288132		2.52534389496
2.83283782005		2.33759117126
2.83597397804		2.80443382263
2.83910179138		2.31221961975
2.84221696854		2.55578994751
2.84534287453		2.7029466629
2.84847283363		2.25132751465
2.85159087181		2.74861621857
2.85471796989		2.47967433929
2.85784292221		2.37311172485
2.86098384857		2.79936027527
2.86409401894		2.2919216156
2.86721992493		2.60145950317
2.87034487724		2.65727710724
2.87347388268		2.25132751465
2.87659502029		2.77398777008
2.87973093987		2.43907928467
2.88284397125		2.41370677948
2.88596987724		2.78413677216
2.88910293579		2.26655006409
2.89221787453		2.6420545578
2.89534497261		2.62175655365
2.89848089218		2.26655006409
2.90159583092		2.78921127319
2.90472102165		2.38833522797
2.90786290169		2.43907928467
2.91097593307		2.76891326904
2.91409802437		2.25640106201
2.91722583771		2.67250061035
2.92035484314		2.58116149902
2.92347383499		2.28684806824
2.9265999794		2.79936027527
2.92973589897		2.35788917542
2.93285083771		2.49489688873
2.93599390984		2.74354171753
2.93911099434		2.24625301361
2.94222688675		2.70802116394
2.94535183907		2.53549194336
2.94848680496		2.32744312286
2.95160388947		2.80443382263
2.95472979546		2.32744312286
2.9578537941		2.53549194336
2.96097993851		2.71309566498
2.96410393715		2.24625301361
2.96722984314		2.73339271545
2.97036385536		2.50504589081
2.97348189354		2.35281467438
2.97660684586		2.79936027527
2.97974300385		2.30207061768
2.9828748703		2.57101249695
2.98598480225		2.67757511139
2.98913097382		2.25132751465
2.99223589897		2.76383876801
2.99535894394		2.44922733307
2.99849081039		2.38833522797
3.00160980225		2.79428577423
3.00473499298		2.27669906616
3.0078599453		2.62175655365
3.01098895073		2.63698005676
3.01411294937		2.26147556305
3.01723694801		2.78413677216
3.02036595345		2.41878128052
3.02353096008		2.41878128052
3.02661681175		2.77906227112
3.0297498703		2.26147556305
3.03286600113		2.66235160828
3.03600382805		2.60145950317
3.0391228199		2.28684806824
3.04224181175		2.79428577423
3.04536795616		2.37818622589
3.04849886894		2.46445083618
3.05161786079		2.75876522064
3.05474185944		2.25640106201
3.05786991119		2.69279766083
3.06101083755		2.56593894958
3.06412482262		2.30207061768
3.0672519207		2.80443382263
3.07037091255		2.33759117126
3.07349491119		2.51519489288
3.07662081718		2.72831821442
3.07975482941		2.24625301361
3.08287191391		2.72324466705
3.08599996567		2.51519489288
3.08913087845		2.3426656723
3.09224891663		2.80443382263
3.09537386894		2.31729412079
3.09852600098		2.54564094543
3.10162782669		2.69787216187
3.10474896431		2.25132751465
3.107888937		2.74861621857
3.11100482941		2.4898223877
3.11413002014		2.37311172485
3.11725282669		2.79936027527
3.1203789711		2.2817735672
3.12350082397		2.60145950317
3.12662792206		2.66235160828
3.12976193428		2.25640106201
3.13287901878		2.76891326904
3.1360039711		2.43400478363
3.13913488388		2.40355873108
3.14225482941		2.78413677216
3.14538002014		2.27162456512
3.14851498604		2.63190555573
3.15163087845		2.62175655365
3.15475702286		2.26655006409
3.15788197517		2.78921127319
3.16101098061		2.393409729
3.1641368866		2.44922733307
3.16725802422		2.76891326904
3.17038583755		2.25640106201
3.17350792885		2.67757511139
3.17663598061		2.57608699799
3.17976999283		2.28684806824
3.18288493156		2.79936027527
3.18601179123		2.35788917542
3.18915700912		2.48474884033
3.19227600098		2.74861621857
3.1953868866		2.24625301361
3.19851899147		2.71309566498
3.20163679123		2.53549194336
3.20476198196		2.31729412079
3.20788788795		2.79936027527
3.21101784706		2.32744312286
3.21414494514		2.53549194336
3.21726298332		2.71309566498
3.22039079666		2.24625301361
3.2235147953		2.73846721649
3.22663998604		2.49489688873
3.22977089882		2.35281467438
3.23288297653		2.79936027527
3.23602080345		2.29699611664
3.23915195465		2.57101249695
3.24227190018		2.68264961243
3.24539279938		2.25132751465
3.24851989746		2.76383876801
3.25164484978		2.45937633514
3.25476980209		2.38833522797
3.25789499283		2.79428577423
3.26103496552		2.2817735672
3.26413679123		2.62175655365
3.26726484299		2.63698005676
3.270403862		2.26147556305
3.27352190018		2.78413677216
3.27664589882		2.40863323212
3.27978181839		2.42893028259
3.28290081024		2.77398777008
3.28602385521		2.26655006409
3.28915691376		2.65727710724
3.29227399826		2.60145950317
3.29539895058		2.2817735672
3.29853200912		2.78921127319
3.30165100098		2.37311172485
3.30477690697		2.47459983826
3.30791592598		2.75876522064
3.31102800369		2.25640106201
3.31415081024		2.68772315979
3.31727981567		2.56086444855
3.32040691376		2.30714511871
3.32352900505		2.79936027527
3.32665395737		2.3426656723
3.32978200912		2.51519489288
3.332903862		2.72831821442
3.33604598045		2.24625301361
3.33916401863		2.72324466705
3.34228181839		2.52026939392
3.34540700912		2.3426656723
3.34853792191		2.79936027527
3.35165691376		2.31221961975
3.35478186607		2.56086444855
3.35791492462		2.69787216187
3.36103582382		2.24625301361
3.36415791512		2.74354171753
3.3672850132		2.47459983826
3.37041091919		2.36803817749
3.37353587151		2.80443382263
3.37665891647		2.2817735672
3.37978792191		2.5913105011
3.38292980194		2.66742610931
3.38603687286		2.25640106201
3.38918495178		2.76891326904
3.39228796959		2.43400478363
3.39541196823		2.41370677948
3.39854502678		2.78413677216
3.40166282654		2.26655006409
3.40478682518		2.63698005676
3.40791296959		2.61668205261
3.41104483604		2.27162456512
3.41416501999		2.78921127319
3.41729187965		2.38833522797
3.42041683197		2.44922733307
3.42353200912		2.76891326904
3.42665791512		2.25640106201
3.42979884148		2.67757511139
3.43291783333		2.57608699799
3.43606901169		2.2919216156
3.43917798996		2.79428577423
3.44229483604		2.35788917542
3.44542002678		2.49489688873
3.44855284691		2.74354171753
3.45167088509		2.24625301361
3.45480084419		2.7029466629
3.45791983604		2.53549194336
3.46106100082		2.31729412079
3.46417498589		2.80950832367
3.46729779243		2.32236862183
3.47042489052		2.53549194336
3.47354793549		2.71309566498
3.4766728878		2.24625301361
3.47980189323		2.73846721649
3.48292183876		2.49489688873
3.48605179787		2.35281467438
3.48918199539		2.79936027527
3.49230098724		2.29699611664
3.49542689323		2.58116149902
3.49855899811		2.68264961243
3.50167894363		2.25132751465
3.5048148632		2.75876522064
3.50794291496		2.46445083618
3.51105690002		2.38326072693
3.51417994499		2.78921127319
3.51730680466		2.27669906616
3.5204308033		2.62175655365
3.52355384827		2.63190555573
3.52668094635		2.26147556305
3.52980589867		2.78413677216
3.53292989731		2.41370677948
3.5360558033		2.43400478363
3.53918886185		2.77398777008
3.54231095314		2.26147556305
3.54543280602		2.65727710724
3.54856395721		2.60145950317
3.55168890953		2.27669906616
3.55480885506		2.79936027527
3.55793380737		2.37311172485
3.56106090546		2.46952533722
3.5641849041		2.7536907196
3.56731081009		2.25132751465
3.5704369545		2.69279766083
3.57356286049		2.55578994751
3.57668590546		2.31221961975
3.57981181145		2.79936027527
3.58293700218		2.33759117126
3.58606696129		2.51012039185
3.58921289444		2.73846721649
3.59233093262		2.24625301361
3.59543895721		2.72324466705
3.59857296944		2.52026939392
3.60169100761		2.33759117126
3.60481500626		2.80443382263
3.60794091225		2.31221961975
3.61107087135		2.55578994751
3.61419200897		2.69279766083
3.61731696129		2.24625301361
3.62044596672		2.74861621857
3.6235678196		2.47459983826
3.62669301033		2.37311172485
3.62982082367		2.79936027527
3.63294386864		2.28684806824
3.63608288765		2.5913105011
3.63920879364		2.66742610931
3.64232087135		2.25640106201
3.64544582367		2.77398777008
3.64858388901		2.43907928467
3.65170097351		2.40355873108
3.65482401848		2.78921127319
3.65794897079		2.27162456512
3.66108679771		2.63698005676
3.66419792175		2.62175655365
3.66732501984		2.27162456512
3.6704518795		2.78413677216
3.67357301712		2.393409729
3.67670083046		2.44922733307
3.67982697487		2.76891326904
3.68295097351		2.25132751465
3.6860768795		2.67757511139
3.6892118454		2.58116149902
3.6923289299		2.29699611664
3.6954498291		2.80443382263
3.69858694077		2.35788917542
3.7017018795		2.49489688873
3.70482897758		2.73846721649
3.70796895027		2.25132751465
3.71108293533		2.70802116394
3.71420502663		2.5405664444
3.71733283997		2.32236862183
3.7204618454		2.79936027527
3.72358083725		2.32236862183
3.72670578957		2.5405664444
3.72983288765		2.71817016602
3.73295688629		2.24625301361
3.73609995842		2.72831821442
3.73921489716		2.49489688873
3.74233484268		2.35281467438
3.74546599388		2.80443382263
3.74859380722		2.30207061768
3.75170779228		2.57608699799
3.75483584404		2.67250061035
3.75796294212		2.24625301361
3.76108694077		2.75876522064
3.76421093941		2.45937633514
3.76733589172		2.38833522797
3.77046394348		2.78921127319
3.77358794212		2.27162456512
3.77671289444		2.62175655365
3.77983999252		2.6522026062
3.78298091888		2.26147556305
3.78609085083		2.77906227112
3.78923797607		2.41878128052
3.79233980179		2.42893028259
3.79546380043		2.77398777008
3.7985959053		2.26655006409
3.8017168045		2.65727710724
3.80484080315		2.60145950317
3.80796694756		2.27669906616
3.81109380722		2.79428577423
3.81421780586		2.37818622589
3.8173429966		2.46952533722
3.82047200203		2.75876522064
3.82359480858		2.25132751465
3.82671785355		2.69279766083
3.82984685898		2.56086444855
3.83296895027		2.31221961975
3.83610582352		2.80443382263
3.83922886848		2.3426656723
3.84235095978		2.51519489288
3.84547185898		2.72324466705
3.8486058712		2.24625301361
3.85172200203		2.72831821442
3.85484695435		2.51519489288
3.85797381401		2.33759117126
3.86111402512		2.80443382263
3.86422681808		2.30714511871
3.86735200882		2.55578994751
3.87047791481		2.69787216187
3.87360095978		2.25132751465
3.87672495842		2.7536907196
3.87985396385		2.46952533722
3.88297700882		2.37311172485
3.88610196114		2.79428577423
3.88923597336		2.2919216156
3.89235281944		2.59638500214
3.89547681808		2.65727710724
3.8986120224		2.25640106201
3.90173101425		2.77398777008
3.90485501289		2.43400478363
3.90799283981		2.39848423004
3.91111087799		2.78921127319
3.91423296928		2.26655006409
3.9173579216		2.63698005676
3.92048501968		2.61668205261
3.92360687256		2.27669906616
3.92673182487		2.78921127319
3.92985987663		2.393409729
3.9329829216		2.44922733307
3.93610882759		2.76891326904
3.93924593925		2.25640106201
3.94235992432		2.67250061035
3.94548487663		2.58116149902
3.94861578941		2.28684806824
3.95173597336		2.79936027527
3.954859972		2.35788917542
3.95798587799		2.49489688873
3.9611120224		2.7536907196
3.96425700188		2.25132751465
3.96736192703		2.70802116394
3.97049188614		2.5405664444
3.97361397743		2.32236862183
3.97673797607		2.80443382263
3.97986698151		2.33251667023
3.98298883438		2.53549194336
3.98611497879		2.71309566498
3.98926496506		2.24117851257
3.99238395691		2.73339271545
3.99549078941		2.49997138977
3.99862480164		2.35281467438
4.00174188614		2.79936027527
4.00486683846		2.2919216156
4.00799179077		2.58116149902
4.01111793518		2.67757511139
4.01424384117		2.25640106201
4.01736879349		2.75876522064
4.02050089836		2.45430183411
4.02361989021		2.38833522797
4.02674484253		2.78921127319
4.02987289429		2.2817735672
4.03299593925		2.62175655365
4.03614187241		2.64712810516
4.03926181793		2.25640106201
4.0423719883		2.78413677216
4.04549789429		2.41370677948
4.04863286018		2.42893028259
4.05174994469		2.77906227112
4.054874897		2.26147556305
4.05799889565		2.65727710724
4.06113982201		2.60145950317
4.06425094604		2.2817735672
4.06737589836		2.79428577423
4.07050490379		2.37818622589
4.07362699509		2.46952533722
4.0767519474		2.7536907196
4.07988095284		2.25640106201
4.08300495148		2.69279766083
4.08612799644		2.55578994751
4.08926200867		2.30207061768
4.09237980843		2.79936027527
4.09550380707		2.33759117126
4.09863591194		2.51519489288
4.10175585747		2.72831821442
4.10488080978		2.25132751465
4.1080198288		2.71817016602
4.11113286018		2.51519489288
4.11425685883		2.33251667023
4.11738395691		2.80443382263
4.12051486969		2.31221961975
4.12363481522		2.55578994751
4.12675881386		2.69787216187
4.12988686562		2.24625301361
4.13301587105		2.74861621857
4.13615179062		2.48474884033
4.13926887512		2.37311172485
4.14238595963		2.79936027527
4.14550995827		2.2817735672
4.14864301682		2.60145950317
4.15176200867		2.65727710724
4.15488886833		2.26147556305
4.15801382065		2.77398777008
4.16113901138		2.43907928467
4.1642639637		2.40355873108
4.16738891602		2.78921127319
4.17051696777		2.26655006409
4.17364001274		2.63698005676
4.17676687241		2.62175655365
4.17989397049		2.26147556305
4.18303394318		2.78413677216
4.18614292145		2.393409729
4.18929386139		2.43907928467
4.19239187241		2.76383876801
4.19551801682		2.25640106201
4.19864988327		2.66742610931
4.20176792145		2.57608699799
4.20489287376		2.2919216156
4.20801901817		2.80443382263
4.21114492416		2.35788917542
4.21427083015		2.4898223877
4.21739602089		2.74354171753
4.22052502632		2.24625301361
4.22364592552		2.70802116394
4.22677183151		2.5405664444
4.22990298271		2.32236862183
4.23301386833		2.79936027527
4.23615098		2.32236862183
4.23926901817		2.53549194336
4.2424018383		2.71309566498
4.24552488327		2.25132751465
4.24865984917		2.73339271545
4.25177598		2.49997138977
4.25489997864		2.34774017334
4.25802493095		2.79936027527
4.2611579895		2.29699611664
4.26427197456		2.57608699799
4.26739382744		2.67757511139
4.27052998543		2.25132751465
4.27365493774		2.76383876801
4.27677583694		2.45430183411
4.27990579605		2.393409729
4.28302979469		2.79428577423
4.28615379333		2.27669906616
4.28928494453		2.61668205261
4.29240393639		2.63698005676
4.29552984238		2.26147556305
4.2986638546		2.78413677216
4.30178189278		2.41370677948
4.30490589142		2.42893028259
4.30804681778		2.77906227112
4.31115698814		2.26147556305
4.31428194046		2.66235160828
4.31741094589		2.59638500214
4.32053494453		2.2817735672
4.32365894318		2.79428577423
4.32678985596		2.38326072693
4.3299138546		2.46952533722
4.33303380013		2.75876522064
4.33616280556		2.25132751465
4.33929395676		2.68772315979
4.34241199493		2.55578994751
4.34553694725		2.30207061768
4.34866881371		2.80443382263
4.35178780556		2.33759117126
4.35491394997		2.51012039185
4.35803890228		2.72831821442
4.36116600037		2.24625301361
4.36429095268		2.72324466705
4.36741685867		2.51519489288
4.37054300308		2.33759117126
4.37366700172		2.79936027527
4.37679195404		2.30714511871
4.37991881371		2.54564094543
4.38304281235		2.69279766083
4.38616800308		2.24625301361
4.38931584358		2.74861621857
4.3924369812		2.48474884033
4.39554286003		2.36803817749
4.39867782593		2.79428577423
4.40179395676		2.2817735672
4.40491986275		2.59638500214
4.40804386139		2.65727710724
4.41117095947		2.25132751465
4.41429686546		2.76891326904
4.41742181778		2.43400478363
4.4205520153		2.40863323212
4.4236779213		2.78413677216
4.42680001259		2.26655006409
4.4299249649		2.63698005676
4.43304896355		2.61668205261
4.43618392944		2.26655006409
4.4393119812		2.78921127319
4.4424238205		2.38833522797
4.4455499649		2.44922733307
4.44868183136		2.76383876801
4.45179986954		2.25640106201
4.45492696762		2.66742610931
4.45805287361		2.57608699799
4.4611928463		2.2919216156
4.46430301666		2.79428577423
4.46742796898		2.35788917542
4.47055602074		2.4898223877
4.47367787361		2.74354171753
4.47680282593		2.25132751465
4.47995591164		2.69787216187
4.48305487633		2.5405664444
4.48618102074		2.31729412079
4.48931288719		2.80443382263
4.49243092537		2.32744312286
4.49555587769		2.53549194336
4.49868893623		2.71309566498
4.50180983543		2.24625301361
4.50493192673		2.73339271545
4.50807380676		2.50504589081
4.5111849308		2.35788917542
4.51430988312		2.79936027527
4.5174369812		2.30207061768
4.52057099342		2.57101249695
4.52368593216		2.67757511139
4.5268099308		2.25132751465
4.52993798256		2.76383876801
4.5330619812		2.45430183411
4.53620386124		2.38326072693
4.5393178463		2.78921127319
4.54243898392		2.27669906616
4.54556298256		2.62175655365
4.54869484901		2.6420545578
4.55181384087		2.26147556305
4.55493783951		2.77906227112
4.55806493759		2.41370677948
4.56119084358		2.42893028259
4.5643157959		2.77906227112
4.56743979454		2.26147556305
4.5705678463		2.65727710724
4.57369184494		2.59638500214
4.57681679726		2.2817735672
4.57994484901		2.79428577423
4.58308696747		2.38833522797
4.5861928463		2.47459983826
4.58934283257		2.7536907196
4.5924448967		2.25132751465
4.59556889534		2.69279766083
4.59870195389		2.56086444855
4.60182285309		2.30714511871
4.60494589806		2.79936027527
4.60807085037		2.33759117126
4.61119580269		2.51519489288
4.61432290077		2.73339271545
4.61745285988		2.24625301361
4.62057590485		2.72324466705
4.62370085716		2.51519489288
4.62682390213		2.33759117126
4.62995290756		2.79936027527
4.63307499886		2.31221961975
4.63621282578		2.55071544647
4.63933396339		2.69787216187
4.64245200157		2.25132751465
4.64557695389		2.74861621857
4.64871096611		2.47967433929
4.65182900429		2.37311172485
4.6549539566		2.79936027527
4.65807795525		2.28684806824
4.66121792793		2.5913105011
4.66433286667		2.66235160828
4.66745400429		2.25640106201
4.67058396339		2.77398777008
4.67370390892		2.43400478363
4.676831007		2.41370677948
4.67995882034		2.78413677216
4.68308091164		2.26655006409
4.68620681763		2.63698005676
4.68933796883		2.62175655365
4.69245696068		2.27162456512
4.69558286667		2.78413677216
4.69871687889		2.393409729
4.70183587074		2.44922733307
4.70495986938		2.77398777008
4.70809793472		2.25640106201
4.71120882034		2.66742610931
4.71434402466		2.57608699799
4.71746492386		2.2919216156
4.7205889225		2.79936027527
4.72371196747		2.35788917542
4.72683787346		2.49489688873
4.72996401787		2.73846721649
4.73308801651		2.25132751465
4.7362139225		2.7029466629
4.73934602737		2.54564094543
4.7424659729		2.32236862183
4.74558901787		2.80443382263
4.74872279167		2.32236862183
4.75184082985		2.53549194336
4.75496602058		2.71309566498
4.75809192657		2.24625301361
4.76121687889		2.73846721649
4.76433897018		2.49489688873
4.76746702194		2.35788917542
4.77059602737		2.79936027527
4.77371883392		2.29699611664
4.77684283257		2.57608699799
4.77996993065		2.68772315979
4.78309583664		2.24625301361
4.78621888161		2.75876522064
4.78936886787		2.46445083618
4.79248785973		2.38326072693
4.795596838		2.79428577423
4.7987279892		2.27669906616
4.80184793472		2.61668205261
4.80497384071		2.63698005676
4.80809879303		2.26147556305
4.81122779846		2.77906227112
4.81434893608		2.40863323212
4.81747293472		2.42893028259
4.82059979439		2.77398777008
4.82372379303		2.26147556305
4.82684993744		2.65727710724
4.8299767971		2.60145950317
4.83310079575		2.2817735672
4.83623790741		2.79428577423
4.8393638134		2.37818622589
4.84247684479		2.46952533722
4.8456017971		2.75876522064
4.84873580933		2.25132751465
4.85185480118		2.69279766083
4.85497879982		2.56086444855
4.85810399055		2.30714511871
4.86124682426		2.80443382263
4.86435484886		2.3426656723
4.86748099327		2.51012039185
4.87060689926		2.72831821442
4.8737308979		2.24625301361
4.87685394287		2.72324466705
4.87998390198		2.52534389496
4.88310790062		2.33251667023
4.88623285294		2.80443382263
4.88936495781		2.30714511871
4.89248299599		2.55578994751
4.89560985565		2.69279766083
4.89874386787		2.24625301361
4.90186190605		2.74861621857
4.90498685837		2.46952533722
4.90813088417		2.36296367645
4.91124200821		2.79428577423
4.91436290741		2.28684806824
4.91749095917		2.59638500214
4.92061901093		2.66235160828
4.92373681068		2.25640106201
4.92686486244		2.77398777008
4.92999100685		2.43907928467
4.9331138134		2.40863323212
4.93625688553		2.78921127319
4.93937492371		2.26655006409
4.94249081612		2.63698005676
4.94561600685		2.61668205261
4.94874787331		2.27162456512
4.95186591148		2.78921127319
4.95499300957		2.39848423004
4.95811796188		2.45430183411
4.96124696732		2.76891326904
4.96436786652		2.25132751465
4.96749401093		2.67757511139
4.97061991692		2.58116149902
4.973747015		2.2919216156
4.97686886787		2.79936027527
4.97999691963		2.36296367645
4.98313689232		2.47967433929
4.98624801636		2.74861621857
4.98939490318		2.25132751465
4.99249887466		2.70802116394
4.99562287331		2.53549194336
4.99875497818		2.31729412079
