0.000130891799927		1.79463291168
0.00295400619507		2.78921127319
0.0058228969574		2.42385578156
0.00869393348694		2.47967433929
0.0115849971771		2.69787216187
0.0144419670105		2.20058345795
0.0173149108887		2.98203754425
0.0201969146729		1.96716213226
0.0230669975281		3.16978931427
0.0259449481964		1.8200044632
0.0288169384003		3.2611284256
0.0316939353943		1.78448390961
0.0345690250397		3.24083042145
0.0374450683594		1.86567401886
0.0403339862823		3.11904525757
0.0432100296021		2.02297973633
0.0460789203644		2.89577293396
0.0489599704742		2.2817735672
0.0518300533295		2.62175655365
0.0547180175781		2.56593894958
0.0576169490814		2.36296367645
0.0604739189148		2.8399553299
0.0633308887482		2.06864929199
0.0662059783936		3.08352470398
0.0690820217133		1.88089752197
0.071958065033		3.23575687408
0.0748388767242		1.78448390961
0.0777070522308		3.26620292664
0.0805850028992		1.80985641479
0.0834710597992		3.20023536682
0.0863330364227		1.93164157867
0.0892090797424		3.0124835968
0.0920829772949		2.15491390228
0.0949590206146		2.75876522064
0.0978350639343		2.43907928467
0.100711107254		2.46952533722
0.103600978851		2.71309566498
0.106460094452		2.19043445587
0.109380960464		2.95666599274
0.112211942673		1.96208763123
0.115087032318		3.16978931427
0.117963075638		1.81493091583
0.120841026306		3.26620292664
0.123712062836		1.78448390961
0.12658905983		3.24083042145
0.129498004913		1.85552597046
0.132354021072		3.11397171021
0.135217905045		2.04327774048
0.138091087341		2.88562393188
0.140966892242		2.29699611664
0.143840074539		2.61668205261
0.146723031998		2.58116149902
0.149597883224		2.32744312286
0.152467012405		2.86532688141
0.155343055725		2.0838727951
0.158217906952		3.08859920502
0.161094903946		1.87582302094
0.163968086243		3.23575687408
0.166843891144		1.78448390961
0.169722080231		3.2611284256
0.172596931458		1.81493091583
0.175469875336		3.18501281738
0.178344011307		1.90626907349
0.181222915649		3.00233459473
0.184096097946		2.1701374054
0.18697309494		2.74861621857
0.189846992493		2.44415378571
0.192722082138		2.46445083618
0.195609092712		2.72831821442
0.19852399826		2.23610401154
0.20134806633		2.99218654633
0.204221010208		1.95193862915
0.207098007202		3.17993831635
0.209980010986		1.81493091583
0.212848901749		3.26620292664
0.215725898743		1.78448390961
0.218600988388		3.23575687408
0.221477031708		1.86567401886
0.224349975586		3.09874820709
0.227226018906		2.04327774048
0.230103969574		2.88055038452
0.232978105545		2.30714511871
0.235857963562		2.60653305054
0.238734006882		2.58623600006
0.241602897644		2.31221961975
0.244493961334		2.86025238037
0.247370004654		2.06357479095
0.250230073929		3.09874820709
0.253104925156		1.8707485199
0.255980014801		3.23575687408
0.258862018585		1.78955841064
0.261729955673		3.26620292664
0.264605045319		1.8200044632
0.267494916916		3.19008731842
0.270359039307		1.95193862915
0.273232936859		2.99218654633
0.276108026505		2.17521095276
0.278982877731		2.73846721649
0.281857967377		2.45937633514
0.284734010696		2.44922733307
0.287607908249		2.74354171753
0.29048705101		2.1701374054
0.29335808754		3.00233459473
0.296236038208		1.94686412811
0.299115896225		3.17993831635
0.30198597908		1.81493091583
0.304859876633		3.26620292664
0.307736873627		1.78448390961
0.310612916946		3.23575687408
0.313486099243		1.8707485199
0.31637597084		3.10382270813
0.319245100021		2.05342674255
0.322113037109		2.87040138245
0.324995040894		2.31221961975
0.327863931656		2.5913105011
0.33074092865		2.59638500214
0.333614110947		2.31221961975
0.336489915848		2.88055038452
0.339453935623		2.12446784973
0.342366933823		3.02770709991
0.345242023468		1.91134357452
0.348115921021		3.20530986786
0.350991010666		1.79970741272
0.353867053986		3.27127742767
0.356741905212		1.79463291168
0.359639883041		3.22053337097
0.362494945526		1.90119457245
0.365375041962		3.05815315247
0.368243932724		2.09909534454
0.371123075485		2.81965732574
0.373995065689		2.36803817749
0.376871109009		2.53549194336
0.379745960236		2.65727710724
0.382621049881		2.25132751465
0.385494947433		2.93129348755
0.388385057449		2.03820323944
0.391249895096		3.13934326172
0.3941218853		1.84537696838
0.396997928619		3.25097942352
0.399873018265		1.77940940857
0.40274810791		3.25097942352
0.405623912811		1.83522796631
0.408505916595		3.14949226379
0.411375045776		1.9823846817
0.414264917374		2.94651699066
0.417124986649		2.23610401154
0.420008897781		2.67757511139
0.422874927521		2.52534389496
0.425751924515		2.393409729
0.428638935089		2.79428577423
0.431502103806		2.11431884766
0.434376955032		3.04292964935
0.437252998352		1.90626907349
0.440129041672		3.2103843689
0.443002939224		1.79970741272
0.445878982544		3.27127742767
0.448752880096		1.79463291168
0.451642036438		3.21545886993
0.454520940781		1.89104652405
0.45738196373		3.05307865143
0.460252046585		2.11431884766
0.463120937347		2.79936027527
0.465996980667		2.393409729
0.468877077103		2.52026939392
0.471760034561		2.66742610931
0.474632978439		2.24625301361
0.477508068085		2.93636798859
0.480385065079		2.00775718689
0.483257055283		3.13426876068
0.486135005951		1.83522796631
0.489016056061		3.24590492249
0.491883993149		1.78448390961
0.494759082794		3.25605392456
0.497637033463		1.84537696838
0.500529050827		3.14949226379
0.503408908844		1.98745918274
0.506261110306		2.92621898651
0.509142875671		2.24625301361
0.512011051178		2.66235160828
0.514885902405		2.53549194336
0.51776099205		2.37311172485
0.520638942719		2.81458282471
0.523525953293		2.12446784973
0.526386976242		3.05307865143
0.529269933701		1.90119457245
0.532138109207		3.21545886993
0.535013914108		1.79463291168
0.537889957428		3.26620292664
0.540767908096		1.79970741272
0.5436398983		3.2103843689
0.546516895294		1.91641807556
0.549470901489		3.09367370605
0.552268028259		2.11939334869
0.555141925812		2.79428577423
0.558018922806		2.393409729
0.560893058777		2.51519489288
0.563767910004		2.68264961243
0.566642045975		2.24117851257
0.569524049759		2.94144248962
0.572407960892		1.99760818481
0.575268983841		3.14441776276
0.578145027161		1.83015346527
0.581022024155		3.25605392456
0.583898067474		1.78448390961
0.586770057678		3.25097942352
0.589648008347		1.84537696838
0.592539072037		3.13934326172
0.59539604187		1.99253368378
0.59827208519		2.99218654633
0.601275920868		2.1701374054
0.604150056839		2.74861621857
0.607023954391		2.44922733307
0.609900951385		2.45937633514
0.612776041031		2.72831821442
0.615663051605		2.19043445587
0.618525981903		2.98711204529
0.621402025223		1.95701313019
0.624275922775		3.17486381531
0.627151966095		1.81493091583
0.630028009415		3.2611284256
0.632901906967		1.78448390961
0.635776042938		3.23575687408
0.638659000397		1.8707485199
0.641527891159		3.09874820709
0.644417047501		2.04835224152
0.64727807045		2.87040138245
0.650153875351		2.31221961975
0.653028011322		2.59638500214
0.655904054642		2.60145950317
0.6587870121		2.31729412079
0.661654949188		2.87547588348
0.664531946182		2.04835224152
0.667406082153		3.08352470398
0.670281887054		1.86567401886
0.6731569767		3.23575687408
0.676029920578		1.78448390961
0.678908109665		3.26620292664
0.681786060333		1.80985641479
0.68466091156		3.17993831635
0.687534093857		1.95193862915
0.690409898758		2.99218654633
0.693284988403		2.1802854538
0.696161031723		2.73846721649
0.699034929276		2.45430183411
0.701910972595		2.45430183411
0.704785108566		2.74354171753
0.707674026489		2.1802854538
0.710556983948		2.98203754425
0.713412046432		1.94686412811
0.716288089752		3.17486381531
0.719162940979		1.80985641479
0.722038984299		3.26620292664
0.724912881851		1.78955841064
0.727792024612		3.24083042145
0.730665922165		1.87582302094
0.733540058136		3.09367370605
0.736413002014		2.05850028992
0.739295959473		2.87547588348
0.742166042328		2.31729412079
0.74503993988		2.5913105011
0.747915029526		2.60653305054
0.750792980194		2.30207061768
0.753668069839		2.88055038452
0.756557941437		2.05342674255
0.759484052658		3.06830215454
0.762293100357		1.86567401886
0.7651720047		3.24083042145
0.768045902252		1.78448390961
0.771051883698		3.2611284256
0.773921966553		1.79463291168
0.776798963547		3.22053337097
0.779685020447		1.90119457245
0.782545089722		3.05815315247
0.785422086716		2.10924434662
0.788295984268		2.8399553299
0.791171073914		2.36803817749
0.794046878815		2.53549194336
0.79692196846		2.66235160828
0.799798965454		2.25132751465
0.802671909332		2.93129348755
0.805547952652		2.00268268585
0.808424949646		3.11904525757
0.811299085617		1.84030246735
0.81417298317		3.25605392456
0.817050933838		1.78448390961
0.819927930832		3.25605392456
0.822813034058		1.83522796631
0.825675010681		3.14441776276
0.828573942184		1.9823846817
0.831429004669		2.94144248962
0.834300041199		2.24117851257
0.837177038193		2.66742610931
0.840054988861		2.52026939392
0.842928886414		2.38326072693
0.845803976059		2.80443382263
0.848685026169		2.12446784973
0.851571083069		3.03278160095
0.854429006577		1.91641807556
0.857305049896		3.20530986786
0.86018705368		1.79463291168
0.863054990768		3.26620292664
0.865931987762		1.79970741272
0.868813991547		3.21545886993
0.871699094772		1.90626907349
0.87455701828		3.04800415039
0.877434015274		2.11431884766
0.880307912827		2.80443382263
0.883183956146		2.38326072693
0.886059045792		2.52534389496
0.888940095901		2.66742610931
0.89181303978		2.24117851257
0.894684076309		2.94144248962
0.897558927536		1.99253368378
0.900450944901		3.13934326172
0.903310060501		1.83015346527
0.906186103821		3.25605392456
0.909068107605		1.77940940857
0.911936998367		3.25097942352
0.914809942245		1.84030246735
0.91768693924		3.13934326172
0.920563936234		2.00268268585
0.923439025879		2.9515914917
0.926313877106		2.24625301361
0.929194927216		2.66742610931
0.932064056396		2.53041744232
0.934938907623		2.37311172485
0.937814950943		2.81965732574
0.940694093704		2.11431884766
0.943567037582		3.05307865143
0.946441888809		1.90119457245
0.949322938919		3.20530986786
0.952193975449		1.79463291168
0.95506811142		3.26620292664
0.957942008972		1.79970741272
0.960819959641		3.2103843689
0.963706016541		1.90626907349
0.966584920883		3.0632276535
0.969503879547		2.07879829407
0.972317934036		2.79936027527
0.975195884705		2.393409729
0.978069067001		2.51519489288
0.980946063995		2.67757511139
0.983826875687		2.23610401154
0.986697912216		2.94651699066
0.989579916		1.99253368378
0.99244594574		3.14949226379
0.995321989059		1.83522796631
0.998198032379		3.25097942352
1.00107192993		1.77940940857
1.00394892693		3.25097942352
1.00682497025		1.85045146942
1.00970196724		3.13426876068
1.01258993149		2.00775718689
1.01546502113		2.93129348755
1.01832604408		2.22595500946
1.02121305466		2.66235160828
1.02407503128		2.54564094543
1.02695202827		2.36803817749
1.02982902527		2.82473182678
1.03270292282		2.09402179718
1.0355899334		3.04800415039
1.03845691681		1.91134357452
1.04133009911		3.22053337097
1.04420208931		1.79463291168
1.04707694054		3.27127742767
1.0499560833		1.79970741272
1.05282998085		3.20530986786
1.05570292473		1.91641807556
1.05858802795		3.04292964935
1.06145501137		2.13461589813
1.06433105469		2.79428577423
1.06720590591		2.40355873108
1.07008504868		2.51012039185
1.07295703888		2.69279766083
1.07583189011		2.22088050842
1.07870793343		2.94651699066
1.0815820694		1.9823846817
1.08447194099		3.14949226379
1.08733391762		1.82507896423
1.09021091461		3.25605392456
1.09308409691		1.77940940857
1.09595990181		3.25097942352
1.09884190559		1.85045146942
1.10171103477		3.12919425964
1.104585886		2.01790523529
1.10746097565		2.93129348755
1.11033892632		2.25640106201
1.11320900917		2.6420545578
1.11608600616		2.55578994751
1.11896896362		2.35788917542
1.1218380928		2.82980632782
1.12471389771		2.09402179718
1.12759709358		3.0632276535
1.13046693802		1.89612102509
1.13333892822		3.22053337097
1.13621401787		1.78955841064
1.13909697533		3.26620292664
1.14196896553		1.79970741272
1.14484000206		3.19516181946
1.14772796631		1.9214925766
1.15059304237		3.02770709991
1.15346598625		2.13969039917
1.15634202957		2.77906227112
1.15922093391		2.40355873108
1.16209387779		2.49489688873
1.16496896744		2.68264961243
1.1678481102		2.22088050842
1.17072105408		2.9617395401
1.1735959053		1.97731018066
1.17647004128		3.15964031219
1.17942094803		1.85552597046
1.18234705925		3.23575687408
1.1852209568		1.78448390961
1.18809700012		3.26620292664
1.190969944		1.8200044632
1.19384789467		3.17486381531
1.19672489166		1.95701313019
1.19960403442		2.98711204529
1.20247292519		2.18535995483
1.20534992218		2.72831821442
1.20822405815		2.46952533722
1.21110105515		2.43907928467
1.21397590637		2.7536907196
1.21694207191		2.27162456512
1.2198638916		2.91099643707
1.22272706032		2.01790523529
1.22560095787		3.13934326172
1.22852396965		1.85552597046
1.23135399818		3.25097942352
1.2342300415		1.77940940857
1.23710107803		3.25605392456
1.23997998238		1.83522796631
1.24285292625		3.14949226379
1.24572896957		1.99760818481
1.24860596657		2.93636798859
1.25148200989		2.21580600739
1.25435495377		2.67757511139
1.25723004341		2.52534389496
1.26010608673		2.38833522797
1.26298093796		2.80950832367
1.26585698128		2.10924434662
1.26873898506		3.04292964935
1.27160906792		1.91134357452
1.27448296547		3.2103843689
1.27735805511		1.79463291168
1.28023290634		3.27127742767
1.28310894966		1.79970741272
1.28598403931		3.2103843689
1.28886604309		1.90626907349
1.29174590111		3.05815315247
1.2946100235		2.11939334869
1.29748487473		2.80443382263
1.30036401749		2.37818622589
1.30323505402		2.52026939392
1.3061170578		2.66742610931
1.30899405479		2.24625301361
1.31186389923		2.93636798859
1.31473708153		1.99760818481
1.31761288643		3.14441776276
1.32048988342		1.83522796631
1.32336187363		3.25097942352
1.32623791695		1.78448390961
1.32912302017		3.25605392456
1.33199501038		1.84537696838
1.33487892151		3.14441776276
1.33773899078		2.00268268585
1.34063196182		2.94144248962
1.3434920311		2.25132751465
1.34636592865		2.66235160828
1.34924888611		2.52534389496
1.35211706161		2.37311172485
1.35499405861		2.80950832367
1.35786795616		2.10416984558
1.36074900627		3.05307865143
1.36363196373		1.91641807556
1.36649394035		3.20530986786
1.36946892738		1.81493091583
1.37237000465		3.2611284256
1.37524604797		1.78448390961
1.37811899185		3.23575687408
1.38099598885		1.86567401886
1.38387393951		3.11397171021
1.38674592972		2.04327774048
1.38962888718		2.88562393188
1.39249706268		2.29699611664
1.39537787437		2.62175655365
1.39824795723		2.5913105011
1.40112400055		2.31729412079
1.40399694443		2.86532688141
1.40687203407		2.05850028992
1.40975093842		3.08859920502
1.41264200211		1.88089752197
1.41551399231		3.23068237305
1.41837406158		1.78955841064
1.42125296593		3.26620292664
1.42412495613		1.80985641479
1.42700195312		3.18501281738
1.42987799644		1.94686412811
1.432751894		2.99726104736
1.43564200401		2.15491390228
1.43850588799		2.74861621857
1.44137907028		2.44415378571
1.44425201416		2.45937633514
1.44712710381		2.73339271545
1.4500041008		2.1802854538
1.45288205147		2.99218654633
1.45575404167		1.95701313019
1.45863604546		3.16978931427
1.46149706841		1.80985641479
1.4643740654		3.26620292664
1.4672460556		1.78955841064
1.47013401985		3.24083042145
1.4730079174		1.87582302094
1.47588205338		3.09874820709
1.47875905037		2.04327774048
1.48163199425		2.87040138245
1.48452806473		2.29699611664
1.48738408089		2.60145950317
1.49026107788		2.59638500214
1.49313402176		2.30714511871
1.49601197243		2.87040138245
1.49889302254		2.05850028992
1.50176095963		3.09367370605
1.50463604927		1.86567401886
1.50751399994		3.22560787201
1.51038694382		1.78955841064
1.51326107979		3.2611284256
1.51614499092		1.81493091583
1.5190179348		3.17993831635
1.52188801765		1.95701313019
1.52476596832		2.99218654633
1.52764010429		2.1802854538
1.53051495552		2.73339271545
1.53338909149		2.45937633514
1.53626608849		2.44922733307
1.53914690018		2.73846721649
1.54201602936		2.17521095276
1.54489088058		2.99726104736
1.54778003693		1.95193862915
1.55064487457		3.17993831635
1.5535159111		1.80985641479
1.5563929081		3.26620292664
1.55926799774		1.78448390961
1.56214404106		3.23575687408
1.56502008438		1.87582302094
1.56789493561		3.09367370605
1.57077002525		2.06357479095
1.57364988327		2.87040138245
1.57651996613		2.32236862183
1.57947897911		2.67250061035
1.58239603043		2.51012039185
1.58527088165		2.393409729
1.58814692497		2.79428577423
1.59102106094		2.12446784973
1.59389710426		3.04292964935
1.59677410126		1.91641807556
1.59965109825		3.20023536682
1.60252094269		1.78955841064
1.60539698601		3.26620292664
1.608273983		1.78955841064
1.61115098		3.21545886993
1.61402487755		1.90626907349
1.61689996719		3.05307865143
1.61979198456		2.08894729614
1.6226670742		2.82980632782
1.62552690506		2.37311172485
1.62839889526		2.56086444855
1.63127708435		2.66235160828
1.63415193558		2.24625301361
1.63702607155		2.93129348755
1.63990902901		2.00268268585
1.64277791977		3.13934326172
1.64565396309		1.84030246735
1.6485350132		3.25605392456
1.65140604973		1.77940940857
1.65427899361		3.25097942352
1.65715503693		1.84030246735
1.66002988815		3.14441776276
1.66290998459		1.99760818481
1.66578102112		2.93636798859
1.66867899895		2.21580600739
1.67155003548		2.68264961243
1.67440795898		2.52534389496
1.67728304863		2.38833522797
1.68016004562		2.80950832367
1.6830329895		2.10924434662
1.68590903282		3.04800415039
1.68878889084		1.90626907349
1.69167590141		3.20023536682
1.69453406334		1.79463291168
1.69741010666		3.26620292664
1.70028495789		1.79463291168
1.70316195488		3.2103843689
1.70603609085		1.90119457245
1.70892000198		3.05815315247
1.71178793907		2.10924434662
1.71466207504		2.80443382263
1.71753787994		2.38833522797
1.72041606903		2.54564094543
1.72330307961		2.65727710724
1.72616410255		2.23610401154
1.72904706001		2.93129348755
1.7319149971		1.99760818481
1.73478889465		3.13934326172
1.73766803741		1.83522796631
1.74055600166		3.25097942352
1.74341607094		1.77940940857
1.74629092216		3.25097942352
1.74917292595		1.84030246735
1.75204992294		3.14441776276
1.75491905212		2.00775718689
1.757791996		2.92621898651
1.760668993		2.25132751465
1.76354289055		2.67250061035
1.76641893387		2.52534389496
1.76930093765		2.38326072693
1.77216792107		2.81965732574
1.77504611015		2.10416984558
1.77792000771		3.05307865143
1.78079795837		1.89612102509
1.78367400169		3.21545886993
1.78654694557		1.79463291168
1.78952002525		3.26620292664
1.79242110252		1.78448390961
1.79529809952		3.24083042145
1.7981710434		1.86567401886
1.80104804039		3.10889720917
1.80392193794		2.04835224152
1.80679988861		2.88055038452
1.8096768856		2.29699611664
1.8125629425		2.61668205261
1.81542491913		2.58623600006
1.81830000877		2.3426656723
1.82117605209		2.86532688141
1.82404899597		2.06357479095
1.82692599297		3.09367370605
1.82980298996		1.8707485199
1.83267807961		3.23575687408
1.83555102348		1.78448390961
1.8384270668		3.26620292664
1.84131002426		1.81493091583
1.84417891502		3.18501281738
1.84705209732		1.94686412811
1.84993004799		2.99726104736
1.85280609131		2.1701374054
1.85567998886		2.74354171753
1.85856103897		2.44415378571
1.8614320755		2.46445083618
1.86430692673		2.73846721649
1.8671810627		2.17521095276
1.87005805969		2.98711204529
1.87293195724		1.95193862915
1.87582206726		3.17486381531
1.87870693207		1.82507896423
1.88155698776		3.26620292664
1.88443303108		1.78448390961
1.8873090744		3.23575687408
1.8901848793		1.8707485199
1.89305996895		3.10382270813
1.89594006538		2.05850028992
1.89881706238		2.87547588348
1.90168595314		2.31221961975
1.90456104279		2.5913105011
1.90743708611		2.58623600006
1.91031503677		2.31221961975
1.91318488121		2.88055038452
1.9160618782		2.05342674255
1.91894388199		3.09367370605
1.9218120575		1.86567401886
1.92470407486		3.23575687408
1.92758107185		1.78448390961
1.93044710159		3.27127742767
1.93331408501		1.81493091583
1.936191082		3.17993831635
1.93906998634		1.94686412811
1.94194293022		2.99726104736
1.9448158741		2.1802854538
1.94770503044		2.7536907196
1.95056796074		2.45430183411
1.95344090462		2.45430183411
1.95633602142		2.72831821442
1.95919299126		2.1701374054
1.96207094193		3.00233459473
1.96494197845		1.94686412811
1.96781897545		3.18501281738
1.97069597244		1.80985641479
1.97357010841		3.2611284256
1.97644591331		1.78448390961
1.97932004929		3.23575687408
1.98219609261		1.87582302094
1.98506999016		3.09367370605
1.9879450798		2.06357479095
1.99082303047		2.87547588348
1.99369692802		2.31729412079
1.99658608437		2.59638500214
1.99948310852		2.58116149902
2.00232410431		2.30207061768
2.00519800186		2.89069843292
2.00807404518		2.04327774048
2.0109500885		3.10889720917
2.01382493973		1.85552597046
2.01670002937		3.23575687408
2.0195889473		1.78448390961
2.02244997025		3.26620292664
2.02532696724		1.8200044632
2.02819991112		3.17486381531
2.03107690811		1.95701313019
2.03395199776		2.98203754425
2.03682899475		2.19043445587
2.03970694542		2.72831821442
2.04257702827		2.46445083618
2.04545402527		2.43400478363
2.04832792282		2.72324466705
2.05120897293		2.1701374054
2.05408096313		3.00740909576
2.05695390701		1.93671607971
2.05984401703		3.17993831635
2.06270599365		1.80478191376
2.0655810833		3.26620292664
2.06845593452		1.78448390961
2.07133507729		3.23575687408
2.07420706749		1.88089752197
2.07708311081		3.08859920502
2.07995891571		2.06864929199
2.0828359127		2.86025238037
2.08571100235		2.32744312286
2.08859109879		2.58623600006
2.09146094322		2.60145950317
2.09433507919		2.2919216156
2.09721088409		2.89069843292
2.10008597374		2.03820323944
2.10297489166		3.10889720917
2.10583591461		1.86059951782
2.108741045		3.23575687408
2.1115860939		1.78448390961
2.1144618988		3.2611284256
2.11733698845		1.82507896423
2.12021589279		3.16978931427
2.123087883		1.96716213226
2.12596392632		2.97696304321
2.12884688377		2.19550895691
2.13172793388		2.72831821442
2.13458991051		2.45937633514
2.13746500015		2.42893028259
2.14034199715		2.76383876801
2.1432158947		2.15491390228
2.14609098434		3.01755809784
2.14897298813		1.93164157867
2.1518599987		3.17993831635
2.15471696854		1.79970741272
2.15759301186		3.26620292664
2.16047501564		1.78955841064
2.1633439064		3.23068237305
2.16621804237		1.88597202301
2.16910099983		3.08352470398
2.17196798325		2.07372379303
2.17484498024		2.8501033783
2.17772293091		2.33759117126
2.18061089516		2.58116149902
2.18347096443		2.62683105469
2.18634605408		2.27669906616
2.18922901154		2.89069843292
2.19209694862		2.02805423737
2.19497299194		3.11397171021
2.19785189629		1.86567401886
2.20072603226		3.24083042145
2.20359802246		1.78448390961
2.20647406578		3.2611284256
2.20943689346		1.80985641479
2.21234989166		3.2103843689
2.21522498131		1.91641807556
2.21810102463		3.05815315247
2.2209880352		2.10924434662
2.2238509655		2.78921127319
2.22672700882		2.39848423004
2.22960996628		2.52026939392
2.23247694969		2.68772315979
2.23535203934		2.2310295105
2.23823308945		2.94651699066
2.24110603333		1.99253368378
2.24397802353		3.15456676483
2.2468559742		1.83522796631
2.24973106384		3.25605392456
2.25262093544		1.78448390961
2.25547790527		3.25097942352
2.25835394859		1.83522796631
2.26123189926		3.13426876068
2.26410698891		2.01283168793
2.26697993279		2.92114448547
2.26986002922		2.25640106201
2.2727329731		2.6522026062
2.27560710907		2.52026939392
2.27856087685		2.44415378571
2.28148508072		2.73339271545
2.28435897827		2.17521095276
2.28723907471		2.99218654633
2.29011011124		1.95193862915
2.29298591614		3.17993831635
2.29587697983		1.81493091583
2.29874300957		3.2611284256
2.30161094666		1.78955841064
2.3044860363		3.24083042145
2.30736088753		1.8707485199
2.31023907661		3.09874820709
2.31311202049		2.05342674255
2.31598711014		2.87040138245
2.3188688755		2.30714511871
2.32173895836		2.60145950317
2.32462787628		2.58623600006
2.32748794556		2.30714511871
2.33036589622		2.87040138245
2.33324098587		2.05342674255
2.33611607552		3.09874820709
2.3389980793		1.8707485199
2.34186697006		3.23068237305
2.34474205971		1.78448390961
2.34761500359		3.2611284256
2.35049390793		1.8200044632
2.35336709023		3.17486381531
2.35624194145		1.95701313019
2.35911989212		2.99726104736
2.36199402809		2.18535995483
2.36487197876		2.73339271545
2.36774492264		2.45937633514
2.37062287331		2.44415378571
2.37349510193		2.74354171753
2.37637805939		2.1701374054
2.37925195694		2.99726104736
2.38212108612		1.94178962708
2.38499689102		3.17993831635
2.3878839016		1.81493091583
2.39076590538		3.26620292664
2.39362192154		1.78955841064
2.39649605751		3.23575687408
2.39945697784		1.84537696838
2.4022500515		3.08859920502
2.40512394905		2.06357479095
2.40800404549		2.86532688141
2.41087603569		2.32236862183
2.41374993324		2.58623600006
2.41662406921		2.60653305054
2.41950392723		2.31221961975
2.42237591743		2.88562393188
2.42525196075		2.04327774048
2.4281270504		3.10889720917
2.43100309372		1.86059951782
2.43387699127		3.23575687408
2.43676900864		1.77940940857
2.43964791298		3.26620292664
2.44250488281		1.8200044632
2.44537711143		3.17486381531
2.44825601578		1.94686412811
2.45113110542		2.98203754425
2.45400595665		2.19043445587
2.45687890053		2.72324466705
2.4597671032		2.44922733307
2.46262288094		2.42893028259
2.4655020237		2.75876522064
2.46837306023		2.21073246002
2.47125887871		3.00233459473
2.47413110733		1.94178962708
2.47700595856		3.18501281738
2.47988390923		1.80985641479
2.48275589943		3.26620292664
2.48563194275		1.78955841064
2.48851299286		3.22560787201
2.49138092995		1.88597202301
2.49425888062		3.08859920502
2.49713301659		2.07372379303
2.50001096725		2.8501033783
2.50288510323		2.31729412079
2.50575900078		2.57101249695
2.50865507126		2.60145950317
2.51150894165		2.28684806824
2.51438593864		2.89577293396
2.5172829628		2.04835224152
2.52013897896		3.11397171021
2.52301192284		1.85552597046
2.52588701248		3.24083042145
2.52877092361		1.78448390961
2.53163909912		3.26620292664
2.53451395035		1.81493091583
2.53738903999		3.16978931427
2.54026508331		1.96716213226
2.54313898087		2.97188854218
2.54601407051		2.20058345795
2.5488948822		2.71817016602
2.55176997185		2.47967433929
2.55464887619		2.43400478363
2.55751490593		2.76383876801
2.56039190292		2.14983940125
2.56326889992		3.01755809784
2.56614089012		1.93164157867
2.56902503967		3.19008731842
2.57190608978		1.80985641479
2.57476997375		3.2611284256
2.57764196396		1.78955841064
2.58051991463		3.22560787201
2.58339691162		1.88597202301
2.58627009392		3.07845020294
2.58915090561		2.07879829407
2.59202003479		2.8399553299
2.59489798546		2.3426656723
2.59776997566		2.56086444855
2.60064792633		2.62683105469
2.6035220623		2.28684806824
2.60639810562		2.900847435
2.60928106308		2.02805423737
2.61214804649		3.11397171021
2.61503601074		1.85552597046
2.61789894104		3.24590492249
2.62079310417		1.78448390961
2.62365007401		3.2611284256
2.62652397156		1.83522796631
2.62945103645		3.17993831635
2.63227391243		1.97731018066
2.63515090942		2.96681404114
2.63802504539		2.21073246002
2.64090204239		2.7029466629
2.64379787445		2.46445083618
2.6466550827		2.42893028259
2.64953494072		2.76891326904
2.65240287781		2.13969039917
2.65527796745		3.02770709991
2.6581530571		1.92656707764
2.66102910042		3.20023536682
2.66392302513		1.80478191376
2.66677999496		3.27127742767
2.66965699196		1.78448390961
2.6725320816		3.22560787201
2.67540597916		1.89104652405
2.67828202248		3.11397171021
2.68115997314		2.0838727951
2.68403196335		2.83488082886
2.68690896034		2.35281467438
2.68978691101		2.56086444855
2.69267201424		2.62683105469
2.69553399086		2.27162456512
2.69840908051		2.88562393188
2.70128488541		2.01790523529
2.7041580677		3.12411975861
2.7070350647		1.85045146942
2.70991206169		3.25097942352
2.71278595924		1.78448390961
2.71566104889		3.25605392456
2.71853804588		1.83015346527
2.72141098976		3.15964031219
2.72428894043		1.9823846817
2.72716093063		2.95666599274
2.73004007339		2.22088050842
2.73292303085		2.69787216187
2.73578810692		2.49997138977
2.7386701107		2.40863323212
2.74153900146		2.78921127319
2.74441504478		2.13461589813
2.74728798866		3.03278160095
2.7501680851		1.9214925766
2.7530400753		3.20023536682
2.75592803955		1.79463291168
2.75881695747		3.26620292664
2.76166796684		1.79463291168
2.76454091072		3.22053337097
2.76741790771		1.89612102509
2.77029895782		3.07337665558
2.77316808701		2.09402179718
2.77604699135		2.82980632782
2.77892494202		2.35788917542
2.78179502487		2.54564094543
2.7846698761		2.64712810516
2.78754496574		2.25640106201
2.79042196274		2.92114448547
2.79329609871		2.01283168793
2.79616904259		3.12919425964
2.79905295372		1.85045146942
2.8019220829		3.25097942352
2.80481505394		1.77940940857
2.80768895149		3.25605392456
2.81055092812		1.83015346527
2.81342291832		3.15456676483
2.81629991531		1.98745918274
2.81917500496		2.9515914917
2.82205796242		2.21580600739
2.82492589951		2.68264961243
2.82781600952		2.4898223877
2.8306748867		2.39848423004
2.83355093002		2.79428577423
2.83642601967		2.12954235077
2.83930110931		3.03278160095
2.84217691422		1.91134357452
2.84505295753		3.20023536682
2.84792709351		1.79970741272
2.85082507133		3.27127742767
2.85367703438		1.79970741272
2.85655593872		3.21545886993
2.85947299004		1.88089752197
2.86230492592		3.0632276535
2.86518001556		2.10416984558
2.86805605888		2.81965732574
2.8709321022		2.35788917542
2.87380695343		2.53549194336
2.87669706345		2.6420545578
2.87956500053		2.25132751465
2.88243293762		2.92621898651
2.88530707359		2.00775718689
2.88818287849		3.13426876068
2.89105796814		1.84030246735
2.89393210411		3.25097942352
2.89681005478		1.77940940857
2.8996860981		3.2611284256
2.90255904198		1.83522796631
2.9054350853		3.14949226379
2.9083070755		1.96716213226
2.91119408607		2.9515914917
2.91406106949		2.23610401154
2.91693902016		2.67250061035
2.91981506348		2.52026939392
2.92268705368		2.393409729
2.92556405067		2.80443382263
2.92844200134		2.14476490021
2.9313120842		3.04292964935
2.9341878891		1.90626907349
2.93706607819		3.2103843689
2.93995189667		1.79970741272
2.94281387329		3.27127742767
2.94568896294		1.79463291168
2.94857287407		3.21545886993
2.95143890381		1.91134357452
2.9543159008		3.05307865143
2.95719194412		2.11431884766
2.96006989479		2.80950832367
2.96294188499		2.37818622589
2.96581602097		2.52026939392
2.96869492531		2.66742610931
2.97156691551		2.25132751465
2.97444391251		2.93636798859
2.97731995583		1.99760818481
2.98019504547		3.14441776276
2.98308300972		1.84030246735
2.98594307899		3.25605392456
2.9888420105		1.77940940857
2.99169707298		3.25605392456
2.99457001686		1.84537696838
2.99744391441		3.14441776276
3.00032901764		1.99253368378
3.0031979084		2.93129348755
3.00607299805		2.24625301361
3.00895595551		2.67250061035
3.01183795929		2.51012039185
3.01469898224		2.38833522797
3.01757407188		2.81458282471
3.02045202255		2.10924434662
3.0233669281		3.02770709991
3.02620410919		1.90626907349
3.02908301353		3.21545886993
3.03196787834		1.79463291168
3.03482794762		3.26620292664
3.03770208359		1.79463291168
3.04058098793		3.20530986786
3.04345393181		1.91134357452
3.04632806778		3.04800415039
3.04921102524		2.10924434662
3.05207896233		2.79936027527
3.05495405197		2.38833522797
3.05783009529		2.51519489288
3.06072187424		2.66235160828
3.06358003616		2.23610401154
3.06645488739		2.94144248962
3.06941509247		2.04327774048
3.0722079277		3.14441776276
3.07508206367		1.83015346527
3.07796001434		3.2611284256
3.08083510399		1.78448390961
3.08370995522		3.25605392456
3.08658504486		1.84537696838
3.08950090408		3.14949226379
3.09233498573		2.00775718689
3.09520792961		2.92114448547
3.09808492661		2.25640106201
3.10096502304		2.65727710724
3.10383796692		2.5405664444
3.1067109108		2.36803817749
3.10959410667		2.81458282471
3.11246395111		2.10416984558
3.11533689499		3.05815315247
3.11821293831		1.89612102509
3.12108898163		3.22053337097
3.1239759922		1.78955841064
3.12685608864		3.26620292664
3.12971591949		1.79970741272
3.13258910179		3.20530986786
3.13546490669		1.9214925766
3.13833808899		3.05815315247
3.14121508598		2.12954235077
3.144094944		2.79428577423
3.1469669342		2.39848423004
3.1498439312		2.51012039185
3.15271687508		2.68772315979
3.1555929184		2.2310295105
3.15846800804		2.92621898651
3.16134500504		1.9823846817
3.16421890259		3.14949226379
3.16709399223		1.83015346527
3.1699719429		3.2611284256
3.17285990715		1.78448390961
3.17573809624		3.25097942352
3.17860889435		1.84537696838
3.18147206306		3.12919425964
3.18434691429		2.01283168793
3.18722391129		2.92114448547
3.19010090828		2.26147556305
3.19297289848		2.64712810516
3.19586491585		2.52534389496
3.19873094559		2.36296367645
3.20159888268		2.82980632782
3.20447301865		2.09909534454
3.20734810829		3.0632276535
3.21022605896		1.89104652405
3.21310091019		3.22053337097
3.21597504616		1.78955841064
3.21885204315		3.26620292664
3.22172689438		1.79970741272
3.22461795807		3.20530986786
3.22747802734		1.92656707764
3.23035287857		3.02770709991
3.23322606087		2.13461589813
3.23610091209		2.77906227112
3.23897790909		2.40355873108
3.24185299873		2.49997138977
3.2447450161		2.68772315979
3.24760389328		2.21073246002
3.25048089027		2.95666599274
3.25335288048		1.97731018066
3.25623106956		3.15964031219
3.25910687447		1.83015346527
3.26198005676		3.2611284256
3.26485610008		1.77940940857
3.26773810387		3.25097942352
3.2706079483		1.84537696838
3.27348208427		3.12411975861
3.2763569355		2.02805423737
3.27923989296		2.91607093811
3.28210806847		2.27162456512
3.28498506546		2.63698005676
3.28786110878		2.55071544647
3.29073596001		2.35281467438
3.29360890388		2.8399553299
3.29648399353		2.08894729614
3.29945707321		3.01755809784
3.30236506462		1.94178962708
3.30523705482		3.17993831635
3.30811095238		1.80985641479
3.31098890305		3.26620292664
3.31386089325		1.78955841064
3.31675100327		3.23575687408
3.31961989403		1.87582302094
3.32248902321		3.08859920502
3.32536387444		2.07372379303
3.32823801041		2.86025238037
3.33111596107		2.33251667023
3.33399009705		2.57608699799
3.33686709404		2.61160755157
3.33974099159		2.31221961975
3.34261608124		2.89069843292
3.34548902512		2.03820323944
3.34836387634		3.08859920502
3.35124206543		1.86059951782
3.35411810875		3.24083042145
3.35700297356		1.78448390961
3.3598690033		3.25605392456
3.36274290085		1.8200044632
3.36561799049		3.16978931427
3.36855602264		1.93164157867
3.37137293816		2.97696304321
3.37424707413		2.19043445587
3.37712097168		2.71309566498
3.3800098896		2.46445083618
3.38288807869		2.45937633514
3.38574695587		2.76383876801
3.38862800598		2.15998840332
3.39149594307		3.0124835968
3.39437294006		1.93671607971
3.39724993706		3.18501281738
3.40012788773		1.80478191376
3.40299892426		3.27127742767
3.40587306023		1.78448390961
3.40875792503		3.23068237305
3.41162490845		1.87582302094
3.41450095177		3.08352470398
3.41737389565		2.07879829407
3.42025208473		2.85517787933
3.42312598228		2.33251667023
3.4260020256		2.57101249695
3.42889904976		2.61160755157
3.43177008629		2.29699611664
3.43462610245		2.900847435
3.43750309944		2.03820323944
3.44038009644		3.11397171021
3.44325208664		1.85552597046
3.44613599777		3.24083042145
3.44900488853		1.78448390961
3.4518930912		3.26620292664
3.45475697517		1.82507896423
3.45762896538		3.16471481323
3.46050190926		1.96716213226
3.46337199211		2.9617395401
3.46624898911		2.21073246002
3.46913003922		2.71309566498
3.47200798988		2.48474884033
3.47488307953		2.41878128052
3.47775793076		2.76891326904
3.48063397408		2.14476490021
3.48350906372		3.02263259888
3.48638296127		1.93164157867
3.48926591873		3.19516181946
3.49213409424		1.79970741272
3.49500894547		3.26620292664
3.49788498878		1.78955841064
3.50077605247		3.22560787201
3.50363588333		1.88597202301
3.50651288033		3.07845020294
3.50942707062		2.05850028992
3.51226091385		2.8399553299
3.51513695717		2.3426656723
3.51801300049		2.56086444855
3.52088904381		2.63190555573
3.52376294136		2.29699611664
3.52663898468		2.89577293396
3.52952194214		2.0331287384
3.53238892555		3.11904525757
3.53527092934		1.85552597046
3.53814101219		3.24590492249
3.54101800919		1.78448390961
3.54389405251		3.2611284256
3.54676699638		1.83015346527
3.5496430397		3.15964031219
3.55251693726		1.97731018066
3.55539298058		2.9617395401
3.5582690239		2.18535995483
3.56114602089		2.7029466629
3.5640308857		2.48474884033
3.56689596176		2.41370677948
3.56977105141		2.77906227112
3.57264399529		2.13969039917
3.5755200386		3.02770709991
3.57839608192		1.96208763123
3.58127403259		3.19516181946
3.58414793015		1.79970741272
3.58702301979		3.26620292664
3.58990001678		1.78955841064
3.59277200699		3.22560787201
3.59564709663		1.89104652405
3.59852910042		3.07337665558
3.60139894485		2.09402179718
3.60427308083		2.82473182678
3.60716199875		2.34774017334
3.61002492905		2.55071544647
3.61291503906		2.63698005676
3.61577606201		2.26655006409
3.61865091324		2.91607093811
3.62152695656		2.01283168793
3.62440705299		3.12411975861
3.62727808952		1.84537696838
3.63015508652		3.24590492249
3.63302707672		1.78448390961
3.63591694832		3.26620292664
3.63878393173		1.82507896423
3.64165401459		3.15964031219
3.64452791214		1.9722366333
3.64741897583		2.96681404114
3.65028190613		2.22088050842
3.65315794945		2.68772315979
3.65604710579		2.4898223877
3.65891289711		2.40863323212
3.66178107262		2.78921127319
3.66465687752		2.13461589813
3.66753101349		3.03278160095
3.67040705681		1.9214925766
3.67328310013		3.20023536682
3.67615699768		1.79463291168
3.67904090881		3.27127742767
3.68190789223		1.79970741272
3.68479895592		3.22560787201
3.68766093254		1.90119457245
3.69053602219		3.0632276535
3.69340991974		2.09909534454
3.69628500938		2.81965732574
3.69916701317		2.36296367645
3.7020380497		2.5405664444
3.70491290092		2.6522026062
3.70778799057		2.27669906616
3.71066188812		2.92114448547
3.71354293823		2.01283168793
3.71641206741		3.12919425964
3.71928691864		1.84537696838
3.72216391563		3.25605392456
3.72503900528		1.78448390961
3.72791409492		3.25097942352
3.73078989983		1.83522796631
3.73366498947		3.14949226379
3.73654007912		1.99253368378
3.73946499825		2.98203754425
3.74229097366		2.2310295105
3.74516701698		2.67757511139
3.74805307388		2.49997138977
3.75093388557		2.41878128052
3.75379300117		2.80443382263
3.75666689873		2.11939334869
3.75954794884		3.03278160095
3.76241707802		1.90626907349
3.76529288292		3.20530986786
3.7681760788		1.79463291168
3.77105808258		3.26620292664
3.7739200592		1.79463291168
3.77679610252		3.22053337097
3.77967095375		1.89612102509
3.78254699707		3.05815315247
3.78542089462		2.10416984558
3.78829503059		2.87547588348
3.79117488861		2.36803817749
3.79404807091		2.53549194336
3.79694008827		2.64712810516
3.79981589317		2.26147556305
3.80268001556		2.92621898651
3.80555200577		2.00775718689
3.80842494965		3.11904525757
3.81130003929		1.84030246735
3.81417393684		3.25097942352
3.81704998016		1.77940940857
3.81994390488		3.25605392456
3.82280087471		1.84030246735
3.82567596436		3.14441776276
3.82855796814		1.99760818481
3.83142590523		2.93636798859
3.83430290222		2.24117851257
3.83718109131		2.66742610931
3.84005403519		2.52534389496
3.84292793274		2.37818622589
3.84580397606		2.81458282471
3.84868597984		2.11939334869
3.85155391693		3.04800415039
3.85443091393		1.90626907349
3.85730409622		3.2103843689
3.86018610001		1.79463291168
3.86305689812		3.27127742767
3.86593294144		1.79970741272
3.86882090569		3.21545886993
3.87168288231		1.90626907349
3.87455892563		3.04800415039
3.87745404243		2.09909534454
3.88030910492		2.80950832367
3.88318490982		2.38326072693
3.88605999947		2.52534389496
3.88893294334		2.67250061035
3.89181900024		2.26655006409
3.89468407631		2.93129348755
3.89755988121		1.99760818481
3.9004368782		3.14441776276
3.90331196785		1.83522796631
3.9061870575		3.25097942352
3.90907096863		1.78448390961
3.91194105148		3.25605392456
3.91481089592		1.84030246735
3.91768789291		3.13934326172
3.92056488991		2.00268268585
3.9234418869		2.93129348755
3.92631387711		2.24625301361
3.92919707298		2.66742610931
3.93207788467		2.52026939392
3.93494009972		2.37818622589
3.93781495094		2.81965732574
3.94069194794		2.10924434662
3.94356489182		3.05815315247
3.94644188881		1.90119457245
3.94931697845		3.2103843689
3.95219302177		1.78955841064
3.95506691933		3.26620292664
3.95794296265		1.79970741272
3.96081995964		3.20530986786
3.96369504929		1.91134357452
3.96656799316		3.04292964935
3.96952009201		2.07879829407
3.9723200798		2.79428577423
3.9752099514		2.38326072693
3.97807192802		2.51012039185
3.98096704483		2.66235160828
3.98382592201		2.2310295105
3.98669791222		2.94651699066
3.98957896233		1.99253368378
3.99244594574		3.14949226379
3.99532103539		1.83015346527
3.9981970787		3.2611284256
4.00107502937		1.78448390961
4.00396299362		3.25605392456
4.00682401657		1.84030246735
4.00970101357		3.13426876068
4.01257395744		2.00775718689
4.0154531002		2.92114448547
4.01832509041		2.2310295105
4.02120399475		2.65727710724
4.02409100533		2.53041744232
4.02696800232		2.393409729
4.02982807159		2.82980632782
4.03270196915		2.09909534454
4.03557705879		3.05815315247
4.03845095634		1.91641807556
4.04133009911		3.21545886993
4.04420304298		1.78955841064
4.04707789421		3.26620292664
4.0499560833		1.80478191376
4.05284309387		3.20530986786
4.0557038784		1.9214925766
4.05858707428		3.03785610199
4.06145596504		2.13461589813
4.06433010101		2.78413677216
4.06720709801		2.40355873108
4.07008910179		2.51519489288
4.07295799255		2.69279766083
4.0758330822		2.24117851257
4.07871389389		2.9515914917
4.0815820694		1.97731018066
4.08445906639		3.14949226379
4.08733201027		1.83015346527
4.09020900726		3.25605392456
4.09308695793		1.78448390961
4.09595990181		3.25097942352
4.09884309769		1.84537696838
4.1017100811		3.12919425964
4.104585886		2.02297973633
4.10746002197		2.91099643707
4.11033892632		2.26655006409
4.11321210861		2.6420545578
4.11610007286		2.54564094543
4.11898899078		2.41370677948
4.12184691429		2.82473182678
4.12471294403		2.08894729614
4.1275908947		3.06830215454
4.13046598434		1.89104652405
4.1333398819		3.22053337097
4.13621902466		1.78448390961
4.13909697533		3.26620292664
4.14196610451		1.80478191376
4.14484000206		3.20023536682
4.14771604538		1.9214925766
4.15059494972		3.02770709991
4.15346693993		2.13969039917
4.15634202957		2.77906227112
4.15922689438		2.40355873108
4.16209506989		2.49489688873
4.16498398781		2.68772315979
4.1678609848		2.22595500946
4.17072296143		2.95666599274
4.17359399796		1.9722366333
4.17646789551		3.15964031219
4.1794230938		1.85045146942
4.18222498894		3.2611284256
4.18509602547		1.78448390961
4.18798589706		3.24590492249
4.19084906578		1.85552597046
4.19372296333		3.12411975861
4.1965970993		2.02805423737
4.19950699806		2.92621898651
4.2023499012		2.2817735672
4.2052230835		2.63190555573
4.2080988884		2.56593894958
4.21097493172		2.34774017334
4.21385002136		2.8501033783
4.21672606468		2.0838727951
4.21960306168		3.07337665558
4.22247695923		1.88597202301
4.22535204887		3.22560787201
4.2282269001		1.78955841064
4.23110198975		3.26620292664
4.23397898674		1.80478191376
4.23686599731		3.20023536682
4.23973107338		1.92656707764
4.24260401726		3.02263259888
4.2454791069		2.14983940125
4.24836206436		2.80443382263
4.25123000145		2.42385578156
4.25410699844		2.4898223877
4.25697994232		2.70802116394
4.25985693932		2.22088050842
4.26272988319		2.9617395401
4.2656109333		1.9722366333
4.26855397224		3.13426876068
4.2713599205		1.82507896423
4.27423191071		3.2611284256
4.27711009979		1.78448390961
4.27998709679		3.24590492249
4.2828578949		1.85045146942
4.28573608398		3.11904525757
4.28861403465		2.0331287384
4.29148387909		2.89069843292
4.29435992241		2.28684806824
4.29723787308		2.62175655365
4.30012488365		2.56086444855
4.3029859066		2.33251667023
4.30586099625		2.85517787933
4.3087439537		2.07879829407
4.31161189079		3.07845020294
4.31448507309		1.87582302094
4.31736207008		3.23068237305
4.32023906708		1.78448390961
4.32311296463		3.27127742767
4.32598805428		1.80985641479
4.32887196541		3.19516181946
4.33173799515		1.93164157867
4.33461308479		3.00740909576
4.3374979496		2.15491390228
4.34036707878		2.75876522064
4.34325408936		2.42385578156
4.34611701965		2.46952533722
4.34901404381		2.70802116394
4.35186696053		2.19043445587
4.35474205017		2.98203754425
4.35761809349		1.96208763123
4.36049604416		3.16978931427
4.36336994171		1.81493091583
4.36624407768		3.2611284256
4.36912488937		1.78448390961
4.37200903893		3.24590492249
4.37487006187		1.86059951782
4.3777449131		3.11397171021
4.3806219101		2.03820323944
4.38349509239		2.88562393188
4.38637208939		2.29699611664
4.38925290108		2.62175655365
4.39214205742		2.57101249695
4.39499592781		2.32744312286
4.39787197113		2.86025238037
4.4007499218		2.06357479095
4.4036231041		3.08859920502
4.406498909		1.87582302094
4.4094619751		3.20530986786
4.4123749733		1.80478191376
4.41525101662		3.26620292664
4.41812491417		1.79463291168
4.42102003098		3.22560787201
4.4238960743		1.88089752197
4.42675805092		3.07845020294
4.42963600159		2.0838727951
4.43250203133		2.83488082886
4.43537688255		2.34774017334
4.43825387955		2.55578994751
4.44112896919		2.63698005676
4.44401788712		2.29699611664
4.44687891006		2.91099643707
4.44975709915		2.02297973633
4.4526309967		3.12411975861
4.45550608635		1.84537696838
4.45838189125		3.24083042145
4.46124887466		1.78448390961
4.46412205696		3.2611284256
4.46699810028		1.83015346527
4.46988391876		3.16471481323
4.47275900841		1.97731018066
4.47563195229		2.95666599274
4.47851610184		2.21073246002
4.48138403893		2.69279766083
4.48425889015		2.49997138977
4.48713493347		2.42385578156
4.49001097679		2.78413677216
4.49289894104		2.14476490021
4.49575996399		3.03278160095
4.4986410141		1.9214925766
4.50151109695		3.19516181946
4.50438594818		1.79463291168
4.5072619915		3.27127742767
4.51013588905		1.79463291168
4.51301193237		3.22053337097
4.51589393616		1.88089752197
4.51876997948		3.07845020294
4.52163696289		2.09402179718
4.52451205254		2.82980632782
4.5273900032		2.35788917542
4.53026509285		2.55071544647
4.53314089775		2.64712810516
4.53601503372		2.26655006409
4.53889703751		2.89577293396
4.54176807404		2.01283168793
4.54464197159		3.12411975861
4.54751706123		1.84537696838
4.55039405823		3.25097942352
4.55326795578		1.78448390961
4.55615496635		3.2611284256
4.55902504921		1.83015346527
4.56189393997		3.15456676483
4.56476688385		1.99253368378
4.56764292717		2.9515914917
4.57051992416		2.22595500946
4.57339406013		2.68264961243
4.57626891136		2.51012039185
4.57915210724		2.39848423004
4.582020998		2.79428577423
4.58489704132		2.12446784973
4.58777189255		3.03278160095
4.59064793587		1.91134357452
4.59352302551		3.20530986786
4.59639906883		1.79463291168
4.59928798676		3.26620292664
4.60214805603		1.78955841064
4.60504603386		3.22560787201
4.60789990425		1.90119457245
4.6107749939		3.0632276535
4.61364889145		2.10416984558
4.61652708054		2.81965732574
4.61948204041		2.30714511871
4.62227797508		2.54564094543
4.62515306473		2.6522026062
4.62804102898		2.27669906616
4.63090205193		2.91607093811
4.63377809525		2.00775718689
4.63665294647		3.13426876068
4.63953590393		1.84537696838
4.64240288734		3.25097942352
4.64527893066		1.78448390961
4.64816808701		3.25605392456
4.6510310173		1.83522796631
4.65390610695		3.14949226379
4.65681099892		1.97731018066
4.65965795517		2.94651699066
4.66253209114		2.23610401154
4.66540598869		2.67250061035
4.66828107834		2.45937633514
4.67116308212		2.393409729
4.67403197289		2.79936027527
4.6769220829		2.12954235077
4.67978596687		3.04292964935
4.68265891075		1.91134357452
4.6855340004		3.2103843689
4.68840789795		1.80478191376
4.69128608704		3.26620292664
4.69416594505		1.79970741272
4.69703602791		3.21545886993
4.6999130249		1.89612102509
4.70278906822		3.05307865143
4.70566105843		2.10924434662
4.70854306221		2.81458282471
4.71141290665		2.37818622589
4.71428894997		2.53041744232
4.71716594696		2.66235160828
4.72004008293		2.24625301361
4.72291302681		2.93129348755
4.72578907013		1.99760818481
4.72867107391		3.13934326172
4.73153996468		1.84030246735
4.73441410065		3.25605392456
4.73728990555		1.77940940857
4.74018001556		3.25097942352
4.74305796623		1.83522796631
4.74591493607		3.14441776276
4.74879598618		1.99760818481
4.75166797638		2.93636798859
4.75454187393		2.24117851257
4.75741791725		2.66742610931
4.76029801369		2.52534389496
4.76316905022		2.37818622589
4.76604390144		2.81458282471
4.76892805099		2.11431884766
4.77179408073		3.04292964935
4.77466702461		1.90119457245
4.77754592896		3.21545886993
4.78042006493		1.79463291168
4.78330302238		3.26620292664
4.7861700058		1.79970741272
4.78906989098		3.2103843689
4.79193806648		1.90626907349
4.79479694366		3.05307865143
4.79767203331		2.12446784973
4.8005490303		2.80443382263
4.80342507362		2.393409729
4.8062980175		2.52026939392
4.80918192863		2.67250061035
4.81206798553		2.25640106201
4.81492495537		2.94651699066
4.81780099869		1.99253368378
4.82067990303		3.13934326172
4.82355093956		1.83015346527
4.82642507553		3.2611284256
4.82931089401		1.77940940857
4.83217692375		3.25097942352
4.8350520134		1.84537696838
4.83792901039		3.13934326172
4.84080290794		2.00775718689
4.84367990494		2.93129348755
4.84655308723		2.25132751465
4.84947800636		2.69279766083
4.85230398178		2.53549194336
4.8551800251		2.38326072693
4.85805487633		2.81965732574
4.86094808578		2.11431884766
4.86380600929		3.05815315247
4.86668205261		1.90119457245
4.8695640564		3.21545886993
4.87244009972		1.79463291168
4.87530708313		3.26620292664
4.87818408012		1.79970741272
4.88105893135		3.20530986786
4.883934021		1.90119457245
4.88680911064		3.05307865143
4.88968610764		2.12446784973
4.89255905151		2.79428577423
4.89543509483		2.39848423004
4.89831209183		2.57608699799
4.90119194984		2.68264961243
4.90406489372		2.2310295105
4.90693593025		2.9515914917
4.90981292725		1.98745918274
4.91268801689		3.14949226379
4.91556310654		1.83015346527
4.91843795776		3.25097942352
4.92131400108		1.78448390961
4.92420196533		3.25097942352
4.92706298828		1.85045146942
4.92993998528		3.13426876068
4.93281388283		2.01283168793
4.93568992615		2.91607093811
4.9385740757		2.25640106201
4.94144010544		2.64712810516
4.94431710243		2.55071544647
4.94719099998		2.35788917542
4.95006990433		2.82980632782
4.95294189453		2.09402179718
4.95581698418		3.05815315247
4.95869994164		1.89612102509
4.96157503128		3.22053337097
4.96444201469		1.78955841064
4.96733093262		3.26620292664
4.97019600868		1.80478191376
4.97308492661		3.20530986786
4.97594594955		1.9214925766
4.97882699966		3.03785610199
4.98169589043		2.13461589813
4.9845700264		2.78413677216
4.98744606972		2.40355873108
4.99032402039		2.49997138977
4.99319791794		2.69787216187
4.99608802795		2.24117851257
4.99895405769		2.94144248962
