0.000126123428345		-0.00677108764648
0.0041069984436		5.04730892181
0.00698709487915		1.1501865387
0.00986313819885		-0.00677108764648
0.0127301216125		5.04730892181
0.0156080722809		1.80985641479
0.0184791088104		-0.00169658660889
0.0213551521301		5.04730892181
0.0242321491241		2.61160755157
0.0271091461182		-0.00169658660889
0.0299861431122		5.04223537445
0.0328590869904		3.3727645874
0.0357329845428		-0.00169658660889
0.0386140346527		5.03716087341
0.0414941310883		4.05273151398
0.0443661212921		-0.00169658660889
0.0472421646118		5.00164031982
0.0501229763031		4.67687988281
0.0529940128326		-0.00169658660889
0.0558660030365		4.62106132507
0.0587849617004		4.97626781464
0.0616199970245		-0.00677108764648
0.0644929409027		3.91572284698
0.0673661231995		5.04730892181
0.0702459812164		-0.00169658660889
0.0731191635132		3.21545886993
0.0759990215302		5.04223537445
0.0788700580597		-0.00169658660889
0.0817461013794		2.51012039185
0.0846221446991		5.04223537445
0.087494134903		-0.00169658660889
0.0903770923615		1.82507896423
0.0932459831238		5.04730892181
0.0961229801178		-0.00169658660889
0.099004983902		1.1501865387
0.101874113083		5.04730892181
0.104750156403		0.130236625671
0.107624053955		0.500666618347
0.110502958298		5.04730892181
0.113374948502		0.617377281189
0.116249084473		0.0642700195312
0.119229078293		5.04223537445
0.122127056122		0.886319160461
0.125003099442		0.00337791442871
0.127877950668		5.04730892181
0.130753040314		1.54598808289
0.133625984192		-0.00677108764648
0.13650393486		5.04223537445
0.139379024506		2.27162456512
0.142255067825		-0.00169658660889
0.145127058029		5.04730892181
0.148013114929		2.86532688141
0.150877952576		-0.00169658660889
0.153753995895		5.04223537445
0.156630992889		3.73812007904
0.159508943558		-0.00677108764648
0.162379026413		5.04223537445
0.165257930756		4.43838405609
0.168131113052		-0.00169658660889
0.171009063721		4.84940910339
0.173881053925		4.93059825897
0.176758050919		-0.00169658660889
0.179634094238		4.26078033447
0.182507991791		5.04223537445
0.185385942459		-0.00169658660889
0.18827009201		3.54021930695
0.19113612175		5.04223537445
0.194010019302		-0.00169658660889
0.196886062622		2.79428577423
0.199769973755		5.04223537445
0.202636003494		-0.00677108764648
0.205517053604		2.12954235077
0.20839715004		5.04730892181
0.211266994476		-0.00169658660889
0.214138031006		1.41405487061
0.217010974884		5.04223537445
0.219892978668		0.0287494659424
0.222761154175		0.764533996582
0.225639104843		5.04730892181
0.228521108627		0.363657951355
0.231389045715		0.196204185486
0.234265089035		5.04223537445
0.237144947052		0.982732772827
0.240024089813		-0.00169658660889
0.242892026901		5.04730892181
0.245766162872		1.64747619629
0.248649120331		-0.00169658660889
0.251517057419		5.04223537445
0.254392147064		2.36803817749
0.257269144058		-0.00169658660889
0.260146141052		5.04223537445
0.263018131256		3.13934326172
0.265892028809		-0.00169658660889
0.268778085709		5.03716087341
0.271645069122		3.83453273773
0.274521112442		-0.00677108764648
0.277392148972		5.04223537445
0.280274152756		4.53479766846
0.283143997192		-0.00169658660889
0.286021947861		4.76821899414
0.288902044296		4.95089626312
0.2917740345		-0.00169658660889
0.29464507103		4.15929317474
0.297522068024		5.04730892181
0.300402164459		-0.00169658660889
0.30327296257		3.40828514099
0.306147098541		5.04223537445
0.309123039246		-0.00169658660889
0.311905145645		2.72831821442
0.314774990082		5.04223537445
0.317655086517		-0.00169658660889
0.320529937744		2.04327774048
0.323401927948		5.04223537445
0.326285123825		-0.00677108764648
0.329190969467		1.5003194809
0.332026958466		5.04223537445
0.334903001785		0.0490465164185
0.337775945663		0.64782333374
0.34065413475		5.04223537445
0.343528032303		0.444848060608
0.346404075623		0.145460128784
0.34929394722		5.04223537445
0.352154016495		1.07914543152
0.355031013489		-0.00169658660889
0.35790514946		5.03716087341
0.360783100128		1.73881530762
0.363656044006		-0.00677108764648
0.366536140442		5.04223537445
0.36940908432		2.46952533722
0.372282028198		-0.00169658660889
0.375156164169		5.04223537445
0.37803196907		3.11397171021
0.380908966064		-0.00677108764648
0.383785009384		5.04223537445
0.386659145355		3.92079734802
0.389536142349		-0.00169658660889
0.392410993576		5.02701187134
0.395283937454		4.63121032715
0.398160934448		-0.00169658660889
0.401042938232		4.72254943848
0.403910160065		4.99149131775
0.406787157059		-0.00169658660889
0.409662008286		4.07302856445
0.412536144257		5.03716087341
0.415431976318		-0.00169658660889
0.418298006058		3.34231853485
0.421163082123		5.04223537445
0.424044132233		-0.00169658660889
0.426913976669		2.61160755157
0.429792165756		5.04223537445
0.432665109634		-0.00169658660889
0.435538053513		1.90626907349
0.438423156738		5.04223537445
0.441290140152		-0.00169658660889
0.444164991379		1.21615409851
0.447041988373		5.04223537445
0.449918985367		0.0896415710449
0.452791929245		0.566633224487
0.455667972565		5.04223537445
0.458550930023		0.500666618347
0.461421012878		0.104865074158
0.464293956757		5.04223537445
0.467170953751		1.16033554077
0.470046043396		-0.00169658660889
0.472921133041		5.04223537445
0.475795984268		1.84030246735
0.478678941727		-0.00677108764648
0.481544971466		5.04223537445
0.484421014786		2.5913105011
0.487295150757		-0.00169658660889
0.490185022354		5.04223537445
0.493050098419		3.33216953278
0.495924949646		-0.00169658660889
0.498810052872		5.04223537445
0.501676082611		4.01721096039
0.504558086395		-0.00169658660889
0.507424116135		5.00164031982
0.510307073593		4.67180538177
0.513175964355		-0.00169658660889
0.516052007675		4.63121032715
0.518928050995		5.00671482086
0.521806001663		-0.00169658660889
0.524677038193		3.95631790161
0.527553081512		5.04730892181
0.530429124832		-0.00169658660889
0.533303976059		3.21545886993
0.53617811203		5.04223537445
0.539098024368		-0.00169658660889
0.541929960251		2.52026939392
0.544805049896		5.04730892181
0.547681093216		-0.00169658660889
0.550559043884		1.86567401886
0.553431987762		5.04223537445
0.556308031082		-0.00169658660889
0.559190034866		1.16033554077
0.562057971954		5.04223537445
0.564934015274		0.125163078308
0.567811965942		0.505741119385
0.570682048798		5.04223537445
0.573557138443		0.612302780151
0.576434135437		0.0744190216064
0.57931804657		5.04223537445
0.582188129425		1.24152565002
0.585059165955		-0.00169658660889
0.587936162949		5.04223537445
0.59081196785		1.93671607971
0.593704938889		-0.00169658660889
0.596560955048		5.04223537445
0.599439144135		2.68264961243
0.602312088013		-0.00169658660889
0.60518693924		5.04223537445
0.608062028885		3.10889720917
0.61094212532		-0.00677108764648
0.613815069199		5.04223537445
0.616690158844		4.10854911804
0.619565010071		-0.00169658660889
0.622441053391		4.9711933136
0.625313997269		4.7631444931
0.628189086914		-0.00677108764648
0.631066083908		4.53479766846
0.633942127228		5.03208637238
0.636817932129		-0.00169658660889
0.639696121216		3.86497974396
0.64256811142		5.04730892181
0.645442962646		-0.00169658660889
0.648326158524		3.14441776276
0.651193141937		5.04223537445
0.654068946838		-0.00169658660889
0.656944990158		2.43400478363
0.659821987152		5.04223537445
0.662693023682		-0.00169658660889
0.66557097435		1.73374080658
0.66845202446		5.04730892181
0.671324014664		-0.00169658660889
0.674196958542		1.05377388
0.677075147629		5.04223537445
0.67995095253		0.160683631897
0.682830095291		0.424551010132
0.685697078705		5.04730892181
0.688584089279		0.652897834778
0.691447973251		0.0388984680176
0.694322109222		5.04223537445
0.697200059891		1.33793926239
0.700077056885		-0.00169658660889
0.702950954437		5.04223537445
0.705825090408		2.02805423737
0.708709001541		-0.00169658660889
0.711575031281		5.04730892181
0.714452028275		2.79428577423
0.717328071594		-0.00169658660889
0.720211029053		5.04223537445
0.723078966141		3.53007030487
0.725954055786		-0.00677108764648
0.72883605957		5.04223537445
0.731706142426		4.20496273041
0.734579086304		-0.00169658660889
0.737457036972		4.94074726105
0.740330934525		4.81388759613
0.74320602417		-0.00169658660889
0.746078968048		4.4536075592
0.748965024948		5.03716087341
0.751836061478		-0.00169658660889
0.754707098007		3.75841712952
0.757583141327		5.04223537445
0.760461091995		-0.00677108764648
0.763334989548		3.02770709991
0.766210079193		5.04223537445
0.769129037857		-0.00677108764648
0.771965026855		2.36296367645
0.774837017059		5.04223537445
0.777713060379		-0.00169658660889
0.780589103699		1.66777324677
0.783461093903		5.04223537445
0.786337137222		0.00337791442871
0.789220094681		0.987807273865
0.792089939117		5.04223537445
0.794960021973		0.226650238037
0.797841072083		0.338286399841
0.800716161728		5.04223537445
0.80359005928		0.779757499695
0.806463003159		0.0186004638672
0.80934214592		5.04223537445
0.812214136124		1.42420387268
0.815089941025		-0.00169658660889
0.81796503067		5.03716087341
0.82084608078		2.09402179718
0.82371711731		-0.00169658660889
0.826589107513		5.03716087341
0.829472064972		2.8501033783
0.832343101501		-0.00169658660889
0.835217952728		5.04223537445
0.838092088699		3.49962425232
0.840970039368		-0.00169658660889
0.843842983246		5.04223537445
0.846718072891		4.28615283966
0.849596977234		-0.00169658660889
0.852470159531		4.90015220642
0.855345010757		4.86463165283
0.858230113983		-0.00677108764648
0.861099004745		4.35719394684
0.863978147507		5.04223537445
0.866847038269		-0.00169658660889
0.869742155075		3.76349163055
0.872600078583		5.02701187134
0.875477075577		-0.00169658660889
0.878360033035		2.95666599274
0.881224155426		5.02701187134
0.88410115242		-0.00169658660889
0.886971950531		2.23610401154
0.889851093292		5.0219373703
0.892727136612		-0.00169658660889
0.89560508728		1.57643508911
0.898478031158		5.00671482086
0.901386022568		-0.00169658660889
0.904232978821		0.886319160461
0.907104969025		5.02701187134
0.90998506546		0.257096290588
0.912853002548		0.267245292664
0.915728092194		5.02701187134
0.918606042862		0.830501556396
0.921482086182		0.00845146179199
0.92435503006		5.02701187134
0.927229166031		1.5104675293
0.930113077164		-0.00169658660889
0.932980060577		5.02701187134
0.935863018036		2.19043445587
0.93873000145		-0.00169658660889
0.941610097885		5.02701187134
0.944483041763		2.97696304321
0.947356939316		-0.00169658660889
0.950242996216		5.0219373703
0.953110933304		3.70767402649
0.955983161926		-0.00677108764648
0.958866119385		5.0219373703
0.961732149124		4.37241744995
0.964610099792		-0.00169658660889
0.967483997345		4.83418560028
0.970361948013		4.89000320435
0.97323513031		-0.00169658660889
0.976112127304		4.26078033447
0.978991985321		5.02701187134
0.981863021851		-0.00169658660889
0.984738111496		3.55544185638
0.987612962723		5.01686286926
0.990494012833		-0.00169658660889
0.993366003036		2.86025238037
0.99623799324		5.0219373703
0.999171972275		-0.00169658660889
1.00199007988		2.13461589813
1.0048661232		5.02701187134
1.00774097443		-0.00169658660889
1.01061797142		1.46479797363
1.01348996162		5.02701187134
1.01636600494		0.0236749649048
1.01925206184		0.810203552246
1.0221259594		5.0219373703
1.02499294281		0.338286399841
1.0278699398		0.211426734924
1.0307431221		5.02701187134
1.03361797333		0.937063217163
1.03649401665		-0.00169658660889
1.03937697411		5.02701187134
1.04224610329		1.60180664062
1.04512000084		-0.00169658660889
1.04799604416		5.02701187134
1.0508749485		2.29699611664
1.05374407768		-0.00169658660889
1.05662298203		5.02701187134
1.05949902534		3.07845020294
1.06237101555		-0.00169658660889
1.06524705887		5.03208637238
1.06812310219		3.68737602234
1.07100105286		-0.00169658660889
1.07387495041		5.02701187134
1.07675004005		4.45868110657
1.07962608337		-0.00169658660889
1.08249998093		4.79359054565
1.08537507057		4.93567276001
1.08825993538		-0.00169658660889
1.09112715721		4.15421867371
1.09400296211		5.03208637238
1.09687709808		-0.00169658660889
1.09975409508		3.47425174713
1.10262608528		5.02701187134
1.10550093651		-0.00169658660889
1.10838508606		2.76383876801
1.11125707626		5.03208637238
1.11412906647		-0.00169658660889
1.11700415611		2.05342674255
1.11989212036		5.0219373703
1.12275695801		-0.00169658660889
1.12563204765		1.34808731079
1.12852096558		5.03208637238
1.13138198853		0.0439729690552
1.13425707817		0.688418388367
1.13713097572		5.02701187134
1.14001202583		0.389030456543
1.14288210869		0.155609130859
1.14575695992		5.02701187134
1.14864110947		1.0030298233
1.15150713921		-0.00169658660889
1.1543841362		5.0219373703
1.1572599411		1.70329380035
1.16014003754		-0.00169658660889
1.1630089283		5.02701187134
1.16588616371		2.33251667023
1.16877913475		-0.00169658660889
1.17163705826		5.02701187134
1.17451095581		3.18501281738
1.1773891449		-0.00677108764648
1.18026399612		5.0219373703
1.18313908577		3.90557384491
1.18601202965		-0.00169658660889
1.18889713287		5.0219373703
1.19176506996		4.54494571686
1.19464111328		-0.00169658660889
1.19751501083		4.71747493744
1.2003929615		4.96611976624
1.20326399803		-0.00169658660889
1.2061419487		4.08825206757
1.20911192894		5.0219373703
1.21189498901		-0.00677108764648
1.21476793289		3.36769008636
1.21764993668		5.02701187134
1.22052001953		-0.00169658660889
1.22339296341		2.6522026062
1.2262699604		5.02701187134
1.22918009758		-0.00677108764648
1.23202013969		1.95193862915
1.23489403725		5.03208637238
1.23777008057		-0.00169658660889
1.24064898491		1.29734420776
1.24352192879		5.0219373703
1.24639511108		0.0744190216064
1.24928212166		0.632600784302
1.2521469593		5.0219373703
1.25502300262		0.485443115234
1.25789904594		0.115014076233
1.26077508926		5.03208637238
1.26364898682		1.11466598511
1.26652407646		-0.00169658660889
1.26940011978		5.02701187134
1.2722761631		1.78955841064
1.27515101433		-0.00169658660889
1.27802610397		5.02701187134
1.28090405464		2.50504589081
1.28377699852		-0.00169658660889
1.28665113449		5.0219373703
1.28952598572		3.28142547607
1.29240107536		-0.00169658660889
1.29527616501		5.0219373703
1.29815411568		3.72289657593
1.30103206635		-0.00677108764648
1.30391001701		5.00164031982
1.30678415298		4.62106132507
1.30965614319		-0.00169658660889
1.31253194809		4.6515083313
1.31540608406		4.99149131775
1.31829810143		-0.00169658660889
1.32116508484		4.02228546143
1.32404303551		5.02701187134
1.32691216469		-0.00169658660889
1.32979106903		3.3220205307
1.33266711235		5.03716087341
1.33553409576		-0.00169658660889
1.33841896057		2.58623600006
1.34128499031		5.03716087341
1.34416103363		-0.00169658660889
1.34703493118		1.86567401886
1.34991192818		5.03716087341
1.35278701782		-0.00677108764648
1.35565900803		1.16541004181
1.35854315758		5.03716087341
1.36141300201		0.0997905731201
1.36428713799		0.510815620422
1.36716103554		5.03716087341
1.37003898621		0.571707725525
1.37291097641		0.079493522644
1.3757879734		5.03716087341
1.37867093086		1.17555904388
1.38154006004		-0.00169658660889
1.38441514969		5.03208637238
1.38728904724		1.90626907349
1.39016294479		-0.00677108764648
1.39303207397		5.03716087341
1.39578795433		3.02263259888
1.39866304398		-0.00169658660889
1.40154409409		5.03716087341
1.40442013741		3.7837896347
1.40728998184		-0.00677108764648
1.41016697884		5.03208637238
1.41304302216		4.47390460968
1.41592311859		-0.00169658660889
1.41880011559		4.82911109924
1.42166805267		4.93567276001
1.42454195023		-0.00169658660889
1.42741799355		4.17451667786
1.43029713631		5.03716087341
1.43317103386		-0.00677108764648
1.43604493141		3.46917819977
1.43892908096		5.02701187134
1.44179797173		-0.00169658660889
1.4446721077		2.76383876801
1.44754815102		5.03716087341
1.45042395592		-0.00169658660889
1.45329809189		2.0838727951
1.45617413521		5.03208637238
1.45908999443		-0.00169658660889
1.46192312241		1.37853431702
1.4648039341		5.04223537445
1.46767401695		0.0388984680176
1.47055315971		0.744236946106
1.47342610359		5.04730892181
1.47630000114		0.383955955505
1.47918605804		0.191129684448
1.48205113411		5.04223537445
1.48493313789		0.992880821228
1.48780202866		-0.00169658660889
1.49068593979		5.04223537445
1.4935541153		1.67792224884
1.49643111229		-0.00169658660889
1.49931406975		5.04223537445
1.50218105316		2.393409729
1.50505614281		-0.00169658660889
1.50793004036		5.04223537445
1.51080608368		3.13426876068
1.51368093491		-0.00169658660889
1.51656413078		5.04730892181
1.51943612099		3.85990524292
1.52230811119		-0.00169658660889
1.52518296242		5.03716087341
1.52805995941		4.43330955505
1.53093504906		-0.00169658660889
1.53380894661		4.76821899414
1.5366859436		4.9711933136
1.53956007957		-0.00169658660889
1.5424349308		4.0933265686
1.54531002045		5.04223537445
1.54818606377		-0.00169658660889
1.55105996132		3.36261558533
1.55393600464		5.04223537445
1.55681204796		-0.00677108764648
1.55968809128		2.67757511139
1.56256103516		5.04223537445
1.56543707848		-0.00169658660889
1.56832098961		2.01283168793
1.57118797302		5.04730892181
1.57406997681		-0.00169658660889
1.57694005966		1.30749225616
1.57981514931		5.04730892181
1.58269095421		0.0693445205688
1.58556604385		0.622451782227
1.58844804764		5.04223537445
1.59131813049		0.460071563721
1.59419202805		0.130236625671
1.59706807137		5.04223537445
1.59994792938		1.09436893463
1.60281610489		-0.00677108764648
1.60569214821		5.03716087341
1.60857605934		1.74388885498
1.61144304276		-0.00169658660889
1.6143181324		5.04223537445
1.61719298363		2.52026939392
1.62007212639		-0.00169658660889
1.62294507027		5.04223537445
1.62582206726		3.23068237305
1.62870502472		-0.00169658660889
1.63156914711		5.04223537445
1.63444495201		3.9918384552
1.63732194901		-0.00169658660889
1.64020109177		5.0219373703
1.64307308197		4.63628482819
1.64594697952		-0.00169658660889
1.64883208275		4.70732593536
1.6517021656		4.99149131775
1.65457510948		-0.00169658660889
1.65744996071		3.9918384552
1.66032600403		5.04223537445
1.66320300102		-0.00169658660889
1.6660759449		3.28142547607
1.66895699501		5.04223537445
1.67182803154		-0.00169658660889
1.67469906807		2.57608699799
1.67757797241		5.04223537445
1.68045306206		-0.00169658660889
1.6833281517		1.89104652405
1.68620300293		5.04223537445
1.68917703629		-0.00677108764648
1.69195914268		1.22630310059
1.6948299408		5.04730892181
1.69770312309		0.0997905731201
1.70058298111		0.551410675049
1.70345401764		5.04223537445
1.70633196831		0.551410675049
1.70921301842		0.0997905731201
1.71208405495		5.04730892181
1.7149579525		1.18063354492
1.71783208847		-0.00677108764648
1.72071409225		5.04730892181
1.72360014915		1.80478191376
1.72645998001		-0.00169658660889
1.72933602333		5.04223537445
1.73220801353		2.61668205261
1.73508501053		-0.00169658660889
1.7379591465		5.04223537445
1.74083900452		3.33724403381
1.74371004105		-0.00169658660889
1.74658298492		5.04223537445
1.74946308136		4.06287956238
1.75234293938		-0.00677108764648
1.75521302223		5.00164031982
1.75809311867		4.59061527252
1.7609641552		-0.00169658660889
1.76383805275		4.63121032715
1.76671695709		5.01686286926
1.76959109306		-0.00169658660889
1.77246403694		3.89542579651
1.77534103394		5.04730892181
1.77822303772		-0.00169658660889
1.78109097481		3.17993831635
1.78397202492		5.04730892181
1.78684210777		-0.00169658660889
1.78972101212		2.49489688873
1.79259204865		5.04730892181
1.7954659462		-0.00169658660889
1.7983520031		1.83015346527
1.80121898651		5.04223537445
1.80409312248		-0.00169658660889
1.8069691658		1.10451793671
1.80984807014		5.04730892181
1.81271910667		0.140385627747
1.81559610367		0.465146064758
1.81847906113		5.04223537445
1.82135009766		0.622451782227
1.82422113419		0.0591955184937
1.82709598541		5.04730892181
1.82997703552		1.24152565002
1.8328499794		-0.00169658660889
1.83572101593		5.03716087341
1.8386080265		1.93671607971
1.84147906303		-0.00677108764648
1.84434700012		5.04223537445
1.84722495079		2.72324466705
1.85010004044		-0.00169658660889
1.85297513008		5.04223537445
1.85585212708		3.43873119354
1.85873198509		-0.00169658660889
1.86160206795		5.04730892181
1.8644759655		4.16944217682
1.86735415459		-0.00169658660889
1.87022900581		4.9711933136
1.87310099602		4.7732925415
1.87597894669		-0.00169658660889
1.8788599968		4.54494571686
1.88172912598		5.03716087341
1.88460612297		-0.00169658660889
1.8874809742		3.80408668518
1.89035797119		5.04223537445
1.8932299614		-0.00169658660889
1.89610600471		3.08859920502
1.89899015427		5.04223537445
1.90185713768		-0.00169658660889
1.90473008156		2.38833522797
1.90760612488		5.03716087341
1.91048598289		-0.00169658660889
1.91335701942		1.69822025299
1.9162311554		5.04730892181
1.91919612885		-0.00169658660889
1.92198896408		1.04869937897
1.92485904694		5.04223537445
1.92773413658		0.186055183411
1.93061804771		0.409327507019
1.9334859848		5.04223537445
1.93636202812		0.718864440918
1.93924593925		0.0439729690552
1.94211006165		5.04223537445
1.94498610497		1.37345981598
1.94786405563		-0.00169658660889
1.9507420063		5.04223537445
1.95361304283		2.03820323944
1.95650696754		-0.00169658660889
1.95936608315		5.04223537445
1.96223711967		2.82473182678
1.96511602402		-0.00169658660889
1.96799015999		5.04223537445
1.97086596489		3.53514480591
1.97373914719		-0.00169658660889
1.97661805153		5.04223537445
1.97949314117		4.25570678711
1.98236703873		-0.00169658660889
1.9852399826		4.93059825897
1.9881169796		4.65658187866
1.99099802971		-0.00169658660889
1.99386906624		4.45868110657
1.99675107002		5.03208637238
1.99962997437		-0.00169658660889
2.0024960041		3.73812007904
2.00537014008		5.04223537445
2.00825095177		-0.00169658660889
2.01112413406		2.99218654633
2.01399898529		5.03716087341
2.01687192917		-0.00169658660889
2.01975893974		2.36296367645
2.02262401581		5.04223537445
2.02549910545		-0.00169658660889
2.02837300301		1.6119556427
2.03125		5.04223537445
2.03412294388		-0.00169658660889
2.0369989872		0.937063217163
2.03987908363		5.04223537445
2.04274892807		0.246947288513
2.04562306404		0.302765846252
2.04850506783		5.04223537445
2.05137515068		0.805129051208
2.05425095558		0.0186004638672
2.05712509155		5.04730892181
2.06000304222		1.45464992523
2.06287813187		-0.00169658660889
2.06575202942		5.04223537445
2.06863594055		2.12954235077
2.07150316238		-0.00677108764648
2.07437896729		5.04223537445
2.07725405693		2.92114448547
2.08013296127		-0.00169658660889
2.0830039978		5.04223537445
2.08588194847		3.6315574646
2.08876395226		-0.00677108764648
2.09163093567		5.04223537445
2.09450697899		4.35719394684
2.09738397598		-0.00169658660889
2.10025906563		4.89000320435
2.10313200951		4.87478065491
2.10600709915		-0.00169658660889
2.10889697075		4.38256549835
2.1117579937		5.04730892181
2.11463403702		-0.00169658660889
2.11751198769		3.60618591309
2.12039208412		5.04223537445
2.12326192856		-0.00677108764648
2.12613415718		2.89069843292
2.12901306152		5.04223537445
2.13188505173		-0.00677108764648
2.13476204872		2.21073246002
2.13763713837		5.04223537445
2.14051508904		-0.00169658660889
2.14338898659		1.53076553345
2.14626193047		5.04223537445
2.14917492867		-0.00169658660889
2.15202093124		0.866022109985
2.15488910675		5.04730892181
2.15776395798		0.297691345215
2.16064095497		0.262170791626
2.16351699829		5.04223537445
2.16638898849		0.901542663574
2.16927409172		0.00337791442871
2.17214012146		5.04223537445
2.17501401901		1.561211586
2.17789196968		-0.00169658660889
2.180768013		5.04730892181
2.18364500999		2.24117851257
2.18651509285		-0.00169658660889
2.18939614296		5.04223537445
2.19226694107		3.02770709991
2.19514513016		-0.00169658660889
2.19802498817		5.04223537445
2.20089912415		3.733045578
2.20376896858		-0.00677108764648
2.20665001869		5.04223537445
2.20952296257		4.41301250458
2.21239614487		-0.00169658660889
2.21527004242		4.83418560028
2.21814799309		4.82403659821
2.22103214264		-0.00169658660889
2.22389698029		4.26078033447
2.22677206993		5.04223537445
2.2296500206		-0.00677108764648
2.23252916336		3.53514480591
2.23539996147		5.04223537445
2.23827600479		-0.00677108764648
2.24115109444		2.79428577423
2.24402403831		5.04730892181
2.24690008163		-0.00677108764648
2.24977612495		2.11939334869
2.25265002251		5.04223537445
2.25552606583		-0.00169658660889
2.25840997696		1.44957542419
2.26127696037		5.04730892181
2.26415705681		0.0287494659424
2.26702904701		0.759459495544
2.26990413666		5.04223537445
2.27278208733		0.358584403992
2.27565407753		0.196204185486
2.27853894234		5.04223537445
2.28140497208		0.982732772827
2.2842810154		-0.00677108764648
2.28716206551		5.04223537445
2.29003310204		1.63225269318
2.29290604591		-0.00169658660889
2.29578304291		5.04223537445
2.29866504669		2.33251667023
2.30153512955		-0.00169658660889
2.30440807343		5.04223537445
2.30728411674		3.12919425964
2.31016206741		-0.00677108764648
2.31303215027		5.04223537445
2.31591105461		3.82438468933
2.31878495216		-0.00169658660889
2.32166314125		5.03716087341
2.32453513145		4.53479766846
2.32741093636		-0.00169658660889
2.33029007912		4.79359054565
2.33316206932		4.9610452652
2.33604001999		-0.00169658660889
2.3389210701		4.16436767578
2.34178709984		5.04223537445
2.34466409683		-0.00169658660889
2.34753704071		3.40321063995
2.35041594505		5.04223537445
2.35328912735		-0.00169658660889
2.35616397858		2.7029466629
2.35908913612		5.04223537445
2.36191606522		-0.00169658660889
2.36479115486		2.01790523529
2.36766815186		5.04223537445
2.37054395676		-0.00677108764648
2.37341594696		1.33286476135
2.37630295753		5.04223537445
2.37920308113		0.0236749649048
2.38204407692		0.663046836853
2.38491797447		5.04223537445
2.38779497147		0.424551010132
2.39066815376		0.145460128784
2.39354515076		5.04223537445
2.39641904831		1.06899738312
2.39930415154		-0.00169658660889
2.40217113495		5.04223537445
2.40504598618		1.73881530762
2.40792393684		-0.00169658660889
2.41079711914		5.03716087341
2.41367197037		2.47459983826
2.41654801369		-0.00169658660889
2.41942214966		5.04223537445
2.42229104042		3.24590492249
2.42516803741		-0.00169658660889
2.42804002762		5.03716087341
2.43094301224		3.75841712952
2.43380498886		-0.00169658660889
2.43667697906		5.02701187134
2.43955612183		4.57539176941
2.44242811203		-0.00169658660889
2.44530200958		4.71747493744
2.44818210602		4.93059825897
2.45105409622		-0.00169658660889
2.45392894745		4.05780601501
2.45680594444		5.03716087341
2.4596850872		-0.00169658660889
2.46255612373		3.34231853485
2.46543908119		5.04223537445
2.46831512451		-0.00169658660889
2.4711971283		2.72324466705
2.47405695915		5.04223537445
2.47693300247		-0.00169658660889
2.47980499268		1.93164157867
2.48267507553		5.03716087341
2.48555016518		-0.00169658660889
2.48843193054		1.28719520569
2.49131512642		5.04730892181
2.49418616295		0.079493522644
2.4970600605		0.5818567276
2.49993801117		5.04223537445
2.50281000137		0.505741119385
2.50568604469		0.115014076233
2.50856804848		5.04730892181
2.5114300251		1.16541004181
2.51430296898		-0.00169658660889
2.51720905304		5.04730892181
2.52011108398		1.6119556427
2.52294111252		-0.00677108764648
2.5258140564		5.04223537445
2.52868914604		2.5405664444
2.53156805038		-0.00169658660889
2.53444004059		5.03716087341
2.5373301506		3.24083042145
2.54019713402		-0.00677108764648
2.54308009148		5.04223537445
2.54594302177		4.00198745728
2.54881596565		-0.00169658660889
2.55169510841		5.01686286926
2.5545771122		4.6515083313
2.55744409561		-0.00677108764648
2.56032109261		4.65658187866
2.56319308281		5.00671482086
2.56607198715		-0.00677108764648
2.56895399094		3.98676395416
2.57182002068		5.04223537445
2.57470011711		-0.00169658660889
2.57756996155		3.22560787201
2.58044910431		5.04223537445
2.58333611488		-0.00169658660889
2.58624696732		2.72324466705
2.58917808533		5.04223537445
2.59209799767		-0.00169658660889
2.5949511528		2.24625301361
2.5978281498		5.03716087341
2.60071110725		-0.00677108764648
2.60357403755		1.56628608704
2.60645103455		5.04223537445
2.60933613777		0.00337791442871
2.61220002174		0.860947608948
2.61509609222		5.04223537445
2.61795115471		0.272319793701
2.62082695961		0.267245292664
2.62370014191		5.04223537445
2.6265771389		0.876170158386
2.62945413589		0.00845146179199
2.63233208656		5.04223537445
2.63520503044		1.50539302826
2.63808012009		-0.00169658660889
2.64095616341		5.04730892181
2.64383506775		2.22088050842
2.64670610428		-0.00169658660889
2.64958310127		5.04223537445
2.6524541378		3.0124835968
2.6553311348		-0.00169658660889
2.6582429409		5.04223537445
2.66108298302		3.71782207489
2.6639790535		-0.00169658660889
2.66683602333		5.04223537445
2.6697101593		4.41301250458
2.67258310318		-0.00677108764648
2.67545604706		4.84940910339
2.67834210396		4.90522670746
2.68120908737		-0.00677108764648
2.6840839386		4.25063228607
2.68695998192		5.04223537445
2.68983602524		-0.00677108764648
2.69271016121		3.53514480591
2.69558501244		5.04223537445
2.69847393036		-0.00169658660889
2.70133805275		2.82473182678
2.70421600342		5.04223537445
2.70708799362		-0.00169658660889
2.7099609375		2.15998840332
2.71282911301		5.04730892181
2.71570611		-0.00169658660889
2.71858596802		1.47494697571
2.72146701813		5.04223537445
2.72433900833		0.0236749649048
2.72722697258		0.860947608948
2.73009300232		5.04223537445
2.73296999931		0.343360900879
2.73583912849		0.206352233887
2.73871707916		5.04223537445
2.74159193039		0.957360267639
2.74447011948		-0.00169658660889
2.74734306335		5.04223537445
2.7502219677		1.60180664062
2.75309300423		-0.00169658660889
2.75597000122		5.04730892181
2.75885295868		2.30714511871
2.76171994209		-0.00169658660889
2.76459503174		5.04223537445
2.76747012138		3.09874820709
2.77034807205		-0.00169658660889
2.77322006226		5.04730892181
2.77611994743		3.73812007904
2.77897906303		-0.00677108764648
2.7818479538		5.04223537445
2.78472399712		4.50942516327
2.78759813309		-0.00169658660889
2.79047703743		4.79866504669
2.79334998131		4.94074726105
2.79622197151		-0.00169658660889
2.79919409752		4.54494571686
2.8021030426		5.0219373703
2.80497598648		-0.00169658660889
2.80785012245		3.84975624084
2.81072616577		5.04730892181
2.81360197067		-0.00169658660889
2.81647801399		3.12411975861
2.81935214996		5.03716087341
2.82223510742		-0.00169658660889
2.82510304451		2.44415378571
2.82797908783		5.04223537445
2.83086204529		-0.00169658660889
2.83373212814		1.76926136017
2.83660411835		5.04223537445
2.83948206902		-0.00169658660889
2.84235405922		1.05377388
2.84522914886		5.04223537445
2.8481221199		0.0591955184937
2.85100293159		0.485443115234
2.85386300087		5.04223537445
2.85673213005		0.673195838928
2.85960912704		0.0439729690552
2.86248111725		5.04223537445
2.86536002159		1.33286476135
2.86824202538		-0.00677108764648
2.87112998962		5.04730892181
2.87398314476		2.00268268585
2.87685894966		-0.00169658660889
2.87973594666		5.04223537445
2.88261008263		2.78413677216
2.88548707962		-0.00169658660889
2.88837599754		5.04223537445
2.89123797417		3.5199213028
2.89411497116		-0.00677108764648
2.89698696136		5.03716087341
2.89986395836		4.19988822937
2.90273594856		-0.00169658660889
2.90561413765		4.95089626312
2.90849614143		4.79866504669
2.91136097908		-0.00169658660889
2.91423201561		4.43838405609
2.91710710526		5.04223537445
2.92002296448		-0.00169658660889
2.92286705971		3.75841712952
2.92574310303		5.04223537445
2.92862606049		-0.00677108764648
2.93149209023		3.02263259888
2.93436813354		5.04223537445
2.93724298477		-0.00169658660889
2.94011902809		2.35281467438
2.94299316406		5.04223537445
2.94586706161		-0.00169658660889
2.94875311852		1.68299674988
2.95162010193		5.04223537445
2.95449614525		-0.00169658660889
2.95736908913		0.957360267639
2.96025109291		5.04223537445
2.96311998367		0.216501235962
2.96599698067		0.353509902954
2.96888113022		5.03716087341
2.97174906731		0.754385948181
2.97462105751		0.0186004638672
2.9774980545		5.04730892181
2.9803750515		1.40390586853
2.98326611519		-0.00169658660889
2.98612213135		5.03716087341
2.98900198936		2.10416984558
2.99187493324		-0.00169658660889
2.99474811554		5.04223537445
2.99762296677		2.89577293396
3.00051093102		-0.00169658660889
3.00337696075		5.03716087341
3.00624895096		3.6214094162
3.00917315483		-0.00677108764648
3.01200008392		5.04223537445
3.01487612724		4.33182239532
3.01775193214		-0.00169658660889
3.02063107491		4.91537570953
3.02350211143		4.85955715179
3.02638101578		-0.00169658660889
3.02926301956		4.4028635025
3.03215312958		5.04223537445
3.03500509262		-0.00169658660889
3.03787994385		3.6315574646
3.04075908661		5.03716087341
3.04363298416		-0.00169658660889
3.04650998116		2.9515914917
3.04938602448		5.04223537445
3.05225801468		-0.00169658660889
3.05514597893		2.33251667023
3.05800795555		5.03716087341
3.06088614464		-0.00169658660889
3.06375813484		1.57136058807
3.06663393974		5.04730892181
3.06951093674		0.00845146179199
3.07238507271		0.891393661499
3.07526016235		5.03716087341
3.07813501358		0.191129684448
3.08101511002		0.292616844177
3.08388614655		5.04223537445
3.08676195145		0.860947608948
3.08964395523		0.00845146179199
3.09251403809		5.03716087341
3.09540009499		1.47494697571
3.09827303886		-0.00169658660889
3.10113811493		5.04223537445
3.10403013229		2.1701374054
3.10689115524		-0.00169658660889
3.10976099968		5.04223537445
3.11263298988		2.98711204529
3.11550807953		-0.00169658660889
3.1183860302		5.04223537445
3.12126803398		3.69752502441
3.12414312363		-0.00169658660889
3.12701797485		5.04223537445
3.12989401817		4.37749099731
3.13276815414		-0.00169658660889
3.1356420517		4.85448265076
3.13852596283		4.89507770538
3.14139604568		-0.00169658660889
3.14428901672		4.32167339325
3.14714503288		5.04223537445
3.1500210762		-0.00169658660889
3.15289711952		3.56559085846
3.15577197075		5.04223537445
3.15865492821		-0.00677108764648
3.16152215004		2.85517787933
3.16439509392		5.04223537445
3.16728305817		-0.00169658660889
3.17014694214		2.15998840332
3.17302203178		5.04223537445
3.17590212822		-0.00169658660889
3.17878603935		1.51554203033
3.18164801598		5.04223537445
3.1845240593		0.0236749649048
3.18739795685		0.774682998657
3.19027614594		5.04223537445
3.19315195084		0.338286399841
3.19602394104		0.236799240112
3.19890809059		5.04223537445
3.20177698135		0.942137718201
3.20465111732		0.00337791442871
3.20752906799		5.04730892181
3.21040415764		1.60180664062
3.21327805519		-0.00169658660889
3.21616911888		5.04223537445
3.21912813187		1.96208763123
3.2219080925		-0.00677108764648
3.22479510307		5.04223537445
3.22765398026		3.09874820709
3.23053193092		-0.00677108764648
3.23340702057		5.04223537445
3.23628211021		3.78886318207
3.23920512199		-0.00169658660889
3.24203515053		5.03716087341
3.24490714073		4.48912811279
3.24778413773		-0.00169658660889
3.25065898895		4.81388759613
3.25353503227		4.93567276001
3.25641202927		-0.00169658660889
3.25929307938		4.20496273041
3.26216006279		5.04223537445
3.26503515244		-0.00169658660889
3.26791810989		3.47932624817
3.27078509331		5.04223537445
3.27366304398		-0.00677108764648
3.27653503418		2.74354171753
3.27941393852		5.04223537445
3.28228712082		-0.00169658660889
3.28516101837		2.04835224152
3.28805804253		5.04223537445
3.29104304314		-0.00169658660889
3.29391407967		1.77940940857
3.29679107666		5.04223537445
3.29966902733		-0.00169658660889
3.30254006386		1.09436893463
3.30541706085		5.04223537445
3.30829715729		0.140385627747
3.31117105484		0.480368614197
3.31403303146		5.04223537445
3.31690692902		0.703641891479
3.31979799271		0.0591955184937
3.32266712189		5.04223537445
3.32554316521		1.3125667572
3.32842493057		-0.00169658660889
3.3312959671		5.04223537445
3.3341691494		2.01790523529
3.33704614639		-0.00169658660889
3.33992099762		5.03716087341
3.34279513359		2.7536907196
3.34566998482		-0.00677108764648
3.34855413437		5.04223537445
3.35143399239		3.45395469666
3.3542971611		-0.00169658660889
3.35717606544		5.04223537445
3.36006307602		4.14406967163
3.36292314529		-0.00677108764648
3.36579799652		4.95089626312
3.3686850071		4.7732925415
3.37154698372		-0.00169658660889
3.37442398071		4.49420261383
3.37730002403		5.04223537445
3.38017606735		-0.00677108764648
3.38304805756		3.86497974396
3.38592505455		5.04223537445
3.38880801201		-0.00169658660889
3.39167499542		3.03785610199
3.39455103874		5.04223537445
3.39742803574		-0.00169658660889
3.40032410622		2.41878128052
3.40317893028		5.04223537445
3.40605211258		-0.00169658660889
3.40893697739		1.69314575195
3.41180300713		5.04730892181
3.41467809677		-0.00169658660889
3.41755414009		0.972583770752
3.42043209076		5.04223537445
3.42331695557		0.186055183411
3.42618012428		0.353509902954
3.42915010452		5.04223537445
3.43193101883		0.739162445068
3.43480801582		0.0287494659424
3.43768310547		5.03716087341
3.44056200981		1.38868236542
3.44343400002		-0.00169658660889
3.44631409645		5.04223537445
3.44919610023		2.05342674255
3.45205712318		-0.00169658660889
3.45493602753		5.03208637238
3.4578101635		2.86532688141
3.4606859684		-0.00169658660889
3.46356201172		5.04223537445
3.46643614769		3.60618591309
3.4693210125		-0.00677108764648
3.47220206261		5.03716087341
3.47506213188		4.27600383759
3.47793602943		-0.00677108764648
3.48080706596		4.90015220642
3.48368215561		4.85448265076
3.48655700684		-0.00169658660889
3.48944807053		4.43330955505
3.49231696129		5.04223537445
3.49520897865		-0.00169658660889
3.49806714058		3.78886318207
3.50094103813		5.04223537445
3.50381612778		-0.00677108764648
3.506690979		2.9617395401
3.5095641613		5.04223537445
3.51243805885		-0.00677108764648
3.51530694962		2.22595500946
3.51818203926		5.04223537445
3.52107310295		-0.00169658660889
3.52394509315		1.58658313751
3.52681803703		5.03716087341
3.52969503403		0.00337791442871
3.53257012367		0.891393661499
3.53544998169		5.04730892181
3.53832912445		0.24187374115
3.54119515419		0.282468795776
3.54409193993		5.04223537445
3.54694700241		0.850798606873
3.54982614517		0.0135259628296
3.55269813538		5.04223537445
3.55557107925		1.49017047882
3.55845594406		-0.00169658660889
3.56132507324		5.04730892181
3.56419897079		2.20565795898
3.56707310677		-0.00169658660889
3.56995296478		5.04223537445
3.57282304764		2.97188854218
3.57569909096		-0.00169658660889
3.57858300209		5.04223537445
3.58145308495		3.68737602234
3.58433008194		-0.00677108764648
3.58720016479		5.04223537445
3.59008097649		4.36226844788
3.59295606613		-0.00169658660889
3.59582901001		4.87478065491
3.59871006012		4.88492965698
3.60157799721		-0.00169658660889
3.60445404053		4.27092933655
3.60734200478		5.04223537445
3.61020708084		-0.00169658660889
3.61307811737		3.58081436157
3.61595606804		5.04223537445
3.61884093285		-0.00169658660889
3.62170696259		2.85517787933
3.6245880127		5.04730892181
3.62745809555		-0.00677108764648
3.63033509254		2.18535995483
3.63320803642		5.04223537445
3.63608312607		-0.00169658660889
3.6389670372		1.5104675293
3.64183402061		5.04223537445
3.64471006393		0.00845146179199
3.64760112762		0.860947608948
3.65046596527		5.04223537445
3.65333414078		0.333211898804
3.65623307228		0.272319793701
3.65918803215		5.04730892181
3.66196203232		0.931988716125
3.66483592987		-0.00169658660889
3.66771101952		5.04223537445
3.67058897018		1.57136058807
3.67346310616		-0.00169658660889
3.67633605003		5.04223537445
3.67923498154		2.17521095276
3.68208909035		-0.00169658660889
3.68496394157		5.04223537445
3.68783998489		3.04800415039
3.69071912766		-0.00677108764648
3.69359016418		5.04223537445
3.69646596909		3.77364063263
3.69934511185		-0.00169658660889
3.70221495628		5.04223537445
3.70509505272		4.44853305817
3.70796608925		-0.00169658660889
3.71083807945		4.80881404877
3.7137169838		4.93567276001
3.7165851593		-0.00677108764648
3.71948695183		4.26585483551
3.72235107422		5.04730892181
3.72521996498		-0.00169658660889
3.72810912132		3.65185546875
3.73097109795		5.04223537445
3.73384594917		-0.00169658660889
3.73672199249		2.76383876801
3.73960208893		5.04223537445
3.74247193336		-0.00677108764648
3.74534702301		2.06864929199
3.74823093414		5.04223537445
3.75109815598		-0.00169658660889
3.75397205353		1.39375686646
3.7568500042		5.04223537445
3.75972509384		0.03382396698
3.76259899139		0.713790893555
3.76547312737		5.04223537445
3.76837515831		0.328137397766
3.77122807503		0.180980682373
3.77410101891		5.04223537445
3.77697706223		1.0030298233
3.77985310555		-0.00169658660889
3.78272795677		5.04223537445
3.78560209274		1.68299674988
3.78848695755		-0.00169658660889
3.79136514664		5.04730892181
3.79423093796		2.393409729
3.79710197449		-0.00169658660889
3.7999830246		5.04223537445
3.80286002159		3.12919425964
3.80573010445		-0.00169658660889
3.80861616135		5.03716087341
3.81148195267		3.87512779236
3.81435608864		-0.00169658660889
3.81723499298		5.03716087341
3.82011008263		4.53987121582
3.82298111916		-0.00169658660889
3.82585811615		4.7631444931
3.82873415947		4.9610452652
3.83161115646		-0.00169658660889
3.83448314667		4.0933265686
3.83735895157		5.04223537445
3.84025216103		-0.00677108764648
3.84310913086		3.38798809052
3.84598398209		5.04223537445
3.84886908531		-0.00677108764648
3.85173606873		2.67250061035
3.85461115837		5.04223537445
3.85748505592		-0.00677108764648
3.86036396027		2.00268268585
3.86325597763		5.04223537445
3.86611294746		-0.00677108764648
3.86899614334		1.33286476135
3.87186312675		5.04223537445
3.87473893166		0.0642700195312
3.8776140213		0.622451782227
3.88049602509		5.04223537445
3.88336610794		0.454997062683
3.88624215126		0.135311126709
3.88921093941		5.04223537445
3.89200210571		1.06392288208
3.89486598969		-0.00169658660889
3.89774298668		5.03716087341
3.90061807632		1.75911235809
3.90349197388		-0.00677108764648
3.90636610985		5.04223537445
3.90924811363		2.48474884033
3.91213107109		-0.00677108764648
3.91498494148		5.04223537445
3.9178609848		3.30679798126
3.92075204849		-0.00169658660889
3.92362213135		5.03716087341
3.92649507523		3.98676395416
3.92937302589		-0.00677108764648
3.93224716187		5.01686286926
3.93512105942		4.6007642746
3.93799710274		-0.00677108764648
3.94087195396		4.68195438385
3.94375109673		4.98641681671
3.94662308693		-0.00169658660889
3.9495010376		4.01213645935
3.95237803459		5.04223537445
3.95524907112		-0.00169658660889
3.95812511444		3.40828514099
3.96100115776		5.04730892181
3.96387600899		-0.00169658660889
3.96674895287		2.57608699799
3.9696290493		5.04223537445
3.97250103951		-0.00169658660889
3.97538900375		1.98745918274
3.97825908661		5.04730892181
3.98113298416		-0.00169658660889
3.98400115967		1.2009305954
3.98687696457		5.04223537445
3.98975801468		0.0896415710449
3.99262905121		0.536187171936
3.99550414085		5.04223537445
3.99838805199		0.520963668823
4.0012550354		0.0947160720825
4.00413107872		5.04223537445
4.00700592995		1.19585609436
4.00988411903		-0.00677108764648
4.01276016235		5.03716087341
4.01563310623		1.8707485199
4.01851797104		-0.00169658660889
4.02138400078		5.03716087341
4.02428007126		2.53549194336
4.02713394165		-0.00169658660889
4.03001093864		5.03716087341
4.03288412094		3.35246753693
4.03576111794		-0.00169658660889
4.03864097595		5.04223537445
4.04151105881		4.05780601501
4.04438614845		-0.00169658660889
4.04727506638		5.01686286926
4.05013895035		4.68702888489
4.05301094055		-0.00169658660889
4.05588507652		4.61091327667
4.05877399445		5.00671482086
4.06163716316		-0.00169658660889
4.0645160675		3.92079734802
4.06738901138		5.03716087341
4.07027316093		-0.00169658660889
4.07314014435		3.19516181946
4.0760140419		5.04223537445
4.07889795303		-0.00677108764648
4.08176612854		2.4898223877
4.08464002609		5.03716087341
4.08752703667		-0.00169658660889
4.09039306641		1.81493091583
4.09326601028		5.04223537445
4.0961561203		-0.00169658660889
4.09910798073		1.41912937164
4.10189414024		5.03716087341
4.10477113724		0.130236625671
4.10764408112		0.454997062683
4.11051702499		5.04730892181
4.11338710785		0.652897834778
4.11626195908		0.0541210174561
4.11922693253		5.04223537445
4.12215709686		0.871096611023
4.12502002716		-0.00169658660889
4.12789511681		5.04730892181
4.1307721138		1.57136058807
4.13364601135		-0.00169658660889
4.13652610779		5.04223537445
4.13939905167		2.26147556305
4.14227294922		-0.00169658660889
4.14514803886		5.04730892181
4.14802408218		2.90592193604
4.15090298653		-0.00169658660889
4.1537759304		5.04223537445
4.1566491127		3.7837896347
4.15953397751		-0.00677108764648
4.16240096092		5.04730892181
4.16527700424		4.45868110657
4.16817307472		-0.00169658660889
4.17102909088		4.83418560028
4.1739089489		4.92045021057
4.1767771244		-0.00677108764648
4.17965507507		4.22525978088
4.18253016472		5.04223537445
4.18540596962		-0.00169658660889
4.1882879734		3.50977325439
4.19115614891		5.04223537445
4.19402909279		-0.00169658660889
4.19690513611		2.76383876801
4.19978094101		5.04223537445
4.20265698433		-0.00169658660889
4.20553398132		2.11431884766
4.20842003822		5.04223537445
4.21128106117		-0.00169658660889
4.21415710449		1.41912937164
4.21703410149		5.04223537445
4.21991300583		0.03382396698
4.22278308868		0.729013442993
4.225659132		5.04223537445
4.22853899002		0.37380695343
4.23142313957		0.236799240112
4.23428416252		5.04223537445
4.23716115952		0.987807273865
4.24004006386		-0.00169658660889
4.24291300774		5.04223537445
4.24578809738		1.64240169525
4.24867796898		-0.00169658660889
4.25153708458		5.04223537445
4.25441503525		2.37818622589
4.25728702545		-0.00677108764648
4.26016592979		5.04223537445
4.26303815842		3.14949226379
4.26591515541		-0.00169658660889
4.26880002022		5.04223537445
4.27166509628		3.85483074188
4.27454209328		-0.00169658660889
4.27741599083		5.03716087341
4.2803170681		4.4637556076
4.2831659317		-0.00169658660889
4.28604197502		4.75806999207
4.28892612457		4.95597076416
4.29179406166		-0.00169658660889
4.29466915131		4.103474617
4.29754400253		5.04730892181
4.30042004585		-0.00169658660889
4.30330610275		3.47932624817
4.30616998672		5.04223537445
4.30914306641		-0.00169658660889
4.31203794479		3.04800415039
4.31491208076		5.04223537445
4.31778812408		-0.00677108764648
4.32080602646		2.81458282471
4.32367110252		5.04223537445
4.32654809952		-0.00169658660889
4.32942414284		2.09909534454
4.33229804039		5.04223537445
4.33517313004		-0.00169658660889
4.33805608749		1.55613708496
4.34092712402		5.04223537445
4.3438000679		0.03382396698
4.34667515755		0.739162445068
4.34955215454		5.04730892181
4.35242795944		0.383955955505
4.35530209541		0.186055183411
4.35817599297		5.04223537445
4.36105513573		1.0030298233
4.36392807961		-0.00169658660889
4.36680102348		5.04223537445
4.36968207359		1.66269874573
4.37255501747		-0.00677108764648
4.3754401207		5.04730892181
4.37831306458		2.37818622589
4.38118100166		-0.00677108764648
4.38405394554		5.04223537445
4.38692903519		3.15964031219
4.38980793953		-0.00677108764648
4.39268302917		5.03716087341
4.3955540657		3.89542579651
4.3984439373		-0.00169658660889
4.40130615234		5.03716087341
4.40418314934		4.53479766846
4.40705704689		-0.00677108764648
4.40993595123		4.76821899414
4.41280698776		4.9711933136
4.41568207741		-0.00677108764648
4.41856598854		4.11362361908
4.42143511772		5.04223537445
4.42433214188		-0.00169658660889
4.42718911171		3.39813613892
4.43006515503		5.04223537445
4.43293809891		-0.00169658660889
4.43581295013		2.68772315979
4.43869495392		5.04223537445
4.44156503677		-0.00677108764648
4.44443702698		1.99253368378
4.44732713699		5.04223537445
4.45018815994		0.00337791442871
4.45306301117		1.29734420776
4.45594000816		5.04223537445
4.45882296562		0.0490465164185
4.46168804169		0.622451782227
4.46456599236		5.04223537445
4.467441082		0.454997062683
4.47031998634		0.140385627747
4.47319197655		5.04223537445
4.47606611252		1.09944343567
4.4789481163		-0.00169658660889
4.4818110466		5.04223537445
4.48468399048		1.79970741272
4.48755908012		-0.00169658660889
4.49045395851		5.04223537445
4.49332094193		2.47967433929
4.49620914459		-0.00169658660889
4.49910998344		5.03716087341
4.50194716454		3.24590492249
4.50482106209		-0.00169658660889
4.50769495964		5.03716087341
4.51056694984		3.98676395416
4.51344013214		-0.00169658660889
4.51631808281		5.01686286926
4.5192861557		4.24555778503
4.5221991539		-0.00169658660889
4.5250749588		4.92045021057
4.5279481411		4.82911109924
4.530823946		-0.00169658660889
4.53369903564		4.4028635025
4.53657793999		5.04223537445
4.53945302963		-0.00169658660889
4.54232501984		3.67215251923
4.54520106316		5.04223537445
4.54807496071		-0.00169658660889
4.5509531498		2.96681404114
4.55382704735		5.03716087341
4.55670309067		-0.00169658660889
4.55957913399		2.2919216156
4.56245207787		5.04223537445
4.56532812119		-0.00169658660889
4.56823205948		1.69822025299
4.5710811615		5.03716087341
4.5739531517		0.00337791442871
4.57683110237		0.911691665649
4.5797059536		5.04223537445
4.58258104324		0.252021789551
4.58545613289		0.297691345215
4.58833813667		5.04223537445
4.59120893478		0.739162445068
4.59408116341		0.0135259628296
4.5969581604		5.04223537445
4.59983515739		1.44957542419
4.60270810127		-0.00169658660889
4.60559201241		5.04223537445
4.60846996307		2.14983940125
4.61133313179		-0.00169658660889
4.61421012878		5.04223537445
4.61708712578		2.91607093811
4.61996197701		-0.00169658660889
4.6228351593		5.04223537445
4.6257121563		3.66200447083
4.62859296799		-0.00677108764648
4.63147616386		5.04223537445
4.63433694839		4.36226844788
4.63721513748		-0.00169658660889
4.64008998871		4.88492965698
4.64296197891		4.89000320435
4.64583897591		-0.00169658660889
4.64872407913		4.33689689636
4.6515891552		5.04223537445
4.65446400642		-0.00677108764648
4.65736913681		3.6823015213
4.66021895409		5.03716087341
4.66308903694		-0.00677108764648
4.66596508026		2.86532688141
4.66885209084		5.04223537445
4.67171502113		-0.00169658660889
4.67459201813		2.18535995483
4.67746496201		5.04223537445
4.68036913872		-0.00169658660889
4.68321609497		1.52061653137
4.68609309196		5.04223537445
4.6889770031		0.00845146179199
4.69184613228		0.83557510376
4.69472503662		5.04223537445
4.6975979805		0.30784034729
4.70047402382		0.246947288513
4.70336008072		5.04223537445
4.70622110367		0.891393661499
4.70918607712		0.0642700195312
4.7119641304		5.04223537445
4.7148399353		1.60180664062
4.71771502495		-0.00169658660889
4.72060704231		5.04223537445
4.72347402573		2.25640106201
4.7263481617		-0.00169658660889
4.72923398018		5.04223537445
4.73210215569		3.02770709991
4.73497509956		-0.00677108764648
4.73784899712		5.04223537445
4.74072599411		3.75841712952
4.74361610413		-0.00677108764648
4.74647712708		5.04223537445
4.74935507774		4.43838405609
4.75224709511		-0.00169658660889
4.7551009655		4.81388759613
4.75797796249		4.86970615387
4.76085710526		-0.00169658660889
4.76372814178		4.19481372833
4.76660513878		5.04223537445
4.76948213577		-0.00169658660889
4.77235507965		3.47932624817
4.77523112297		5.04223537445
4.77810502052		-0.00169658660889
4.78098416328		2.79936027527
4.78386306763		5.04223537445
4.78673315048		-0.00169658660889
4.78960895538		2.11431884766
4.79250097275		5.04223537445
4.79535794258		-0.00169658660889
4.79823994637		1.42420387268
4.80110907555		5.04223537445
4.80398511887		0.03382396698
4.80685710907		0.729013442993
4.80973815918		5.04223537445
4.81261014938		0.363657951355
4.81549906731		0.211426734924
4.81837105751		5.04223537445
4.82123398781		0.982732772827
4.82411003113		-0.00677108764648
4.82698512077		5.04223537445
4.82986903191		1.6221036911
4.83274292946		-0.00169658660889
4.83561301231		5.04223537445
4.83849811554		2.35788917542
4.84136414528		-0.00677108764648
4.84423804283		5.04730892181
4.84711503983		3.13934326172
4.84999012947		-0.00169658660889
4.85286402702		5.04223537445
4.85574007034		3.86497974396
4.85862398148		-0.00169658660889
4.86149215698		5.03716087341
4.86438512802		4.48912811279
4.86724114418		-0.00677108764648
4.87011909485		4.76821899414
4.87300014496		4.95597076416
4.87586903572		-0.00169658660889
4.87875103951		4.13899612427
4.88161993027		5.04223537445
4.88449501991		-0.00169658660889
4.88738894463		3.55036830902
4.89024710655		5.04730892181
4.89311814308		-0.00169658660889
4.89599514008		2.69279766083
4.89888215065		5.04223537445
4.9017469883		-0.00169658660889
4.90462398529		2.01790523529
4.90749812126		5.04223537445
4.91036915779		-0.00169658660889
4.91324305534		1.33793926239
4.91611409187		5.04223537445
4.91899609566		0.0541210174561
4.92187905312		0.673195838928
4.92475104332		5.04223537445
4.92762494087		0.460071563721
4.93050193787		0.150534629822
4.93337512016		5.04730892181
4.93627214432		1.02332782745
4.93917107582		-0.00169658660889
4.9420030117		5.04730892181
4.94487714767		1.75403785706
4.94775295258		-0.00169658660889
4.95063209534		5.04223537445
4.95350599289		2.47967433929
4.95638108253		-0.00169658660889
4.95926403999		5.04223537445
4.96213507652		3.22053337097
4.96500515938		-0.00169658660889
4.96787905693		5.04223537445
4.97075605392		3.95631790161
4.97363114357		-0.00169658660889
4.97650694847		5.0219373703
4.97938513756		4.6007642746
4.98225593567		-0.00169658660889
4.98513412476		4.70732593536
4.98800706863		4.89000320435
4.99088907242		-0.00169658660889
4.99376106262		4.03750801086
4.9966340065		5.04223537445
4.99952507019		-0.00169658660889
