0.000128984451294		1.94178962708
0.00271105766296		3.71782207489
0.00534105300903		1.90119457245
0.00796794891357		2.29699611664
0.0105850696564		3.5199213028
0.0132100582123		1.26689815521
0.0158350467682		3.48947525024
0.0184609889984		2.2310295105
0.0210888385773		1.96208763123
0.0237159729004		3.70767402649
0.0263350009918		1.3024187088
0.0289649963379		3.22560787201
0.031585931778		2.5913105011
0.0342130661011		1.67792224884
0.0368950366974		3.78886318207
0.0395948886871		1.37345981598
0.0422129631042		3.05307865143
0.0448410511017		2.80443382263
0.0474660396576		1.53584003448
0.0500869750977		3.80916118622
0.0527489185333		1.53076553345
0.0553388595581		2.73339271545
0.0579688549042		3.15964031219
0.0605909824371		1.3633108139
0.0632128715515		3.733045578
0.065840959549		1.80478191376
0.068480014801		2.41878128052
0.0710990428925		3.43873119354
0.0737218856812		1.28212070465
0.0763509273529		3.58588886261
0.0789740085602		2.10924434662
0.0816009044647		2.07372379303
0.0842230319977		3.65185546875
0.0868909358978		1.27197170258
0.0894739627838		3.3220205307
0.092099905014		2.45430183411
0.0947279930115		1.77433586121
0.0973558425903		3.77364063263
0.0999779701233		1.38360881805
0.102603912354		3.03785610199
0.105226039886		2.82980632782
0.107861042023		1.54091453552
0.110486030579		3.80408668518
0.113106012344		1.561211586
0.115730047226		2.72324466705
0.118368864059		3.14949226379
0.120980024338		1.3633108139
0.123607873917		3.73812007904
0.126230955124		1.8200044632
0.12885093689		2.37818622589
0.13147187233		3.46410369873
0.134109973907		1.27197170258
0.136729001999		3.56559085846
0.139358043671		2.12954235077
0.141980886459		2.05342674255
0.144607067108		3.65692996979
0.147233009338		1.28212070465
0.14985704422		3.30679798126
0.152483940125		2.47459983826
0.15510892868		1.75403785706
0.157733917236		3.7837896347
0.160358905792		1.39883136749
0.162982940674		3.0124835968
0.165611028671		2.85517787933
0.168236017227		1.51554203033
0.170861959457		3.80408668518
0.173485994339		1.58150959015
0.176111936569		2.74861621857
0.178863048553		3.06830215454
0.181486845016		1.40898036957
0.184112071991		3.76856613159
0.186743021011		1.71344280243
0.189363002777		2.50504589081
0.191993951797		3.36261558533
0.194612979889		1.29734420776
0.197239875793		3.63663196564
0.19986987114		2.01790523529
0.202489852905		2.16506290436
0.205113887787		3.60111141205
0.207743883133		1.26182365417
0.210365056992		3.40321063995
0.212990045547		2.35281467438
0.215627908707		1.8707485199
0.218245983124		3.74826812744
0.220869064331		1.34301376343
0.223490953445		3.11904525757
0.226119041443		2.66235160828
0.228869915009		1.69314575195
0.231492996216		3.79901218414
0.234118938446		1.43435192108
0.236753940582		2.9617395401
0.239367961884		2.94144248962
0.241991996765		1.46479797363
0.24461889267		3.79393768311
0.247246980667		1.63225269318
0.249871969223		2.62683105469
0.252498865128		3.26620292664
0.255121946335		1.32271575928
0.257748842239		3.69245052338
0.260370016098		1.91134357452
0.262995958328		2.27669906616
0.265622854233		3.52499580383
0.268247842789		1.26182365417
0.27087187767		3.48947525024
0.273498058319		2.2310295105
0.276124000549		2.00775718689
0.278748989105		3.70259952545
0.281378030777		1.3024187088
0.283999919891		3.22560787201
0.286633014679		2.57608699799
0.289250850677		1.67792224884
0.291877031326		3.79393768311
0.294502019882		1.43942642212
0.297134876251		2.93636798859
0.299751996994		2.9617395401
0.302376031876		1.45464992523
0.305001020432		3.78886318207
0.30762887001		1.65255069733
0.310252904892		2.59638500214
0.312880039215		3.28649997711
0.315502882004		1.3125667572
0.31813788414		3.69245052338
0.320755004883		1.92656707764
0.323379993439		2.26147556305
0.326005935669		3.50469875336
0.328757047653		1.27704620361
0.331379890442		3.57573986053
0.334012031555		2.10416984558
0.33663892746		2.07879829407
0.339256048203		3.64678096771
0.341882944107		1.28212070465
0.344506978989		3.3220205307
0.347135066986		2.45430183411
0.3497569561		1.76926136017
0.352385044098		3.77364063263
0.355010032654		1.37853431702
0.357636928558		3.03785610199
0.360259056091		2.82980632782
0.362884044647		1.52061653137
0.365509033203		3.80408668518
0.368135929108		1.56628608704
0.370764017105		2.71817016602
0.373385906219		3.18501281738
0.376010894775		1.37853431702
0.378654956818		3.73812007904
0.38126206398		1.82507896423
0.38388800621		2.37818622589
0.386519908905		3.44888019562
0.389138936996		1.27197170258
0.391764879227		3.56559085846
0.394388914108		2.12954235077
0.397018909454		2.04835224152
0.399641036987		3.65185546875
0.402263879776		1.28212070465
0.404890060425		3.30172348022
0.407517910004		2.47459983826
0.410140991211		1.75911235809
0.412765026093		3.7837896347
0.415390968323		1.39375686646
0.41801905632		3.0124835968
0.420642852783		2.85517787933
0.423272848129		1.5104675293
0.425894021988		3.80408668518
0.428516864777		1.58150959015
0.4311439991		2.69279766083
0.433766841888		3.20023536682
0.436401844025		1.34808731079
0.439019918442		3.72289657593
0.441644906998		1.84537696838
0.444270849228		2.35788917542
0.447000980377		3.38291358948
0.449646949768		1.29226970673
0.452271938324		3.6315574646
0.45489692688		2.01790523529
0.457524061203		2.16506290436
0.460152864456		3.59603691101
0.462770938873		1.26689815521
0.465399980545		3.40321063995
0.468024969101		2.3426656723
0.470649003983		1.85552597046
0.473271846771		3.74826812744
0.475900888443		1.34808731079
0.478524923325		3.11904525757
0.481148004532		2.72324466705
0.483777046204		1.59165763855
0.486408948898		3.79901218414
0.489023923874		1.50539302826
0.491649866104		2.80443382263
0.494277000427		3.09367370605
0.496948003769		1.41912937164
0.499651908875		3.79393768311
0.502277851105		1.63732719421
0.504901885986		2.61668205261
0.507529020309		3.27127742767
0.510153055191		1.32271575928
0.512778997421		3.69752502441
0.515404939651		1.91134357452
0.518035888672		2.28684806824
0.520654916763		3.52499580383
0.523279905319		1.26182365417
0.525903940201		3.48947525024
0.528534889221		2.21073246002
0.531157970428		1.96208763123
0.53378200531		3.70767402649
0.536413908005		1.30749225616
0.539031028748		3.22053337097
0.541672945023		2.56593894958
0.544281959534		1.6728477478
0.546965837479		3.77871513367
0.549661874771		1.37345981598
0.552285909653		3.05815315247
0.554909944534		2.80950832367
0.557538986206		1.53584003448
0.560162067413		3.80408668518
0.562785863876		1.55106258392
0.565409898758		2.73339271545
0.568042039871		3.14949226379
0.570661067963		1.3633108139
0.573288917542		3.74826812744
0.575911998749		1.80478191376
0.578537940979		2.40355873108
0.581162929535		3.43873119354
0.583787918091		1.27704620361
0.586420059204		3.58081436157
0.589038848877		2.10924434662
0.591663837433		2.06864929199
0.594289064407		3.65185546875
0.596961021423		1.27197170258
0.599670886993		3.43873119354
0.602288961411		2.31729412079
0.604919910431		1.89104652405
0.607543945312		3.733045578
0.610166072845		1.32779026031
0.612791061401		3.15964031219
0.61541891098		2.67250061035
0.618047952652		1.62717819214
0.620666980743		3.80408668518
0.623296976089		1.48002147675
0.625920057297		2.85517787933
0.628545999527		3.04292964935
0.631170034409		1.40898036957
0.63379406929		3.77364063263
0.636425971985		1.70329380035
0.639045953751		2.52026939392
0.641669988632		3.35754108429
0.644295930862		1.29734420776
0.646961927414		3.66707897186
0.649546861649		2.00268268585
0.65217089653		2.1802854538
0.654795885086		3.58588886261
0.657423973083		1.26689815521
0.660047054291		3.41843414307
0.662672042847		2.33251667023
0.665298938751		1.8707485199
0.667926073074		3.73812007904
0.670549869537		1.33793926239
0.673173904419		3.13426876068
0.675799846649		2.7029466629
0.678426980972		1.60180664062
0.681051015854		3.80916118622
0.68367600441		1.49017047882
0.68630194664		2.84502887726
0.688935041428		3.05307865143
0.691556930542		1.40898036957
0.694190979004		3.77871513367
0.696814060211		1.70329380035
0.699429035187		2.49489688873
0.702055931091		3.36261558533
0.704684019089		1.28719520569
0.707311868668		3.65692996979
0.71005988121		1.88597202301
0.712679862976		2.30207061768
0.715304851532		3.50977325439
0.717934846878		1.26182365417
0.720556974411		3.50469875336
0.723180055618		2.20565795898
0.725806951523		1.97731018066
0.728433847427		3.69245052338
0.731058835983		1.29734420776
0.733680963516		3.23575687408
0.736315011978		2.55071544647
0.738930940628		1.68299674988
0.741557836533		3.79393768311
0.744184017181		1.43435192108
0.746809005737		2.94144248962
0.749433994293		2.94144248962
0.752059936523		1.46479797363
0.754684925079		3.78886318207
0.757312059402		1.63225269318
0.759940862656		2.62683105469
0.762562036514		3.26620292664
0.765186071396		1.32271575928
0.767817020416		3.69752502441
0.770436048508		1.91134357452
0.773061037064		2.27162456512
0.775693893433		3.51484680176
0.778313875198		1.26689815521
0.780938863754		3.48947525024
0.783565998077		2.23610401154
0.786231040955		1.99760818481
0.788815021515		3.69752502441
0.791439056396		1.30749225616
0.794064998627		3.22053337097
0.796700000763		2.57608699799
0.799315929413		1.66777324677
0.801941871643		3.79901218414
0.80456495285		1.43942642212
0.807193994522		2.92114448547
0.809816837311		2.96681404114
0.812442064285		1.45464992523
0.815069913864		3.78886318207
0.817695856094		1.65255069733
0.820318937302		2.59638500214
0.822943925858		3.29157447815
0.825568914413		1.3125667572
0.828197002411		3.67722702026
0.830818891525		1.93164157867
0.833445072174		2.25132751465
0.83607006073		3.47932624817
0.838824987411		1.27704620361
0.841448068619		3.5706653595
0.844074964523		2.10416984558
0.846704959869		2.07372379303
0.849323034286		3.64678096771
0.851947069168		1.28212070465
0.854574918747		3.3220205307
0.857199907303		2.45937633514
0.85982298851		1.76418685913
0.86244893074		3.77364063263
0.865074872971		1.38360881805
0.867707014084		3.03278160095
0.870326042175		2.82980632782
0.872951030731		1.51554203033
0.875576019287		3.80408668518
0.878202915192		1.56628608704
0.880826950073		2.70802116394
0.883451938629		3.18501281738
0.886075973511		1.36838531494
0.888702869415		3.72797107697
0.891327857971		1.83522796631
0.893951892853		2.36803817749
0.896585941315		3.45395469666
0.899208068848		1.26689815521
0.901829004288		3.56051635742
0.904454946518		2.13461589813
0.907086849213		2.05850028992
0.90970492363		3.66200447083
0.91233086586		1.28212070465
0.914957046509		3.30172348022
0.917587995529		2.46952533722
0.920207023621		1.74388885498
0.922829866409		3.7837896347
0.925456047058		1.39883136749
0.928083896637		3.0124835968
0.930708885193		2.85517787933
0.933341026306		1.50539302826
0.935961961746		3.80408668518
0.938586950302		1.58150959015
0.941210031509		2.69787216187
0.94383597374		3.20530986786
0.946467876434		1.34808731079
0.949091911316		3.72797107697
0.951715946198		1.84030246735
0.954334974289		2.35281467438
0.956991910934		3.44888019562
0.959586858749		1.27197170258
0.962211847305		3.54021930695
0.964835882187		2.15998840332
0.967465877533		2.02297973633
0.970089912415		3.66707897186
0.97271490097		1.28719520569
0.975337982178		3.28142547607
0.977967023849		2.50504589081
0.980588912964		1.72866630554
0.98321390152		3.7837896347
0.985841035843		1.40390586853
0.988469839096		2.99218654633
0.991091012955		2.89069843292
0.993716001511		1.49017047882
0.996347904205		3.79901218414
0.998966932297		1.60180664062
1.00159096718		2.66235160828
1.00421905518		3.22560787201
1.00693702698		1.38360881805
1.00959396362		3.76349163055
1.0122179985		1.74896335602
1.01484489441		2.46952533722
1.01747393608		3.38291358948
1.02009487152		1.28212070465
1.02271986008		3.61633491516
1.02534389496		2.04835224152
1.02797102928		2.13969039917
1.03060007095		3.60618591309
1.03322386742		1.26689815521
1.03584885597		3.37783908844
1.03847193718		2.38326072693
1.04109787941		1.8200044632
1.04372406006		3.75841712952
1.0463540554		1.35316181183
1.04897403717		3.09367370605
1.0515999794		2.74861621857
1.05422401428		1.56628608704
1.05689287186		3.80408668518
1.0595998764		1.44450092316
1.06222486496		2.92114448547
1.06484889984		2.93636798859
1.06748604774		1.45464992523
1.07010293007		3.78886318207
1.07272601128		1.65762519836
1.07535099983		2.58623600006
1.07797694206		3.29664897919
1.08060288429		1.3125667572
1.0832259655		3.68737602234
1.0858540535		1.93671607971
1.08847689629		2.25132751465
1.09110283852		3.54021930695
1.09372901917		1.25674915314
1.09636306763		3.48440074921
1.09898090363		2.25132751465
1.10160303116		1.93671607971
1.10423088074		3.71274757385
1.10694885254		1.28719520569
1.10960793495		3.3220205307
1.11223697662		2.44922733307
1.11485600471		1.76418685913
1.11748886108		3.77871513367
1.12010788918		1.38360881805
1.12273097038		3.02263259888
1.12535691261		2.83488082886
1.12798905373		1.52569103241
1.13060903549		3.80408668518
1.13323307037		1.57136058807
1.13585996628		2.71309566498
1.13848590851		3.18501281738
1.14110898972		1.35316181183
1.14373993874		3.733045578
1.14636802673		1.8200044632
1.14898490906		2.36803817749
1.15160989761		3.46917819977
1.15423583984		1.27197170258
1.15690493584		3.59096240997
1.15961289406		1.99760818481
1.16224002838		2.17521095276
1.16486501694		3.58081436157
1.16749095917		1.26689815521
1.17011499405		3.41843414307
1.1727399826		2.33759117126
1.17536401749		1.86567401886
1.17799186707		3.73812007904
1.18061494827		1.33793926239
1.1832408905		3.13426876068
1.18586492538		2.70802116394
1.18849086761		1.59673213959
1.19111585617		3.80408668518
1.19374585152		1.49524497986
1.19637393951		2.82980632782
1.19899201393		3.06830215454
1.20161604881		1.39883136749
1.20424389839		3.76856613159
1.20694994926		1.65255069733
1.20961999893		2.6420545578
1.21224403381		3.25605392456
1.21486902237		1.32271575928
1.21750688553		3.70767402649
1.2201218605		1.89612102509
1.22274684906		2.29699611664
1.22537088394		3.5199213028
1.22799897194		1.26182365417
1.23062086105		3.50469875336
1.2332470417		2.21073246002
1.23587298393		1.9722366333
1.23849701881		3.69245052338
1.24112296104		1.3024187088
1.24374985695		3.24083042145
1.24638104439		2.56593894958
1.24900007248		1.69314575195
1.25162291527		3.78886318207
1.25425004959		1.42927742004
1.25691890717		2.98203754425
1.25962495804		2.79428577423
1.26225090027		1.54598808289
1.26487493515		3.80408668518
1.26750302315		1.54598808289
1.27012586594		2.74861621857
1.27275085449		3.14949226379
1.27538084984		1.37345981598
1.27800393105		3.74826812744
1.28062701225		1.78955841064
1.28325200081		2.41370677948
1.28587985039		3.4235086441
1.28850388527		1.27197170258
1.29113101959		3.58588886261
1.29375386238		2.09909534454
1.29638695717		2.09402179718
1.29900598526		3.64170646667
1.30162906647		1.27704620361
1.30425405502		3.33724403381
1.30698084831		2.31221961975
1.30963206291		1.91134357452
1.31225800514		3.72797107697
1.31488490105		1.32271575928
1.31751203537		3.17486381531
1.32013392448		2.6522026062
1.32275700569		1.62717819214
1.32538199425		3.80408668518
1.32800984383		1.46987247467
1.33063387871		2.86532688141
1.33326005936		3.02770709991
1.33588385582		1.42420387268
1.33851003647		3.77871513367
1.3411359787		1.69314575195
1.34376001358		2.53549194336
1.34639501572		3.33216953278
1.34901404381		1.29734420776
1.3516368866		3.65692996979
1.35426187515		1.9823846817
1.35693597794		2.25132751465
1.35963892937		3.48440074921
1.36226296425		1.26689815521
1.36488699913		3.53514480591
1.36751484871		2.17521095276
1.37013888359		2.01283168793
1.37276387215		3.67722702026
1.3753888607		1.28719520569
1.3780169487		3.27127742767
1.38063883781		2.52026939392
1.38326692581		1.72866630554
1.3859000206		3.78886318207
1.38851594925		1.41405487061
1.39114093781		2.97696304321
1.39376592636		2.900847435
1.3964009285		1.49017047882
1.39901900291		3.79901218414
1.4016430378		1.6119556427
1.40426898003		2.65727710724
1.40698194504		3.13934326172
1.40964603424		1.38868236542
1.41227006912		3.75841712952
1.41489696503		1.75403785706
1.41752290726		2.46445083618
1.42014503479		3.39813613892
1.42276906967		1.28212070465
1.42539787292		3.61633491516
1.42802190781		2.05342674255
1.43064594269		2.12446784973
1.43327283859		3.61633491516
1.43589687347		1.27197170258
1.43852996826		3.37783908844
1.4411509037		2.393409729
1.44377493858		1.81493091583
1.4464058876		3.75334262848
1.44902396202		1.35823631287
1.45164990425		3.08859920502
1.45427393913		2.76891326904
1.45693898201		1.59165763855
1.45952486992		3.80916118622
1.46215105057		1.53076553345
1.46477890015		2.77906227112
1.46740102768		3.12411975861
1.47002887726		1.37853431702
1.47265195847		3.75334262848
1.47527885437		1.77433586121
1.47790384293		2.43907928467
1.48053002357		3.41335964203
1.48315286636		1.27704620361
1.48577904701		3.60111141205
1.48840594292		2.07879829407
1.49102807045		2.10416984558
1.49365496635		3.6315574646
1.49629092216		1.27197170258
1.49890804291		3.35246753693
1.5015308857		2.41370677948
1.50415492058		1.79970741272
1.50678896904		3.76856613159
1.50940585136		1.37345981598
1.5120370388		3.07337665558
1.51465702057		2.79428577423
1.51728987694		1.55106258392
1.51991796494		3.80408668518
1.52253293991		1.54091453552
1.52515792847		2.75876522064
1.52779793739		3.13426876068
1.53040885925		1.36838531494
1.53303599358		3.74826812744
1.53566098213		1.78955841064
1.53828597069		2.41878128052
1.54091095924		3.43873119354
1.54353785515		1.27704620361
1.54616189003		3.61633491516
1.54878807068		2.09909534454
1.55141186714		2.07879829407
1.55403590202		3.64170646667
1.55667090416		1.27704620361
1.55928993225		3.33724403381
1.56191205978		2.44415378571
1.56453895569		1.77940940857
1.56716585159		3.77364063263
1.56978797913		1.37853431702
1.57241392136		3.06830215454
1.57505488396		2.79428577423
1.57766699791		1.53076553345
1.58029198647		3.80916118622
1.58291387558		1.561211586
1.58554196358		2.72324466705
1.58816885948		3.16978931427
1.59079098701		1.35823631287
1.59341692924		3.74319458008
1.59604501724		1.76418685913
1.59879589081		2.53549194336
1.60142397881		3.33724403381
1.60404586792		1.29734420776
1.60667586327		3.65692996979
1.60928606987		1.99253368378
1.6119120121		2.19043445587
1.614538908		3.58081436157
1.61717486382		1.26689815521
1.61979603767		3.42858314514
1.62242293358		2.31729412079
1.62504601479		1.88089752197
1.62767291069		3.73812007904
1.63029789925		1.32779026031
1.6329228878		3.14949226379
1.63554692268		2.68772315979
1.63817405701		1.60688114166
1.64079999924		3.80408668518
1.64342403412		1.48509597778
1.64604902267		2.88055038452
1.64867806435		3.04800415039
1.65129899979		1.41405487061
1.65392398834		3.77871513367
1.65655684471		1.71344280243
1.6591758728		2.51012039185
1.66180086136		3.35754108429
1.66442584991		1.29226970673
1.6670589447		3.64678096771
1.66967892647		2.00775718689
1.67230200768		2.17521095276
1.67492890358		3.59096240997
1.67755699158		1.26689815521
1.68017888069		3.41335964203
1.68281006813		2.33251667023
1.68542790413		1.86567401886
1.68805885315		3.74319458008
1.69067788124		1.34301376343
1.69330406189		3.12411975861
1.69593095779		2.70802116394
1.69855690002		1.59673213959
1.70117902756		3.80916118622
1.70381188393		1.49524497986
1.70643186569		2.82980632782
1.70905995369		3.06830215454
1.71168088913		1.39883136749
1.71430587769		3.76856613159
1.71697306633		1.69314575195
1.71956086159		2.49489688873
1.72218394279		3.3727645874
1.7248108387		1.28719520569
1.72743797302		3.6315574646
1.73006105423		2.02805423737
1.73268485069		2.14983940125
1.73531198502		3.60618591309
1.73793697357		1.26689815521
1.74056100845		3.39306259155
1.74318599701		2.36803817749
1.74581098557		1.84537696838
1.74843907356		3.75334262848
1.75106096268		1.34808731079
1.75368785858		3.10889720917
1.75632095337		2.72324466705
1.75893807411		1.58150959015
1.76156306267		3.80408668518
1.76419401169		1.5104675293
1.76681303978		2.79936027527
1.76943993568		3.09874820709
1.77206587791		1.39375686646
1.7746899128		3.76349163055
1.77731895447		1.75403785706
1.77993988991		2.46445083618
1.78256607056		3.39306259155
1.78519201279		1.28719520569
1.78783893585		3.6315574646
1.79044389725		2.05342674255
1.79306983948		2.13461589813
1.79569196701		3.61633491516
1.79832005501		1.27197170258
1.80094504356		3.37783908844
1.80357003212		2.38833522797
1.80620098114		1.83015346527
1.80882000923		3.76349163055
1.81144595146		1.35823631287
1.81406998634		3.08352470398
1.81670188904		2.74861621857
1.81932091713		1.55613708496
1.82194900513		3.80408668518
1.82457184792		1.53076553345
1.82719898224		2.78413677216
1.82982206345		3.12411975861
1.83244800568		1.38360881805
1.83507204056		3.75334262848
1.83769989014		1.76926136017
1.84032297134		2.43907928467
1.8429479599		3.41335964203
1.84557890892		1.28212070465
1.84820199013		3.60111141205
1.85082507133		2.07879829407
1.8534488678		2.10416984558
1.85607600212		3.56559085846
1.8588309288		1.26182365417
1.86145305634		3.46917819977
1.86407995224		2.25640106201
1.86670899391		1.94178962708
1.869328022		3.71274757385
1.87195491791		1.31764125824
1.87457799911		3.19008731842
1.87720394135		2.62683105469
1.87983703613		1.65255069733
1.88245391846		3.80408668518
1.88507890701		1.45972442627
1.88770604134		2.89069843292
1.89033102989		3.00233459473
1.89295387268		1.43435192108
1.89558005333		3.7837896347
1.89820694923		1.67792224884
1.90083193779		2.56593894958
1.903455019		3.3220205307
1.90608286858		1.33793926239
1.90883588791		3.733045578
1.91145992279		1.83522796631
1.91408491135		2.36296367645
1.9167098999		3.46410369873
1.91933488846		1.27197170258
1.92195987701		3.55544185638
1.92458605766		2.13969039917
1.92721700668		2.03820323944
1.92983484268		3.66707897186
1.93246102333		1.28212070465
1.93508696556		3.29664897919
1.93771386147		2.4898223877
1.940335989		1.73881530762
1.94296193123		3.7837896347
1.94558691978		1.39883136749
1.94821405411		3.00233459473
1.95083785057		2.87547588348
1.95346188545		1.5003194809
1.9560880661		3.80916118622
1.95871400833		1.59165763855
1.96133995056		2.68264961243
1.96396589279		3.2103843689
1.96659684181		1.34301376343
1.96921491623		3.72289657593
1.97184085846		1.85552597046
1.97446489334		2.3426656723
1.97709584236		3.47932624817
1.97971796989		1.26689815521
1.98234295845		3.53514480591
1.98496699333		2.1701374054
1.98759293556		2.01790523529
1.99021887779		3.67722702026
1.99284291267		1.29226970673
1.9954688549		3.27127742767
1.99809503555		2.51519489288
2.00072097778		1.7235918045
2.00334501266		3.78886318207
2.00597000122		1.36838531494
2.00872898102		3.12411975861
2.01134991646		2.72831821442
2.0139708519		1.57643508911
2.01660394669		3.80408668518
2.01921987534		1.51554203033
2.02184605598		2.79428577423
2.02447199821		3.10382270813
2.02710604668		1.40390586853
2.02973198891		3.75841712952
2.03234887123		1.74896335602
2.03497600555		2.46445083618
2.03760194778		3.39306259155
2.04022502899		1.28212070465
2.04285287857		3.6214094162
2.04547405243		2.05850028992
2.04810285568		2.12954235077
2.05072402954		3.61633491516
2.05335187912		1.27197170258
2.05597805977		3.41335964203
2.05872702599		2.24117851257
2.06135201454		1.94686412811
2.06397891045		3.70767402649
2.06660890579		1.30749225616
2.06922888756		3.2103843689
2.0718588829		2.59638500214
2.07447886467		1.66269874573
2.07711291313		3.79901218414
2.07972884178		1.44957542419
2.08235406876		2.91099643707
2.08498096466		2.98203754425
2.08761000633		1.44957542419
2.09023690224		3.78886318207
2.09285593033		1.66269874573
2.09548187256		2.58623600006
2.09810900688		3.30172348022
2.10073304176		1.30749225616
2.10335683823		3.67722702026
2.10598301888		1.85552597046
2.10873794556		2.39848423004
2.111358881		3.45395469666
2.11398506165		1.27197170258
2.11661195755		3.56559085846
2.11923599243		2.11431884766
2.12186002731		2.05342674255
2.12448501587		3.65692996979
2.12711787224		1.28212070465
2.12973690033		3.31694602966
2.13236188889		2.46952533722
2.13498687744		1.75403785706
2.13761305809		3.77871513367
2.14023900032		1.38868236542
2.14286184311		3.01755809784
2.14548993111		2.84502887726
2.14811587334		1.5104675293
2.15073895454		3.80408668518
2.15336489677		1.57136058807
2.15598702431		2.74861621857
2.15861392021		3.19516181946
2.16123986244		1.34808731079
2.16386699677		3.72797107697
2.16649794579		1.83522796631
2.16911792755		2.36803817749
2.17174696922		3.46410369873
2.17436695099		1.27197170258
2.17700099945		3.55544185638
2.17961788177		2.14476490021
2.1822450161		2.0331287384
2.18486785889		3.67215251923
2.18749499321		1.28719520569
2.190117836		3.29157447815
2.192745924		2.4898223877
2.19536805153		1.74388885498
2.19799590111		3.7837896347
2.20061993599		1.40898036957
2.20324492455		3.00233459473
2.20587086678		2.87547588348
2.20849704742		1.5003194809
2.21112084389		3.79901218414
2.21374487877		1.59165763855
2.21637892723		2.68264961243
2.21899700165		3.22053337097
2.22162103653		1.34301376343
2.22424507141		3.71782207489
2.22692584991		1.79463291168
2.22962594032		2.48474884033
2.2322499752		3.37783908844
2.23487401009		1.28719520569
2.23750185966		3.6315574646
2.24012494087		2.0331287384
2.24274897575		2.14476490021
2.24537396431		3.60618591309
2.24800395966		1.26689815521
2.2506248951		3.38291358948
2.25325584412		2.36803817749
2.2558760643		1.84030246735
2.25850391388		3.75334262848
2.26112604141		1.34808731079
2.26375293732		3.10382270813
2.26638484001		2.72831821442
2.2690038681		1.57643508911
2.27162790298		3.80916118622
2.27425384521		1.51554203033
2.27692198753		2.86532688141
2.27962994576		2.95666599274
2.28225398064		1.45464992523
2.28487992287		3.78886318207
2.28750896454		1.64747619629
2.29013204575		2.60145950317
2.29275584221		3.28649997711
2.29538393021		1.31764125824
2.29800891876		3.69245052338
2.30065584183		1.89612102509
2.30325984955		2.26655006409
2.30588197708		3.53514480591
2.30851006508		1.26689815521
2.31113505363		3.47932624817
2.31376099586		2.24117851257
2.31638503075		1.94178962708
2.31901192665		3.71274757385
2.32163500786		1.3125667572
2.32425999641		3.2103843689
2.32692599297		2.52534389496
2.32963895798		1.77940940857
2.33226203918		3.76856613159
2.33489084244		1.37345981598
2.33751797676		3.04800415039
2.34013795853		2.82473182678
2.34276390076		1.52569103241
2.34538793564		3.80408668518
2.34801697731		1.561211586
2.35064005852		2.71817016602
2.35326600075		3.17486381531
2.35589003563		1.35316181183
2.35851693153		3.73812007904
2.36114096642		1.82507896423
2.36376595497		2.37818622589
2.36640000343		3.44380569458
2.36901688576		1.27197170258
2.37164092064		3.56559085846
2.37426686287		2.12954235077
2.37693500519		2.12954235077
2.37964296341		3.58081436157
2.38226699829		1.26182365417
2.3848938942		3.4235086441
2.38751983643		2.32236862183
2.39014387131		1.87582302094
2.39276885986		3.74319458008
2.39539504051		1.33793926239
2.39802002907		3.14441776276
2.4006459713		2.68772315979
2.40326905251		1.60180664062
2.40589594841		3.80408668518
2.40851998329		1.49524497986
2.4111468792		2.8399553299
2.41377186775		3.0632276535
2.41640686989		1.41405487061
2.41902494431		3.77364063263
2.42164707184		1.71851730347
2.42427492142		2.50504589081
2.4269888401		3.27635097504
2.42966198921		1.33286476135
2.43228006363		3.71274757385
2.43490386009		1.88597202301
2.43753099442		2.31221961975
2.44015693665		3.50469875336
2.44277787209		1.26182365417
2.44540405273		3.5199213028
2.44803595543		2.18535995483
2.45065402985		1.98745918274
2.45327997208		3.68737602234
2.45592594147		1.29226970673
2.45853185654		3.25605392456
2.46115684509		2.55578994751
2.46379590034		1.71851730347
2.46641492844		3.79393768311
2.46903085709		1.42420387268
2.47165799141		2.95666599274
2.47428297997		2.93129348755
2.47694802284		1.5104675293
2.47965788841		3.80408668518
2.48228287697		1.53584003448
2.48491001129		2.76891326904
2.48753595352		3.12919425964
2.4901599884		1.37345981598
2.49278402328		3.74826812744
2.49540996552		1.77940940857
2.4980430603		2.43907928467
2.5006608963		3.4235086441
2.50328588486		1.28212070465
2.50591206551		3.59603691101
2.5085299015		2.08894729614
2.51115393639		2.10416984558
2.51377987862		3.63663196564
2.51640987396		1.27197170258
2.51903891563		3.39306259155
2.52166295052		2.42385578156
2.52429199219		1.79970741272
2.52695202827		3.74826812744
2.52966690063		1.31764125824
2.53229188919		3.18501281738
2.53491687775		2.61160755157
2.5375430584		1.64240169525
2.54016590118		3.80408668518
2.54278993607		1.46479797363
2.54541802406		2.88055038452
2.54804301262		3.00740909576
2.5506670475		1.42927742004
2.55329394341		3.7837896347
2.55591893196		1.68299674988
2.55854487419		2.55071544647
2.56116890907		3.32709503174
2.5637948513		1.29734420776
2.56642794609		3.66200447083
2.56904888153		1.96716213226
2.57167100906		2.21580600739
2.57429695129		3.5706653595
2.57696294785		1.26689815521
2.57967805862		3.55036830902
2.5822968483		2.14983940125
2.58492302895		2.02805423737
2.5875480175		3.66707897186
2.59017395973		1.28719520569
2.59279799461		3.28649997711
2.59542298317		2.50504589081
2.59804987907		1.73881530762
2.60067486763		3.7837896347
2.60329985619		1.39375686646
2.6059448719		3.01755809784
2.6085588932		2.87040138245
2.61117601395		1.49524497986
2.61380004883		3.79901218414
2.61643505096		1.58658313751
2.61905288696		2.67250061035
2.6216750145		3.22560787201
2.6243019104		1.33793926239
2.62696790695		3.74826812744
2.62967801094		1.73881530762
2.63230395317		2.47967433929
2.63492584229		3.38798809052
2.63755583763		1.28719520569
2.64017987251		3.6214094162
2.64280295372		2.04327774048
2.64542794228		2.14476490021
2.64807391167		3.59096240997
2.65067887306		1.26689815521
2.65330505371		3.37783908844
2.65594696999		2.35788917542
2.65856099129		1.84030246735
2.66119503975		3.74826812744
2.66396594048		1.28719520569
2.66668796539		3.35246753693
2.6693110466		2.41878128052
2.6719520092		1.80478191376
2.6745569706		3.76856613159
2.67718887329		1.37345981598
2.67983198166		3.07845020294
2.68243384361		2.80443382263
2.68505907059		1.53584003448
2.68768596649		3.80408668518
2.69031190872		1.55106258392
2.69293689728		2.73846721649
2.69556093216		3.15964031219
2.69818496704		1.3633108139
2.70080494881		3.73812007904
2.70342993736		1.80478191376
2.70605301857		2.51012039185
2.70881104469		3.32709503174
2.71143102646		1.3024187088
2.71405601501		3.65185546875
2.71668505669		1.97731018066
2.71931600571		2.20565795898
2.7219388485		3.5706653595
2.72456502914		1.26182365417
2.72719192505		3.46410369873
2.72981595993		2.30714511871
2.73244190216		1.88597202301
2.73506593704		3.72289657593
2.73769307137		1.32271575928
2.74031686783		3.15964031219
2.74294900894		2.63698005676
2.74556803703		1.6221036911
2.74819397926		3.80408668518
2.75081896782		1.48509597778
2.75344395638		2.85517787933
2.75606799126		2.99726104736
2.75882005692		1.49017047882
2.76144695282		3.79901218414
2.76407003403		1.60688114166
2.76670503616		2.67757511139
2.76932406425		3.23068237305
2.77194690704		1.33793926239
2.7745718956		3.71274757385
2.77719902992		1.86567401886
2.77983593941		2.3426656723
2.78244805336		3.49454975128
2.78507304192		1.26689815521
2.78770089149		3.52499580383
2.79032301903		2.18535995483
2.79294896126		1.99760818481
2.79557299614		3.6823015213
2.79820585251		1.29226970673
2.8008248806		3.2611284256
2.80344796181		2.55071544647
2.80607390404		1.78955841064
2.80883097649		3.75841712952
2.81145191193		1.35823631287
2.81407594681		3.09367370605
2.8167090416		2.74354171753
2.81932687759		1.56628608704
2.82195186615		3.80916118622
2.82458496094		1.52061653137
2.8272049427		2.77906227112
2.82982802391		3.11904525757
2.83245205879		1.37853431702
2.83508086205		3.75334262848
2.8377058506		1.76926136017
2.84033083916		2.44922733307
2.84295487404		3.40828514099
2.84558105469		1.28212070465
2.84820795059		3.60618591309
2.85083198547		2.06357479095
2.85345506668		2.10924434662
2.8560988903		3.58588886261
2.85883402824		1.26689815521
2.86145687103		3.46917819977
2.86408400536		2.25640106201
2.86671495438		1.93671607971
2.86933398247		3.71782207489
2.87197899818		1.30749225616
2.87458491325		3.19516181946
2.87721204758		2.62175655365
2.87985086441		1.66777324677
2.88246107101		3.79901218414
2.88508605957		1.45464992523
2.88771104813		2.89577293396
2.89033699036		2.99726104736
2.89296197891		1.43942642212
2.89558601379		3.7837896347
2.89821505547		1.6728477478
2.90083694458		2.56593894958
2.90346193314		3.3118724823
2.90609383583		1.33793926239
2.90883398056		3.733045578
2.91145396233		1.84537696838
2.91408205032		2.35788917542
2.9167098999		3.46410369873
2.91934084892		1.26689815521
2.92196583748		3.55544185638
2.92459106445		2.13969039917
2.92721605301		2.05850028992
2.92983984947		3.66707897186
2.9324669838		1.28212070465
2.93509101868		3.33216953278
2.93771791458		2.48474884033
2.94034290314		1.73881530762
2.94296789169		3.7837896347
2.94559192657		1.39883136749
2.94823789597		3.02770709991
2.95084500313		2.86532688141
2.95346999168		1.5003194809
2.95609307289		3.80408668518
2.95872092247		1.58658313751
2.9613468647		2.68772315979
2.96397089958		3.20530986786
2.9666030407		1.34808731079
2.96922397614		3.72289657593
2.97184705734		1.85045146942
2.97447085381		2.34774017334
2.97710490227		3.47425174713
2.97972488403		1.27197170258
2.98234701157		3.54021930695
2.98497486115		2.15998840332
2.98760390282		2.02297973633
2.99022293091		3.67722702026
2.99284887314		1.29226970673
2.99547505379		3.28142547607
2.99810099602		2.51012039185
3.0007250309		1.72866630554
3.00335001945		3.78886318207
3.00597500801		1.36838531494
3.00873088837		3.11397171021
3.01135206223		2.72831821442
3.01397585869		1.57643508911
3.01661396027		3.80916118622
3.01922798157		1.52061653137
3.0218539238		2.79936027527
3.02447986603		3.09874820709
3.02711200714		1.39375686646
3.02972888947		3.75841712952
3.03235697746		1.74896335602
3.0349779129		2.48474884033
3.0376060009		3.38798809052
3.04023098946		1.28212070465
3.04285597801		3.61633491516
3.04548096657		2.04835224152
3.04812598228		2.14983940125
3.05073094368		3.61633491516
3.05335688591		1.26689815521
3.0559990406		3.42858314514
3.0587348938		2.23610401154
3.06135702133		1.94178962708
3.06400489807		3.69752502441
3.06661605835		1.3024187088
3.06923890114		3.22560787201
3.0718729496		2.58116149902
3.0744869709		1.66777324677
3.07711791992		3.79901218414
3.07973504066		1.44450092316
3.08236098289		2.91607093811
3.0849878788		2.97696304321
3.08761286736		1.44957542419
3.09023690224		3.78886318207
3.09286189079		1.66269874573
3.09548807144		2.58623600006
3.09811401367		3.30172348022
3.1007399559		1.30749225616
3.10336399078		3.68737602234
3.10598802567		1.85045146942
3.10873484612		2.38833522797
3.11135697365		3.43873119354
3.11398100853		1.26689815521
3.11661195755		3.5706653595
3.11924386024		2.10416984558
3.12186598778		2.05850028992
3.12449002266		3.65692996979
3.12712597847		1.27197170258
3.12986803055		3.42858314514
3.13249087334		2.31729412079
3.13511705399		1.91134357452
3.13774299622		3.73812007904
3.14036893845		1.33286476135
3.14299607277		3.17993831635
3.14561891556		2.68264961243
3.14824795723		1.6119556427
3.15087389946		3.80408668518
3.15349388123		1.49017047882
3.15612196922		2.88562393188
3.15887093544		2.90592193604
3.16149687767		1.49017047882
3.16412186623		3.79901218414
3.16675496101		1.60180664062
3.16937184334		2.6522026062
3.17199707031		3.24083042145
3.17462086678		1.33286476135
3.17725205421		3.71782207489
3.17987298965		1.87582302094
3.18249893188		2.31221961975
3.18512392044		3.49962425232
3.18775105476		1.26689815521
3.19037485123		3.51484680176
3.19300103188		2.19550895691
3.19562387466		1.99253368378
3.19825291634		3.6823015213
3.20087385178		1.29226970673
3.2035009861		3.25097942352
3.20612597466		2.44415378571
3.20888090134		1.8200044632
3.21150183678		3.76856613159
3.21412587166		1.3633108139
3.21676206589		3.09367370605
3.21937704086		2.76891326904
3.22200298309		1.55613708496
3.22462892532		3.80916118622
3.22725486755		1.53076553345
3.22987890244		2.76891326904
3.23250889778		3.12411975861
3.23513293266		1.37853431702
3.23775887489		3.74826812744
3.24038290977		1.77433586121
3.24300503731		2.43400478363
3.24563694		3.41843414307
3.24825787544		1.28212070465
3.250882864		3.59603691101
3.25350594521		2.07879829407
3.25615000725		2.16506290436
3.25888395309		3.55036830902
3.26150894165		1.26182365417
3.26413798332		3.46917819977
3.26676607132		2.26655006409
3.26938390732		1.9214925766
3.27203202248		3.71274757385
3.2746360302		1.32271575928
3.2772629261		3.19008731842
3.27990198135		2.61668205261
3.28251194954		1.64747619629
3.28513789177		3.80408668518
3.28776407242		1.45972442627
3.29038786888		2.88562393188
3.29301190376		3.00740909576
3.29563689232		1.43435192108
3.29826593399		3.7837896347
3.30088996887		1.68299674988
3.30351400375		2.55578994751
3.30613803864		3.23575687408
3.30889201164		1.35823631287
3.31151485443		3.74826812744
3.31427001953		1.71344280243
3.31698799133		2.61668205261
3.31964206696		3.24590492249
3.32226705551		1.32271575928
3.32489204407		3.70767402649
3.32752084732		1.87582302094
3.3301410675		2.30714511871
3.33276796341		3.48947525024
3.33541107178		1.27197170258
3.33802199364		3.51484680176
3.34064292908		2.20565795898
3.34326887131		1.99760818481
3.34589290619		3.69245052338
3.34852099419		1.29734420776
3.35114502907		3.28649997711
3.35377001762		2.56593894958
3.35640192032		1.69822025299
3.35902094841		3.79393768311
3.36164689064		1.42420387268
3.3642718792		2.94144248962
3.36694192886		2.87547588348
3.36964893341		1.55106258392
3.37227201462		3.80408668518
3.37489795685		1.54091453552
3.37752604485		2.75876522064
3.38014888763		3.13934326172
3.38277387619		1.36838531494
3.38539791107		3.74826812744
3.38802599907		1.78448390961
3.39065098763		2.42385578156
3.39327502251		3.4235086441
3.39590501785		1.27704620361
3.39852690697		3.59096240997
3.4011528492		2.07879829407
3.40377783775		2.09402179718
3.40641093254		3.6315574646
3.40902590752		1.27704620361
3.41165399551		3.34231853485
3.41427993774		2.42893028259
3.4170088768		1.90119457245
3.41965484619		3.72289657593
3.42228007317		1.32271575928
3.42490887642		3.17993831635
3.42753386497		2.63698005676
3.43015599251		1.63225269318
3.43278002739		3.80408668518
3.43540596962		1.46479797363
3.43803191185		2.88055038452
3.44065594673		3.01755809784
3.44328284264		1.42927742004
3.44590806961		3.77871513367
3.44853401184		1.68299674988
3.45115685463		2.5405664444
3.45378184319		3.33216953278
3.45641088486		1.3024187088
3.45903301239		3.66200447083
3.46165895462		1.9823846817
3.46428799629		2.21073246002
3.46695303917		3.54021930695
3.4695379734		1.26182365417
3.47216105461		3.43873119354
3.47478795052		2.30207061768
3.47741794586		1.90119457245
3.48006105423		3.72289657593
3.48266291618		1.32779026031
3.48528790474		3.16471481323
3.48793005943		2.64712810516
3.49053907394		1.61703014374
3.49316191673		3.80408668518
3.49579000473		1.48002147675
3.49841594696		2.86532688141
3.50103998184		3.04292964935
3.50366806984		1.41405487061
3.50629806519		3.77871513367
3.50890803337		1.71344280243
3.51153206825		2.51519489288
3.51415705681		3.36261558533
3.51678586006		1.29226970673
3.51941800117		3.64678096771
3.52204203606		1.99760818481
3.52466797829		2.18535995483
3.52729701996		3.56051635742
3.52992105484		1.26689815521
3.5325448513		3.41843414307
3.53517103195		2.2919216156
3.5378408432		1.9214925766
3.5405459404		3.6823015213
3.54317188263		1.28212070465
3.54591989517		3.38291358948
3.54855084419		2.37311172485
3.55117106438		1.86059951782
3.55379605293		3.75841712952
3.55642104149		1.35316181183
3.55905485153		3.12411975861
3.56167292595		2.74861621857
3.56429696083		1.56628608704
3.56695604324		3.81423568726
3.56954693794		1.52569103241
3.5721719265		2.77398777008
3.57479691505		3.11904525757
3.57742786407		1.38360881805
3.58004903793		3.75334262848
3.58267688751		1.76418685913
3.58529996872		2.44415378571
3.58792901039		3.40828514099
3.59054994583		1.28212070465
3.59317803383		3.60111141205
3.59580302238		2.06864929199
3.59842801094		2.10924434662
3.6010529995		3.62648391724
3.60367798805		1.27704620361
3.60630989075		3.36769008636
3.60892891884		2.40355873108
3.61155295372		1.80478191376
3.61417889595		3.76349163055
3.61681199074		1.35823631287
3.61943006516		3.07337665558
3.62205386162		2.78413677216
3.62468099594		1.55106258392
3.6273059845		3.80408668518
3.62993097305		1.53076553345
3.63255500793		2.7536907196
3.63518595695		3.12919425964
3.63787698746		1.40390586853
3.64056587219		3.7837896347
3.64318299294		1.66777324677
3.64580798149		2.56086444855
3.64856600761		3.17486381531
3.65118384361		1.34808731079
3.65381193161		3.733045578
3.65643286705		1.82507896423
3.6590628624		2.37818622589
3.66168689728		3.46410369873
3.66430997849		1.26689815521
3.66697502136		3.58588886261
3.66956186295		2.13969039917
3.67220306396		2.05342674255
3.67481184006		3.66200447083
3.67743897438		1.28719520569
3.68008089066		3.3118724823
3.68268799782		2.4898223877
3.68531298637		1.74388885498
3.68795895576		3.77871513367
3.69056606293		1.39375686646
3.69318699837		3.00233459473
3.6958129406		2.86532688141
3.69843101501		1.49524497986
3.70105695724		3.79393768311
3.70368003845		1.59673213959
3.70630693436		2.67757511139
3.70893597603		3.22053337097
3.71155595779		1.34301376343
3.7141828537		3.71782207489
3.71681284904		1.84537696838
3.71944403648		2.36296367645
3.72207283974		3.47425174713
3.7246940136		1.27197170258
3.7273209095		3.55544185638
3.72994399071		2.15998840332
3.73256802559		2.01283168793
3.73519492149		3.65185546875
3.73782205582		1.28719520569
3.74044489861		3.27635097504
3.74306988716		2.49997138977
3.74569606781		1.72866630554
3.74832296371		3.78886318207
3.75094485283		1.40898036957
3.75357294083		2.98711204529
3.75620293617		2.88055038452
3.75882196426		1.49017047882
3.76144695282		3.80408668518
3.76407194138		1.60688114166
3.76670598984		2.70802116394
3.7693400383		3.2103843689
3.77194786072		1.33286476135
3.77457499504		3.71274757385
3.77720093727		1.8707485199
3.77982401848		2.32236862183
3.78244996071		3.49454975128
3.78507590294		1.26689815521
3.78770089149		3.52499580383
3.79032588005		2.18535995483
3.7929520607		1.99760818481
3.79557704926		3.68737602234
3.79820585251		1.29226970673
3.80082893372		3.25605392456
3.80345797539		2.53041744232
3.8060798645		1.79970741272
3.80883097649		3.75841712952
3.81145501137		1.35823631287
3.81407904625		3.09367370605
3.81671404839		2.74354171753
3.81932902336		1.561211586
3.82195496559		3.80408668518
3.82458090782		1.52569103241
3.82720589638		2.77906227112
3.82982993126		3.12411975861
3.83246088028		1.38360881805
3.83508205414		3.75841712952
3.83770799637		1.76418685913
3.84033203125		2.44415378571
3.84295701981		3.40828514099
3.84558486938		1.28212070465
3.84822797775		3.61633491516
3.85083389282		2.07372379303
3.85346102715		2.10924434662
3.8560988903		3.58588886261
3.85883593559		1.26182365417
3.86145997047		3.46410369873
3.86410689354		2.23610401154
3.86671686172		1.93671607971
3.86933588982		3.72289657593
3.87197685242		1.3125667572
3.87458705902		3.19516181946
3.8772149086		2.61668205261
3.87983703613		1.64747619629
3.88246297836		3.79901218414
3.88509488106		1.45464992523
3.88771390915		2.900847435
3.89033889771		3.00233459473
3.89296388626		1.43435192108
3.89558887482		3.7837896347
3.89821600914		1.6728477478
3.90084004402		2.56086444855
3.90346288681		3.3220205307
3.90609097481		1.33286476135
3.90883803368		3.733045578
3.91145896912		1.8200044632
3.91408205032		2.35281467438
3.91671395302		3.46410369873
3.91934585571		1.27197170258
3.92196989059		3.56051635742
3.92459392548		2.14476490021
3.92721986771		2.07879829407
3.92984485626		3.66200447083
3.93246793747		1.28212070465
3.93509507179		3.3118724823
3.93772292137		2.4898223877
3.94034385681		1.73881530762
3.94297099113		3.77871513367
3.94559502602		1.39375686646
3.94822502136		3.00740909576
3.95084786415		2.86532688141
3.95347189903		1.5003194809
3.95609784126		3.80916118622
3.95884895325		1.5003194809
3.9614739418		2.82473182678
3.96409797668		3.07337665558
3.96673703194		1.40390586853
3.96935105324		3.76856613159
3.97197604179		1.73374080658
3.97460103035		2.4898223877
3.97722697258		3.37783908844
3.97984886169		1.28719520569
3.98247694969		3.62648391724
3.98510193825		2.02805423737
3.98772907257		2.15491390228
3.99035191536		3.60111141205
3.99297595024		1.26689815521
3.99560499191		3.39813613892
3.99822902679		2.36296367645
4.00085306168		1.84030246735
4.00347805023		3.75334262848
4.00610303879		1.3125667572
4.00885987282		3.24083042145
4.01147890091		2.57608699799
4.01410484314		1.68299674988
4.01673698425		3.79393768311
4.01935601234		1.42927742004
4.02198195457		2.93636798859
4.02460598946		2.94651699066
4.02723193169		1.45972442627
4.02985501289		3.79393768311
4.0324819088		1.64240169525
4.03510594368		2.60145950317
4.03773498535		3.27635097504
4.04036307335		1.31764125824
4.04298496246		3.69245052338
4.04560804367		1.9214925766
4.04824304581		2.2817735672
4.05085897446		3.53514480591
4.05348396301		1.25674915314
4.05613493919		3.54021930695
4.05886101723		2.10416984558
4.06148695946		2.0838727951
4.06412601471		3.63663196564
4.06674289703		1.27197170258
4.06936192513		3.32709503174
4.07200789452		2.41370677948
4.07461285591		1.77433586121
4.07723903656		3.77364063263
4.07986307144		1.38360881805
4.08248996735		3.04292964935
4.0851149559		2.81965732574
4.08774089813		1.52569103241
4.09036493301		3.80408668518
4.0929889679		1.561211586
4.0956158638		2.73339271545
4.09824299812		3.16978931427
4.10086798668		1.35823631287
4.10349202156		3.74319458008
4.10611701012		1.7235918045
4.10886406898		2.53041744232
4.11148500443		3.35246753693
4.11411190033		1.29734420776
4.11673998833		3.65185546875
4.11937093735		1.95193862915
4.12199497223		2.19550895691
4.12461996078		3.58081436157
4.12724685669		1.26182365417
4.12987589836		3.43873119354
4.13249492645		2.31729412079
4.13511991501		1.90119457245
4.13774800301		3.73812007904
4.14037084579		1.32779026031
4.14299607277		3.14441776276
4.145622015		2.68772315979
4.1482489109		1.6119556427
4.15087294579		3.80916118622
4.15349888802		1.49017047882
4.1561229229		2.90592193604
4.15887403488		2.90592193604
4.16149902344		1.48002147675
4.16412496567		3.79901218414
4.16675806046		1.60180664062
4.16937589645		2.65727710724
4.17199897766		3.24590492249
4.17462801933		1.33286476135
4.17725086212		3.70767402649
4.17987799644		1.87582302094
4.18250083923		2.31221961975
4.18512892723		3.50469875336
4.18775296211		1.26689815521
4.19037795067		3.51484680176
4.19300198555		2.19550895691
4.19562792778		1.98745918274
4.19825291634		3.68737602234
4.20088005066		1.29734420776
4.20350289345		3.25097942352
4.2061290741		2.44922733307
4.20888185501		1.8200044632
4.21151399612		3.75841712952
4.21412992477		1.35823631287
4.21676588058		3.08859920502
4.21938204765		2.77398777008
4.22200703621		1.55613708496
4.22463202477		3.80916118622
4.227257967		1.53076553345
4.2298810482		2.76383876801
4.23251390457		3.11904525757
4.23513293266		1.37345981598
4.23776006699		3.75334262848
4.24038290977		1.77940940857
4.24300885201		2.43400478363
4.24563384056		3.41843414307
4.2482779026		1.27704620361
4.25088405609		3.59603691101
4.25350999832		2.0838727951
4.25615096092		2.15998840332
4.25891494751		3.53007030487
4.26151394844		1.26689815521
4.26416087151		3.48440074921
4.26677083969		2.26147556305
4.26938700676		1.9214925766
4.27202701569		3.71274757385
4.27463889122		1.31764125824
4.27726507187		3.19008731842
4.2798910141		2.63190555573
4.28251385689		1.63732719421
4.28514003754		3.79901218414
4.28776597977		1.46479797363
4.29039096832		2.87547588348
4.29301905632		3.00740909576
4.29564094543		1.43435192108
4.29826784134		3.7837896347
4.30089092255		1.67792224884
4.30351400375		2.54564094543
4.30614089966		3.23068237305
4.30888700485		1.34301376343
4.31150889397		3.733045578
4.31413388252		1.84537696838
4.31676602364		2.36296367645
4.31939387321		3.45902919769
4.32202005386		1.26689815521
4.32464289665		3.54529380798
4.32727193832		2.10924434662
4.32989501953		2.02297973633
4.33252000809		3.66707897186
4.33514785767		1.28212070465
4.33777403831		3.28649997711
4.34039592743		2.49997138977
4.34302401543		1.73374080658
4.34564900398		3.78886318207
4.34827399254		1.40390586853
4.35089802742		2.99726104736
4.35352301598		2.88055038452
4.35614895821		1.54091453552
4.3588988781		3.80916118622
4.36152386665		1.5104675293
4.36414885521		2.80950832367
4.36678195		3.07845020294
4.36939907074		1.39375686646
4.37202596664		3.76349163055
4.37465596199		1.73881530762
4.3772790432		2.47967433929
4.37990188599		3.38798809052
4.38252687454		1.28212070465
4.38515400887		3.6214094162
4.38777804375		2.0331287384
4.39040184021		2.14476490021
4.39302992821		3.60618591309
4.39565205574		1.26689815521
4.39827895164		3.38291358948
4.40090298653		2.37818622589
4.40352988243		1.83015346527
4.40615391731		3.72289657593
4.40891003609		1.29734420776
4.41153407097		3.22560787201
4.41415691376		2.5913105011
4.41679000854		1.68299674988
4.41940689087		3.79901218414
4.42203092575		1.43942642212
4.42465996742		2.92621898651
4.42728590965		2.95666599274
4.42990994453		1.45464992523
4.43253302574		3.78886318207
4.43515992165		1.65255069733
4.43778395653		2.59638500214
4.44041395187		3.28649997711
4.44303297997		1.3125667572
4.4456589222		3.67722702026
4.44828796387		1.92656707764
4.45091199875		2.25640106201
4.45353484154		3.54021930695
4.4562189579		1.26689815521
4.45891404152		3.58081436157
4.46153593063		2.10924434662
4.46417784691		2.0838727951
4.46679496765		3.64170646667
4.46941304207		1.28212070465
4.47205805779		3.34231853485
4.47466492653		2.45937633514
4.47728991508		1.76926136017
4.47991490364		3.77364063263
4.48253893852		1.38360881805
4.48516392708		3.03278160095
4.48779201508		2.82980632782
4.49041485786		1.52061653137
4.49304199219		3.80916118622
4.49566507339		1.56628608704
4.49829387665		2.71817016602
4.50091505051		3.18501281738
4.50354194641		1.3633108139
4.50616693497		3.76856613159
4.50891184807		1.71344280243
4.51153302193		2.51012039185
4.51415896416		3.35754108429
4.51679086685		1.28719520569
4.51941895485		3.66707897186
4.52204394341		2.00268268585
4.52466893196		2.1802854538
4.52729988098		3.56051635742
4.52992105484		1.26182365417
4.53254795074		3.41843414307
4.5351729393		2.30207061768
4.53780388832		1.88089752197
4.54042291641		3.73812007904
4.54304695129		1.34301376343
4.5456738472		3.13426876068
4.54829883575		2.69787216187
4.55092287064		1.59673213959
4.55354905128		3.80916118622
4.55621099472		1.45464992523
4.55892395973		2.96681404114
4.56154799461		2.92114448547
4.56417298317		1.47494697571
4.56680583954		3.79393768311
4.56942605972		1.61703014374
4.57206392288		2.65727710724
4.57467603683		3.25097942352
4.57730293274		1.32779026031
4.57992601395		3.70767402649
4.58255004883		1.89612102509
4.58517789841		2.29699611664
4.5878059864		3.50977325439
4.59042906761		1.26182365417
4.59305286407		3.50977325439
4.5956799984		2.21073246002
4.59830498695		1.97731018066
4.60092997551		3.69245052338
4.60355591774		1.29734420776
4.60626387596		3.3220205307
4.60893297195		2.40355873108
4.61155700684		1.80478191376
4.61417794228		3.76856613159
4.61680603027		1.36838531494
4.61944198608		3.07845020294
4.62205791473		2.77906227112
4.62468004227		1.54091453552
4.62730789185		3.80916118622
4.6299328804		1.53584003448
4.63255906105		2.75876522064
4.63518285751		3.14441776276
4.63780999184		1.36838531494
4.64043402672		3.74826812744
4.64305996895		1.78448390961
4.64568400383		2.42385578156
4.6483309269		3.41335964203
4.65093898773		1.27704620361
4.65356206894		3.58588886261
4.65621089935		2.05342674255
4.6588139534		2.0838727951
4.66143584251		3.64170646667
4.66408395767		1.27197170258
4.66669487953		3.34739303589
4.6693148613		2.43400478363
4.67193698883		1.78448390961
4.67456483841		3.77364063263
4.67719101906		1.37345981598
4.67981600761		3.05307865143
4.68244099617		2.80950832367
4.68506598473		1.53584003448
4.68769192696		3.80408668518
4.69031596184		1.55613708496
4.69294095039		2.73339271545
4.69556689262		3.14441776276
4.69818902016		1.35823631287
4.70081496239		3.74319458008
4.70343494415		1.80478191376
4.70605993271		2.49489688873
4.70881295204		3.33724403381
4.7114379406		1.30749225616
4.7140610218		3.65185546875
4.7166929245		1.97731018066
4.7193210125		2.24117851257
4.72194504738		3.5706653595
4.72457194328		1.26182365417
4.72719693184		3.45395469666
4.72982096672		2.31221961975
4.73244595528		1.88089752197
4.73507094383		3.73812007904
4.73769903183		1.33286476135
4.74032402039		3.15456676483
4.74294805527		2.67250061035
4.7455739975		1.6119556427
4.74819898605		3.79901218414
4.75082206726		1.48509597778
4.75344896317		2.85517787933
4.75607204437		2.99726104736
4.75882387161		1.49017047882
4.76145195961		3.79901218414
4.76407599449		1.60180664062
4.76670789719		2.66742610931
4.76932907104		3.23068237305
4.77195000648		1.33286476135
4.77457499504		3.71274757385
4.77720499039		1.86567401886
4.77982902527		2.32236862183
4.78245997429		3.48947525024
4.78507900238		1.26182365417
4.78770399094		3.53007030487
4.79032993317		2.19043445587
4.79295492172		1.99760818481
4.7955789566		3.6823015213
4.79820585251		1.29226970673
4.80082988739		3.25605392456
4.80345606804		2.54564094543
4.80608105659		1.82507896423
4.80885195732		3.75334262848
4.81146097183		1.35823631287
4.81408190727		3.08859920502
4.81671690941		2.74354171753
4.81933188438		1.561211586
4.82195806503		3.80916118622
4.82458400726		1.52569103241
4.82720899582		2.79936027527
4.82983493805		3.12411975861
4.83246207237		1.38360881805
4.83508491516		3.75334262848
4.83771586418		1.75911235809
4.84035396576		2.46445083618
4.84296107292		3.41335964203
4.84558701515		1.27704620361
4.8482298851		3.61126041412
4.85083699226		2.07372379303
4.85346198082		2.10924434662
4.85610795021		3.59096240997
4.85884404182		1.27197170258
4.86146402359		3.47425174713
4.86410999298		2.23610401154
4.86672186852		1.93671607971
4.86933898926		3.71274757385
4.87196493149		1.31764125824
4.87458992004		3.19008731842
4.87721586227		2.62175655365
4.87983989716		1.65255069733
4.88246703148		3.79901218414
4.88508892059		1.45972442627
4.88771796227		2.89577293396
4.89034295082		3.00233459473
4.89296603203		1.43435192108
4.89559006691		3.7837896347
4.89822006226		1.6728477478
4.90084195137		2.55578994751
4.90347003937		3.28649997711
4.90609383583		1.33793926239
4.90883898735		3.72797107697
4.91145992279		1.83015346527
4.91408586502		2.35788917542
4.91671705246		3.46917819977
4.91934704781		1.27704620361
4.92197299004		3.55036830902
4.92459702492		2.14476490021
4.92722201347		2.05342674255
4.9298479557		3.67215251923
4.93246984482		1.28212070465
4.93509793282		3.29664897919
4.93772387505		2.4898223877
4.94034695625		1.73881530762
4.94297289848		3.7837896347
4.9456050396		1.39375686646
4.94823098183		3.00740909576
4.95085000992		2.87040138245
4.95347499847		1.5003194809
4.95609784126		3.80408668518
4.95872688293		1.58658313751
4.96134996414		2.67757511139
4.96397590637		3.22053337097
4.96660900116		1.34301376343
4.96923089027		3.72289657593
4.97185301781		1.85045146942
4.97447800636		2.34774017334
4.97711396217		3.46917819977
4.9797270298		1.27197170258
4.9823539257		3.54021930695
4.98497796059		2.1701374054
4.98760485649		2.01283168793
4.9902279377		3.67722702026
4.99285387993		1.29226970673
4.99547886848		3.27127742767
4.99810695648		2.51519489288
