0.0001220703125		2.52534389496
0.0042519569397		2.53041744232
0.00725412368774		2.53041744232
0.0102479457855		2.52534389496
0.0132491588593		2.52534389496
0.0162529945374		2.53041744232
0.0192461013794		2.52534389496
0.0222499370575		2.53041744232
0.0252470970154		2.53041744232
0.0282499790192		2.53041744232
0.0312480926514		2.52534389496
0.0342509746552		2.52534389496
0.0372500419617		2.53041744232
0.0402500629425		2.53041744232
0.0432541370392		2.53041744232
0.0462520122528		2.53041744232
0.049250125885		2.52534389496
0.0522649288177		2.53041744232
0.0552599430084		2.53549194336
0.0582599639893		2.53041744232
0.0613031387329		2.53041744232
0.0642590522766		2.53041744232
0.0672590732574		2.53041744232
0.0702610015869		2.53041744232
0.0732641220093		2.53549194336
0.0762591362		2.53041744232
0.0792629718781		2.52534389496
0.0822660923004		2.52534389496
0.0852630138397		2.52534389496
0.0882639884949		2.53549194336
0.0912711620331		2.53041744232
0.0942640304565		2.53041744232
0.0972640514374		2.52534389496
0.100264072418		2.52534389496
0.103265047073		2.53041744232
0.10626411438		2.53041744232
0.109266996384		2.53041744232
0.112267017365		2.53041744232
0.115266084671		2.52534389496
0.118266105652		2.52534389496
0.121273040771		2.53041744232
0.124266147614		2.53549194336
0.127265930176		2.53041744232
0.130268096924		2.53041744232
0.133271932602		2.52534389496
0.136268138885		2.53041744232
0.139268159866		2.52534389496
0.142275094986		2.53041744232
0.145267963409		2.53041744232
0.148272037506		2.53041744232
0.151272058487		2.53041744232
0.154278039932		2.52534389496
0.157272100449		2.53041744232
0.160269975662		2.53041744232
0.163274049759		2.53041744232
0.166272163391		2.52534389496
0.169271945953		2.53041744232
0.172275066376		2.52534389496
0.175272941589		2.53041744232
0.178274154663		2.52534389496
0.181275129318		2.53041744232
0.184275150299		2.53041744232
0.187276124954		2.53041744232
0.190274953842		2.52534389496
0.19327712059		2.52534389496
0.196274995804		2.53041744232
0.199275970459		2.53041744232
0.202276945114		2.53041744232
0.205279111862		2.53041744232
0.208276987076		2.53041744232
0.211284160614		2.52534389496
0.214281082153		2.53549194336
0.217278957367		2.53041744232
0.220283031464		2.53041744232
0.223279953003		2.52534389496
0.226279973984		2.53041744232
0.229279994965		2.53041744232
0.23228597641		2.52534389496
0.235281944275		2.53041744232
0.238281965256		2.53041744232
0.241289138794		2.52534389496
0.244282007217		2.53041744232
0.247288942337		2.53041744232
0.250283956528		2.53041744232
0.253284931183		2.53041744232
0.256283998489		2.52534389496
0.259284973145		2.52534389496
0.262284994125		2.52534389496
0.265285015106		2.53041744232
0.268286943436		2.53041744232
0.2712931633		2.53549194336
0.274286985397		2.52534389496
0.277286052704		2.52534389496
0.280286073685		2.52534389496
0.283288955688		2.53041744232
0.286289930344		2.52534389496
0.289287090302		2.53549194336
0.292289972305		2.52534389496
0.295289039612		2.53041744232
0.298289060593		2.52534389496
0.301295995712		2.52534389496
0.304290056229		2.53041744232
0.307289123535		2.53041744232
0.310291051865		2.53041744232
0.31329202652		2.52534389496
0.316290140152		2.52534389496
0.319292068481		2.52534389496
0.322293996811		2.53549194336
0.325292110443		2.53041744232
0.328293085098		2.52534389496
0.331300020218		2.52534389496
0.334294080734		2.52534389496
0.337295055389		2.53041744232
0.340301036835		2.53549194336
0.343297958374		2.53041744232
0.346294164658		2.52534389496
0.349295139313		2.52534389496
0.352297067642		2.52534389496
0.355297088623		2.52534389496
0.358297109604		2.53041744232
0.361303091049		2.53041744232
0.36429810524		2.52534389496
0.367296934128		2.53041744232
0.370296955109		2.52534389496
0.373300075531		2.53041744232
0.376299142838		2.53041744232
0.379297971725		2.52534389496
0.382307052612		2.52534389496
0.385298967361		2.53041744232
0.388299942017		2.52534389496
0.391302108765		2.53041744232
0.394300937653		2.52534389496
0.397300958633		2.53041744232
0.400301933289		2.52534389496
0.403433084488		2.53041744232
0.406428098679		2.53041744232
0.409429073334		2.53041744232
0.412431955338		2.53041744232
0.415428161621		2.53041744232
0.418429136276		2.53041744232
0.421437978745		2.52534389496
0.424430131912		2.53041744232
0.4274289608		2.53041744232
0.430431127548		2.53041744232
0.433448076248		2.52534389496
0.436434030533		2.53041744232
0.439430952072		2.52534389496
0.44243311882		2.52534389496
0.445434093475		2.52534389496
0.448434114456		2.53041744232
0.451440095901		2.53041744232
0.454435110092		2.52534389496
0.457435131073		2.52534389496
0.460433959961		2.53041744232
0.463434934616		2.53041744232
0.466434955597		2.53041744232
0.469434022903		2.53041744232
0.472438097		2.52534389496
0.475435018539		2.53041744232
0.478435993195		2.52534389496
0.481443166733		2.53041744232
0.484437942505		2.52534389496
0.487437963486		2.53041744232
0.490437984467		2.52534389496
0.493438959122		2.53041744232
0.496438980103		2.53041744232
0.499441146851		2.53041744232
0.502439022064		2.53041744232
0.505439996719		2.53041744232
0.5084400177		2.52534389496
0.511448144913		2.52534389496
0.51444196701		2.53041744232
0.517441034317		2.53041744232
0.520444154739		2.53041744232
0.523442983627		2.52534389496
0.526450157166		2.53041744232
0.529443025589		2.52534389496
0.532446146011		2.53041744232
0.535444974899		2.53041744232
0.538444042206		2.53041744232
0.541451931		2.52534389496
0.544445037842		2.53041744232
0.547446012497		2.52534389496
0.550445079803		2.53041744232
0.553447008133		2.53041744232
0.556447029114		2.53041744232
0.55944609642		2.52534389496
0.56244802475		2.52534389496
0.565447092056		2.52534389496
0.568447113037		2.52534389496
0.571455001831		2.53041744232
0.574448108673		2.52534389496
0.577450037003		2.52534389496
0.580449104309		2.52534389496
0.583450078964		2.53041744232
0.586451053619		2.53041744232
0.589450120926		2.53041744232
0.592448949814		2.53041744232
0.595443964005		2.53041744232
0.598443984985		2.52534389496
0.601448059082		2.52534389496
0.604453086853		2.53041744232
0.607454061508		2.53041744232
0.610454082489		2.53041744232
0.613451957703		2.52534389496
0.616452932358		2.53041744232
0.619472026825		2.52534389496
0.622456073761		2.53041744232
0.625453948975		2.53041744232
0.628455162048		2.52534389496
0.631457090378		2.52534389496
0.634454965591		2.53041744232
0.637455940247		2.53041744232
0.640458106995		2.53041744232
0.643455982208		2.53041744232
0.646458148956		2.53041744232
0.649456977844		2.52534389496
0.652460098267		2.52534389496
0.655460119247		2.52534389496
0.658458948135		2.53041744232
0.661463022232		2.53041744232
0.664464950562		2.52534389496
0.667464017868		2.52534389496
0.670459985733		2.53041744232
0.673462152481		2.53041744232
0.676463127136		2.52534389496
0.679461956024		2.53041744232
0.682466983795		2.52534389496
0.685464143753		2.52534389496
0.688462972641		2.53041744232
0.691471099854		2.53041744232
0.69446516037		2.52534389496
0.697464942932		2.53041744232
0.700464963913		2.52534389496
0.703465938568		2.52534389496
0.706465959549		2.52534389496
0.70946598053		2.53041744232
0.712473154068		2.52534389496
0.715466976166		2.52534389496
0.718466043472		2.53041744232
0.721473932266		2.52534389496
0.724467039108		2.53041744232
0.727467060089		2.52534389496
0.730469942093		2.53041744232
0.733469009399		2.52534389496
0.736468076706		2.53041744232
0.739470005035		2.52534389496
0.742471933365		2.53041744232
0.745471000671		2.53041744232
0.748470067978		2.52534389496
0.751476049423		2.52534389496
0.754471063614		2.52534389496
0.757471084595		2.52534389496
0.76047205925		2.52534389496
0.763472080231		2.52534389496
0.766472101212		2.53041744232
0.769474029541		2.52534389496
0.772475004196		2.52534389496
0.775475978851		2.52534389496
0.778475046158		2.52026939392
0.781484127045		2.53041744232
0.78447508812		2.52534389496
0.7874751091		2.53041744232
0.790476083755		2.52534389496
0.793476104736		2.52534389496
0.796477079391		2.52534389496
0.799474954605		2.52534389496
0.802478075027		2.53041744232
0.805483102798		2.52534389496
0.808475971222		2.52534389496
0.811486959457		2.52534389496
0.814480066299		2.52534389496
0.817479133606		2.53041744232
0.820477962494		2.52534389496
0.823480129242		2.52534389496
0.826480150223		2.52534389496
0.829479932785		2.52534389496
0.832486152649		2.53041744232
0.835483074188		2.52534389496
0.838482141495		2.53549194336
0.841490983963		2.52534389496
0.844483137131		2.52534389496
0.847481966019		2.52534389496
0.850481987		2.52534389496
0.853484153748		2.52534389496
0.856486082077		2.53041744232
0.859485149384		2.52534389496
0.862486124039		2.53041744232
0.86548614502		2.52534389496
0.868486166		2.52534389496
0.871487140656		2.53041744232
0.874485015869		2.52534389496
0.877486944199		2.53041744232
0.880486965179		2.52534389496
0.88348698616		2.52534389496
0.886487007141		2.52534389496
0.889487981796		2.52534389496
0.892490148544		2.52534389496
0.895489931107		2.52534389496
0.898494005203		2.52026939392
0.901497125626		2.52534389496
0.904490947723		2.53041744232
0.907493114471		2.52534389496
0.910491943359		2.53041744232
0.91349196434		2.52534389496
0.916491031647		2.52534389496
0.919492006302		2.52534389496
0.922495126724		2.53041744232
0.925492048264		2.52534389496
0.928493022919		2.53041744232
0.931496143341		2.52534389496
0.934494972229		2.52534389496
0.937495946884		2.52534389496
0.940494060516		2.53041744232
0.94349694252		2.52534389496
0.946495056152		2.53041744232
0.949496984482		2.52534389496
0.952497959137		2.53041744232
0.955497026443		2.53041744232
0.958498001099		2.53041744232
0.961506128311		2.52534389496
0.96449804306		2.52534389496
0.967497110367		2.52534389496
0.970499992371		2.52534389496
0.973499059677		2.52534389496
0.976499080658		2.53041744232
0.979503154755		2.53041744232
0.982501983643		2.52534389496
0.985500097275		2.53041744232
0.988500118256		2.52534389496
0.99151301384		2.52534389496
0.994502067566		2.52534389496
0.997503042221		2.53041744232
1.00050210953		2.52534389496
1.00350403786		2.53041744232
1.00650405884		2.52534389496
1.00950407982		2.52534389496
1.01250505447		2.53041744232
1.01550412178		2.52534389496
1.01850605011		2.53041744232
1.02151107788		2.52534389496
1.02450704575		2.53041744232
1.0275080204		2.52534389496
1.03050708771		2.53041744232
1.03350806236		2.52534389496
1.03650808334		2.53041744232
1.03950810432		2.52534389496
1.04250907898		2.52534389496
1.04550814629		2.53041744232
1.04850792885		2.53041744232
1.05151605606		2.53041744232
1.05451011658		2.52534389496
1.05751013756		2.52534389496
1.06050896645		2.52534389496
1.06351113319		2.52534389496
1.06651806831		2.52534389496
1.06951212883		2.53041744232
1.07251310349		2.52534389496
1.0755109787		2.52534389496
1.07851195335		2.52534389496
1.08151698112		2.53041744232
1.08451795578		2.52534389496
1.08751296997		2.53041744232
1.09051203728		2.53041744232
1.0935151577		2.52534389496
1.09651398659		2.52534389496
1.09951496124		2.53041744232
1.10251808167		2.53041744232
1.1055150032		2.52534389496
1.10851693153		2.53041744232
1.11151814461		2.53041744232
1.11451816559		2.52534389496
1.11751794815		2.53041744232
1.12051916122		2.53041744232
1.12351799011		2.53041744232
1.12651896477		2.52534389496
1.12951993942		2.52534389496
1.1325199604		2.53041744232
1.13551998138		2.52534389496
1.13852000237		2.53041744232
1.14152693748		2.52534389496
1.144520998		2.53041744232
1.14752197266		2.52534389496
1.15052199364		2.52534389496
1.15352511406		2.52534389496
1.15652298927		2.52534389496
1.15952301025		2.52534389496
1.16252398491		2.52534389496
1.16552400589		2.53041744232
1.16852593422		2.52534389496
1.17153215408		2.53041744232
1.17452502251		2.53041744232
1.17753100395		2.53041744232
1.18052601814		2.53041744232
1.18352794647		2.52534389496
1.1865260601		2.52534389496
1.18952512741		2.53041744232
1.19252896309		2.53041744232
1.19552898407		2.52534389496
1.19852900505		2.52534389496
1.20153713226		2.53041744232
1.20452809334		2.53041744232
1.20752811432		2.53041744232
1.21052908897		2.53041744232
1.21353197098		2.53041744232
1.21653103828		2.52534389496
1.21953701973		2.53041744232
1.22253298759		2.53041744232
1.2255320549		2.53041744232
1.22853207588		2.53041744232
1.23153495789		2.52534389496
1.23453497887		2.52534389496
1.23753404617		2.53041744232
1.24053215981		2.53041744232
1.24353408813		2.53041744232
1.24653410912		2.52534389496
1.24953603745		2.52534389496
1.25253510475		2.53041744232
1.25553393364		2.52534389496
1.25853395462		2.53041744232
1.26154494286		2.53041744232
1.26453495026		2.53041744232
1.26753807068		2.52534389496
1.27054405212		2.52534389496
1.27353715897		2.52534389496
1.2765390873		2.53041744232
1.27953910828		2.53041744232
1.28254008293		2.52534389496
1.28553795815		2.53041744232
1.2885389328		2.52534389496
1.29154610634		2.53041744232
1.29454016685		2.52534389496
1.29753994942		2.53041744232
1.3005399704		2.52534389496
1.30354499817		2.53041744232
1.30654215813		2.52534389496
1.30954098701		2.53041744232
1.31254315376		2.53041744232
1.31554198265		2.53041744232
1.31854295731		2.52534389496
1.32155013084		2.53041744232
1.32454299927		2.53041744232
1.32754302025		2.52534389496
1.33054304123		2.53041744232
1.33354616165		2.53041744232
1.33654403687		2.53041744232
1.33954501152		2.52534389496
1.34254813194		2.52534389496
1.34554600716		2.52534389496
1.34854602814		2.53041744232
1.35154700279		2.52534389496
1.35454893112		2.53041744232
1.35754799843		2.52534389496
1.36054801941		2.52534389496
1.36355400085		2.53041744232
1.36654901505		2.53041744232
1.36954903603		2.52534389496
1.37255096436		2.52534389496
1.37555003166		2.52534389496
1.37854814529		2.52534389496
1.38155508041		2.53041744232
1.38455104828		2.52534389496
1.38755202293		2.53041744232
1.39056015015		2.52534389496
1.39355516434		2.53041744232
1.39655303955		2.52534389496
1.39955496788		2.53549194336
1.40255594254		2.52534389496
1.40555596352		2.53041744232
1.40855407715		2.52534389496
1.41156196594		2.52534389496
1.41455197334		2.52534389496
1.41755414009		2.53041744232
1.42055511475		2.53041744232
1.42355799675		2.53041744232
1.42655611038		2.53041744232
1.42955899239		2.52534389496
1.43255901337		2.53041744232
1.43555593491		2.52534389496
1.43855810165		2.53549194336
1.4415640831		2.53041744232
1.44455814362		2.53041744232
1.44756102562		2.52534389496
1.45055794716		2.53041744232
1.45356106758		2.53041744232
1.45656609535		2.53549194336
1.45956110954		2.52534389496
1.46256399155		2.53041744232
1.46556210518		2.52534389496
1.46856212616		2.52534389496
1.47156906128		2.52534389496
1.47456407547		2.52534389496
1.47756195068		2.53041744232
1.48056411743		2.52534389496
1.48356604576		2.52534389496
1.48656511307		2.52534389496
1.48956513405		2.53549194336
1.4925661087		2.53041744232
1.49556612968		2.53041744232
1.49856615067		2.52026939392
1.50157213211		2.52534389496
1.5045671463		2.52534389496
1.50756502151		2.53041744232
1.51056814194		2.52534389496
1.51356816292		2.53041744232
1.51657009125		2.52534389496
1.51956915855		2.53041744232
1.52257013321		2.53041744232
1.52556800842		2.53041744232
1.52857208252		2.52534389496
1.53157711029		2.52534389496
1.53457093239		2.52534389496
1.53756999969		2.52534389496
1.54057002068		2.53041744232
1.5435731411		2.53041744232
1.54657196999		2.53041744232
1.54957914352		2.52534389496
1.55257296562		2.52534389496
1.5555729866		2.52534389496
1.55857300758		2.53041744232
1.5615799427		2.53041744232
1.56457400322		2.53041744232
1.56757307053		2.53041744232
1.57057499886		2.52534389496
1.57357501984		2.52534389496
1.57657504082		2.53041744232
1.5795750618		2.53041744232
1.58258199692		2.52534389496
1.5855691433		2.53041744232
1.58856916428		2.52534389496
1.59157204628		2.53041744232
1.59457612038		2.52534389496
1.59757709503		2.53041744232
1.60057711601		2.53041744232
1.60357999802		2.52534389496
1.60657811165		2.52534389496
1.60957813263		2.52534389496
1.61257910728		2.52534389496
1.61558008194		2.53041744232
1.61857914925		2.52534389496
1.62158107758		2.53041744232
1.62458014488		2.52534389496
1.62758207321		2.53041744232
1.63058114052		2.53041744232
1.63358402252		2.52534389496
1.6365840435		2.53041744232
1.63958215714		2.52534389496
1.64258909225		2.52534389496
1.64558410645		2.52534389496
1.64858603477		2.53041744232
1.65158605576		2.53041744232
1.65458703041		2.53041744232
1.65758609772		2.53041744232
1.66058707237		2.53041744232
1.66358709335		2.52534389496
1.66658496857		2.53041744232
1.66958594322		2.53041744232
1.67258810997		2.52534389496
1.67558598518		2.52534389496
1.67858910561		2.52534389496
1.68158793449		2.52534389496
1.68459010124		2.53041744232
1.68759012222		2.53549194336
1.69058895111		2.53041744232
1.69359302521		2.53041744232
1.69658994675		2.52026939392
1.69958901405		2.53041744232
1.70259094238		2.52534389496
1.70559096336		2.53041744232
1.70859098434		2.53041744232
1.71159696579		2.52534389496
1.71459293365		2.52534389496
1.71759295464		2.53041744232
1.72059202194		2.53041744232
1.72359395027		2.53041744232
1.72659516335		2.53041744232
1.72959399223		2.53041744232
1.73259615898		2.52534389496
1.73560094833		2.53041744232
1.73859500885		2.53041744232
1.74160313606		2.53041744232
1.74459695816		2.53041744232
1.74759697914		2.52534389496
1.75059700012		2.52534389496
1.7535970211		2.53041744232
1.75659704208		2.53041744232
1.75959801674		2.53041744232
1.76259803772		2.53041744232
1.76559901237		2.52534389496
1.76859998703		2.52534389496
1.77160596848		2.53041744232
1.77460098267		2.53041744232
1.77760195732		2.53041744232
1.7806019783		2.52534389496
1.78360104561		2.52534389496
1.78660202026		2.52534389496
1.78960204124		2.53041744232
1.7926030159		2.53041744232
1.79560208321		2.52534389496
1.79861998558		2.52534389496
1.80161094666		2.52534389496
1.80460309982		2.53041744232
1.80760407448		2.53041744232
1.81060409546		2.53041744232
1.81360793114		2.53041744232
1.81660509109		2.52534389496
1.81960511208		2.52534389496
1.82260608673		2.53041744232
1.82560610771		2.53041744232
1.82861208916		2.53041744232
1.83160996437		2.52534389496
1.83460712433		2.52534389496
1.83760809898		2.52534389496
1.84060811996		2.52534389496
1.84361004829		2.52534389496
1.84660816193		2.53041744232
1.84960794449		2.52534389496
1.85261106491		2.53549194336
1.85561013222		2.52534389496
1.85860896111		2.53549194336
1.86161899567		2.52534389496
1.86461114883		2.53041744232
1.8676109314		2.53041744232
1.87061095238		2.53041744232
1.87361311913		2.52534389496
1.87661314011		2.53041744232
1.87961316109		2.53041744232
1.88261508942		2.53041744232
1.88561296463		2.53041744232
1.88861393929		2.52534389496
1.89162516594		2.53041744232
1.89461612701		2.53041744232
1.89761400223		2.53549194336
1.90061402321		2.52534389496
1.90361905098		2.52534389496
1.90661907196		2.52534389496
1.90961694717		2.52534389496
1.91261696815		2.53041744232
1.91561794281		2.53041744232
1.91861915588		2.53041744232
1.921626091		2.53041744232
1.92461800575		2.53041744232
1.92761993408		2.52534389496
1.93061900139		2.52534389496
1.93362212181		2.53041744232
1.93661999702		2.53041744232
1.93962097168		2.52534389496
1.94262099266		2.52534389496
1.94562005997		2.52534389496
1.94862008095		2.53041744232
1.95162796974		2.53041744232
1.95462298393		2.52534389496
1.95762395859		2.52534389496
1.96062397957		2.53041744232
1.96362495422		2.52534389496
1.96662306786		2.53041744232
1.96962308884		2.52534389496
1.97262597084		2.53041744232
1.97562503815		2.53041744232
1.97862505913		2.53041744232
1.98163509369		2.52534389496
1.98462605476		2.53041744232
1.98762512207		2.53549194336
1.9906270504		2.52534389496
1.9936299324		2.53041744232
1.99662709236		2.52534389496
1.99962806702		2.52534389496
2.00262904167		2.52534389496
2.00562906265		2.53549194336
2.00862908363		2.52534389496
2.01163697243		2.52534389496
2.01463603973		2.52534389496
2.0176320076		2.52534389496
2.02063107491		2.53041744232
2.02363109589		2.53041744232
2.02663397789		2.53041744232
2.0296330452		2.52534389496
2.03263306618		2.52534389496
2.03563308716		2.52534389496
2.03863406181		2.53041744232
2.04166007042		2.53041744232
2.04463410378		2.52534389496
2.04763507843		2.52534389496
2.05063414574		2.52534389496
2.05363702774		2.52534389496
2.05663609505		2.53041744232
2.05963516235		2.53041744232
2.06263804436		2.52534389496
2.06563615799		2.52534389496
2.06863808632		2.53041744232
2.07163715363		2.52534389496
2.07463812828		2.53041744232
2.07763814926		2.53041744232
2.08063793182		2.52534389496
2.08364105225		2.52534389496
2.08663916588		2.52534389496
2.08963894844		2.53549194336
2.09264111519		2.53041744232
2.09564113617		2.52534389496
2.09864115715		2.52534389496
2.10164904594		2.52534389496
2.10464096069		2.52534389496
2.10764813423		2.53041744232
2.11064314842		2.52534389496
2.11364412308		2.53041744232
2.11664295197		2.53041744232
2.11964201927		2.53041744232
2.12264513969		2.52534389496
2.12564516068		2.53041744232
2.12864398956		2.53041744232
2.13165211678		2.53041744232
2.13464593887		2.53041744232
2.13764500618		2.52534389496
2.14064502716		2.53041744232
2.14364910126		2.52534389496
2.14664697647		2.53041744232
2.14964795113		2.52534389496
2.1526491642		2.53041744232
2.15564703941		2.52534389496
2.15864896774		2.53041744232
2.16165113449		2.53041744232
2.16465115547		2.52534389496
2.16764998436		2.53041744232
2.17065000534		2.53041744232
2.17365002632		2.53041744232
2.1766500473		2.52534389496
2.17965197563		2.53041744232
2.18265295029		2.53041744232
2.18565201759		2.53041744232
2.18865299225		2.52534389496
2.19165897369		2.53041744232
2.19465303421		2.52534389496
2.19765400887		2.53041744232
2.20065999031		2.53041744232
2.2036550045		2.53041744232
2.20665407181		2.52534389496
2.20965504646		2.53041744232
2.21265697479		2.53041744232
2.21565508842		2.52534389496
2.21865606308		2.53041744232
2.22166609764		2.53041744232
2.22465610504		2.52534389496
2.2276570797		2.53041744232
2.23065900803		2.53041744232
2.23366308212		2.53041744232
2.23665904999		2.52534389496
2.23965811729		2.52534389496
2.24265909195		2.52026939392
2.24565911293		2.52534389496
2.24865913391		2.53041744232
2.25166702271		2.53041744232
2.25466394424		2.53549194336
2.25766015053		2.52026939392
2.26065993309		2.53041744232
2.26366114616		2.52534389496
2.26666092873		2.53041744232
2.2696621418		2.52534389496
2.27266311646		2.53041744232
2.27566313744		2.52534389496
2.27866506577		2.52534389496
2.28167104721		2.52534389496
2.28466415405		2.52534389496
2.28766608238		2.53041744232
2.29066514969		2.52534389496
2.29367399216		2.53041744232
2.29666805267		2.52026939392
2.29966497421		2.52534389496
2.30266594887		2.53041744232
2.30566501617		2.53041744232
2.3086681366		2.53041744232
2.31166815758		2.53041744232
2.31466698647		2.52534389496
2.31767511368		2.52534389496
2.32066893578		2.53041744232
2.32367110252		2.53041744232
2.3266711235		2.53041744232
2.32966995239		2.53041744232
2.33266997337		2.52026939392
2.33567094803		2.52534389496
2.33867096901		2.53041744232
2.3416800499		2.53041744232
2.34467315674		2.52534389496
2.34767198563		2.52534389496
2.35067296028		2.53041744232
2.35367393494		2.52534389496
2.35667109489		2.53041744232
2.35967302322		2.52534389496
2.36267399788		2.53041744232
2.36567306519		2.52534389496
2.36867403984		2.53041744232
2.37168192863		2.52534389496
2.37467598915		2.53041744232
2.37767601013		2.52534389496
2.38067698479		2.52534389496
2.3836979866		2.52534389496
2.386687994		2.52534389496
2.38968396187		2.53041744232
2.39268398285		2.53041744232
2.3956849575		2.53041744232
2.39868307114		2.53041744232
2.40169000626		2.53041744232
2.4046831131		2.52534389496
2.40768408775		2.53041744232
2.41068410873		2.52534389496
2.41368699074		2.53041744232
2.41668510437		2.52534389496
2.41968798637		2.52534389496
2.42268896103		2.52534389496
2.42568612099		2.52534389496
2.42868494987		2.53041744232
2.4316880703		2.53041744232
2.43468809128		2.53041744232
2.43768811226		2.52534389496
2.44068813324		2.53041744232
2.44369006157		2.52534389496
2.44669008255		2.53041744232
2.44969105721		2.52534389496
2.45269393921		2.52534389496
2.45569014549		2.52534389496
2.45869112015		2.53041744232
2.46169805527		2.52534389496
2.46469116211		2.53041744232
2.46769309044		2.53041744232
2.47069406509		2.53041744232
2.47369408607		2.52534389496
2.47669100761		2.53041744232
2.47969913483		2.53041744232
2.48269414902		2.53041744232
2.48569512367		2.53041744232
2.48869299889		2.52534389496
2.49170207977		2.52534389496
2.49469709396		2.53041744232
2.49769616127		2.53041744232
2.50069594383		2.53041744232
2.50369715691		2.53041744232
2.50669813156		2.52534389496
2.50969815254		2.53041744232
2.5126979351		2.52534389496
2.51569795609		2.53041744232
2.51869797707		2.53041744232
2.5217051506		2.53041744232
2.5246989727		2.52534389496
2.52770113945		2.53041744232
2.53069901466		2.52534389496
2.53370094299		2.53041744232
2.5367000103		2.53041744232
2.53970098495		2.52534389496
2.54270410538		2.52534389496
2.54570102692		2.52534389496
2.5487010479		2.52534389496
2.55170297623		2.53041744232
2.55470299721		2.53041744232
2.55770206451		2.53041744232
2.56070303917		2.53041744232
2.56370306015		2.52534389496
2.56670594215		2.52534389496
2.56970500946		2.52534389496
2.57271194458		2.53041744232
2.57570409775		2.53041744232
2.57870602608		2.52534389496
2.58171200752		2.52534389496
2.58470702171		2.52534389496
2.58770799637		2.53041744232
2.59070897102		2.53041744232
2.593708992		2.53041744232
2.59670901299		2.52534389496
2.59970808029		2.52534389496
2.60270905495		2.52534389496
2.6057100296		2.53041744232
2.60870814323		2.53041744232
2.61171603203		2.52534389496
2.61471009254		2.52026939392
2.6177110672		2.52534389496
2.62071013451		2.52534389496
2.62371301651		2.53041744232
2.626734972		2.53041744232
2.62971401215		2.53041744232
2.6327149868		2.52534389496
2.63571310043		2.52534389496
2.63871407509		2.52534389496
2.64172101021		2.53041744232
2.64471316338		2.53041744232
2.64771413803		2.52026939392
2.65071511269		2.52534389496
2.65371704102		2.53041744232
2.65671515465		2.53041744232
2.65971708298		2.53041744232
2.66271901131		2.53041744232
2.66572213173		2.52534389496
2.66873407364		2.53041744232
2.67189311981		2.52534389496
2.67497014999		2.53041744232
2.67796301842		2.53041744232
2.68096494675		2.52534389496
2.68396902084		2.53041744232
2.68697094917		2.53041744232
2.68996810913		2.53041744232
2.69297099113		2.52534389496
2.69597005844		2.53041744232
2.69897007942		2.52534389496
2.70197916031		2.52534389496
2.70497012138		2.52534389496
2.70797109604		2.53041744232
2.71097898483		2.52534389496
2.713971138		2.53549194336
2.71697115898		2.52534389496
2.71997213364		2.53041744232
2.72297406197		2.52534389496
2.72597408295		2.53041744232
2.72897410393		2.52534389496
2.73198103905		2.52534389496
2.73497509956		2.53041744232
2.73797392845		2.52534389496
2.74098110199		2.53041744232
2.74397397041		2.52534389496
2.74697494507		2.53041744232
2.74997496605		2.53041744232
2.75297904015		2.53041744232
2.75597715378		2.52534389496
2.75898313522		2.52534389496
2.76198601723		2.52534389496
2.76497602463		2.53041744232
2.76797914505		2.52534389496
2.7709851265		2.53041744232
2.77398014069		2.52534389496
2.77698016167		2.52534389496
2.77997899055		2.52534389496
2.7829811573		2.53041744232
2.78597998619		2.53041744232
2.78898000717		2.52534389496
2.79198813438		2.52534389496
2.79498100281		2.53041744232
2.79798293114		2.53041744232
2.80099916458		2.53041744232
2.80404496193		2.53041744232
2.80713200569		2.52534389496
2.81010913849		2.52534389496
2.81312704086		2.52534389496
2.81611013412		2.53041744232
2.81910896301		2.52534389496
2.82211613655		2.53041744232
2.82511305809		2.52534389496
2.82812595367		2.52534389496
2.83111310005		2.52534389496
2.83411192894		2.53041744232
2.83712816238		2.52534389496
2.84013104439		2.53041744232
2.84311413765		2.52534389496
2.84611296654		2.52026939392
2.84911513329		2.53041744232
2.85213804245		2.53041744232
2.85513210297		2.53041744232
2.85811305046		2.52534389496
2.86113595963		2.53041744232
2.86411499977		2.52026939392
2.86711502075		2.53041744232
2.87011504173		2.53041744232
2.87311697006		2.53041744232
2.87613105774		2.53041744232
2.87911510468		2.53041744232
2.88212108612		2.52534389496
2.88513112068		2.52534389496
2.88813495636		2.53041744232
2.89112901688		2.52534389496
2.89411902428		2.53041744232
2.89711999893		2.53041744232
2.90013408661		2.52534389496
2.90314006805		2.52534389496
2.90612101555		2.53549194336
2.90913414955		2.52534389496
2.91212201118		2.53041744232
2.91512298584		2.52534389496
2.91812205315		2.53041744232
2.92112994194		2.53041744232
2.92413711548		2.52534389496
2.92712211609		2.52534389496
2.93012309074		2.53041744232
2.93314003944		2.52534389496
2.9361410141		2.53041744232
2.93912410736		2.52534389496
2.94212698936		2.52534389496
2.94513201714		2.52534389496
2.94814109802		2.52534389496
2.95114994049		2.52534389496
2.95412611961		2.52534389496
2.95714306831		2.53041744232
2.9601290226		2.52026939392
2.96313214302		2.53041744232
2.96613097191		2.52534389496
2.96912908554		2.53041744232
2.97214508057		2.52534389496
2.97515201569		2.52534389496
2.97813010216		2.52534389496
2.98115110397		2.53041744232
2.98414707184		2.53041744232
2.98712897301		2.52534389496
2.99013113976		2.53041744232
2.99313402176		2.53041744232
2.99614596367		2.53041744232
2.99914813042		2.52534389496
3.00216603279		2.53041744232
3.00515198708		2.52026939392
3.00813794136		2.52534389496
3.01113605499		2.53041744232
3.0141351223		2.53041744232
3.01713395119		2.53041744232
3.02015113831		2.53041744232
3.02313899994		2.52534389496
3.0261361599		2.52534389496
3.02915096283		2.53041744232
3.03217506409		2.53041744232
3.03513813019		2.52534389496
3.03815197945		2.52534389496
3.0411400795		2.52534389496
3.04415297508		2.52534389496
3.0471560955		2.52534389496
3.05013799667		2.52534389496
3.0531539917		2.53041744232
3.05618214607		2.52534389496
3.05914306641		2.53041744232
3.06214404106		2.52026939392
3.06514215469		2.53041744232
3.06817412376		2.52534389496
3.07127404213		2.53041744232
3.07426905632		2.52534389496
3.077283144		2.53041744232
3.0802719593		2.52534389496
3.08327412605		2.53041744232
3.08627104759		2.53041744232
3.08927106857		2.53041744232
3.09228515625		2.52534389496
3.09527111053		2.52534389496
3.09827113152		2.52534389496
3.10129404068		2.53041744232
3.10427093506		2.53041744232
3.10727095604		2.52534389496
3.11027193069		2.52534389496
3.11327505112		2.52026939392
3.11628699303		2.52534389496
3.1192741394		2.52534389496
3.12227511406		2.53041744232
3.12528896332		2.52534389496
3.12827801704		2.52534389496
3.13128900528		2.52534389496
3.13427615166		2.52534389496
3.13727807999		2.53041744232
3.14029097557		2.53041744232
3.14327692986		2.53041744232
3.14627695084		2.52534389496
3.14929413795		2.52534389496
3.15228104591		2.52534389496
3.15527915955		2.53041744232
3.1582801342		2.52534389496
3.16128516197		2.53041744232
3.16429114342		2.52534389496
3.16727900505		2.52534389496
3.17027997971		2.52534389496
3.17329716682		2.53041744232
3.17628312111		2.53041744232
3.17928004265		2.53041744232
3.18228507042		2.52534389496
3.18528199196		2.52534389496
3.18829512596		2.53041744232
3.19128298759		2.52534389496
3.19428396225		2.53041744232
3.19730305672		2.52534389496
3.20028305054		2.52534389496
3.20328497887		2.52534389496
3.20628404617		2.53041744232
3.20928502083		2.53041744232
3.21230602264		2.53041744232
3.21528506279		2.52534389496
3.21828603745		2.52534389496
3.22130894661		2.52534389496
3.22429704666		2.53041744232
3.22728800774		2.52534389496
3.23028707504		2.53041744232
3.23329305649		2.52534389496
3.23629999161		2.52534389496
3.23928999901		2.52534389496
3.24229097366		2.53041744232
3.24530506134		2.53041744232
3.24829101562		2.52534389496
3.2512960434		2.52534389496
3.25429201126		2.52026939392
3.25729298592		2.53041744232
3.26030707359		2.52534389496
3.26329612732		2.53549194336
3.26629400253		2.52534389496
3.26930999756		2.53041744232
3.27229595184		2.52534389496
3.27529406548		2.52534389496
3.27829504013		2.52534389496
3.28130197525		2.53041744232
3.28430700302		2.52534389496
3.2872941494		2.53041744232
3.29029512405		2.52534389496
3.29331994057		2.52534389496
3.29629516602		2.53041744232
3.29929614067		2.52534389496
3.30229997635		2.53041744232
3.30529713631		2.52534389496
3.30831003189		2.53041744232
3.31130504608		2.52534389496
3.31429815292		2.53041744232
3.31732010841		2.52534389496
3.32030200958		2.53041744232
3.32330012321		2.52026939392
3.32630109787		2.52534389496
3.32930016518		2.52534389496
3.33231401443		2.53041744232
3.33530116081		2.52534389496
3.3382999897		2.53041744232
3.34132504463		2.52534389496
3.34430098534		2.52534389496
3.34730315208		2.52534389496
3.35030198097		2.53041744232
3.35330510139		2.52534389496
3.3563170433		2.52534389496
3.35930514336		2.53041744232
3.36230802536		2.53041744232
3.36533594131		2.52534389496
3.368309021		2.52534389496
3.37131309509		2.53041744232
3.37430906296		2.52534389496
3.37730813026		2.52534389496
3.38032007217		2.52534389496
3.38331007957		2.53041744232
3.38630795479		2.53041744232
3.38932609558		2.53041744232
3.39231109619		2.52534389496
3.39530897141		2.52534389496
3.39831209183		2.53041744232
3.40131807327		2.52534389496
3.40432214737		2.53549194336
3.40731215477		2.52534389496
3.41031599045		2.52534389496
3.41332912445		2.52534389496
3.41631412506		2.53041744232
3.41931200027		2.53041744232
3.4223151207		2.53041744232
3.42531204224		2.52534389496
3.42832493782		2.52534389496
3.43131399155		2.52534389496
3.43431401253		2.52534389496
3.43733000755		2.52534389496
3.44031405449		2.53041744232
3.44331693649		2.53041744232
3.44631505013		2.52534389496
3.44931602478		2.52534389496
3.45232915878		2.52534389496
3.45531702042		2.53041744232
3.45831608772		2.52534389496
3.46133995056		2.53041744232
3.46431994438		2.52534389496
3.46732902527		2.53041744232
3.47031807899		2.52534389496
3.47331905365		2.53041744232
3.47633194923		2.52534389496
3.47931909561		2.52534389496
3.48232102394		2.52534389496
3.48533606529		2.52534389496
3.4883210659		2.52534389496
3.49132704735		2.53041744232
3.49432206154		2.52534389496
3.49732208252		2.53041744232
3.50033402443		2.52534389496
3.50333309174		2.53041744232
3.50632405281		2.53041744232
3.50933694839		2.53041744232
3.51232814789		2.52534389496
3.51532411575		2.52534389496
3.51832413673		2.52534389496
3.5213329792		2.52534389496
3.52433800697		2.52534389496
3.52732515335		2.52534389496
3.53032612801		2.53041744232
3.53334093094		2.52534389496
3.53632712364		2.53041744232
3.53932714462		2.52534389496
3.54232811928		2.52534389496
3.54533004761		2.53041744232
3.54834008217		2.52534389496
3.55133509636		2.53041744232
3.55432796478		2.52026939392
3.55734395981		2.53041744232
3.56033301353		2.52534389496
3.56333112717		2.53041744232
3.56633114815		2.52534389496
3.56932997704		2.53041744232
3.57234311104		2.52534389496
3.575330019		2.52534389496
3.57833099365		2.53041744232
3.58135509491		2.53041744232
3.58433413506		2.53041744232
3.58733415604		2.53041744232
3.59033298492		2.52534389496
3.59333610535		2.53041744232
3.59635305405		2.53041744232
3.59933495522		2.53041744232
3.6023349762		2.53041744232
3.60535216331		2.53041744232
3.60833716393		2.52534389496
3.6113409996		2.52534389496
3.61433410645		2.53041744232
3.61733794212		2.53041744232
3.62034797668		2.53041744232
3.62333893776		2.52534389496
3.62633705139		2.52534389496
3.62935209274		2.53041744232
3.63234114647		2.53041744232
3.63533711433		2.52534389496
3.63833904266		2.53041744232
3.64134597778		2.52534389496
3.64435195923		2.52534389496
3.64734196663		2.52534389496
3.65034198761		2.53041744232
3.65335702896		2.53041744232
3.65634298325		2.52534389496
3.65934109688		2.53041744232
3.66234302521		2.52534389496
3.66534209251		2.52534389496
3.6683549881		2.53041744232
3.67134404182		2.53041744232
3.67433309555		2.53041744232
3.6773519516		2.53041744232
3.68033504486		2.52534389496
3.68335008621		2.52534389496
3.68634605408		2.52534389496
3.6893529892		2.53041744232
3.69236111641		2.53041744232
3.69534611702		2.52534389496
3.698346138		2.52534389496
3.70137095451		2.53041744232
3.70434999466		2.53041744232
3.70734715462		2.53041744232
3.71034693718		2.52534389496
3.71335101128		2.52026939392
3.71636104584		2.52534389496
3.7193479538		2.52534389496
3.72234892845		2.53041744232
3.72536611557		2.53041744232
3.72835016251		2.53041744232
3.73135709763		2.52534389496
3.73435115814		2.53041744232
3.7373521328		2.53041744232
3.74036312103		2.52534389496
3.74335312843		2.52534389496
3.74635195732		2.52534389496
3.74936795235		2.52534389496
3.75235915184		2.52534389496
3.75535297394		2.53041744232
3.75835514069		2.53041744232
3.76135993004		2.53041744232
3.76436710358		2.53041744232
3.76735401154		2.52534389496
3.77035403252		2.52534389496
3.77337312698		2.53041744232
3.7763569355		2.52534389496
3.77935814857		2.53041744232
3.78236413002		2.52534389496
3.78535795212		2.53041744232
3.78837013245		2.52534389496
3.79136610031		2.53041744232
3.79435801506		2.52534389496
3.79737401009		2.52534389496
3.80036115646		2.52534389496
3.80336213112		2.52534389496
3.80637812614		2.53041744232
3.80936408043		2.52534389496
3.81237506866		2.53041744232
3.81536102295		2.52534389496
3.8183619976		2.53041744232
3.82138395309		2.52534389496
3.82436203957		2.53041744232
3.82736206055		2.52534389496
3.83036398888		2.53041744232
3.83336615562		2.52534389496
3.83637595177		2.53041744232
3.83936405182		2.53041744232
3.84236693382		2.52534389496
3.84538197517		2.53041744232
3.84836602211		2.53041744232
3.85137104988		2.53041744232
3.85436701775		2.52534389496
3.85736703873		2.53041744232
3.86037993431		2.52534389496
3.86336803436		2.52534389496
3.86636805534		2.52534389496
3.86938309669		2.53041744232
3.87237000465		2.52534389496
3.87537503242		2.52534389496
3.87837100029		2.52534389496
3.88137602806		2.53041744232
3.88438105583		2.52534389496
3.88737201691		2.53041744232
3.89037108421		2.52026939392
3.89339113235		2.52534389496
3.89637494087		2.53041744232
3.89937400818		2.52534389496
3.90237498283		2.53041744232
3.90537309647		2.52534389496
3.90838694572		2.52534389496
3.91137313843		2.52534389496
3.91437196732		2.53041744232
3.91738915443		2.52534389496
3.92037510872		2.53041744232
3.92337608337		2.52534389496
3.92637610435		2.52534389496
3.92937707901		2.52534389496
3.93238997459		2.53041744232
3.93537712097		2.53041744232
3.93838095665		2.53041744232
3.94140195847		2.52534389496
3.94438099861		2.53041744232
3.94737815857		2.52534389496
3.95037698746		2.52534389496
3.95337915421		2.53041744232
3.95639204979		2.53041744232
3.95938014984		2.53041744232
3.96238207817		2.52534389496
3.96539616585		2.52534389496
3.96838712692		2.52534389496
3.9713909626		2.53041744232
3.97438216209		2.52534389496
3.97738099098		2.53041744232
3.98040413857		2.52534389496
3.98338699341		2.53041744232
3.9863820076		2.53041744232
3.98940014839		2.53041744232
3.99238801003		2.53041744232
3.99538302422		2.52534389496
3.99838399887		2.52534389496
4.00139093399		2.52534389496
4.00439810753		2.53041744232
4.00738406181		2.53041744232
4.01038599014		2.52534389496
4.01340508461		2.52534389496
4.0163860321		2.52534389496
4.01938700676		2.52534389496
4.02239108086		2.53041744232
4.02538895607		2.52534389496
4.0284011364		2.53041744232
4.0313911438		2.52534389496
4.03438806534		2.52534389496
4.03740596771		2.53041744232
4.04039311409		2.53041744232
4.04339194298		2.52534389496
4.04638910294		2.53041744232
4.04939103127		2.53041744232
4.05240607262		2.52534389496
4.0553920269		2.53041744232
4.05839204788		2.53041744232
4.06142115593		2.52534389496
4.06439399719		2.53041744232
4.06739401817		2.52534389496
4.07039403915		2.52534389496
4.07339501381		2.53041744232
4.07640695572		2.52534389496
4.0793941021		2.53041744232
4.08239603043		2.52534389496
4.08541107178		2.53041744232
4.0884001255		2.53041744232
4.09140205383		2.52534389496
4.0943980217		2.52534389496
4.09739804268		2.53041744232
4.10041308403		2.53041744232
4.10339808464		2.52534389496
4.10639810562		2.52534389496
4.10941410065		2.52534389496
4.11240005493		2.52534389496
4.11539912224		2.52534389496
4.11839914322		2.53041744232
4.12140703201		2.52534389496
4.12441301346		2.53041744232
4.12740111351		2.52026939392
4.13040304184		2.53041744232
4.13341712952		2.52534389496
4.13640403748		2.53041744232
4.13940310478		2.52534389496
4.14240503311		2.52534389496
4.14540314674		2.52534389496
4.148416996		2.53041744232
4.15140509605		2.53041744232
4.15441012383		2.52534389496
4.15742206573		2.52534389496
4.160405159		2.52534389496
4.16340494156		2.53041744232
4.16640615463		2.53041744232
4.16940712929		2.52534389496
4.17242193222		2.52534389496
4.17540693283		2.52534389496
4.17840600014		2.52534389496
4.1814250946		2.52534389496
4.18441104889		2.53041744232
4.18740797043		2.53041744232
4.19040894508		2.52534389496
4.19340896606		2.52534389496
4.19642496109		2.53041744232
4.1994099617		2.53041744232
4.20241212845		2.53041744232
4.20542693138		2.53041744232
4.20841097832		2.52534389496
4.21141695976		2.52534389496
4.21441197395		2.53041744232
4.21741199493		2.52534389496
4.22042393684		2.53041744232
4.22341299057		2.52534389496
4.22641205788		2.52534389496
4.22943305969		2.52026939392
4.23241996765		2.53041744232
4.23542714119		2.52534389496
4.23841500282		2.53041744232
4.24142193794		2.52534389496
4.24443101883		2.53041744232
4.24742102623		2.52534389496
4.25041508675		2.53041744232
4.25343203545		2.53041744232
4.25641608238		2.52534389496
4.25941705704		2.53041744232
4.26241993904		2.52534389496
4.26541900635		2.52534389496
4.26843094826		2.52534389496
4.27142715454		2.53041744232
4.27442193031		2.53041744232
4.27743816376		2.53041744232
4.28042197227		2.52534389496
4.28342103958		2.52534389496
4.28642106056		2.53041744232
4.28942203522		2.53041744232
4.29243707657		2.52534389496
4.29542207718		2.53041744232
4.29842209816		2.52534389496
4.3014550209		2.52534389496
4.3044230938		2.53041744232
4.30742311478		2.52534389496
4.31042504311		2.53041744232
4.31342411041		2.53041744232
4.31643605232		2.53041744232
4.31942605972		2.52534389496
4.32242703438		2.53041744232
4.32544493675		2.53041744232
4.32842898369		2.52534389496
4.33143305779		2.52534389496
4.3344271183		2.52534389496
4.33742713928		2.52534389496
4.34044599533		2.53041744232
4.34342813492		2.52534389496
4.34642910957		2.53041744232
4.34944415092		2.52534389496
4.35243010521		2.52534389496
4.3554289341		2.53041744232
4.35843205452		2.52534389496
4.36143708229		2.53041744232
4.36444401741		2.52534389496
4.36743116379		2.52534389496
4.37043094635		2.52534389496
4.37344813347		2.52534389496
4.37643194199		2.52534389496
4.37943315506		2.53041744232
4.38243508339		2.52534389496
4.3854329586		2.52534389496
4.38844609261		2.52534389496
4.39143514633		2.52534389496
4.39443492889		2.52534389496
4.39745211601		2.52534389496
4.40043497086		2.53041744232
4.40343594551		2.53041744232
4.40643596649		2.52534389496
4.40943598747		2.52534389496
4.41245102882		2.53041744232
4.41543698311		2.52534389496
4.41843700409		2.53041744232
4.42145895958		2.52534389496
4.42444109917		2.52534389496
4.42743897438		2.52534389496
4.43043899536		2.53041744232
4.43344593048		2.52534389496
4.43645310402		2.53041744232
4.43944001198		2.52534389496
4.4424431324		2.52534389496
4.44545507431		2.53041744232
4.44844007492		2.52534389496
4.45144796371		2.53041744232
4.45444393158		2.52534389496
4.45744204521		2.52534389496
4.46045613289		2.52534389496
4.46344208717		2.53041744232
4.46644210815		2.53041744232
4.46945905685		2.53041744232
4.47244715691		2.53041744232
4.47544407845		2.52534389496
4.47844314575		2.52534389496
4.48145198822		2.53041744232
4.48445796967		2.52534389496
4.48744702339		2.53041744232
4.49044704437		2.52534389496
4.4934630394		2.52534389496
4.49644708633		2.52534389496
4.49944710732		2.53041744232
4.50244903564		2.53041744232
4.5054500103		2.52534389496
4.50846099854		2.52534389496
4.51145505905		2.52534389496
4.51445102692		2.53041744232
4.51746606827		2.52534389496
4.52045297623		2.53041744232
4.52345204353		2.52534389496
4.5264570713		2.53041744232
4.52945208549		2.52534389496
4.53246498108		2.53041744232
4.53545212746		2.53041744232
4.53845310211		2.53041744232
4.54147601128		2.53041744232
4.54445409775		2.52534389496
4.54745316505		2.52534389496
4.55045604706		2.52026939392
4.55345606804		2.53041744232
4.55646896362		2.53041744232
4.55945706367		2.53041744232
4.56245613098		2.52534389496
4.56547093391		2.52534389496
4.56845808029		2.52534389496
4.57146310806		2.52534389496
4.57445693016		2.52534389496
4.57745695114		2.52534389496
4.58047103882		2.52534389496
4.58345913887		2.52534389496
4.58645701408		2.52534389496
4.58947706223		2.52534389496
4.59246015549		2.53041744232
4.59545898438		2.53041744232
4.59845900536		2.53041744232
4.60146594048		2.52534389496
4.60447311401		2.53041744232
4.60746097565		2.52534389496
4.61046004295		2.53041744232
4.61347794533		2.52534389496
4.61646509171		2.52534389496
4.61946797371		2.53041744232
4.62246608734		2.53041744232
4.62546396255		2.53041744232
4.62847805023		2.53041744232
4.63146400452		2.52534389496
4.63446593285		2.52534389496
4.63748407364		2.52534389496
4.64046692848		2.52534389496
4.64346599579		2.52534389496
4.64646697044		2.53041744232
4.6494679451		2.52534389496
4.65248203278		2.53041744232
4.65546894073		2.52534389496
4.65846800804		2.53041744232
4.66148996353		2.53041744232
4.66446995735		2.52534389496
4.66746902466		2.53041744232
4.67047095299		2.52026939392
4.67346215248		2.52534389496
4.67647409439		2.52534389496
4.67946195602		2.53041744232
4.68247509003		2.52534389496
4.68548798561		2.53041744232
4.6884701252		2.52534389496
4.69148111343		2.52534389496
4.69447302818		2.53041744232
4.69747304916		2.53041744232
4.70048594475		2.52534389496
4.70347499847		2.53041744232
4.70647501945		2.52534389496
4.70949101448		2.52534389496
4.71248698235		2.53041744232
4.71547603607		2.53041744232
4.71847510338		2.53041744232
4.7214820385		2.52534389496
4.72448801994		2.52534389496
4.72747516632		2.52534389496
4.73047709465		2.53041744232
4.73349308968		2.52534389496
4.73647809029		2.53041744232
4.73947811127		2.52026939392
4.74247908592		2.52534389496
4.74547815323		2.52534389496
4.74850010872		2.52534389496
4.751486063		2.53041744232
4.75448012352		2.53041744232
4.75749897957		2.52534389496
4.7604830265		2.52026939392
4.76348114014		2.52534389496
4.76648306847		2.53041744232
4.76948213577		2.53041744232
4.77249598503		2.53041744232
4.77548313141		2.53041744232
4.77848315239		2.52534389496
4.78150510788		2.52534389496
4.78448295593		2.53041744232
4.78748393059		2.53041744232
4.79048514366		2.52534389496
4.79348397255		2.53041744232
4.79649806023		2.52534389496
4.79948496819		2.53041744232
4.80248904228		2.52534389496
4.80550909042		2.53041744232
4.80849194527		2.53041744232
4.81149315834		2.52534389496
4.81448793411		2.52534389496
4.81748700142		2.52534389496
4.8205010891		2.53041744232
4.82348799706		2.52534389496
4.82648801804		2.53041744232
4.82950615883		2.52534389496
4.83249115944		2.53041744232
4.83548903465		2.52534389496
4.83848905563		2.53041744232
4.84149813652		2.53041744232
4.8445019722		2.52534389496
4.84749102592		2.52534389496
4.85049200058		2.52534389496
4.85350799561		2.52534389496
4.85649514198		2.52534389496
4.85951900482		2.53041744232
4.86249613762		2.52534389496
4.86549305916		2.52534389496
4.86850500107		2.52534389496
4.87149405479		2.53549194336
4.87449598312		2.53041744232
4.87751102448		2.52534389496
4.88049411774		2.52534389496
4.88349699974		2.52534389496
4.88649702072		2.52534389496
4.88949513435		2.53041744232
4.89251208305		2.53041744232
4.89549708366		2.53041744232
4.89850306511		2.52534389496
4.90152215958		2.53041744232
4.9045009613		2.53041744232
4.90749907494		2.53041744232
4.91050004959		2.53041744232
4.91350102425		2.53041744232
4.91651296616		2.52534389496
4.91950106621		2.53041744232
4.92250204086		2.53041744232
4.92551612854		2.52534389496
4.9285030365		2.53041744232
4.93150210381		2.52534389496
4.93450212479		2.53041744232
4.93750596046		2.52534389496
4.94051599503		2.52534389496
4.94350504875		2.52534389496
4.94650411606		2.53041744232
4.94952106476		2.53041744232
4.95250797272		2.52534389496
4.95550513268		2.52534389496
4.95850610733		2.52534389496
4.96151208878		2.53041744232
4.9645190239		2.52534389496
4.96750593185		2.53041744232
4.97050595284		2.52534389496
4.97352409363		2.52534389496
4.97650909424		2.52534389496
4.97951006889		2.53041744232
4.98251104355		2.53041744232
4.98550796509		2.53041744232
4.98852205276		2.52534389496
4.99152302742		2.52534389496
4.99451112747		2.52534389496
4.9975259304		2.53041744232
