0.000124216079712		3.41335964203
0.00414109230042		1.67792224884
0.00714612007141		3.02770709991
0.0100190639496		2.51519489288
0.0128891468048		2.03820323944
0.0157639980316		3.44888019562
0.0186381340027		1.43942642212
0.0216422080994		3.67722702026
0.0245130062103		1.54598808289
0.0273900032043		3.12411975861
0.0302691459656		2.393409729
0.0331420898438		2.14476490021
0.0360140800476		3.36769008636
0.0388910770416		1.43942642212
0.0417680740356		3.67722702026
0.0446422100067		1.55106258392
0.0475180149078		3.12411975861
0.0504021644592		2.39848423004
0.0532691478729		2.12954235077
0.0561439990997		3.36769008636
0.0590560436249		1.44957542419
0.0620200634003		3.69752502441
0.0648930072784		1.48509597778
0.0677680969238		3.22053337097
0.0706520080566		2.26655006409
0.0735230445862		2.25640106201
0.0763971805573		3.26620292664
0.0792751312256		1.48002147675
0.0821540355682		3.69245052338
0.0850322246552		1.49017047882
0.0879080295563		3.22560787201
0.090781211853		2.27162456512
0.0936551094055		2.25132751465
0.0965301990509		3.27127742767
0.0994141101837		1.48509597778
0.102280139923		3.69752502441
0.105157136917		1.48509597778
0.10803103447		3.22560787201
0.110909223557		2.27669906616
0.11378121376		2.24117851257
0.116656064987		3.27635097504
0.119533061981		1.47494697571
0.122407197952		3.69752502441
0.125282049179		1.49017047882
0.128159046173		3.2103843689
0.131034135818		2.2919216156
0.133908033371		2.23610401154
0.136787176132		3.28142547607
0.139753103256		1.52061653137
0.14266204834		3.69245052338
0.145534992218		1.43435192108
0.148418188095		3.31694602966
0.151289224625		2.15998840332
0.154162168503		2.36296367645
0.157039165497		3.17486381531
0.159912109375		1.53076553345
0.16278719902		3.69245052338
0.165665149689		1.43435192108
0.168540000916		3.33724403381
0.171543121338		2.04327774048
0.174413204193		2.4898223877
0.177290201187		3.05307865143
0.180166006088		1.59673213959
0.183040142059		3.67722702026
0.185916185379		1.40390586853
0.188799142838		3.39813613892
0.191665172577		2.05850028992
0.194542169571		2.47967433929
0.197417020798		3.0632276535
0.200294017792		1.59673213959
0.203168153763		3.67722702026
0.206044197083		1.40390586853
0.208925008774		3.39813613892
0.211799144745		2.04835224152
0.214668035507		2.47459983826
0.217545032501		3.0632276535
0.220426082611		1.59673213959
0.223296165466		3.6823015213
0.226170063019		1.40898036957
0.229055166245		3.38798809052
0.231923103333		2.05850028992
0.234795093536		2.45937633514
0.237678050995		3.06830215454
0.24054813385		1.58658313751
0.24342417717		3.68737602234
0.246299028397		1.40898036957
0.249182224274		3.38291358948
0.252049207687		2.06864929199
0.254926204681		2.46952533722
0.257801055908		3.08352470398
0.260679006577		1.58658313751
0.263549089432		3.6823015213
0.2664270401		1.41405487061
0.26930308342		3.36769008636
0.272177219391		2.07372379303
0.275052070618		2.45430183411
0.277927160263		3.09367370605
0.280808210373		1.58658313751
0.28367805481		3.6823015213
0.286554098129		1.41405487061
0.289436101913		3.3727645874
0.292307138443		2.0838727951
0.295179128647		2.44415378571
0.298056125641		3.09874820709
0.300931215286		1.57643508911
0.303805112839		3.6823015213
0.306679010391		1.41405487061
0.309565067291		3.3727645874
0.312432050705		2.09909534454
0.315306186676		2.43400478363
0.318182229996		3.10382270813
0.321058034897		1.57136058807
0.323933124542		3.6823015213
0.326815128326		1.41405487061
0.329769134521		3.41843414307
0.33268404007		1.97731018066
0.335559129715		2.56593894958
0.33843421936		2.98203754425
0.341313123703		1.65762519836
0.344189167023		3.66200447083
0.347061157227		1.38868236542
0.349938154221		3.43873119354
0.352811098099		1.9823846817
0.355688095093		2.56086444855
0.358561992645		2.94651699066
0.361565113068		1.74388885498
0.36443901062		3.61633491516
0.367319107056		1.37853431702
0.370193004608		3.50977325439
0.373066186905		1.87582302094
0.375942230225		2.68772315979
0.378822088242		2.8501033783
0.38169002533		1.73374080658
0.384565114975		3.6214094162
0.387442111969		1.37853431702
0.390317201614		3.49962425232
0.393193006516		1.88089752197
0.396067142487		2.67757511139
0.398950099945		2.86025238037
0.401819229126		1.73374080658
0.404692173004		3.62648391724
0.407569169998		1.37853431702
0.410445213318		3.49454975128
0.413320064545		1.88597202301
0.416215181351		2.69787216187
0.41920208931		2.73846721649
0.422071218491		1.83522796631
0.424945116043		3.5706653595
0.427823066711		1.37853431702
0.430699110031		3.55544185638
0.433572053909		1.78448390961
0.436444997787		2.79428577423
0.439323186874		2.7536907196
0.442199230194		1.82507896423
0.445074081421		3.5706653595
0.447950124741		1.37345981598
0.450823068619		3.55036830902
0.453699111938		1.79463291168
0.456574201584		2.78921127319
0.459457159042		2.7536907196
0.462324142456		1.81493091583
0.465200185776		3.57573986053
0.468076229095		1.37345981598
0.470954179764		3.55544185638
0.473827123642		1.79970741272
0.476701021194		2.78413677216
0.479585170746		2.7536907196
0.482454061508		1.80985641479
0.485327005386		3.57573986053
0.488206148148		1.37345981598
0.491080999374		3.55544185638
0.494079113007		1.70836830139
0.496954202652		2.900847435
0.499836206436		2.6420545578
0.502707004547		1.91134357452
0.505587100983		3.51484680176
0.508455038071		1.39375686646
0.511458158493		3.64678096771
0.514332056046		1.6221036911
0.517208099365		3.01755809784
0.520084142685		2.52026939392
0.522957086563		2.02297973633
0.525833129883		3.44888019562
0.528715133667		1.40898036957
0.531584024429		3.64678096771
0.534459114075		1.6221036911
0.53733420372		3.00740909576
0.540211200714		2.53041744232
0.543087005615		2.01790523529
0.545960187912		3.45902919769
0.548844099045		1.40390586853
0.551711082458		3.63663196564
0.55458521843		1.62717819214
0.557463169098		2.99726104736
0.560339212418		2.5405664444
0.563215017319		2.01283168793
0.566088199615		3.45395469666
0.568971157074		1.40390586853
0.571838140488		3.63663196564
0.574715137482		1.63225269318
0.577589035034		2.99726104736
0.580466032028		2.53549194336
0.583343029022		2.00775718689
0.586216211319		3.45902919769
0.589101076126		1.39883136749
0.591967105865		3.63663196564
0.59485912323		1.62717819214
0.597842216492		3.10382270813
0.60072016716		2.42385578156
0.603592157364		2.11431884766
0.606469154358		3.3727645874
0.609351158142		1.43435192108
0.612220048904		3.67722702026
0.615096092224		1.561211586
0.61797118187		3.10889720917
0.620847225189		2.41878128052
0.623721122742		2.10924434662
0.626596212387		3.38291358948
0.629479169846		1.42927742004
0.632339000702		3.66707897186
0.635215997696		1.57136058807
0.638090133667		3.08859920502
0.640977144241		2.42385578156
0.643846035004		2.11431884766
0.646723031998		3.39306259155
0.649638175964		1.43942642212
0.652598142624		3.69245052338
0.655474185944		1.5003194809
0.658350229263		3.20023536682
0.661226034164		2.30207061768
0.66410112381		2.22595500946
0.666975021362		3.29157447815
0.669855117798		1.46987247467
0.672728061676		3.69752502441
0.675729036331		1.43942642212
0.678603172302		3.33216953278
0.681603193283		2.04835224152
0.6844830513		2.4898223877
0.687353134155		3.0632276535
0.690230131149		1.60180664062
0.693105220795		3.67215251923
0.695982217789		1.40390586853
0.698862075806		3.39306259155
0.701729059219		2.05342674255
0.704605102539		2.47967433929
0.707479000092		3.06830215454
0.710355997086		1.59673213959
0.713231086731		3.67722702026
0.716106176376		1.40390586853
0.718982219696		3.38798809052
0.72185921669		2.05850028992
0.724734067917		2.46952533722
0.727607011795		3.07337665558
0.730486154556		1.58658313751
0.733360052109		3.67722702026
0.736235141754		1.40390586853
0.739116191864		3.37783908844
0.741985082626		2.07372379303
0.744860172272		2.45937633514
0.747735023499		3.07845020294
0.75061416626		1.58658313751
0.753486156464		3.6823015213
0.756362199783		1.40898036957
0.759240150452		3.37783908844
0.762112140656		2.07372379303
0.764990091324		2.45937633514
0.767863035202		3.08352470398
0.770741224289		1.58150959015
0.773619174957		3.6823015213
0.776489019394		1.40898036957
0.779499053955		3.45395469666
0.782367229462		1.96208763123
0.78524017334		2.58116149902
0.788117170334		2.9617395401
0.790995121002		1.66269874573
0.79386806488		3.65692996979
0.796743154526		1.38360881805
0.799661159515		3.46917819977
0.802619218826		1.85045146942
0.805493116379		2.70802116394
0.808369159698		2.8399553299
0.811245203018		1.75911235809
0.814119100571		3.61126041412
0.816994190216		1.37853431702
0.819877147675		3.51484680176
0.822746038437		1.86059951782
0.825621128082		2.7029466629
0.828495025635		2.7536907196
0.831499099731		1.86059951782
0.834372997284		3.55036830902
0.837248086929		1.37853431702
0.840124130249		3.57573986053
0.842999219894		1.76418685913
0.845873117447		2.82473182678
0.848756074905		2.71817016602
0.851624011993		1.85045146942
0.854499101639		3.55544185638
0.857374191284		1.37345981598
0.860252141953		3.5706653595
0.863131999969		1.76418685913
0.86600112915		2.81965732574
0.86887717247		2.72324466705
0.871751070023		1.84030246735
0.874626159668		3.56051635742
0.877505064011		1.37853431702
0.880378007889		3.56559085846
0.883253097534		1.77433586121
0.88612818718		2.80950832367
0.889012098312		2.72324466705
0.891878128052		1.83522796631
0.89475607872		3.56559085846
0.897630214691		1.37853431702
0.900506019592		3.56051635742
0.903380155563		1.77940940857
0.906256198883		2.80443382263
0.909140110016		2.72831821442
0.91200709343		1.83015346527
0.914881229401		3.5706653595
0.917757034302		1.37853431702
0.920635223389		3.56051635742
0.923508167267		1.78448390961
0.926384210587		2.79428577423
0.929265022278		2.73846721649
0.932133197784		1.82507896423
0.935010194778		3.5706653595
0.937887191772		1.37345981598
0.940762996674		3.55544185638
0.94363617897		1.78955841064
0.94651222229		2.78921127319
0.949396133423		2.74354171753
0.952270030975		1.83015346527
0.955139160156		3.57573986053
0.958013057709		1.37853431702
0.960889101028		3.55036830902
0.963762998581		1.79463291168
0.966638088226		2.78413677216
0.96951508522		2.76383876801
0.972390174866		1.81493091583
0.975266218185		3.57573986053
0.978141069412		1.37345981598
0.981018066406		3.54529380798
0.983891010284		1.80478191376
0.98676609993		2.77398777008
0.989691019058		2.71817016602
0.992644071579		1.91641807556
0.995517015457		3.51484680176
0.998392105103		1.38360881805
1.00127005577		3.60111141205
1.00414299965		1.70836830139
1.00701808929		2.89577293396
1.00990414619		2.63698005676
1.01277112961		1.90626907349
1.01564502716		3.5199213028
1.01852011681		1.39883136749
1.0215241909		3.64678096771
1.02440404892		1.61703014374
1.0272731781		3.0124835968
1.03014922142		2.52026939392
1.03302121162		2.01283168793
1.03589701653		3.44380569458
1.0387802124		1.40898036957
1.04165506363		3.65185546875
1.04452419281		1.6221036911
1.0474011898		3.00233459473
1.05027604103		2.53041744232
1.05315113068		2.01283168793
1.05602622032		3.45395469666
1.05890607834		1.40898036957
1.06177806854		3.64170646667
1.06465005875		1.63225269318
1.06752705574		2.99726104736
1.07040500641		2.53549194336
1.07327699661		2.00775718689
1.07615017891		3.46410369873
1.07902812958		1.39883136749
1.0819041729		3.63663196564
1.08477902412		1.63732719421
1.0876531601		2.99218654633
1.09053015709		2.55071544647
1.09340500832		1.99760818481
1.09628200531		3.46410369873
1.09916114807		1.40390586853
1.10203099251		3.63663196564
1.10490608215		1.64240169525
1.1077811718		2.98711204529
1.11065816879		2.55578994751
1.11353302002		1.99253368378
1.11640715599		3.46917819977
1.11929011345		1.39883136749
1.12215900421		3.6315574646
1.12503504753		1.64747619629
1.1279091835		2.98203754425
1.13079214096		2.52534389496
1.13378715515		2.10924434662
1.13666009903		3.38291358948
1.13954520226		1.42927742004
1.14241099358		3.66707897186
1.1452870369		1.56628608704
1.14816117287		3.09367370605
1.15103816986		2.43400478363
1.15391206741		2.09402179718
1.15678715706		3.39306259155
1.15974807739		1.45464992523
1.16266608238		3.68737602234
1.16553807259		1.5003194809
1.16841411591		3.22053337097
1.17142319679		2.15998840332
1.17428922653		2.35281467438
1.17716622353		3.17993831635
1.18004202843		1.52569103241
1.1829161644		3.69752502441
1.18579101562		1.44450092316
1.18866920471		3.32709503174
1.1916680336		2.04835224152
1.19454216957		2.47967433929
1.19741821289		3.05815315247
1.20029520988		1.60180664062
1.20317006111		3.6823015213
1.20604419708		1.40390586853
1.20892810822		3.38798809052
1.21179413795		2.05850028992
1.2146692276		2.46952533722
1.21754407883		3.07337665558
1.22042822838		1.59673213959
1.22329616547		3.6823015213
1.22617220879		1.40390586853
1.22905516624		3.38291358948
1.23192214966		2.06864929199
1.23479700089		2.46445083618
1.2376730442		3.07845020294
1.24054908752		1.58658313751
1.2434232235		3.6823015213
1.24629807472		1.40898036957
1.24918103218		3.37783908844
1.25204920769		2.07372379303
1.25492620468		2.45937633514
1.25779914856		3.08352470398
1.26067709923		1.58150959015
1.26355004311		3.67722702026
1.26642608643		1.40898036957
1.26930308342		3.3727645874
1.27218008041		2.07879829407
1.27505207062		2.44922733307
1.27792620659		3.09367370605
1.28080606461		1.57643508911
1.28367900848		3.6823015213
1.28655409813		1.41405487061
1.28943514824		3.3727645874
1.29230499268		2.08894729614
1.295181036		2.43907928467
1.29805421829		3.09367370605
1.30093312263		1.57643508911
1.30380511284		3.6823015213
1.30668020248		1.41405487061
1.30956912041		3.3727645874
1.31243300438		2.08894729614
1.31530809402		2.43400478363
1.31818223		3.10382270813
1.32106018066		1.57136058807
1.32393312454		3.68737602234
1.32681107521		1.41405487061
1.32977819443		3.41843414307
1.33268713951		1.96208763123
1.33556604385		2.57101249695
1.33843612671		2.97696304321
1.34131217003		1.65255069733
1.34418702126		3.65692996979
1.34706306458		1.38868236542
1.34993815422		3.4336566925
1.3528110981		1.9823846817
1.35568714142		2.55578994751
1.35856199265		2.9515914917
1.36156511307		1.73881530762
1.36443901062		3.61633491516
1.36731314659		1.37853431702
1.37019014359		3.50469875336
1.37306904793		1.8707485199
1.37594008446		2.68772315979
1.37882208824		2.85517787933
1.38169121742		1.73374080658
1.38456702232		3.61633491516
1.38744115829		1.37345981598
1.39031910896		3.50469875336
1.39319109917		1.88597202301
1.39606809616		2.67757511139
1.39895510674		2.85517787933
1.40181803703		1.72866630554
1.40469408035		3.61633491516
1.40756821632		1.37853431702
1.41044807434		3.49962425232
1.41331911087		1.89104652405
1.41619801521		2.67250061035
1.4190762043		2.87040138245
1.42195010185		1.7235918045
1.42482209206		3.6214094162
1.4276971817		1.37853431702
1.43057203293		3.49454975128
1.43344712257		1.89612102509
1.43632221222		2.66235160828
1.43920516968		2.87040138245
1.44207406044		1.71344280243
1.44495105743		3.62648391724
1.44782519341		1.37853431702
1.4507021904		3.48947525024
1.45357513428		1.89104652405
1.45645022392		2.6522026062
1.45933222771		2.88055038452
1.46220111847		1.71344280243
1.46507501602		3.6315574646
1.46795320511		1.37853431702
1.47083115578		3.48440074921
1.47370314598		1.90626907349
1.47657704353		2.6522026062
1.47945308685		2.900847435
1.48233008385		1.70836830139
1.48520517349		3.6315574646
1.48808503151		1.38360881805
1.49095511436		3.47932624817
1.49382901192		1.91134357452
1.49670505524		2.63698005676
1.49958300591		2.90592193604
1.5024561882		1.70329380035
1.50533103943		3.6315574646
1.50820612907		1.38360881805
1.51108407974		3.47932624817
1.51395821571		1.91641807556
1.51683211327		2.64712810516
1.51980209351		2.80950832367
1.52271008492		1.79970741272
1.52558517456		3.58588886261
1.52846121788		1.37345981598
1.53146219254		3.59603691101
1.53433418274		1.71851730347
1.53720903397		2.88562393188
1.54008603096		2.66235160828
1.54296112061		1.89612102509
1.54583716393		3.52499580383
1.54871916771		1.38360881805
1.55158805847		3.59603691101
1.55446314812		1.7235918045
1.55733704567		2.88055038452
1.56021809578		2.65727710724
1.56308817863		1.89612102509
1.56596422195		3.53007030487
1.56884717941		1.38868236542
1.57171821594		3.59603691101
1.57458901405		1.73374080658
1.57747220993		2.87547588348
1.58034300804		2.67250061035
1.58321499825		1.88597202301
1.58609104156		3.53514480591
1.58897399902		1.38360881805
1.59184122086		3.59096240997
1.59471702576		1.72866630554
1.59759306908		2.86532688141
1.6004691124		2.67757511139
1.60334420204		1.88597202301
1.60621714592		3.54529380798
1.60910201073		1.38360881805
1.61197209358		3.58588886261
1.61484622955		1.72866630554
1.61771917343		2.85517787933
1.62059211731		2.68772315979
1.62346315384		1.8707485199
1.62633800507		3.55036830902
1.6292181015		1.37853431702
1.63209700584		3.58588886261
1.63497114182		1.73881530762
1.63784718513		2.8501033783
1.64072322845		2.69787216187
1.64359712601		1.8707485199
1.64647316933		3.54529380798
1.64935708046		1.37853431702
1.65222406387		3.58081436157
1.65510106087		1.74388885498
1.65797519684		2.84502887726
1.66085219383		2.7029466629
1.66372609138		1.86567401886
1.66660618782		3.54529380798
1.66947817802		1.37853431702
1.67235612869		3.57573986053
1.6752281189		1.74896335602
1.67810201645		2.83488082886
1.68097901344		2.70802116394
1.68385314941		1.85552597046
1.68672919273		3.55036830902
1.68963813782		1.37853431702
1.69260406494		3.62648391724
1.69548010826		1.66777324677
1.69835519791		2.95666599274
1.70123314857		2.58116149902
1.7041079998		1.96716213226
1.70698308945		3.48440074921
1.70986318588		1.39375686646
1.71273207664		3.6214094162
1.71560621262		1.66777324677
1.71848201752		3.02770709991
1.72148799896		2.45430183411
1.72435712814		2.10924434662
1.72737407684		3.29664897919
1.7303621769		1.51554203033
1.73323512077		3.69752502441
1.73611211777		1.44957542419
1.73899102211		3.28649997711
1.74186110497		2.20058345795
1.74473619461		2.32744312286
1.74761199951		3.20530986786
1.75048804283		1.51554203033
1.7533621788		3.69752502441
1.75624322891		1.44957542419
1.75912117958		3.28649997711
1.76198720932		2.21073246002
1.76486206055		2.31729412079
1.76773810387		3.21545886993
1.77061700821		1.5104675293
1.77348899841		3.69752502441
1.77636599541		1.45972442627
1.77924609184		3.27635097504
1.7821161747		2.21073246002
1.78499221802		2.31729412079
1.78786611557		3.21545886993
1.79074311256		1.50539302826
1.79361701012		3.69245052338
1.79649400711		1.45972442627
1.79936909676		3.27127742767
1.8022441864		2.22088050842
1.80511903763		2.30714511871
1.8079931736		3.22053337097
1.81087112427		1.5003194809
1.81374502182		3.69245052338
1.81662011147		1.46479797363
1.81950211525		3.26620292664
1.82237100601		2.2310295105
1.82524800301		2.30207061768
1.82812213898		3.22560787201
1.83099913597		1.5003194809
1.83387207985		3.69752502441
1.83674812317		1.46987247467
1.83971118927		3.33216953278
1.84262514114		2.10924434662
1.84550309181		2.42893028259
1.84837818146		3.10889720917
1.85125112534		1.561211586
1.85412502289		3.68737602234
1.85700011253		1.42420387268
1.85988116264		3.35246753693
1.86275315285		2.10924434662
1.86562800407		2.41878128052
1.86850214005		3.08352470398
1.8715031147		1.64240169525
1.87437701225		3.66200447083
1.87725520134		1.38868236542
1.88013005257		3.42858314514
1.88300299644		1.98745918274
1.88587999344		2.55578994751
1.8887591362		2.99218654633
1.89163017273		1.64747619629
1.89450621605		3.66200447083
1.89738321304		1.38868236542
1.90025615692		3.4235086441
1.90313005447		1.99760818481
1.90600609779		2.53549194336
1.90888905525		3.00233459473
1.91175603867		1.62717819214
1.91463303566		3.66707897186
1.91750717163		1.39375686646
1.9203851223		3.41335964203
1.92325901985		2.00775718689
1.92613315582		2.53041744232
1.92901706696		3.00740909576
1.93188309669		1.62717819214
1.93476510048		3.66200447083
1.93763613701		1.39375686646
1.94051218033		3.41843414307
1.94338607788		2.01283168793
1.94626116753		2.52534389496
1.94914507866		3.00740909576
1.95201301575		1.6221036911
1.95488715172		3.66200447083
1.95776414871		1.39375686646
1.9606590271		3.42858314514
1.96363902092		1.90119457245
1.96651506424		2.6522026062
1.96939110756		2.89069843292
1.97226500511		1.70836830139
1.97514009476		3.6315574646
1.97801399231		1.38360881805
1.98089122772		3.48440074921
1.98376512527		1.90626907349
1.98664402962		2.6420545578
1.98952412605		2.89577293396
1.99239706993		1.70836830139
1.99526715279		3.63663196564
1.99814319611		1.38360881805
2.00101804733		3.47932624817
2.00389313698		1.91641807556
2.0067691803		2.63190555573
2.00969314575		2.85517787933
2.01264715195		1.79970741272
2.01552009583		3.58081436157
2.01839709282		1.37853431702
2.02127313614		3.54021930695
2.0241560936		1.79970741272
2.02702212334		2.76383876801
2.0299050808		2.77906227112
2.03277206421		1.79970741272
2.03564620018		3.59096240997
2.03852510452		1.37853431702
2.04152607918		3.59603691101
2.04439902306		1.71851730347
2.04727506638		2.88055038452
2.0501511097		2.66742610931
2.05302500725		1.89612102509
2.05589914322		3.53007030487
2.05878210068		1.38360881805
2.06165003777		3.59603691101
2.06452608109		1.7235918045
2.06740021706		2.88055038452
2.0702791214		2.66742610931
2.07315206528		1.89612102509
2.07602715492		3.53007030487
2.07891011238		1.38360881805
2.08190202713		3.63663196564
2.08477902412		1.64240169525
2.08765602112		2.99726104736
2.09053111076		2.54564094543
2.09340500832		1.99760818481
2.09628009796		3.46410369873
2.09916210175		1.40390586853
2.1020321846		3.63663196564
2.10490703583		1.64240169525
2.1077811718		2.98203754425
2.11065816879		2.55071544647
2.11353802681		1.99760818481
2.11640810966		3.46917819977
2.11928319931		1.39883136749
2.12215900421		3.63663196564
2.12503409386		1.64747619629
2.1279091835		2.97696304321
2.13078713417		2.56086444855
2.13366007805		1.98745918274
2.13653516769		3.47425174713
2.13941502571		1.39883136749
2.14228606224		3.6315574646
2.14516305923		1.64747619629
2.14803719521		2.97188854218
2.15091300011		2.56593894958
2.15378713608		1.9823846817
2.15666222572		3.48440074921
2.15954422951		1.39883136749
2.16241312027		3.62648391724
2.16529107094		1.65255069733
2.16816616058		2.96681404114
2.17104101181		2.57101249695
2.17391514778		1.9722366333
2.1767911911		3.47932624817
2.17975020409		1.41405487061
2.18268322945		3.67215251923
2.18567419052		1.5003194809
2.18854618073		3.24590492249
2.19154810905		2.1802854538
2.19442200661		2.34774017334
2.19729804993		3.17993831635
2.20017814636		1.52569103241
2.20305514336		3.69245052338
2.20592522621		1.44450092316
2.20880413055		3.30679798126
2.21167302132		2.18535995483
2.21454811096		2.34774017334
2.21742510796		3.18501281738
2.22030115128		1.52569103241
2.22317409515		3.69245052338
2.22618317604		1.40898036957
2.22907400131		3.40321063995
2.2320690155		1.9214925766
2.23505115509		2.73339271545
2.23792815208		2.80443382263
2.24080300331		1.77940940857
2.24367809296		3.59603691101
2.24655413628		1.37853431702
2.24943709373		3.53007030487
2.25230407715		1.83522796631
2.25517916679		2.72831821442
2.25805521011		2.81458282471
2.26093006134		1.77940940857
2.26380419731		3.60111141205
2.26668000221		1.37853431702
2.26955914497		3.5199213028
2.27243113518		1.84537696838
2.2753071785		2.72324466705
2.27818202972		2.82473182678
2.28106307983		1.77433586121
2.28393316269		3.59096240997
2.28693223		1.37853431702
2.2898170948		3.58588886261
2.29269003868		1.73374080658
2.29555821419		2.84502887726
2.29843521118		2.69787216187
2.30131411552		1.8707485199
2.30418515205		3.54529380798
2.30705904961		1.37853431702
2.30993914604		3.57573986053
2.31281018257		1.75403785706
2.31568813324		2.8399553299
2.31856107712		2.63698005676
2.32156515121		1.97731018066
2.32443714142		3.47932624817
2.32731318474		1.39375686646
2.33031511307		3.66200447083
2.33320403099		1.57136058807
2.33618807793		3.19008731842
2.33907103539		2.30714511871
2.34194207191		2.21073246002
2.34481620789		3.30172348022
2.34769010544		1.46479797363
2.35056900978		3.68737602234
2.35344219208		1.5104675293
2.3563170433		3.18501281738
2.3591940403		2.30207061768
2.36219501495		2.33759117126
2.36508202553		3.18501281738
2.36806821823		1.58658313751
2.3709461689		3.6823015213
2.3738181591		1.40898036957
2.3766951561		3.3727645874
2.37957620621		2.05850028992
2.38245105743		2.46952533722
2.38532018661		3.07845020294
2.38819503784		1.59673213959
2.39119911194		3.64170646667
2.39419722557		1.37345981598
2.39708709717		3.52499580383
2.40007519722		1.73881530762
2.4029481411		2.85517787933
2.40582203865		2.7029466629
2.40870499611		1.87582302094
2.41157317162		3.54529380798
2.41445016861		1.38360881805
2.41732501984		3.58081436157
2.42020106316		1.73374080658
2.42319822311		2.98711204529
2.42620015144		2.44415378571
2.42909622192		2.11431884766
2.43207502365		3.29157447815
2.43495202065		1.46987247467
2.43782806396		3.69245052338
2.44070315361		1.5003194809
2.44357919693		3.19516181946
2.44645404816		2.31221961975
2.44933509827		2.22088050842
2.45220422745		3.28142547607
2.45520615578		1.53076553345
2.45820403099		3.6823015213
2.46109414101		1.40390586853
2.46408200264		3.46410369873
2.46695613861		1.93164157867
2.4698381424		2.62175655365
2.47271203995		2.93129348755
2.47558116913		1.68807125092
2.47845816612		3.62648391724
2.48146104813		1.37345981598
2.48433423042		3.53007030487
2.48721218109		1.81493091583
2.49021100998		2.87040138245
2.49309802055		2.66742610931
2.49608421326		1.99253368378
2.49896907806		3.44888019562
2.50196003914		1.42927742004
2.50483608246		3.67215251923
2.5077111721		1.561211586
2.5105881691		3.10382270813
2.51346111298		2.42385578156
2.51633620262		2.10924434662
2.51921105385		3.3727645874
2.5222120285		1.47494697571
2.52512407303		3.69752502441
2.52808713913		1.43942642212
2.53096604347		3.3118724823
2.53383803368		2.1701374054
2.536714077		2.35788917542
2.53959202766		3.16471481323
2.54246616364		1.53076553345
2.54534220695		3.69752502441
2.54821515083		1.43942642212
2.55121517181		3.40321063995
2.55421614647		1.9214925766
2.55710601807		2.6420545578
2.56009316444		2.78921127319
2.56297302246		1.81493091583
2.56596708298		3.53007030487
2.56885099411		1.38360881805
2.57171916962		3.59603691101
2.57459521294		1.7235918045
2.57746911049		2.88055038452
2.58034515381		2.67250061035
2.58322000504		1.91134357452
2.58622002602		3.45395469666
2.58912014961		1.40898036957
2.59209704399		3.67215251923
2.59497117996		1.55613708496
2.59784603119		3.11397171021
2.60072517395		2.41878128052
2.6035990715		2.12446784973
2.60647320747		3.3727645874
2.60935616493		1.42927742004
2.61222314835		3.67722702026
2.61522316933		1.48002147675
2.61822414398		3.31694602966
2.62111616135		2.13461589813
2.62410116196		2.51012039185
2.62697601318		3.03278160095
2.62986016273		1.61703014374
2.63272714615		3.67215251923
2.63560199738		1.39883136749
2.63847708702		3.45395469666
2.64147901535		1.90626907349
2.64435219765		2.6420545578
2.64722800255		2.89577293396
2.6502301693		1.80478191376
2.65312314034		3.5706653595
2.65610718727		1.38360881805
2.65898609161		3.61126041412
2.6619811058		1.6221036911
2.66485714912		3.0124835968
2.66773104668		2.52534389496
2.67061018944		2.02297973633
2.67348313332		3.44888019562
2.67635607719		1.40898036957
2.67923212051		3.64678096771
2.68223500252		1.54598808289
2.68512010574		3.13934326172
2.68810915947		2.27162456512
2.69098806381		2.27162456512
2.69386005402		3.2611284256
2.69673514366		1.48002147675
2.69964504242		3.69752502441
2.70261216164		1.42927742004
2.70548510551		3.33216953278
2.70836019516		2.14476490021
2.71122908592		2.40355873108
2.71422815323		3.02770709991
2.71711802483		1.62717819214
2.71999120712		3.66707897186
2.72298622131		1.38360881805
2.72586202621		3.48947525024
2.72874712944		1.89104652405
2.73161220551		2.64712810516
2.73448705673		2.89577293396
2.73736214638		1.70836830139
2.74024009705		3.62648391724
2.74324321747		1.38360881805
2.74623918533		3.60618591309
2.74913620949		1.68299674988
2.75211310387		3.02263259888
2.75499105453		2.51012039185
2.75786519051		2.0331287384
2.7607421875		3.44380569458
2.76361608505		1.40390586853
2.7664911747		3.64678096771
2.76937317848		1.61703014374
2.77224302292		3.03278160095
2.77524018288		2.38326072693
2.77811813354		2.14476490021
2.78099513054		3.35754108429
2.78386902809		1.43942642212
2.78674316406		3.67722702026
2.78965902328		1.51554203033
2.79262208939		3.24083042145
2.79549622536		2.26147556305
2.79837107658		2.26655006409
2.80124616623		3.25097942352
2.80412101746		1.5003194809
2.8071231842		3.68737602234
2.81012511253		1.39375686646
2.81299614906		3.4235086441
2.81587409973		2.00268268585
2.81875419617		2.53549194336
2.8216240406		3.00740909576
2.82450318336		1.62717819214
2.82737612724		3.67215251923
2.83025121689		1.39375686646
2.83313107491		3.4235086441
2.83600020409		1.98745918274
2.83900713921		2.69279766083
2.8420021534		2.76383876801
2.84487509727		1.81493091583
2.84775114059		3.58081436157
2.85062813759		1.37853431702
2.85350418091		3.55036830902
2.85639405251		1.77940940857
2.85938405991		2.93636798859
2.86240100861		2.48474884033
2.86538004875		2.15998840332
2.86825418472		3.33216953278
2.87125611305		1.50539302826
2.87425518036		3.68737602234
2.87714409828		1.41912937164
2.88000822067		3.34231853485
2.88288116455		2.11431884766
2.88575720787		2.41370677948
2.88863110542		3.07845020294
2.89163303375		1.63732719421
2.8945081234		3.66707897186
2.89738202095		1.39375686646
2.90025806427		3.43873119354
2.90325808525		1.86567401886
2.90625810623		2.80950832367
2.90915608406		2.71309566498
2.91213607788		1.94178962708
2.91501116753		3.49962425232
2.91788601875		1.38868236542
2.92076301575		3.61633491516
2.92364406586		1.68299674988
2.92651200294		2.92114448547
2.9293961525		2.61160755157
2.93226218224		1.95193862915
2.93526506424		3.41843414307
2.93826317787		1.45464992523
2.94115614891		3.68737602234
2.94414019585		1.45972442627
2.94701313972		3.2611284256
2.94989800453		2.21580600739
2.95276618004		2.30714511871
2.95564007759		3.22560787201
2.95851516724		1.52061653137
2.96151804924		3.68737602234
2.96439003944		1.41912937164
2.96726608276		3.36261558533
2.97026920319		1.97731018066
2.97315502167		2.58116149902
2.97614312172		2.8501033783
2.9790251255		1.76926136017
2.98202300072		3.55544185638
2.98489403725		1.37853431702
2.98776912689		3.5706653595
2.99064707756		1.76926136017
2.99352121353		2.81965732574
2.99639606476		2.72831821442
2.99927306175		1.85552597046
3.00227308273		3.48947525024
3.00515913963		1.39375686646
3.00814604759		3.66200447083
3.01102519035		1.59165763855
3.01390504837		3.06830215454
3.01677918434		2.46445083618
3.019739151		2.16506290436
3.02265000343		3.3220205307
3.0255241394		1.45464992523
3.02839803696		3.68737602234
3.03127503395		1.5104675293
3.03427505493		3.27127742767
3.03716421127		2.19550895691
3.04015612602		2.45937633514
3.04302620888		3.09367370605
3.04590415955		1.58150959015
3.04878520966		3.6823015213
3.05165219307		1.41405487061
3.0545270443		3.36261558533
3.05744218826		2.04835224152
3.06040716171		2.58623600006
3.06327915192		2.94651699066
3.06628108025		1.75911235809
3.06917119026		3.60111141205
3.07215809822		1.37853431702
3.0750310421		3.57573986053
3.07790803909		1.75403785706
3.08078312874		2.8399553299
3.08365702629		2.71309566498
3.08653402328		1.85552597046
3.08941507339		3.55544185638
3.09228420258		1.38360881805
3.09528422356		3.63663196564
3.09828400612		1.58150959015
3.10117506981		3.08859920502
3.10416507721		2.32236862183
3.10703611374		2.20565795898
3.10991311073		3.30679798126
3.11278700829		1.46479797363
3.11566114426		3.68737602234
3.11853814125		1.46987247467
3.12154102325		3.28649997711
3.12441706657		2.19550895691
3.12728905678		2.35281467438
3.13029122353		3.07337665558
3.13317799568		1.59673213959
3.13616514206		3.64170646667
3.13904809952		1.38360881805
3.14203906059		3.52499580383
3.14491701126		1.84537696838
3.14779019356		2.72324466705
3.15066814423		2.82473182678
3.1535410881		1.76926136017
3.15641617775		3.60111141205
3.15929317474		1.37345981598
3.16229200363		3.58588886261
3.16518306732		1.73374080658
3.16816711426		2.97188854218
3.17104506493		2.57608699799
3.1739180088		1.97731018066
3.17679405212		3.47932624817
3.17970919609		1.40390586853
3.18267011642		3.67215251923
3.18554806709		1.57643508911
3.18841910362		3.08352470398
3.19129800797		2.42385578156
3.19430208206		2.22088050842
3.19718599319		3.28142547607
3.20017504692		1.53076553345
3.20305013657		3.69752502441
3.20592308044		1.44957542419
3.20880413055		3.30172348022
3.21167302132		2.18535995483
3.21455001831		2.3426656723
3.21742415428		3.19008731842
3.22030115128		1.53076553345
3.22330021858		3.67722702026
3.22630310059		1.38360881805
3.22919607162		3.47425174713
3.23217606544		1.83522796631
3.23505210876		2.74354171753
3.23792719841		2.79936027527
3.2408220768		1.79970741272
3.24380517006		3.54021930695
3.24668002129		1.37853431702
3.24956202507		3.58588886261
3.25242805481		1.73881530762
3.2553050518		2.88055038452
3.25830507278		2.56086444855
3.26119709015		2.00268268585
3.26418209076		3.38291358948
3.2670571804		1.42927742004
3.26993513107		3.67722702026
3.2728061676		1.57136058807
3.2756831646		3.09874820709
3.27855706215		2.38833522797
3.28156113625		2.2310295105
3.28443908691		3.27635097504
3.28731107712		1.48002147675
3.2903110981		3.69752502441
3.29319810867		1.43435192108
3.29618406296		3.39813613892
3.29906702042		2.01283168793
3.30206108093		2.63190555573
3.3049352169		2.92621898651
3.30780911446		1.69314575195
3.31069111824		3.64170646667
3.31356215477		1.37853431702
3.316437006		3.46917819977
3.31931304932		1.91134357452
3.32231402397		2.74861621857
3.32520222664		2.78413677216
3.3281891346		1.89612102509
3.33106517792		3.53514480591
3.3339381218		1.37853431702
3.33681416512		3.59096240997
3.33977222443		1.66269874573
3.34269213676		2.99726104736
3.34556722641		2.54564094543
3.3484442234		2.03820323944
3.35144209862		3.35246753693
3.3544421196		1.47494697571
3.35733413696		3.69752502441
3.36032104492		1.43435192108
3.36319303513		3.3220205307
3.36606907845		2.15491390228
3.36895108223		2.38833522797
3.37194418907		3.03278160095
3.37482500076		1.6221036911
3.37769603729		3.67215251923
3.38057208061		1.39883136749
3.38344407082		3.41335964203
3.38644504547		1.91134357452
3.38934206963		2.65727710724
3.39232206345		2.77906227112
3.39519619942		1.79970741272
3.39807200432		3.58588886261
3.40095114708		1.37853431702
3.40382313728		3.54021930695
3.40670013428		1.80985641479
3.40957999229		2.77398777008
3.41245007515		2.77906227112
3.41532516479		1.81493091583
3.41832399368		3.52499580383
3.42121911049		1.38868236542
3.42420315742		3.64678096771
3.4270761013		1.62717819214
3.4299530983		3.0124835968
3.4328250885		2.5405664444
3.43570613861		2.01283168793
3.43857717514		3.4336566925
3.44157910347		1.43435192108
3.44445300102		3.67722702026
3.44732904434		1.54598808289
3.45033121109		3.23575687408
3.45322012901		2.25132751465
3.45620512962		2.39848423004
3.45908713341		3.11397171021
3.46208119392		1.6221036911
3.46496200562		3.67215251923
3.46783208847		1.39883136749
3.47070908546		3.41843414307
3.47358107567		2.02297973633
3.47645616531		2.51519489288
3.47933411598		3.00740909576
3.48233318329		1.71851730347
3.48522019386		3.62648391724
3.4882080555		1.37853431702
3.49108600616		3.56559085846
3.49408602715		1.69822025299
3.49696016312		2.900847435
3.4998421669		2.63698005676
3.50271010399		1.9214925766
3.50558614731		3.5199213028
3.50845909119		1.38868236542
3.51146316528		3.65185546875
3.5144610405		1.54091453552
3.51735305786		3.14949226379
3.52033901215		2.25132751465
3.52321219444		2.27669906616
3.52608919144		3.24590492249
3.52897715569		1.49524497986
3.53196501732		3.69245052338
3.53483915329		1.42420387268
3.53771400452		3.33724403381
3.54059100151		2.12446784973
3.54346513748		2.42385578156
3.54646611214		3.00233459473
3.54936313629		1.64747619629
3.55234313011		3.62648391724
3.55522322655		1.37853431702
3.55809307098		3.49962425232
3.56097102165		1.89104652405
3.56384301186		2.66742610931
3.56671905518		2.88055038452
3.56967806816		1.79970741272
3.57259702682		3.57573986053
3.57547020912		1.38360881805
3.5784702301		3.6214094162
3.58147311211		1.60688114166
3.58434605598		3.03785610199
3.58721899986		2.49997138977
3.59009814262		2.05342674255
3.59297204018		3.43873119354
3.59584617615		1.40898036957
3.59873008728		3.65692996979
3.60159921646		1.6119556427
3.60447216034		3.03278160095
3.60735011101		2.4898223877
3.61035299301		2.1701374054
3.61323809624		3.33216953278
3.61622405052		1.49524497986
3.61910605431		3.69752502441
3.62210011482		1.41912937164
3.62497711182		3.35246753693
3.62785100937		2.11431884766
3.63072800636		2.41878128052
3.63360214233		3.11904525757
3.63647603989		1.55613708496
3.63935303688		3.68737602234
3.64235401154		1.39375686646
3.64525008202		3.44888019562
3.64822912216		1.88089752197
3.65110421181		2.67757511139
3.65398311615		2.86025238037
3.65685415268		1.72866630554
3.65976500511		3.60618591309
3.66273021698		1.37853431702
3.66560602188		3.57573986053
3.66862511635		1.64240169525
3.67160820961		3.04800415039
3.67448306084		2.48474884033
3.67737221718		2.07372379303
3.68036103249		3.32709503174
3.68323421478		1.45464992523
3.68611216545		3.6823015213
3.68899106979		1.52061653137
3.69185900688		3.15456676483
3.6947350502		2.36296367645
3.69760918617		2.1701374054
3.70048618317		3.33724403381
3.70336103439		1.45464992523
3.7063601017		3.69752502441
3.70925807953		1.45464992523
3.71222710609		3.34739303589
3.71510410309		2.11431884766
3.71797800064		2.41878128052
3.72086620331		3.10382270813
3.72373819351		1.561211586
3.72661519051		3.68737602234
3.72949719429		1.41912937164
3.7323641777		3.36769008636
3.73536920547		1.96208763123
3.73836421967		2.69279766083
3.74125504494		2.83488082886
3.74424004555		1.84537696838
3.74711608887		3.56051635742
3.74999403954		1.38360881805
3.75286722183		3.56559085846
3.75574111938		1.77433586121
3.75861907005		2.8501033783
3.76161718369		2.60653305054
3.76449203491		1.95193862915
3.76736903191		3.48947525024
3.77037000656		1.41912937164
3.77326011658		3.66200447083
3.77624511719		1.51554203033
3.77912521362		3.19516181946
3.78212118149		2.21580600739
3.78499507904		2.31729412079
3.78787016869		3.21545886993
3.7907500267		1.5104675293
3.79362201691		3.69752502441
3.79649710655		1.45464992523
3.79937410355		3.28649997711
3.80237221718		2.08894729614
3.80526208878		2.45937633514
3.80824804306		2.97188854218
3.81112504005		1.65762519836
3.81399917603		3.65692996979
3.81687617302		1.38868236542
3.8197581768		3.45395469666
3.82262516022		1.9722366333
3.825507164		2.58116149902
3.82837510109		2.95666599274
3.83137512207		1.75911235809
3.83437609673		3.55544185638
3.83726620674		1.38360881805
3.84025406837		3.62648391724
3.84313106537		1.66269874573
3.84600305557		2.9515914917
3.84888505936		2.58116149902
3.85175514221		1.96208763123
3.85462999344		3.49454975128
3.85750317574		1.39375686646
3.86038303375		3.62648391724
3.86338210106		1.57643508911
3.86638021469		3.17993831635
3.86927199364		2.31729412079
3.87225604057		2.33251667023
3.87513208389		3.2103843689
3.87800621986		1.5104675293
3.88088417053		3.69752502441
3.88375806808		1.45464992523
3.8866341114		3.28142547607
3.88951611519		2.20058345795
3.89238500595		2.3426656723
3.89538407326		3.06830215454
3.89838504791		1.66777324677
3.90127515793		3.64170646667
3.90426206589		1.37853431702
3.90713620186		3.52499580383
3.91001605988		1.84537696838
3.91288614273		2.71309566498
3.91577005386		2.81458282471
3.91863703728		1.83015346527
3.92164111137		3.54529380798
3.9245121479		1.37853431702
3.92738819122		3.58588886261
3.9303920269		1.65762519836
3.9332780838		2.97696304321
3.93626904488		2.43907928467
3.93914699554		2.11939334869
3.94214010239		3.29664897919
3.94501709938		1.46987247467
3.94789218903		3.69245052338
3.95076799393		1.50539302826
3.95364403725		3.19008731842
3.95651817322		2.31729412079
3.95939207077		2.22595500946
3.96239209175		3.19516181946
3.96528315544		1.53076553345
3.9682700634		3.67722702026
3.97114610672		1.40390586853
3.97402000427		3.38798809052
3.97689509392		2.06357479095
3.97978019714		2.4898223877
3.98277020454		2.94651699066
3.98564600945		1.67792224884
3.98852205276		3.6315574646
3.99152302742		1.37345981598
3.99452209473		3.59096240997
3.99741601944		1.71851730347
4.00040221214		2.99218654633
4.00327301025		2.56086444855
4.00615715981		2.01790523529
4.00915718079		3.35754108429
4.01214814186		1.49017047882
4.01515007019		3.69752502441
4.01802611351		1.43942642212
4.02090001106		3.3118724823
4.02377605438		2.15998840332
4.0266520977		2.35788917542
4.02953600883		3.16471481323
4.03240299225		1.53076553345
4.03527712822		3.69752502441
4.03815221786		1.44450092316
4.04102921486		3.30172348022
4.04390406609		2.1701374054
4.04677915573		2.35788917542
4.04973602295		3.09874820709
4.05265712738		1.60688114166
4.05553007126		3.67215251923
4.05853009224		1.37853431702
4.06153202057		3.53514480591
4.06440711021		1.82507896423
4.06728005409		2.7536907196
4.07015919685		2.79428577423
4.07303214073		1.78955841064
4.07590723038		3.59096240997
4.07879114151		1.37345981598
4.08165812492		3.53514480591
4.08453321457		1.83015346527
4.0874080658		2.76383876801
4.09040999413		2.67250061035
4.09329915047		1.90119457245
4.09629106522		3.44888019562
4.09916615486		1.40898036957
4.10216116905		3.67215251923
4.1050350666		1.56628608704
4.1079120636		3.11397171021
4.11078715324		2.41878128052
4.11366319656		2.11431884766
4.11653614044		3.37783908844
4.11941409111		1.43942642212
4.12241315842		3.69752502441
4.12530517578		1.49017047882
4.12828803062		3.3118724823
4.13116908073		2.12446784973
4.1341650486		2.50504589081
4.13704013824		3.04292964935
4.13991713524		1.61703014374
4.14279103279		3.67722702026
4.14566612244		1.39375686646
4.14871001244		3.50977325439
4.15166902542		1.80985641479
4.15454316139		2.76891326904
4.15743422508		2.76891326904
4.1604180336		1.90626907349
4.16329216957		3.52499580383
4.16616916656		1.38360881805
4.16905021667		3.60111141205
4.17192006111		1.71851730347
4.17479515076		2.89069843292
4.17767310143		2.66235160828
4.18054819107		1.90626907349
4.18342018127		3.5199213028
4.18642902374		1.40390586853
4.18931818008		3.65185546875
4.19229912758		1.55613708496
4.19517207146		3.11904525757
4.19804906845		2.40355873108
4.20092606544		2.12954235077
4.20379900932		3.36769008636
4.20667505264		1.43942642212
4.20955610275		3.6823015213
4.21242499352		1.55106258392
4.21542406082		3.23575687408
4.21842622757		2.13969039917
4.22131705284		2.40355873108
4.22430205345		3.02770709991
4.2271771431		1.62717819214
4.23005414009		3.67215251923
4.23292708397		1.39883136749
4.23580217361		3.40321063995
4.23870921135		1.99253368378
4.24167919159		2.64712810516
4.24455308914		2.90592193604
4.24742817879		1.7235918045
4.25043320656		3.58081436157
4.25332021713		1.37853431702
4.25630402565		3.60111141205
4.2591881752		1.68299674988
4.26218104362		3.02263259888
4.26505613327		2.52026939392
4.26793122292		2.02297973633
4.27081012726		3.43873119354
4.27368021011		1.40390586853
4.27656507492		3.64678096771
4.27943301201		1.6119556427
4.28243422508		3.12919425964
4.28532314301		2.37818622589
4.28830909729		2.27669906616
4.29118704796		3.25097942352
4.29405903816		1.48509597778
4.29693508148		3.69245052338
4.29981803894		1.48002147675
4.30268621445		3.23575687408
4.30556106567		2.26655006409
4.30843520164		2.31221961975
4.3114361763		3.11904525757
4.31443810463		1.63225269318
4.31732702255		3.67215251923
4.32031416893		1.37853431702
4.32318902016		3.49454975128
4.32606506348		1.89104652405
4.32894515991		2.66742610931
4.33181500435		2.89069843292
4.33469104767		1.71851730347
4.33756518364		3.63663196564
4.34044003487		1.37853431702
4.34344005585		3.55544185638
4.3464422226		1.69822025299
4.34933805466		2.93636798859
4.3523170948		2.51012039185
4.35519313812		2.03820323944
4.35806918144		3.4336566925
4.36094713211		1.40898036957
4.36381816864		3.64678096771
4.36670303345		1.6119556427
4.36957716942		3.03785610199
4.37256908417		2.37818622589
4.37544608116		2.1701374054
4.37844610214		3.16471481323
4.38146305084		1.57136058807
4.38444519043		3.66707897186
4.38732099533		1.39375686646
4.39019799232		3.42858314514
4.3930721283		1.99253368378
4.39594721794		2.5405664444
4.3988301754		2.98711204529
4.40169715881		1.63732719421
4.40457320213		3.66707897186
4.40744900703		1.39375686646
4.41045022011		3.49962425232
4.41334009171		1.8707485199
4.41632509232		2.80443382263
4.4192070961		2.71817016602
4.42220520973		1.96716213226
4.42520904541		3.40321063995
4.42820310593		1.45972442627
4.43120908737		3.69245052338
4.43420314789		1.41912937164
4.43707799911		3.36769008636
4.4399561882		2.09402179718
4.44282722473		2.43907928467
4.44570422173		3.10382270813
4.4485771656		1.59165763855
4.45157909393		3.65692996979
4.45445418358		1.38868236542
4.45733809471		3.44888019562
4.46020817757		1.94686412811
4.46320605278		2.7029466629
4.46608114243		2.84502887726
4.46895599365		1.74388885498
4.47183203697		3.61633491516
4.47470712662		1.37853431702
4.47758507729		3.50977325439
4.48046207428		1.86567401886
4.48333501816		2.69279766083
4.48620915413		2.8501033783
4.48909211159		1.74896335602
4.49196004868		3.61633491516
4.49483418465		1.37853431702
4.49770903587		3.49962425232
4.50058507919		1.87582302094
4.50346207619		2.7029466629
4.50646114349		2.73339271545
4.50935602188		1.86059951782
4.5123360157		3.49962425232
4.51521205902		1.38868236542
4.51808619499		3.61633491516
4.52096509933		1.67792224884
4.52383899689		2.93636798859
4.52671313286		2.61668205261
4.52959012985		1.95193862915
4.5324640274		3.49454975128
4.53546500206		1.41912937164
4.53846502304		3.69245052338
4.54148221016		1.44957542419
4.54446601868		3.36769008636
4.54734706879		2.07879829407
4.55021905899		2.45430183411
4.55309104919		3.09367370605
4.55596709251		1.57136058807
4.55885004997		3.6823015213
4.56171917915		1.41405487061
4.56459307671		3.36261558533
4.56746816635		2.07879829407
4.57046914101		2.57101249695
4.57335805893		2.95666599274
4.57634615898		1.75403785706
4.579226017		3.59603691101
4.58222222328		1.38360881805
4.58509707451		3.57573986053
4.58797311783		1.76418685913
4.59084820747		2.83488082886
4.59372115135		2.71817016602
4.59659814835		1.85045146942
4.59947299957		3.55036830902
4.60247206688		1.39375686646
4.60536313057		3.62648391724
4.60834908485		1.58150959015
4.61122703552		3.09367370605
4.61422514915		2.33251667023
4.61710000038		2.20058345795
4.61997699738		3.3118724823
4.62285113335		1.46479797363
4.62579512596		3.69245052338
4.62874507904		1.43942642212
4.63173007965		3.37783908844
4.63461518288		2.03820323944
4.63761615753		2.61668205261
4.64060616493		2.81965732574
4.64347815514		1.76418685913
4.64635515213		3.60111141205
4.64922809601		1.38360881805
4.652105093		3.5199213028
4.65498018265		1.85045146942
4.65785503387		2.72324466705
4.66073322296		2.82473182678
4.66360521317		1.77433586121
4.66661119461		3.54529380798
4.66949915886		1.37853431702
4.6724820137		3.6315574646
4.67535805702		1.66269874573
4.67823314667		2.96681404114
4.68111205101		2.57608699799
4.68398213387		1.9722366333
4.68685817719		3.48440074921
4.68980312347		1.41405487061
4.69273614883		3.67215251923
4.69560909271		1.56628608704
4.69861102104		3.22560787201
4.70161318779		2.1802854538
4.70448517799		2.3426656723
4.70736122131		3.19516181946
4.71023416519		1.52061653137
4.71310520172		3.69245052338
4.7159781456		1.44957542419
4.71885609627		3.29157447815
4.72173810005		2.19043445587
4.7246119976		2.3426656723
4.72749400139		3.16978931427
4.73049402237		1.59673213959
4.7333791256		3.67722702026
4.73636507988		1.38360881805
4.73924803734		3.47932624817
4.74224114418		1.84030246735
4.74511599541		2.73339271545
4.74799108505		2.81458282471
4.75086903572		1.77433586121
4.75374317169		3.60111141205
4.75661706924		1.37853431702
4.75949311256		3.53514480591
4.76249313354		1.74388885498
4.76538300514		2.87547588348
4.76836919785		2.56593894958
4.77124500275		1.9823846817
4.77412104607		3.47425174713
4.77699518204		1.39883136749
4.77987909317		3.63663196564
4.78274607658		1.65762519836
4.78562021255		2.97188854218
4.78849601746		2.51519489288
4.79149699211		2.11431884766
4.79449820518		3.29664897919
4.79739022255		1.48002147675
4.80037522316		3.69752502441
4.80324816704		1.44450092316
4.80612301826		3.30172348022
4.80900502205		2.1701374054
4.81187605858		2.35788917542
4.81474900246		3.18501281738
4.81763005257		1.53076553345
4.82050299644		3.69245052338
4.82350206375		1.39883136749
4.82650208473		3.46410369873
4.82939910889		1.91641807556
4.83237719536		2.74354171753
4.83525013924		2.80950832367
4.83812904358		1.78955841064
4.8410050869		3.59096240997
4.84388017654		1.37853431702
4.84675502777		3.53514480591
4.84970903397		1.76926136017
4.8526301384		2.87040138245
4.85550522804		2.66235160828
4.8585050106		2.0331287384
4.86152219772		3.36769008636
4.86450600624		1.48002147675
4.86738109589		3.69752502441
4.87026000023		1.49017047882
4.87313318253		3.21545886993
4.87600803375		2.2919216156
4.87888908386		2.24117851257
4.88176012039		3.28142547607
4.88463306427		1.47494697571
4.88751006126		3.69752502441
4.89051103592		1.43942642212
4.89339804649		3.3220205307
4.89638614655		2.0331287384
4.89926600456		2.53549194336
4.90226101875		2.91099643707
4.90513801575		1.70329380035
4.90801715851		3.63663196564
4.91088914871		1.37853431702
4.91376113892		3.47425174713
4.91663813591		1.9214925766
4.91951417923		2.6522026062
4.92251420021		2.78921127319
4.92540407181		1.80985641479
4.92838907242		3.53007030487
4.93126511574		1.38360881805
4.93414211273		3.59603691101
4.93701410294		1.7235918045
4.93989801407		2.89069843292
4.94276714325		2.66742610931
4.94564199448		1.89612102509
4.94851922989		3.47425174713
4.95151901245		1.40390586853
4.95451712608		3.67722702026
4.95740699768		1.54598808289
4.96039700508		3.23068237305
4.96327018738		2.27669906616
4.96614408493		2.25640106201
4.96902108192		3.27127742767
4.9718952179		1.48509597778
4.97477006912		3.69752502441
4.97764515877		1.49017047882
4.98052215576		3.23068237305
4.98352313042		2.12954235077
4.98652219772		2.51519489288
4.98941612244		3.0124835968
4.99239802361		1.70836830139
4.99527311325		3.63663196564
4.99815416336		1.37853431702
