0.000127077102661		1.9214925766
0.00660991668701		1.64240169525
0.0119888782501		1.96208763123
0.0172328948975		2.900847435
0.0224828720093		3.41335964203
0.0277349948883		2.96681404114
0.0329818725586		2.02297973633
0.0382318496704		1.64747619629
0.0434820652008		2.24117851257
0.0487339496613		3.14949226379
0.0539879798889		3.3727645874
0.0592429637909		2.67250061035
0.0644989013672		1.81493091583
0.0697410106659		1.73374080658
0.0749928951263		2.53041744232
0.0802428722382		3.32709503174
0.0854959487915		3.24083042145
0.090744972229		2.37818622589
0.0959968566895		1.67792224884
0.101248979568		1.91641807556
0.106531858444		2.78921127319
0.111752986908		3.40828514099
0.116996049881		3.01755809784
0.12225484848		2.09402179718
0.127496957779		1.63732719421
0.132750034332		2.16506290436
0.138000011444		3.08859920502
0.143254995346		3.38798809052
0.148500919342		2.74354171753
0.153753042221		1.86059951782
0.159000873566		1.70329380035
0.16425204277		2.45430183411
0.169501066208		3.29157447815
0.174752950668		3.28142547607
0.18000292778		2.44922733307
0.185256004333		1.70836830139
0.190507888794		1.86567401886
0.195755958557		2.74861621857
0.201005935669		3.38798809052
0.206260919571		3.08859920502
0.211511850357		2.16506290436
0.216763973236		1.63732719421
0.222018003464		2.09402179718
0.227262020111		3.02770709991
0.232513904572		3.40828514099
0.237763881683		2.81965732574
0.243020057678		1.9214925766
0.248266935349		1.67792224884
0.253517866135		2.37818622589
0.258766889572		3.24590492249
0.264018058777		3.31694602966
0.269273996353		2.53549194336
0.274525880814		1.73374080658
0.279769897461		1.80985641479
0.285018920898		2.67250061035
0.29026889801		3.38291358948
0.295521974564		3.13934326172
0.300770044327		2.2310295105
0.306020975113		1.64747619629
0.311275959015		2.02805423737
0.316520929337		2.9617395401
0.32177901268		3.41335964203
0.327023029327		2.89069843292
0.332275867462		1.9722366333
0.337525844574		1.65762519836
0.342782020569		2.29699611664
0.348027944565		3.19516181946
0.353285074234		3.35246753693
0.358528852463		2.60653305054
0.363784074783		1.77940940857
0.369029045105		1.76926136017
0.374280929565		2.5913105011
0.379530906677		3.35246753693
0.384785890579		3.20530986786
0.390030860901		2.30714511871
0.395283937454		1.65762519836
0.400533914566		1.9722366333
0.405788898468		2.88055038452
0.411035060883		3.41335964203
0.416285991669		2.9617395401
0.421544075012		2.03820323944
0.426784992218		1.64747619629
0.4320499897		2.21580600739
0.437288999557		3.13934326172
0.442546844482		3.37783908844
0.447788953781		2.68264961243
0.45304107666		1.8200044632
0.458292961121		1.72866630554
0.463546991348		2.51519489288
0.46879196167		3.3220205307
0.474045038223		3.24590492249
0.479294061661		2.38833522797
0.484551906586		1.67792224884
0.489794015884		1.90626907349
0.495048046112		2.81458282471
0.500295877457		3.40828514099
0.50554895401		3.03278160095
0.510794878006		2.09909534454
0.516052007675		1.63732719421
0.521303892136		2.14983940125
0.526547908783		3.08352470398
0.531805992126		3.39306259155
0.537050962448		2.7536907196
0.542306900024		1.87582302094
0.547551870346		1.70329380035
0.552803039551		2.42385578156
0.558052062988		3.28649997711
0.563310861588		3.29157447815
0.568554878235		2.45937633514
0.57380604744		1.70329380035
0.579053878784		1.85045146942
0.58438706398		2.66235160828
0.589684963226		3.36769008636
0.594941854477		3.18501281738
0.600183010101		2.27162456512
0.605434894562		1.64747619629
0.610683917999		1.99253368378
0.615936994553		2.92114448547
0.621192932129		3.41335964203
0.626436948776		2.92621898651
0.631687879562		2.00775718689
0.636936903		1.64747619629
0.642194032669		2.25132751465
0.647443056107		3.16471481323
0.652688026428		3.36769008636
0.65794301033		2.64712810516
0.663193941116		1.79970741272
0.668443918228		1.74896335602
0.673696994781		2.54564094543
0.678942918777		3.33216953278
0.684195995331		3.23068237305
0.689444065094		2.35281467438
0.694695949554		1.66777324677
0.699944972992		1.9214925766
0.705199956894		2.8501033783
0.710448026657		3.40828514099
0.715698957443		2.99726104736
0.720948934555		2.11431884766
0.726326942444		1.64240169525
0.73158288002		2.0838727951
0.736824035645		3.01755809784
0.742083072662		3.40828514099
0.747326850891		2.82473182678
0.752585887909		1.92656707764
0.757835865021		1.67792224884
0.763085842133		2.35788917542
0.76832985878		3.23575687408
0.773581027985		3.3220205307
0.778831958771		2.53549194336
0.784103870392		1.74896335602
0.789331912994		1.80478191376
0.794591903687		2.65727710724
0.799834012985		3.37783908844
0.80508685112		3.15456676483
0.810335874557		2.24117851257
0.815587997437		1.64240169525
0.8208360672		1.99760818481
0.82608795166		2.9515914917
0.831344842911		3.41335964203
0.836588859558		2.900847435
0.841845989227		1.98745918274
0.847090005875		1.65762519836
0.852342844009		2.28684806824
0.857590913773		3.18501281738
0.862848043442		3.35754108429
0.868092060089		2.61160755157
0.873344898224		1.77940940857
0.878593921661		1.76418685913
0.883849859238		2.58116149902
0.889092922211		3.35754108429
0.89442896843		3.25097942352
0.899723052979		2.42893028259
0.904973983765		1.68807125092
0.910223960876		1.87582302094
0.91547703743		2.77398777008
0.92072892189		3.39813613892
0.925973892212		3.05815315247
0.931239843369		2.15491390228
0.936477899551		1.63732719421
0.941731929779		2.10924434662
0.946976900101		3.04292964935
0.952230930328		3.40321063995
0.957478046417		2.79428577423
0.962735891342		1.90119457245
0.96797990799		1.69314575195
0.973232030869		2.40355873108
0.978481054306		3.2611284256
0.983731985092		3.3118724823
0.988982915878		2.50504589081
0.994240045547		1.7235918045
0.999485969543		1.82507896423
1.00473999977		2.69279766083
1.00998497009		3.38798809052
1.01523590088		3.12411975861
1.02048587799		2.21073246002
1.02573990822		1.64240169525
1.03098797798		2.01283168793
1.03636598587		2.88562393188
1.04162096977		3.41843414307
1.04686498642		2.96681404114
1.05211591721		2.03820323944
1.05736494064		1.64747619629
1.06262993813		2.20565795898
1.06786704063		3.12919425964
1.07312297821		3.37783908844
1.07836699486		2.67757511139
1.08364295959		1.83522796631
1.08886885643		1.73374080658
1.09412193298		2.51519489288
1.09937286377		3.31694602966
1.10462188721		3.25097942352
1.10987305641		2.393409729
1.11512303352		1.67792224884
1.12037301064		1.90626907349
1.12562704086		2.81458282471
1.13087391853		3.39813613892
1.13625407219		3.11904525757
1.141507864		2.21073246002
1.14675092697		1.63732719421
1.1520049572		2.05342674255
1.15725493431		2.97696304321
1.16251087189		3.41335964203
1.16775393486		2.86025238037
1.17300605774		1.95193862915
1.17825603485		1.66777324677
1.18351697922		2.31729412079
1.18875694275		3.21545886993
1.19400787354		3.33724403381
1.19925689697		2.57608699799
1.20451307297		1.75911235809
1.20975899696		1.78448390961
1.21501493454		2.62683105469
1.22026085854		3.36261558533
1.22551488876		3.18501281738
1.23076796532		2.28684806824
1.23601388931		1.65255069733
1.24126887321		1.98745918274
1.24651885033		2.91099643707
1.25177192688		3.41843414307
1.25701594353		2.93636798859
1.26227402687		2.01790523529
1.26751804352		1.65255069733
1.2727689743		2.25132751465
1.27802300453		3.15456676483
1.28327703476		3.3727645874
1.28852295876		2.6522026062
1.29377198219		1.79970741272
1.2990219593		1.74388885498
1.30427193642		2.55071544647
1.3095228672		3.33216953278
1.31477594376		3.22560787201
1.32002401352		2.35788917542
1.32527589798		1.6728477478
1.33052587509		1.92656707764
1.33577799797		2.84502887726
1.34102702141		3.40828514099
1.34640598297		3.09367370605
1.35165500641		2.17521095276
1.35690307617		1.64240169525
1.3621609211		2.07879829407
1.36740589142		3.00740909576
1.37265706062		3.40828514099
1.37790799141		2.82980632782
1.38315701485		1.9214925766
1.38840794563		1.6728477478
1.39366388321		2.35788917542
1.39890885353		3.23068237305
1.40416193008		3.3220205307
1.40941596031		2.55071544647
1.41466188431		1.75403785706
1.41991686821		1.79463291168
1.4251639843		2.66235160828
1.43041396141		3.37783908844
1.4356648922		3.14949226379
1.44091391563		2.2817735672
1.44616389275		1.64747619629
1.45142197609		2.01283168793
1.45666599274		2.94144248962
1.46192288399		3.41843414307
1.46716690063		2.90592193604
1.47242689133		1.9823846817
1.4776699543		1.65255069733
1.48292589188		2.28684806824
1.48816990852		3.18501281738
1.49342107773		3.35754108429
1.49867391586		2.62175655365
1.50392985344		1.78955841064
1.50917291641		1.75911235809
1.51450490952		2.51012039185
1.51980304718		3.29664897919
1.52505207062		3.27127742767
1.53029990196		2.42893028259
1.53555393219		1.69314575195
1.54080200195		1.87582302094
1.54605293274		2.76891326904
1.55130887032		3.40828514099
1.55654597282		3.0632276535
1.56179904938		2.13969039917
1.56705403328		1.64240169525
1.5723118782		2.10924434662
1.57755589485		3.04292964935
1.58281302452		3.40321063995
1.58805704117		2.79936027527
1.59330892563		1.89612102509
1.59855890274		1.68299674988
1.60381007195		2.39848423004
1.60906004906		3.25605392456
1.61434984207		3.3220205307
1.61956191063		2.50504589081
1.62481284142		1.72866630554
1.63007903099		1.80985641479
1.63531303406		2.69787216187
1.6405608654		3.39306259155
1.64581394196		3.12411975861
1.65106487274		2.21580600739
1.65631699562		1.64240169525
1.66157197952		2.04327774048
1.66681599617		2.97696304321
1.67206597328		3.41335964203
1.67731595039		2.87040138245
1.68257403374		1.95701313019
1.68781805038		1.66777324677
1.69306898117		2.32744312286
1.69831991196		3.21545886993
1.70357084274		3.34231853485
1.70882296562		2.58623600006
1.71407699585		1.76418685913
1.71932196617		1.77940940857
1.72457885742		2.61668205261
1.72982192039		3.36261558533
1.73508000374		3.18501281738
1.74032402039		2.2817735672
1.74557495117		1.65762519836
1.75082397461		1.93164157867
1.75620698929		2.79428577423
1.76146006584		3.41335964203
1.76670503616		3.03785610199
1.77196097374		2.11431884766
1.77720284462		1.63732719421
1.78246188164		2.14476490021
1.78770589828		3.06830215454
1.79296398163		3.39813613892
1.7982070446		2.76383876801
1.80346107483		1.87582302094
1.80871105194		1.69314575195
1.81396102905		2.43400478363
1.81921100616		3.27635097504
1.82447004318		3.29664897919
1.82971000671		2.46952533722
1.83496499062		1.71344280243
1.84021186829		1.84537696838
1.84546589851		2.72831821442
1.85071802139		3.39813613892
1.85596704483		3.10382270813
1.86122298241		2.19043445587
1.86647200584		1.64240169525
1.87172484398		2.07372379303
1.87696790695		3.00233459473
1.88222503662		3.40828514099
1.88747096062		2.8399553299
1.89272093773		1.92656707764
1.89797687531		1.66777324677
1.90322089195		2.35788917542
1.90847301483		3.23068237305
1.91372299194		3.33216953278
1.91897392273		2.55071544647
1.92422389984		1.74896335602
1.92947506905		1.78955841064
1.93472504616		2.6522026062
1.93997693062		3.37783908844
1.94522690773		3.15456676483
1.95047807693		2.25640106201
1.9557299614		1.65255069733
1.96097803116		1.94178962708
1.9663579464		2.82980632782
1.97161388397		3.41335964203
1.97685289383		3.00740909576
1.98211288452		2.08894729614
1.98735690117		1.63732719421
1.99260997772		2.1802854538
1.99785900116		3.09367370605
2.00310993195		3.38798809052
2.00835990906		2.73339271545
2.01361107826		1.85045146942
2.01885986328		1.70329380035
2.02411389351		2.46445083618
2.02936291695		3.29664897919
2.03461503983		3.27127742767
2.03986406326		2.43907928467
2.04511594772		1.69822025299
2.05036497116		1.86567401886
2.05561900139		2.75876522064
2.06087088585		3.38291358948
2.06624698639		3.16471481323
2.07149505615		2.25132751465
2.0767428875		1.64747619629
2.08200001717		2.01283168793
2.08724498749		2.94144248962
2.0924949646		3.41335964203
2.09774684906		2.90592193604
2.1030049324		1.99253368378
2.10824894905		1.65255069733
2.11350297928		2.27669906616
2.11874890327		3.17993831635
2.12400388718		3.35754108429
2.12925100327		2.63190555573
2.13451385498		1.79463291168
2.13975286484		1.75911235809
2.14500284195		2.58116149902
2.15025091171		3.34739303589
2.15550398827		3.21545886993
2.16075396538		2.32236862183
2.16600298882		1.65762519836
2.17126297951		1.94686412811
2.17650604248		2.87040138245
2.18176388741		3.41335964203
2.18700695038		2.97696304321
2.19226384163		2.05342674255
2.19750785828		1.64747619629
2.20276403427		2.20565795898
2.20800805092		3.12411975861
2.2132589817		3.37783908844
2.21851205826		2.69787216187
2.2237739563		1.84030246735
2.22901201248		1.7235918045
2.23426198959		2.49489688873
2.23951292038		3.31694602966
2.24476385117		3.25097942352
2.25001192093		2.393409729
2.25526690483		1.68299674988
2.26051306725		1.89612102509
2.26576590538		2.79936027527
2.27101492882		3.38798809052
2.27639698982		3.13426876068
2.28165197372		2.22088050842
2.2868950367		1.64240169525
2.29214596748		2.04327774048
2.2973959446		2.97188854218
2.30265307426		3.40828514099
2.30789589882		2.87040138245
2.31314897537		1.96208763123
2.31839895248		1.66269874573
2.32365489006		2.30714511871
2.32889986038		3.20530986786
2.33415102959		3.34739303589
2.33940196037		2.5913105011
2.34465289116		1.76418685913
2.3499019146		1.77940940857
2.35515499115		2.61160755157
2.36040401459		3.36261558533
2.36565494537		3.18501281738
2.37090492249		2.35788917542
2.37628507614		1.68299674988
2.38153791428		1.89104652405
2.38678789139		2.79936027527
2.3920340538		3.40321063995
2.39728307724		3.04800415039
2.40258789062		2.19043445587
2.40791893005		1.64747619629
2.41316390038		2.03820323944
2.4184088707		2.97696304321
2.4236638546		3.41335964203
2.42891192436		2.87547588348
2.43417692184		1.96208763123
2.43941307068		1.66269874573
2.44466400146		2.31729412079
2.4499130249		3.2103843689
2.45516586304		3.34231853485
2.4604139328		2.58116149902
2.46566700935		1.76418685913
2.47091603279		1.73881530762
2.4762969017		2.49997138977
2.4815530777		3.3118724823
2.48679590225		3.25097942352
2.49204587936		2.39848423004
2.49729585648		1.67792224884
2.50255489349		1.89612102509
2.50779795647		2.80950832367
2.51305389404		3.40321063995
2.51829886436		3.03278160095
2.52355504036		2.11939334869
2.52880096436		1.63732719421
2.53405094147		2.14476490021
2.53930091858		3.06830215454
2.54455685616		3.39813613892
2.54980587959		2.76383876801
2.55505299568		1.87582302094
2.56030392647		1.69822025299
2.56555700302		2.42893028259
2.57080793381		3.27635097504
2.57606196404		3.29664897919
2.58131504059		2.48474884033
2.58656001091		1.70329380035
2.59180998802		1.84030246735
2.59705996513		2.73339271545
2.60231184959		3.39306259155
2.60756087303		3.09874820709
2.61281085014		2.1802854538
2.61806201935		1.63732719421
2.6233189106		2.06864929199
2.62856388092		3.00233459473
2.63381505013		3.41335964203
2.63906407356		2.83488082886
2.64435100555		1.95193862915
2.64956593513		1.67792224884
2.65482902527		2.33759117126
2.66006684303		3.22053337097
2.66531896591		3.32709503174
2.67056703568		2.54564094543
2.67582392693		1.74388885498
2.68107485771		1.78955841064
2.68632006645		2.6522026062
2.6915769577		3.36769008636
2.69682097435		3.15964031219
2.7020778656		2.26147556305
2.70732307434		1.64747619629
2.71257996559		2.00268268585
2.71782398224		2.93636798859
2.72308397293		3.41335964203
2.7283270359		2.91099643707
2.73357701302		1.98745918274
2.73882484436		1.65255069733
2.74407792091		2.2817735672
2.74932789803		3.17486381531
2.75458502769		3.36261558533
2.75982904434		2.62683105469
2.76507997513		1.78448390961
2.77035903931		1.74388885498
2.77558493614		2.57101249695
2.78083205223		3.3118724823
2.78622603416		3.28649997711
2.79147696495		2.45937633514
2.79671287537		1.69822025299
2.80196285248		1.86059951782
2.80721402168		2.74861621857
2.81246495247		3.39813613892
2.81771302223		3.06830215454
2.82296991348		2.16506290436
2.8282148838		1.64240169525
2.8334748745		2.09402179718
2.83871603012		3.03278160095
2.84397506714		3.40321063995
2.84921884537		2.80950832367
2.85448002815		1.91134357452
2.85971903801		1.67792224884
2.86497187614		2.38833522797
2.87021994591		3.24590492249
2.87547898293		3.31694602966
2.88072299957		2.52026939392
2.88597202301		1.72866630554
2.89123106003		1.80985641479
2.89647507668		2.67757511139
2.90172600746		3.38291358948
2.90697693825		3.13426876068
2.91223692894		2.2310295105
2.91747498512		1.64240169525
2.92275094986		2.01790523529
2.92797994614		2.96681404114
2.93322896957		3.41335964203
2.9384970665		2.900847435
2.94374084473		1.96716213226
2.94897890091		1.65762519836
2.95423388481		2.30207061768
2.95949697495		3.19008731842
2.96473407745		3.34739303589
2.96998405457		2.59638500214
2.97523498535		1.76418685913
2.98048400879		1.76926136017
2.98573589325		2.60653305054
2.99098491669		3.3220205307
2.99636507034		3.25605392456
3.00161385536		2.40863323212
3.0068628788		1.68299674988
3.01212191582		1.86567401886
3.01736497879		2.79428577423
3.02262401581		3.40828514099
3.02786588669		3.04292964935
3.03311800957		2.12446784973
3.0383708477		1.63732719421
3.04362392426		2.12954235077
3.04886698723		3.05815315247
3.05411887169		3.40321063995
3.05937004089		2.77398777008
3.06462097168		1.88089752197
3.06986999512		1.69314575195
3.07516694069		2.37818622589
3.08050084114		3.20023536682
3.08574986458		3.34739303589
3.09099984169		2.66742610931
3.09637999535		1.83015346527
3.10163187981		1.71344280243
3.10687589645		2.50504589081
3.11212897301		3.30679798126
3.11737799644		3.25097942352
3.12263584137		2.40863323212
3.12787985802		1.68807125092
3.13313007355		1.89104652405
3.13838291168		2.79428577423
3.14364600182		3.40321063995
3.148884058		3.04800415039
3.15413284302		2.12446784973
3.15938186646		1.63225269318
3.16463494301		2.13969039917
3.16988396645		3.05815315247
3.17513585091		3.39813613892
3.180382967		2.77398777008
3.18563985825		1.87582302094
3.19088697433		1.67792224884
3.1961388588		2.393409729
3.20139598846		3.2611284256
3.20663905144		3.29157447815
3.21189403534		2.48474884033
3.21714091301		1.71344280243
3.22239589691		1.83522796631
3.22764205933		2.71309566498
3.23289895058		3.38798809052
3.23813986778		3.10382270813
3.24339985847		2.19550895691
3.24864506721		1.63732719421
3.253895998		2.06864929199
3.25914597511		2.97188854218
3.26448988914		3.41335964203
3.26977300644		2.9515914917
3.27502799034		2.02297973633
3.28027296066		1.64240169525
3.28552603722		2.23610401154
3.29078984261		3.13934326172
3.29602599144		3.36769008636
3.30128192902		2.66742610931
3.30654406548		1.8200044632
3.3117878437		1.72866630554
3.31702685356		2.53041744232
3.32228899002		3.32709503174
3.32754302025		3.24083042145
3.33277988434		2.36803817749
3.33803200722		1.6728477478
3.34328889847		1.90626907349
3.34853100777		2.82473182678
3.35378289223		3.40828514099
3.35903191566		3.01755809784
3.36428999901		2.10416984558
3.36953401566		1.63732719421
3.37478590012		2.1701374054
3.38003587723		3.07845020294
3.38528585434		3.38798809052
3.39053487778		2.73846721649
3.395788908		1.85552597046
3.40111303329		1.67792224884
3.40641689301		2.3426656723
3.411673069		3.22053337097
3.41691589355		3.32709503174
3.42217206955		2.55578994751
3.42741584778		1.74388885498
3.43266797066		1.79463291168
3.43791699409		2.64712810516
3.44317388535		3.36769008636
3.44841790199		3.16471481323
3.45367097855		2.26147556305
3.45892000198		1.65255069733
3.46417093277		2.00775718689
3.46942305565		2.92621898651
3.47467494011		3.41335964203
3.47992086411		2.91099643707
3.48517489433		1.98745918274
3.49042606354		1.65255069733
3.49569296837		2.25640106201
3.50092387199		3.12411975861
3.50630497932		3.39306259155
3.51156806946		2.74861621857
3.51680207253		1.85552597046
3.52205896378		1.70329380035
3.52732396126		2.42385578156
3.53255605698		3.29157447815
3.53780794144		3.27635097504
3.54306387901		2.46445083618
3.54830598831		1.70329380035
3.55356502533		1.86059951782
3.55880689621		2.75876522064
3.5640668869		3.39306259155
3.5693089962		3.08352470398
3.57457590103		2.1701374054
3.57980895042		1.63732719421
3.58506202698		2.10416984558
3.59031105042		3.02770709991
3.59556388855		3.40321063995
3.60081291199		2.88055038452
3.60619401932		1.99760818481
3.61144804955		1.64747619629
3.6166908741		2.27162456512
3.62193989754		3.17486381531
3.62719392776		3.35754108429
3.63244795799		2.62683105469
3.63769388199		1.78448390961
3.64295506477		1.75403785706
3.64818501472		2.58116149902
3.65343904495		3.34231853485
3.65869998932		3.21545886993
3.66395401955		2.33759117126
3.66919898987		1.66269874573
3.67448091507		1.9214925766
3.67971396446		2.8501033783
3.68495106697		3.41335964203
3.69020485878		2.98203754425
3.69545197487		2.05342674255
3.70070004463		1.64240169525
3.70595288277		2.20058345795
3.71120786667		3.11397171021
3.71645307541		3.37783908844
3.72170996666		2.70802116394
3.72695302963		1.83015346527
3.73221087456		1.70836830139
3.73745584488		2.49489688873
3.74271297455		3.30172348022
3.74795603752		3.25605392456
3.75320696831		2.40863323212
3.75845694542		1.68299674988
3.76371598244		1.88089752197
3.76895904541		2.78921127319
3.7742099762		3.40321063995
3.77946090698		3.04800415039
3.78471207619		2.11939334869
3.7899620533		1.63732719421
3.79521393776		2.12954235077
3.80046200752		3.05815315247
3.8057179451		3.40321063995
3.81096506119		2.80950832367
3.8162150383		1.88089752197
3.82147288322		1.68807125092
3.8267159462		2.41878128052
3.83196997643		3.26620292664
3.8372168541		3.29664897919
3.84247589111		2.4898223877
3.84773492813		1.71851730347
3.8529779911		1.83015346527
3.85821986198		2.71309566498
3.86347293854		3.38798809052
3.86872196198		3.10889720917
3.87398004532		2.20058345795
3.87922286987		1.63732719421
3.88447999954		2.05850028992
3.88972496986		2.99218654633
3.89497590065		3.40828514099
3.90022706985		2.87040138245
3.90547895432		1.94178962708
3.91072702408		1.66269874573
3.91597890854		2.33251667023
3.92123389244		3.21545886993
3.92647886276		3.32709503174
3.93173599243		2.56086444855
3.93698000908		1.74896335602
3.94223999977		1.78448390961
3.94748306274		2.63698005676
3.95274186134		3.36261558533
3.95798301697		3.16978931427
3.96324086189		2.26655006409
3.96848392487		1.64747619629
3.97373604774		1.99760818481
3.97898888588		2.92621898651
3.98424291611		3.40828514099
3.98948502541		2.92114448547
3.99474191666		1.99760818481
3.99998998642		1.65255069733
4.00524306297		2.26147556305
4.01048898697		3.16978931427
4.01577687263		3.3727645874
4.02098989487		2.68264961243
4.02636599541		1.85552597046
4.0316400528		1.69822025299
4.03686785698		2.45430183411
4.04212403297		3.28142547607
4.04736995697		3.27635097504
4.05261993408		2.46445083618
4.05787205696		1.69314575195
4.06312799454		1.85552597046
4.06837201118		2.73339271545
4.07362484932		3.39306259155
4.07887387276		3.07845020294
4.0841319561		2.17521095276
4.08937501907		1.63732719421
4.09462690353		2.09402179718
4.0998749733		3.02263259888
4.10512804985		3.40828514099
4.1103758812		2.81458282471
4.1156308651		1.91134357452
4.12087798119		1.65762519836
4.12625789642		2.26655006409
4.13151097298		3.16471481323
4.1367559433		3.36261558533
4.14201402664		2.6420545578
4.14725589752		1.78448390961
4.15250897408		1.74896335602
4.15775799751		2.56086444855
4.16301488876		3.33724403381
4.16825890541		3.2103843689
4.17351198196		2.34774017334
4.17876791954		1.66269874573
4.18401193619		1.93671607971
4.18926095963		2.85517787933
4.19451999664		3.40828514099
4.19977903366		2.99726104736
4.20501589775		2.06357479095
4.21026396751		1.63732719421
4.21552300453		2.1701374054
4.22076702118		3.11397171021
4.22601699829		3.38291358948
4.23127484322		2.73339271545
4.23651790619		1.83522796631
4.24177503586		1.71344280243
4.24702000618		2.48474884033
4.25227499008		3.28649997711
4.2575199604		3.2611284256
4.26277899742		2.41878128052
4.26802492142		1.68807125092
4.27327895164		1.87582302094
4.27852201462		2.78413677216
4.2837729454		3.40321063995
4.28902387619		3.04800415039
4.2942738533		2.12954235077
4.29952597618		1.63225269318
4.30477786064		2.12446784973
4.31002688408		3.04800415039
4.31527900696		3.39813613892
4.32052707672		2.78413677216
4.32577991486		1.89104652405
4.33103299141		1.66269874573
4.3364109993		2.29699611664
4.34167003632		3.17993831635
4.3469209671		3.35246753693
4.35216403008		2.60145950317
4.35740685463		1.76926136017
4.36268091202		1.75403785706
4.36791205406		2.59638500214
4.3731610775		3.35246753693
4.37840890884		3.19516181946
4.38368296623		2.32236862183
4.38891100883		1.65762519836
4.39416384697		1.96716213226
4.39941287041		2.89577293396
4.40466690063		3.41335964203
4.40991401672		2.95666599274
4.41516804695		2.02805423737
4.4204158783		1.64240169525
4.42566895485		2.22088050842
4.43091797829		3.10889720917
4.43616986275		3.37783908844
4.44142484665		2.68264961243
4.4466688633		1.81493091583
4.45192790031		1.72866630554
4.45717096329		2.52534389496
4.46242690086		3.31694602966
4.46767187119		3.24083042145
4.47292304039		2.38833522797
4.47817087173		1.6728477478
4.48342990875		1.89612102509
4.4886739254		2.81965732574
4.49392485619		3.40828514099
4.49917602539		3.02263259888
4.50450706482		2.15998840332
4.50980401039		1.64240169525
4.51505589485		2.05342674255
4.52030301094		2.98711204529
4.5255548954		3.41335964203
4.53080391884		2.85517787933
4.53605604172		1.94178962708
4.54131197929		1.66777324677
4.54655694962		2.33251667023
4.55182290077		3.20530986786
4.55705690384		3.33216953278
4.56231784821		2.58116149902
4.5675599575		1.75911235809
4.57281184196		1.77940940857
4.5780620575		2.63190555573
4.58331799507		3.36261558533
4.58856201172		3.16978931427
4.59381389618		2.27162456512
4.59908604622		1.65762519836
4.6043510437		1.94178962708
4.60969185829		2.81458282471
4.61494207382		3.41335964203
4.62019085884		3.03278160095
4.62544488907		2.09402179718
4.63069105148		1.63732719421
4.63594484329		2.15491390228
4.64120197296		3.07337665558
4.64643597603		3.38798809052
4.65168905258		2.74861621857
4.65694904327		1.86059951782
4.6622030735		1.69314575195
4.66745305061		2.44415378571
4.6727039814		3.28142547607
4.67794585228		3.28142547607
4.68320584297		2.46952533722
4.68844890594		1.70329380035
4.69370102882		1.85045146942
4.69896388054		2.73339271545
4.70420885086		3.39813613892
4.70945000648		3.08352470398
4.71472096443		2.17521095276
4.71995592117		1.63732719421
4.72520589828		2.0838727951
4.73045396805		3.0124835968
4.73572206497		3.40321063995
4.74095487595		2.86025238037
4.7462079525		1.91641807556
4.7514629364		1.6728477478
4.7567088604		2.37311172485
4.7619638443		3.23068237305
4.76720786095		3.3118724823
4.77245998383		2.54564094543
4.77771091461		1.73374080658
4.78296685219		1.79463291168
4.78821206093		2.65727710724
4.79346299171		3.37783908844
4.79872894287		3.14949226379
4.80396604538		2.23610401154
4.80921602249		1.64747619629
4.81447005272		2.02297973633
4.81971502304		2.9515914917
4.82496786118		3.41335964203
4.8302218914		2.900847435
4.83546900749		1.9722366333
4.84071803093		1.65762519836
4.84596896172		2.29699611664
4.85122990608		3.18501281738
4.85646986961		3.34739303589
4.86172699928		2.61160755157
4.86697292328		1.77433586121
4.87222385406		1.75911235809
4.8774728775		2.5913105011
4.8827290535		3.35246753693
4.88797688484		3.20023536682
4.89322686195		2.31221961975
4.89847588539		1.65762519836
4.9037399292		1.95193862915
4.90897798538		2.88055038452
4.91423487663		3.41335964203
4.91947793961		2.97696304321
4.92473101616		2.03820323944
4.92998194695		1.64240169525
4.93523097038		2.20058345795
4.94047904015		3.11904525757
4.94573307037		3.37783908844
4.95098185539		2.76383876801
4.9563639164		1.91134357452
4.96161794662		1.68299674988
4.96685791016		2.40355873108
4.97211694717		3.2611284256
4.97736096382		3.30172348022
4.98261594772		2.49997138977
4.98786306381		1.7235918045
4.99312591553		1.81493091583
4.99836301804		2.69787216187
