0.000130891799927		3.09874820709
0.00538301467896		1.70836830139
0.00952005386353		2.7536907196
0.0136349201202		3.07337665558
0.0177628993988		1.63225269318
0.0218870639801		3.03785610199
0.0260109901428		2.78921127319
0.0301380157471		1.69314575195
0.0342588424683		3.27635097504
0.0383930206299		2.47967433929
0.0425119400024		1.84030246735
0.0466370582581		3.40321063995
0.0507650375366		2.1701374054
0.0548889636993		2.0838727951
0.0590138435364		3.40828514099
0.0631399154663		1.90626907349
0.0672788619995		2.37311172485
0.0714018344879		3.3118724823
0.075523853302		1.71851730347
0.0796499252319		2.69787216187
0.0838079452515		3.14949226379
0.0879008769989		1.63732719421
0.0920238494873		2.99726104736
0.0961558818817		2.8501033783
0.100275039673		1.66777324677
0.104402065277		3.23575687408
0.10853099823		2.54564094543
0.11265206337		1.79970741272
0.116776943207		3.38798809052
0.120907068253		2.2310295105
0.125036001205		2.02805423737
0.129153013229		3.41335964203
0.133278846741		1.95193862915
0.137408018112		2.32744312286
0.141530036926		3.33724403381
0.145663976669		1.74896335602
0.149785041809		2.6420545578
0.15390586853		3.16471481323
0.158035039902		1.64240169525
0.162155866623		2.93636798859
0.166290044785		2.90592193604
0.170409917831		1.65255069733
0.174533843994		3.13934326172
0.178787946701		2.70802116394
0.182910919189		1.71851730347
0.18704199791		3.31694602966
0.191159963608		2.393409729
0.195301055908		1.88597202301
0.199416875839		3.41335964203
0.203539848328		2.09402179718
0.207668066025		2.15998840332
0.211793899536		3.39306259155
0.215914011002		1.84537696838
0.220038890839		2.47459983826
0.224164962769		3.26620292664
0.228292942047		1.68807125092
0.232414960861		2.78413677216
0.236541032791		3.05307865143
0.240666866302		1.63225269318
0.244799852371		3.06830215454
0.248919963837		2.76383876801
0.253042936325		1.69314575195
0.257169961929		3.28649997711
0.261291980743		2.45430183411
0.265425920486		1.85045146942
0.269546031952		3.40321063995
0.273669958115		2.14476490021
0.277796030045		2.10924434662
0.281920909882		3.40828514099
0.286054849625		1.89104652405
0.290173053741		2.40863323212
0.294297933578		3.29664897919
0.298430919647		1.71344280243
0.302556037903		2.72324466705
0.306681871414		3.10382270813
0.310801029205		1.63225269318
0.314934015274		3.0124835968
0.319054841995		2.82473182678
0.323179006577		1.6728477478
0.327304840088		3.25097942352
0.331426858902		2.51519489288
0.335562944412		1.80985641479
0.339685916901		3.38798809052
0.343806028366		2.20058345795
0.347931861877		2.05850028992
0.352056026459		3.40828514099
0.35618185997		1.92656707764
0.360308885574		2.35281467438
0.364433050156		3.35246753693
0.368562936783		1.73881530762
0.372684955597		2.66235160828
0.376852035522		3.17486381531
0.380935907364		1.63732719421
0.385067939758		2.95666599274
0.389188051224		2.88055038452
0.393311977386		1.65762519836
0.397439002991		3.2103843689
0.401563882828		2.57608699799
0.405694961548		1.77433586121
0.40981388092		3.3727645874
0.41393995285		2.26147556305
0.418067932129		2.00268268585
0.422188997269		3.4235086441
0.426322937012		1.9823846817
0.430443048477		2.2919216156
0.43456697464		3.36769008636
0.438694000244		1.77433586121
0.442822933197		2.60145950317
0.446945905685		3.19008731842
0.451069831848		1.65255069733
0.455194950104		2.91099643707
0.459318876266		2.93636798859
0.463444948196		1.64240169525
0.467584848404		3.15964031219
0.471698045731		2.63190555573
0.475823879242		1.74896335602
0.479948043823		3.34739303589
0.484073877335		2.32236862183
0.488199949265		1.95701313019
0.492326974869		3.41843414307
0.496455907822		2.0331287384
0.500575065613		2.22595500946
0.504709005356		3.37783908844
0.508828878403		1.79970741272
0.512951850891		2.5405664444
0.517083883286		3.23068237305
0.521209001541		1.66777324677
0.525337934494		2.8501033783
0.529454946518		2.98711204529
0.533580064774		1.63225269318
0.537706851959		3.11904525757
0.541831016541		2.69279766083
0.545963048935		1.71851730347
0.550086975098		3.31694602966
0.554208040237		2.38326072693
0.558335065842		1.90626907349
0.562459945679		3.41843414307
0.566593885422		2.0838727951
0.570709943771		2.1701374054
0.57484292984		3.39306259155
0.578959941864		1.84537696838
0.583086013794		2.47967433929
0.587213039398		3.2611284256
0.591336965561		1.67792224884
0.59547495842		2.78921127319
0.599587917328		3.04292964935
0.603713989258		1.62717819214
0.607841014862		3.07337665558
0.611965894699		2.7536907196
0.616112947464		1.68807125092
0.620219945908		3.28649997711
0.624341011047		2.43907928467
0.628466844559		1.86567401886
0.632591962814		3.40321063995
0.636719942093		2.13969039917
0.640843868256		2.11431884766
0.64497590065		3.40828514099
0.649096012115		1.88597202301
0.653219938278		2.42385578156
0.657346963882		3.29157447815
0.661470890045		1.70329380035
0.66560792923		2.72831821442
0.669721841812		3.09367370605
0.673848867416		1.63225269318
0.677975893021		3.02263259888
0.682098865509		2.81458282471
0.686230897903		1.67792224884
0.690351009369		3.25605392456
0.694473981857		2.58623600006
0.698730945587		1.75911235809
0.702852010727		3.36261558533
0.706982851028		2.30207061768
0.71110200882		1.9722366333
0.715229988098		3.4235086441
0.719354867935		2.01283168793
0.723484039307		2.24625301361
0.727604866028		3.36769008636
0.731729984283		1.78448390961
0.735861063004		2.56593894958
0.73998093605		3.21545886993
0.744106054306		1.65255069733
0.748234987259		2.87547588348
0.752356052399		2.96681404114
0.756484985352		1.63732719421
0.760608911514		3.14441776276
0.764745950699		2.68264961243
0.768858909607		1.73374080658
0.772986888885		3.33216953278
0.77711391449		2.36296367645
0.781235933304		1.91134357452
0.785367965698		3.41335964203
0.789487838745		2.05850028992
0.793612003326		2.20058345795
0.797739028931		3.38291358948
0.801862001419		1.82507896423
0.805996894836		2.50504589081
0.81011390686		3.25097942352
0.814239025116		1.6728477478
0.818495988846		2.7029466629
0.82261800766		3.11904525757
0.826748847961		1.63732719421
0.830867052078		3.00233459473
0.835005998611		2.8501033783
0.83911895752		1.66777324677
0.843243837357		3.24083042145
0.847372055054		2.52534389496
0.851511955261		1.79970741272
0.855622053146		3.38291358948
0.859745979309		2.21580600739
0.863870859146		2.04835224152
0.867996931076		3.41335964203
0.87212395668		1.94178962708
0.87625002861		2.33251667023
0.880373954773		3.33724403381
0.88449883461		1.78448390961
0.888752937317		2.53549194336
0.892874002457		3.23068237305
0.8970079422		1.66269874573
0.901125907898		2.85517787933
0.905261039734		2.99726104736
0.909378051758		1.63732719421
0.913502931595		3.12411975861
0.917630910873		2.7029466629
0.921754837036		1.71851730347
0.925885915756		3.3220205307
0.930006027222		2.38833522797
0.9341340065		1.90626907349
0.938259840012		3.41335964203
0.942383050919		2.07879829407
0.946511030197		2.1701374054
0.950633049011		3.38798809052
0.954763889313		1.84537696838
0.958883047104		2.47967433929
0.96300983429		3.27127742767
0.967141866684		1.68299674988
0.971259832382		2.79428577423
0.97539305687		3.04800415039
0.979516029358		1.62717819214
0.983635902405		3.07337665558
0.987761974335		2.75876522064
0.991886854172		1.69314575195
0.996012926102		3.29157447815
1.00013685226		2.45430183411
1.00426483154		1.86567401886
1.00839185715		3.40321063995
1.01251506805		2.13461589813
1.01663994789		2.11431884766
1.02076601982		3.40828514099
1.02489185333		1.88089752197
1.02901983261		2.41370677948
1.03314399719		3.29664897919
1.03726887703		1.70329380035
1.04139304161		2.73339271545
1.04552483559		3.09367370605
1.0496430397		1.63225269318
1.05376887321		3.02770709991
1.05789995193		2.81458282471
1.06202101707		1.67792224884
1.06615400314		3.25097942352
1.07027292252		2.50504589081
1.07439994812		1.8200044632
1.07852387428		3.39813613892
1.08264803886		2.19043445587
1.08677387238		2.05850028992
1.09089994431		3.40828514099
1.09502696991		1.93164157867
1.09915089607		2.35788917542
1.10327601433		3.3220205307
1.1074090004		1.73374080658
1.11152791977		2.6522026062
1.11566591263		3.14441776276
1.11978006363		1.63732719421
1.12390303612		2.97188854218
1.12803006172		2.87547588348
1.13215398788		1.66269874573
1.1362888813		3.2103843689
1.140406847		2.56086444855
1.14453101158		1.76926136017
1.14865899086		3.3727645874
1.15278100967		2.24625301361
1.15694403648		1.9823846817
1.16103601456		3.41843414307
1.16516494751		1.97731018066
1.16928505898		2.30207061768
1.17341089249		3.35246753693
1.17753791809		1.76926136017
1.18165898323		2.61668205261
1.1857919693		3.19008731842
1.18991398811		1.64747619629
1.19403791428		2.91607093811
1.19816589355		2.93129348755
1.20228886604		1.65255069733
1.20642089844		3.16978931427
1.21054005623		2.62683105469
1.21473383904		1.72866630554
1.21891784668		3.30172348022
1.22304201126		2.41878128052
1.22716784477		1.88089752197
1.23129200935		3.41335964203
1.23543000221		2.12954235077
1.23954486847		2.13969039917
1.24366903305		3.39813613892
1.24779701233		1.86567401886
1.25192093849		2.44415378571
1.25604891777		3.28649997711
1.26017093658		1.69314575195
1.26429605484		2.75876522064
1.2685520649		3.16471481323
1.27267289162		1.64747619629
1.27683496475		2.91607093811
1.2809419632		2.91099643707
1.28505706787		1.65255069733
1.28917503357		3.20530986786
1.29330086708		2.5913105011
1.29742693901		1.77433586121
1.3015499115		3.36261558533
1.30568289757		2.2817735672
1.30980086327		1.99253368378
1.31392598152		3.41335964203
1.3180539608		1.98745918274
1.32217788696		2.27669906616
1.32631206512		3.36261558533
1.33042883873		1.77433586121
1.33455586433		2.55578994751
1.33868193626		3.20023536682
1.34280705452		1.65255069733
1.3469388485		2.89069843292
1.35105800629		2.94651699066
1.35519003868		1.64747619629
1.35930800438		3.15964031219
1.36343884468		2.6522026062
1.36755895615		1.74388885498
1.37167692184		3.34739303589
1.37580704689		2.33759117126
1.37993693352		1.93671607971
1.38406205177		3.41843414307
1.38818788528		2.04327774048
1.39231204987		2.22088050842
1.39643788338		3.38291358948
1.40056300163		1.80985641479
1.40469288826		2.52026939392
1.4088139534		3.24083042145
1.41293883324		1.66777324677
1.41707086563		2.83488082886
1.42119002342		2.99726104736
1.42532086372		1.63732719421
1.42944097519		3.11904525757
1.43356990814		2.71309566498
1.43770194054		1.70836830139
1.44181704521		3.31694602966
1.4459438324		2.39848423004
1.45007205009		1.89612102509
1.45419502258		3.40828514099
1.45832300186		2.09909534454
1.46244287491		2.15998840332
1.46657299995		3.39813613892
1.47069787979		1.84537696838
1.47482800484		2.45937633514
1.47894597054		3.27127742767
1.48307085037		1.68807125092
1.48719906807		2.78413677216
1.49132704735		3.05307865143
1.49545001984		1.63225269318
1.49957203865		3.06830215454
1.50369906425		2.76383876801
1.50782704353		1.68807125092
1.51194787025		3.28142547607
1.51607584953		2.45430183411
1.52020287514		1.85552597046
1.52432799339		3.39813613892
1.52845406532		2.14983940125
1.53257799149		2.10924434662
1.53671002388		3.40828514099
1.54082798958		1.88597202301
1.54496002197		2.39848423004
1.54907989502		3.30679798126
1.55320501328		1.71344280243
1.55733203888		2.72324466705
1.56145501137		3.09874820709
1.56558990479		1.63225269318
1.56970906258		3.01755809784
1.57383298874		2.82473182678
1.57795906067		1.6728477478
1.58208489418		3.25097942352
1.58621788025		2.52534389496
1.5903339386		1.81493091583
1.59446001053		3.36769008636
1.59871602058		2.31729412079
1.6028380394		1.96208763123
1.60697197914		3.41335964203
1.61108899117		2.01790523529
1.61521601677		2.23610401154
1.6193459034		3.3727645874
1.62346601486		1.79463291168
1.62759399414		2.55071544647
1.63171696663		3.22053337097
1.63584399223		1.66269874573
1.63996887207		2.86532688141
1.64409399033		2.98711204529
1.64822006226		1.63732719421
1.65234494209		3.13426876068
1.65647006035		2.68772315979
1.66059494019		1.7235918045
1.66472792625		3.31694602966
1.66884803772		2.37311172485
1.67297005653		1.91134357452
1.6771068573		3.41335964203
1.6812210083		2.06864929199
1.68534898758		2.1802854538
1.68947601318		3.38798809052
1.69359588623		1.83522796631
1.69772601128		2.4898223877
1.70184803009		3.25605392456
1.70598292351		1.67792224884
1.71009993553		2.80950832367
1.71422791481		3.03278160095
1.71835398674		1.62717819214
1.72247600555		3.08352470398
1.72660899162		2.7536907196
1.73072886467		1.70329380035
1.73485398293		3.29664897919
1.73897886276		2.42893028259
1.74310493469		1.8707485199
1.74723696709		3.40828514099
1.75135588646		2.12446784973
1.75548696518		2.11939334869
1.75960803032		3.40321063995
1.76373195648		1.87582302094
1.76785802841		2.43400478363
1.77198290825		3.28649997711
1.77611494064		1.70329380035
1.78023386002		2.74861621857
1.7843580246		3.08352470398
1.7884850502		1.63225269318
1.79260897636		3.03278160095
1.79673790932		2.80443382263
1.80086088181		1.67792224884
1.8049929142		3.2611284256
1.8091108799		2.4898223877
1.81323695183		1.83015346527
1.81737089157		3.39306259155
1.82149004936		2.18535995483
1.82562088966		2.06864929199
1.82974004745		3.40828514099
1.83386492729		1.91641807556
1.8379919529		2.37311172485
1.84211683273		3.3220205307
1.84625101089		1.72866630554
1.85036802292		2.68772315979
1.85449194908		3.15964031219
1.8586230278		1.63732719421
1.86274504662		2.97696304321
1.86695194244		2.92621898651
1.87112283707		1.64240169525
1.87525987625		3.13934326172
1.87937402725		2.66235160828
1.88349795341		1.73881530762
1.88762593269		3.34231853485
1.89174890518		2.34774017334
1.89587593079		1.93164157867
1.89999985695		3.41335964203
1.90412592888		2.05342674255
1.90825390816		2.20058345795
1.91238284111		3.38291358948
1.91650390625		1.8200044632
1.92062783241		2.51012039185
1.9247610569		3.25097942352
1.92887997627		1.6728477478
1.93300485611		2.82473182678
1.93713784218		3.01755809784
1.9412560463		1.63225269318
1.94538283348		3.10382270813
1.94950699806		2.71817016602
1.95362997055		1.70836830139
1.9577589035		3.3118724823
1.96188092232		2.40863323212
1.9660089016		1.88597202301
1.97013187408		3.40828514099
1.97425889969		2.10416984558
1.97838783264		2.14476490021
1.98251199722		3.39813613892
1.98664283752		1.86059951782
1.99076104164		2.45937633514
1.99489402771		3.28142547607
1.99901199341		1.69314575195
2.00314593315		2.75876522064
2.00726604462		3.0632276535
2.01138997078		1.63732719421
2.01551604271		3.04800415039
2.01963806152		2.77398777008
2.02376484871		1.68299674988
2.02789402008		3.27635097504
2.03201699257		2.46952533722
2.03614091873		1.84537696838
2.04026603699		3.39813613892
2.04439091682		2.15998840332
2.04851698875		2.09909534454
2.05264186859		3.40828514099
2.05676984787		1.90119457245
2.06089687347		2.393409729
2.06502890587		3.3118724823
2.06914806366		1.71851730347
2.07327485085		2.70802116394
2.07739901543		3.11397171021
2.08152294159		1.63732719421
2.08565592766		2.99726104736
2.08977389336		2.8399553299
2.09389901161		1.66777324677
2.09802699089		3.23575687408
2.10215091705		2.53041744232
2.10628294945		1.79970741272
2.11040401459		3.38291358948
2.11452794075		2.29699611664
2.11878085136		1.95193862915
2.12290501595		3.41843414307
2.12703704834		2.03820323944
2.1311609745		2.22088050842
2.13528203964		3.37783908844
2.13940596581		1.80478191376
2.14353084564		2.5405664444
2.14765691757		3.23068237305
2.15178084373		1.66269874573
2.15590906143		2.8501033783
2.16003203392		2.99726104736
2.16415905952		1.63732719421
2.16828393936		3.12411975861
2.17240905762		2.69787216187
2.17657184601		1.70329380035
2.1806640625		3.3220205307
2.1847949028		2.393409729
2.18891096115		1.90626907349
2.19303894043		3.41335964203
2.19716286659		2.0838727951
2.2012898922		2.16506290436
2.20542001724		3.39306259155
2.20953798294		1.84030246735
2.21366405487		2.47967433929
2.21779298782		3.26620292664
2.22191500664		1.67792224884
2.22604894638		2.78921127319
2.23016691208		3.04292964935
2.23429203033		1.63225269318
2.23842000961		3.07337665558
2.2425429821		2.75876522064
2.24667596817		1.69314575195
2.25079488754		3.28649997711
2.25492596626		2.44922733307
2.2590508461		1.85552597046
2.26317191124		3.40828514099
2.26729798317		2.13969039917
2.27142190933		2.10924434662
2.27555394173		3.40828514099
2.27967190742		1.88089752197
2.28379797935		2.41370677948
2.28792405128		3.29664897919
2.2920498848		1.70329380035
2.2961769104		2.73339271545
2.30030083656		3.09367370605
2.30442786217		1.63225269318
2.30857491493		2.99726104736
2.31268191338		2.82473182678
2.31686306		1.65762519836
2.32093191147		3.25097942352
2.32506489754		2.52026939392
2.32918596268		1.8200044632
2.33330893517		3.39306259155
2.3374350071		2.20058345795
2.34155797958		2.05850028992
2.34569191933		3.41335964203
2.34981393814		1.93164157867
2.35393500328		2.34774017334
2.35807800293		3.33724403381
2.36218905449		1.73374080658
2.36632299423		2.66235160828
2.37043905258		3.14949226379
2.37456297874		1.64747619629
2.37881588936		2.86532688141
2.38294196129		2.98203754425
2.38708090782		1.64240169525
2.39119100571		3.13426876068
2.39532184601		2.68264961243
2.39944291115		1.72866630554
2.4035680294		3.33724403381
2.40769505501		2.36296367645
2.41181898117		1.89612102509
2.41594696045		3.41843414307
2.42006993294		2.07372379303
2.42419505119		2.18535995483
2.42832183838		3.38291358948
2.43244695663		1.83015346527
2.43657302856		2.49489688873
2.44069695473		3.25605392456
2.44483089447		1.67792224884
2.44894790649		2.81458282471
2.45307397842		3.02770709991
2.4572019577		1.63225269318
2.46131587029		3.09874820709
2.46544599533		2.73846721649
2.46957683563		1.70329380035
2.47370290756		3.29664897919
2.47782588005		2.43400478363
2.48195099831		1.87582302094
2.48609805107		3.40321063995
2.49020290375		2.12446784973
2.49432897568		2.13461589813
2.49845385551		3.39813613892
2.50257897377		1.86567401886
2.50671291351		2.42893028259
2.51082897186		3.28649997711
2.5149679184		1.70329380035
2.5190808773		2.73339271545
2.52320694923		3.07845020294
2.52733302116		1.63732719421
2.53145694733		3.04292964935
2.53558492661		2.79936027527
2.53970789909		1.6728477478
2.54383587837		3.27127742767
2.5479619503		2.49997138977
2.55208492279		1.84030246735
2.55621099472		3.39813613892
2.56033706665		2.1802854538
2.56446099281		2.01790523529
2.56871390343		3.41843414307
2.57283902168		1.99760818481
2.57697105408		2.26147556305
2.58108901978		3.36769008636
2.58522295952		1.78448390961
2.58933901787		2.58116149902
2.59346389771		3.20023536682
2.59759092331		1.65255069733
2.60171699524		2.89069843292
2.60584688187		2.9617395401
2.60996794701		1.64240169525
2.61410689354		3.14441776276
2.61821985245		2.66235160828
2.6223449707		1.73881530762
2.62647604942		3.33724403381
2.63059401512		2.3426656723
2.63472795486		1.93164157867
2.63884496689		3.41335964203
2.64297604561		2.04835224152
2.64709806442		2.20058345795
2.65122294426		3.38291358948
2.65535497665		1.81493091583
2.65947389603		2.52026939392
2.66359901428		3.24083042145
2.66772603989		1.6728477478
2.67184996605		2.8399553299
2.67597699165		3.02263259888
2.68010187149		1.63225269318
2.68422603607		3.10889720917
2.6883559227		2.72324466705
2.69247698784		1.71344280243
2.69660401344		3.30679798126
2.70072793961		2.40355873108
2.70486187935		1.89104652405
2.70897889137		3.40828514099
2.71312189102		2.10924434662
2.71723103523		2.15491390228
2.72135591507		3.39813613892
2.72548890114		1.86059951782
2.72960686684		2.45937633514
2.73373293877		3.27635097504
2.73785996437		1.68807125092
2.74198293686		2.77906227112
2.74611496925		3.0632276535
2.75025200844		1.63225269318
2.75435900688		3.0632276535
2.75848603249		2.77398777008
2.76261091232		1.68807125092
2.76674890518		3.27127742767
2.77088284492		2.4898223877
2.77498984337		1.84030246735
2.77911305428		3.40321063995
2.78323888779		2.15491390228
2.78736686707		2.09402179718
2.79148697853		3.40828514099
2.79562306404		1.90119457245
2.79974198341		2.39848423004
2.80386686325		3.3220205307
2.80800104141		1.7235918045
2.81211590767		2.71817016602
2.81624484062		3.10889720917
2.8203690052		1.63225269318
2.82449293137		2.97188854218
2.8286190033		2.83488082886
2.83274388313		1.66777324677
2.83690500259		3.22053337097
2.84099388123		2.52534389496
2.84512901306		1.81493091583
2.84925198555		3.38291358948
2.85337090492		2.21073246002
2.85750293732		2.04327774048
2.86162304878		3.41843414307
2.86575698853		1.94686412811
2.86987400055		2.33759117126
2.87400197983		3.33724403381
2.87814188004		1.74896335602
2.88225197792		2.65727710724
2.88638496399		3.15964031219
2.89050292969		1.64240169525
2.89462804794		2.89069843292
2.89888596535		2.99726104736
2.90300297737		1.63732719421
2.90713000298		3.12411975861
2.91125488281		2.69279766083
2.91538691521		1.7235918045
2.91950488091		3.32709503174
2.92363190651		2.37818622589
2.92775797844		1.90626907349
2.9318819046		3.41335964203
2.93601083755		2.0838727951
2.94013404846		2.17521095276
2.94425797462		3.38798809052
2.94838404655		1.84030246735
2.95250988007		2.4898223877
2.95663499832		3.2611284256
2.96076083183		1.67792224884
2.96488785744		2.79936027527
2.96901297569		3.04292964935
2.97313594818		1.63225269318
2.97726488113		3.07845020294
2.98138594627		2.74861621857
2.98552489281		1.69822025299
2.98964095116		3.29664897919
2.99376606941		2.43907928467
2.99789190292		1.86059951782
3.00201702118		3.40321063995
3.0061609745		2.14983940125
3.01026797295		2.11939334869
3.01439595222		3.40321063995
3.01851987839		1.88089752197
3.02264285088		2.42385578156
3.02677488327		3.30172348022
3.03089594841		1.70836830139
3.03502702713		2.72831821442
3.03918600082		3.12411975861
3.04327487946		1.63225269318
3.04739904404		3.02263259888
3.05152487755		2.80950832367
3.05565690994		1.67792224884
3.05977392197		3.25097942352
3.0638999939		2.49997138977
3.06802797318		1.81493091583
3.07215285301		3.39813613892
3.07627701759		2.19043445587
3.0804028511		2.06357479095
3.08452701569		3.41843414307
3.08877897263		2.00775718689
3.09290289879		2.25640106201
3.09703588486		3.36769008636
3.10115385056		1.78448390961
3.10528802872		2.56086444855
3.10940384865		3.2103843689
3.11353588104		1.66269874573
3.11765694618		2.88055038452
3.12178206444		2.96681404114
3.12591290474		1.63732719421
3.13003396988		3.13934326172
3.13417291641		2.68772315979
3.13828587532		1.72866630554
3.1424138546		3.33724403381
3.14654183388		2.36803817749
3.15066289902		1.92656707764
3.15481185913		3.41335964203
3.15891194344		2.07372379303
3.16303706169		2.20058345795
3.16716504097		3.38798809052
3.17128801346		1.82507896423
3.17541384697		2.50504589081
3.1795399189		3.25097942352
3.1836669445		1.67792224884
3.1877989769		2.79936027527
3.1919169426		3.01755809784
3.19604301453		1.63732719421
3.20016884804		3.09874820709
3.20429301262		2.72831821442
3.20842194557		1.70329380035
3.21254301071		3.30679798126
3.21667194366		2.41878128052
3.22079586983		1.87582302094
3.22492599487		3.40828514099
3.22904491425		2.10924434662
3.23317193985		2.14476490021
3.23730993271		3.41335964203
3.24144291878		1.88089752197
3.24554896355		2.43907928467
3.24967288971		3.28649997711
3.25379800797		1.69822025299
3.25792384148		2.76383876801
3.26206588745		3.12919425964
3.26630496979		1.64747619629
3.27042984962		2.9515914917
3.27455306053		3.0124835968
3.27880692482		1.63225269318
3.28293395042		3.11904525757
3.28705501556		2.71309566498
3.29117894173		1.7235918045
3.29531097412		3.31694602966
3.29942989349		2.38326072693
3.30355596542		1.90626907349
3.30768203735		3.41335964203
3.31180500984		2.07372379303
3.31593990326		2.14476490021
3.32005596161		3.38798809052
3.32418084145		1.84030246735
3.32831001282		2.47967433929
3.33243393898		3.2611284256
3.33655905724		1.68299674988
3.34068393707		2.79936027527
3.34481501579		3.04292964935
3.34893584251		1.63225269318
3.35306191444		3.07845020294
3.35718798637		2.75876522064
3.36131191254		1.69822025299
3.36544299126		3.28649997711
3.36956787109		2.44415378571
3.37368702888		1.86567401886
3.37781691551		3.40828514099
3.381939888		2.13461589813
3.38607192039		2.10924434662
3.39020490646		3.40321063995
3.39431595802		1.88089752197
3.39844489098		2.41878128052
3.40256905556		3.29664897919
3.40669894218		1.70836830139
3.41082501411		2.73339271545
3.41494584084		3.10382270813
3.41906905174		1.63225269318
3.42319583893		3.02770709991
3.42732286453		2.81458282471
3.43144702911		1.67792224884
3.43557786942		3.25605392456
3.43969893456		2.49997138977
3.44382190704		1.81493091583
3.44794893265		3.39306259155
3.45207285881		2.20565795898
3.4562048912		2.05850028992
3.46031498909		3.41335964203
3.46444106102		1.9722366333
3.4686999321		2.25640106201
3.47282600403		3.36769008636
3.47695994377		1.78955841064
3.48107504845		2.57101249695
3.48520898819		3.22053337097
3.48933005333		1.65255069733
3.49345302582		2.87040138245
3.49758386612		2.97696304321
3.50170493126		1.64240169525
3.50583696365		3.13426876068
3.50995397568		2.66742610931
3.51408195496		1.72866630554
3.51822304726		3.33216953278
3.5223300457		2.35281467438
3.52646684647		1.9214925766
3.53058600426		3.41335964203
3.53471398354		2.06357479095
3.53884005547		2.19550895691
3.54295992851		3.38798809052
3.54709506035		1.83015346527
3.55121183395		2.51012039185
3.555341959		3.25605392456
3.55946302414		1.6728477478
3.5635869503		2.81965732574
3.56771397591		3.02263259888
3.57183885574		1.63732719421
3.57596588135		3.09874820709
3.58008885384		2.73846721649
3.58421492577		1.70329380035
3.58834505081		3.30679798126
3.59246492386		2.42385578156
3.59659290314		1.87582302094
3.60071802139		3.41335964203
3.60484790802		2.11939334869
3.60896801949		2.13969039917
3.61311483383		3.40321063995
3.61722183228		1.86567401886
3.62134599686		2.44415378571
3.6254940033		3.29157447815
3.62959885597		1.69314575195
3.63372087479		2.75876522064
3.63784694672		3.07337665558
3.64197206497		1.63225269318
3.64610290527		3.04292964935
3.65022301674		2.78413677216
3.65436506271		1.6728477478
3.65847492218		3.27127742767
3.66260004044		2.47967433929
3.66674089432		1.83015346527
3.67085194588		3.39306259155
3.67498588562		2.1802854538
3.67910194397		2.0838727951
3.68322706223		3.40828514099
3.68735384941		1.90119457245
3.69147896767		2.38833522797
3.69561195374		3.3220205307
3.69972991943		1.71851730347
3.70385503769		2.69787216187
3.70798206329		3.13934326172
3.71210694313		1.63732719421
3.71623206139		2.99218654633
3.72035694122		2.8501033783
3.72448205948		1.65762519836
3.72860693932		3.24083042145
3.73273301125		2.53549194336
3.73689389229		1.78448390961
3.74098300934		3.38291358948
3.74511790276		2.23610401154
3.74923300743		2.0331287384
3.75336384773		3.41843414307
3.75749087334		1.95193862915
3.76161193848		2.32236862183
3.76574397087		3.34739303589
3.76986384392		1.74896335602
3.7739880085		2.63698005676
3.77811694145		3.16471481323
3.78225493431		1.64747619629
3.78637194633		2.94144248962
3.79049301147		2.900847435
3.7946228981		1.63732719421
3.79886984825		3.09874820709
3.80299305916		2.71309566498
3.80711889267		1.71344280243
3.8112449646		3.31694602966
3.81536984444		2.39848423004
3.81949591637		1.90119457245
3.82361984253		3.41335964203
3.82774806023		2.08894729614
3.83186984062		2.16506290436
3.83600306511		3.40828514099
3.84012293816		1.85045146942
3.84424686432		2.46952533722
3.8483748436		3.27127742767
3.85249900818		1.68807125092
3.85663104057		2.77398777008
3.86074995995		3.05307865143
3.86488199234		1.63225269318
3.86899995804		3.06830215454
3.87312698364		2.76383876801
3.87725305557		1.69314575195
3.88138103485		3.28142547607
3.88550901413		2.45937633514
3.8896279335		1.86059951782
3.89375305176		3.40828514099
3.89788103104		2.14983940125
3.9020049572		2.10416984558
3.90613603592		3.40828514099
3.91026902199		1.89612102509
3.9143819809		2.40863323212
3.91850805283		3.30679798126
3.92263793945		1.71344280243
3.92676496506		2.72324466705
3.93088388443		3.09874820709
3.9350168705		1.63732719421
3.9391348362		3.01755809784
3.94325995445		2.8399553299
3.94738888741		1.6728477478
3.95151305199		3.25097942352
3.95564198494		2.52026939392
3.95976185799		1.81493091583
3.96389198303		3.38798809052
3.96801686287		2.20565795898
3.97213792801		2.04327774048
3.97626590729		3.41335964203
3.98038983345		1.93671607971
3.98451495171		2.31221961975
3.98864102364		3.32709503174
3.99276590347		1.73881530762
3.99692606926		2.63698005676
4.00101590157		3.14949226379
4.00514888763		1.63732719421
4.00928401947		2.9515914917
4.01340794563		2.89577293396
4.01752185822		1.66269874573
4.0216460228		3.20530986786
4.02577185631		2.57608699799
4.02989602089		1.77940940857
4.0340218544		3.3727645874
4.03814792633		2.26147556305
4.04227185249		2.00268268585
4.0464220047		3.41843414307
4.05053091049		1.9823846817
4.05464887619		2.25640106201
4.05877399445		3.35246753693
4.06290102005		1.76926136017
4.06703305244		2.5913105011
4.07115006447		3.20023536682
4.07528305054		1.64747619629
4.07940196991		2.90592193604
4.08352804184		2.93636798859
4.08765506744		1.64240169525
4.09179997444		3.15456676483
4.09591388702		2.6420545578
4.10002994537		1.73881530762
4.10415506363		3.35246753693
4.10828089714		2.32744312286
4.11240696907		1.94686412811
4.11653184891		3.41843414307
4.12065887451		2.0331287384
4.12478899956		2.22088050842
4.12891101837		3.37783908844
4.13303184509		1.80478191376
4.13716006279		2.54564094543
4.14128303528		3.22560787201
4.14541602135		1.66269874573
4.14953589439		2.8501033783
4.15366506577		2.99218654633
4.15778589249		1.63732719421
4.16191196442		3.12411975861
4.16604399681		2.69787216187
4.1701669693		1.71851730347
4.17430305481		3.31694602966
4.17842388153		2.393409729
4.18254184723		1.90119457245
4.18667387962		3.41335964203
4.19079184532		2.0838727951
4.19492292404		2.1701374054
4.19904398918		3.39813613892
4.20316696167		1.84030246735
4.20729494095		2.47967433929
4.21141886711		3.26620292664
4.21554589272		1.68299674988
4.21967101097		2.79428577423
4.22379398346		3.04292964935
4.22792196274		1.63732719421
4.2320458889		3.07337665558
4.23617196083		2.76383876801
4.24029803276		1.69314575195
4.24442195892		3.29664897919
4.24854803085		2.44415378571
4.25267291069		1.86059951782
4.25683498383		3.39813613892
4.26092505455		2.13969039917
4.26505589485		2.10924434662
4.26917386055		3.39813613892
4.27329993248		1.88089752197
4.27742791176		2.41878128052
4.28156805038		3.30172348022
4.28568387032		1.70836830139
4.28980302811		2.73339271545
4.29392886162		3.09367370605
4.29805588722		1.63732719421
4.3021800518		3.02263259888
4.30631899834		2.82980632782
4.31044793129		1.6728477478
4.31455683708		3.2103843689
4.31880998611		2.62175655365
4.32293200493		1.75911235809
4.32706689835		3.34739303589
4.3311829567		2.29699611664
4.33531594276		1.96716213226
4.33943486214		3.41335964203
4.34356093407		2.01283168793
4.34768486023		2.25640106201
4.35181093216		3.36769008636
4.35594391823		1.79970741272
4.3600628376		2.56086444855
4.36418795586		3.22560787201
4.36831688881		1.66269874573
4.37243890762		2.87040138245
4.37656402588		2.97696304321
4.38069105148		1.63732719421
4.38482284546		3.13934326172
4.38893985748		2.67250061035
4.39306688309		1.73374080658
4.39719295502		3.33216953278
4.40131688118		2.36296367645
4.40544891357		1.9214925766
4.40959787369		3.41335964203
4.41370105743		2.07372379303
4.41782283783		2.19043445587
4.4219429493		3.38291358948
4.42607092857		1.82507896423
4.43019604683		2.49997138977
4.43432784081		3.2611284256
4.43846201897		1.68299674988
4.44257497787		2.81458282471
4.44670391083		3.02770709991
4.45082497597		1.63225269318
4.45495700836		3.07845020294
4.45906686783		2.72831821442
4.46319293976		1.70836830139
4.46733093262		3.30172348022
4.47145104408		2.42385578156
4.47558403015		1.88089752197
4.47970294952		3.40321063995
4.48382902145		2.11431884766
4.48795390129		2.13461589813
4.4920809269		3.40321063995
4.49621105194		1.8707485199
4.50032997131		2.43907928467
4.50445699692		3.30172348022
4.50864100456		1.71851730347
4.51283884048		2.63190555573
4.51697683334		3.17486381531
4.52108383179		1.63732719421
4.52520895004		2.94651699066
4.52933597565		2.89577293396
4.53345704079		1.65762519836
4.53760290146		3.19008731842
4.5417098999		2.5913105011
4.54584288597		1.77433586121
4.54995989799		3.36261558533
4.5540869236		2.27669906616
4.55821490288		1.98745918274
4.56234693527		3.41843414307
4.56647992134		2.00268268585
4.5705909729		2.27162456512
4.57472205162		3.35754108429
4.57884001732		1.77433586121
4.58296489716		2.57608699799
4.58709406853		3.19516181946
4.59121584892		1.65255069733
4.59534692764		2.89069843292
4.59946703911		2.9515914917
4.6036169529		1.63225269318
4.607847929		3.0632276535
4.61197090149		2.77398777008
4.61609387398		1.69314575195
4.62022089958		3.28649997711
4.62434506416		2.44922733307
4.62861704826		1.77433586121
4.63272285461		3.38291358948
4.63691997528		2.30207061768
4.64109706879		1.93164157867
4.64523005486		3.41335964203
4.64936685562		2.06357479095
4.65347385406		2.21073246002
4.65760087967		3.38291358948
4.66172504425		1.80985641479
4.66586184502		2.50504589081
4.66997599602		3.24590492249
4.67410206795		1.6728477478
4.67822885513		2.82473182678
4.68235397339		3.0124835968
4.68650102615		1.63732719421
4.69061183929		3.09874820709
4.69473600388		2.71817016602
4.69885396957		1.71344280243
4.70298099518		3.3118724823
4.70710706711		2.40863323212
4.71123099327		1.87582302094
4.71535801888		3.40828514099
4.71948289871		2.10416984558
4.72360706329		2.14983940125
4.72773504257		3.39813613892
4.73185706139		1.85552597046
4.73599886894		2.43907928467
4.74011588097		3.30172348022
4.74423694611		1.69314575195
4.74836397171		2.76383876801
4.75249004364		3.0632276535
4.75661087036		1.63225269318
4.76073884964		3.05307865143
4.76486587524		2.78413677216
4.76899003983		1.68299674988
4.77311396599		3.27635097504
4.77724194527		2.47459983826
4.78137898445		1.83522796631
4.78549790382		3.39813613892
4.78961491585		2.15998840332
4.79374504089		2.09402179718
4.79786801338		3.40828514099
4.80199193954		1.89104652405
4.80612587929		2.38833522797
4.81024503708		3.31694602966
4.81438493729		1.71851730347
4.81850004196		2.70802116394
4.82262396812		3.11397171021
4.82675504684		1.63732719421
4.83087396622		2.99726104736
4.8350019455		2.84502887726
4.83912396431		1.66269874573
4.8432469368		3.24590492249
4.8473739624		2.52534389496
4.85149884224		1.80478191376
4.85562491417		3.38291358948
4.8597509861		2.21580600739
4.86387705803		2.04327774048
4.86800384521		3.41335964203
4.87212586403		1.94178962708
4.87625193596		2.31729412079
4.88037705421		3.33724403381
4.88450193405		1.78448390961
4.88875603676		2.53549194336
4.89287900925		3.23068237305
4.89701104164		1.66269874573
4.90112996101		2.85517787933
4.90526103973		2.99726104736
4.90937900543		1.63732719421
4.91350698471		3.12411975861
4.91763401031		2.69787216187
4.92176198959		1.71851730347
4.92588806152		3.31694602966
4.9300069809		2.38326072693
4.9341340065		1.90119457245
4.9382610321		3.41335964203
4.94239997864		2.08894729614
4.94652199745		2.15998840332
4.9506380558		3.38798809052
4.95476984978		1.84537696838
4.9588868618		2.47967433929
4.96301198006		3.26620292664
4.96713995934		1.68807125092
4.97126197815		2.79428577423
4.97539591789		3.05307865143
4.97959303856		1.63225269318
4.98377084732		2.97188854218
4.9878950119		2.86532688141
4.99201893806		1.66269874573
4.99614095688		3.20530986786
0.000131130218506		2.77906227112
0.00539708137512		1.80985641479
0.0095272064209		2.71309566498
0.0136420726776		3.06830215454
0.0177710056305		1.82507896423
0.0219089984894		2.62683105469
0.0260200500488		3.11904525757
0.0301451683044		1.85552597046
0.0342700481415		2.55578994751
0.0384020805359		3.16978931427
0.0425221920013		1.90119457245
0.0466461181641		2.48474884033
0.0507709980011		3.20023536682
0.0548980236053		1.94178962708
0.0590240955353		2.40355873108
0.0631511211395		3.23068237305
0.0672750473022		1.99760818481
0.0714001655579		2.32236862183
0.0755231380463		3.25097942352
0.0796480178833		2.05342674255
0.0838091373444		2.22595500946
0.0879130363464		3.2611284256
0.0920372009277		2.11431884766
0.0961611270905		2.1701374054
0.100286006927		3.26620292664
0.104412078857		2.22595500946
0.108540058136		2.09909534454
0.112661123276		3.2611284256
0.11682510376		2.29699611664
0.120918035507		2.03820323944
0.125045061111		3.24083042145
0.129167079926		2.3426656723
0.13328909874		1.9823846817
0.137419223785		3.22053337097
0.141541004181		2.42385578156
0.145672082901		1.92656707764
0.14981508255		3.18501281738
0.153919219971		2.49997138977
0.158046007156		1.88597202301
0.162169218063		3.14949226379
0.166301012039		2.5913105011
0.17042016983		1.85552597046
0.174545049667		3.05815315247
0.178797006607		2.74861621857
0.182922124863		1.79970741272
0.187048196793		2.97696304321
0.191177129745		2.82980632782
0.195307016373		1.78448390961
0.199423074722		2.91099643707
0.203550100327		2.92114448547
0.207676172256		1.78955841064
0.211809158325		2.82980632782
0.215927124023		2.9617395401
0.220051050186		1.79463291168
0.224177122116		2.76891326904
0.228302001953		3.02770709991
0.232428073883		1.81493091583
0.236553192139		2.69279766083
0.240678071976		3.08859920502
0.244813203812		1.84030246735
0.24893116951		2.60653305054
0.253056049347		3.13934326172
0.257182121277		1.8707485199
0.26130604744		2.52534389496
0.265439033508		3.17486381531
0.269558191299		1.91134357452
0.273683071136		2.45430183411
0.277824163437		3.2103843689
0.281934022903		1.95701313019
0.286068201065		2.36296367645
0.290185213089		3.24083042145
0.294310092926		2.01283168793
0.298436164856		2.29699611664
0.302564144135		3.25097942352
0.306695222855		2.07879829407
0.310811042786		2.21073246002
0.314944028854		3.26620292664
0.31906414032		2.14476490021
0.323187112808		2.15491390228
0.327314138412		3.26620292664
0.331438064575		2.22595500946
0.335566997528		2.07879829407
0.339698076248		3.25097942352
0.343816041946		2.2919216156
0.347943067551		2.02297973633
0.352066993713		3.23575687408
0.356193065643		2.36803817749
0.360320091248		1.96208763123
0.36444401741		3.19516181946
0.368573188782		2.44922733307
0.372695207596		1.91641807556
0.376872062683		3.15964031219
0.380945205688		2.52534389496
0.385073184967		1.87582302094
0.389199018478		3.13426876068
0.393324136734		2.61160755157
0.397451162338		1.84030246735
0.401574134827		3.08352470398
0.405705213547		2.68772315979
0.409826040268		1.81493091583
0.413966178894		3.02263259888
0.418077230453		2.75876522064
0.422201156616		1.79970741272
0.426333189011		2.9617395401
0.430452108383		2.83488082886
0.434657096863		1.78448390961
0.438831090927		2.79936027527
0.442956209183		2.98711204529
0.44708108902		1.79970741272
0.451206207275		2.74354171753
0.455331087112		3.04800415039
0.459457159042		1.8200044632
0.463582992554		2.66742610931
0.467715024948		3.11397171021
0.471832036972		1.84537696838
0.475959062576		2.58116149902
0.480086088181		3.14949226379
0.484209060669		1.88089752197
0.488336086273		2.50504589081
0.492461204529		3.19008731842
0.496592998505		1.92656707764
0.500712156296		2.42893028259
0.504861116409		3.22560787201
0.508962154388		1.98745918274
0.513087034225		2.34774017334
0.517215013504		3.24083042145
0.521339178085		2.03820323944
0.525473117828		2.26147556305
0.529590129852		3.2611284256
0.533715009689		2.09402179718
0.537842035294		2.19550895691
0.54198217392		3.26620292664
0.546097993851		2.1701374054
0.550218105316		2.12446784973
0.554343223572		3.2611284256
0.558474063873		2.24625301361
0.562595129013		2.05850028992
0.566756010056		3.24083042145
0.570847034454		2.31729412079
0.574978113174		1.99760818481
0.579096078873		3.22560787201
0.583221197128		2.38833522797
0.587351083755		1.94686412811
0.591475009918		3.20023536682
0.595612049103		2.50504589081
0.599723100662		1.90119457245
0.603848218918		3.16471481323
0.607975006104		2.55071544647
0.612100124359		1.86567401886
0.61624622345		3.10889720917
0.620350122452		2.63190555573
0.624476194382		1.8200044632
0.628602027893		3.06830215454
0.632727146149		2.71309566498
0.636927127838		1.79463291168
0.641103029251		2.93129348755
0.645239114761		2.88055038452
0.649355173111		1.78955841064
0.653481006622		2.86532688141
0.657607078552		2.94144248962
0.661730051041		1.78955841064
0.665862083435		2.79428577423
0.669997215271		3.0124835968
0.674107074738		1.79970741272
0.67823600769		2.71309566498
0.682360172272		3.07337665558
0.68649315834		1.83015346527
0.690611124039		2.63698005676
0.694736003876		3.12411975861
0.698860168457		1.86059951782
0.702986001968		2.55578994751
0.707113027573		3.15964031219
0.711237192154		1.89104652405
0.715370178223		2.47459983826
0.71949005127		3.20530986786
0.72362112999		1.96208763123
0.727740049362		2.39848423004
0.731865167618		3.22560787201
0.735996007919		1.99760818481
0.740116119385		2.32236862183
0.744240045547		3.24590492249
0.748366117477		2.05342674255
0.752492189407		2.24625301361
0.756619215012		3.2611284256
0.7607421875		2.11431884766
0.764873027802		2.1701374054
0.768995046616		3.2611284256
0.773120164871		2.19550895691
0.777252197266		2.10416984558
0.781371116638		3.25605392456
0.785498142242		2.26655006409
0.789622068405		2.04327774048
0.793748140335		3.24590492249
0.797888994217		2.34774017334
0.802000045776		1.9823846817
0.806133031845		3.22053337097
0.810250043869		2.41878128052
0.814375162125		1.91641807556
0.818502187729		3.19008731842
0.822626113892		2.51012039185
0.82678604126		1.87582302094
0.830868005753		3.14949226379
0.835005998611		2.58116149902
0.839132070541		1.85045146942
0.843253135681		3.10889720917
0.84738111496		2.65727710724
0.85152220726		1.81493091583
0.855632066727		3.05307865143
0.859755992889		2.74861621857
0.863883018494		1.79970741272
0.868008136749		2.98711204529
0.872132062912		2.80950832367
0.876258134842		1.79463291168
0.880384206772		2.92621898651
0.884509086609		2.90592193604
0.888636112213		1.78955841064
0.892759084702		2.86025238037
0.89689707756		2.95666599274
0.901012182236		1.78955841064
0.905160188675		2.76383876801
0.909264087677		3.01755809784
0.913387060165		1.80985641479
0.917515039444		2.7029466629
0.921639204025		3.07337665558
0.925772190094		1.83015346527
0.929889202118		2.62683105469
0.934030056		3.12919425964
0.938144207001		1.86059951782
0.942267179489		2.54564094543
0.946400165558		3.17486381531
0.950517177582		1.91641807556
0.954651117325		2.43907928467
0.958769083023		3.20023536682
0.962894201279		1.95193862915
0.967027187347		2.38326072693
0.971144199371		3.23068237305
0.975278139114		2.00268268585
0.979400157928		2.30714511871
0.983522176743		3.25097942352
0.987649202347		2.0838727951
0.991771221161		2.2310295105
0.995899200439		3.2611284256
1.0000231266		2.13461589813
1.00414919853		2.15998840332
1.00827717781		3.2611284256
1.01239919662		2.19550895691
1.01652622223		2.09402179718
1.02065110207		3.25605392456
1.02477908134		2.27162456512
1.02890205383		2.0331287384
1.03303003311		3.24083042145
1.03715419769		2.35281467438
1.04127812386		1.97731018066
1.04541110992		3.21545886993
1.0495300293		2.42893028259
1.05365419388		1.92656707764
1.05778312683		3.19008731842
1.06192111969		2.52026939392
1.06603813171		1.88089752197
1.07015919685		3.14441776276
1.07428407669		2.5913105011
1.07840919495		1.84537696838
1.08253407478		3.08859920502
1.08666110039		2.67250061035
1.09078407288		1.82507896423
1.09491109848		3.03278160095
1.09903621674		2.74354171753
1.10316300392		1.79970741272
1.10730004311		2.97696304321
1.11141204834		2.8399553299
1.11555099487		1.78448390961
1.1196641922		2.91607093811
1.12378907204		2.90592193604
1.12791705132		1.78955841064
1.1320412159		2.8399553299
1.13617420197		2.97188854218
1.1402900219		1.79463291168
1.1444170475		2.69787216187
1.14867305756		3.09874820709
1.1527941227		1.84030246735
1.15692710876		2.59638500214
1.16104602814		3.14441776276
1.16517400742		1.87582302094
1.16929602623		2.52026939392
1.17342019081		3.17993831635
1.17754817009		1.9214925766
1.18167209625		2.44922733307
1.18579912186		3.21545886993
1.18993806839		1.9722366333
1.19404816628		2.36803817749
1.19817709923		3.23575687408
1.20229816437		2.01790523529
1.20643305779		2.2817735672
1.21055006981		3.2611284256
1.2146821022		2.09402179718
1.2188000679		2.21073246002
1.22292613983		3.26620292664
1.22705316544		2.14983940125
1.23117804527		2.13969039917
1.23531723022		3.2611284256
1.23942804337		2.22088050842
1.24355506897		2.06357479095
1.24768018723		3.25605392456
1.25180506706		2.30714511871
1.25593209267		2.01283168793
1.26005506516		3.23575687408
1.26418209076		2.37311172485
1.26831316948		1.95193862915
1.27243208885		3.2103843689
1.2765610218		2.46445083618
1.28070306778		1.90119457245
1.28481721878		3.16978931427
1.2889521122		2.54564094543
1.29305815697		1.8707485199
1.29718708992		3.12919425964
1.30131006241		2.61668205261
1.30544519424		1.83522796631
1.30956315994		3.07845020294
1.31368803978		2.68772315979
1.31781411171		1.8200044632
1.32194018364		3.02263259888
1.32608699799		2.77906227112
1.33019018173		1.79463291168
1.33431816101		2.95666599274
1.33844304085		2.8501033783
1.34256720543		1.78955841064
1.34669208527		2.89577293396
1.35081720352		2.92621898651
1.35495018959		1.78955841064
1.35907006264		2.81965732574
1.36319899559		2.98711204529
1.3673222065		1.79463291168
1.37144708633		2.74861621857
1.37557721138		3.04800415039
1.37969613075		1.8200044632
1.38382220268		2.66235160828
1.38794803619		3.10382270813
1.39207315445		1.84537696838
1.39619922638		2.58623600006
1.40032410622		3.14441776276
1.40445017815		1.89612102509
1.40857505798		2.51519489288
1.41270112991		3.18501281738
1.41686010361		1.94178962708
1.42095112801		2.43400478363
1.4250831604		3.22560787201
1.4292011261		1.9722366333
1.43333101273		2.34774017334
1.43745303154		3.24083042145
1.44158005714		2.02805423737
1.44571113586		2.27162456512
1.44982910156		3.25605392456
1.4539680481		2.09909534454
1.45808410645		2.20058345795
1.46220803261		3.26620292664
1.466340065		2.1701374054
1.4704580307		2.12954235077
1.47465705872		3.25097942352
1.47883701324		2.33759117126
1.48296403885		1.99760818481
1.48708701134		3.22560787201
1.49121618271		2.40355873108
1.49533700943		1.94178962708
1.49946117401		3.20023536682
1.50358605385		2.47967433929
1.50771522522		1.88089752197
1.51183700562		3.15964031219
1.51596403122		2.56593894958
1.52008914948		1.86059951782
1.52421402931		3.10889720917
1.52834010124		2.6420545578
1.53246617317		1.83015346527
1.53659915924		3.05815315247
1.54071617126		2.71309566498
1.54484820366		1.80985641479
1.54896712303		3.00740909576
1.55309319496		2.79428577423
1.55722022057		1.78955841064
1.56134700775		2.94144248962
1.56547617912		2.87040138245
1.56959414482		1.78955841064
1.57372021675		2.87547588348
1.57784700394		2.94144248962
1.58198404312		1.79463291168
1.58609819412		2.79936027527
1.5902261734		3.00740909576
1.59435009956		1.80478191376
1.59847521782		2.72324466705
1.60259914398		3.0632276535
1.60676622391		1.84537696838
1.61085104942		2.63698005676
1.61498308182		3.11904525757
1.61910700798		1.86059951782
1.62322807312		2.56593894958
1.62735319138		3.15964031219
1.63147711754		1.89104652405
1.63561010361		2.47459983826
1.63973021507		3.20023536682
1.64385414124		1.94178962708
1.64798116684		2.40355873108
1.65210700035		3.22560787201
1.65623211861		1.99760818481
1.66035699844		2.32744312286
1.6644821167		3.25605392456
1.66873407364		2.12954235077
1.67285704613		2.15998840332
1.67699718475		3.26620292664
1.68110918999		2.19550895691
1.68524003029		2.09402179718
1.68936300278		3.25605392456
1.69348907471		2.27669906616
1.69761300087		2.0331287384
1.70173501968		3.24590492249
1.70586800575		2.35281467438
1.71000313759		1.9722366333
1.71411299706		3.22053337097
1.7182431221		2.43400478363
1.72236418724		1.9214925766
1.72649717331		3.18501281738
1.73061513901		2.51012039185
1.73474812508		1.8707485199
1.73886799812		3.14441776276
1.7429921627		2.5913105011
1.74712705612		1.84537696838
1.75124311447		3.09367370605
1.75537419319		2.67250061035
1.75949406624		1.82507896423
1.7636179924		3.03785610199
1.7677462101		2.74354171753
1.77187013626		1.79970741272
1.77599716187		2.98203754425
1.7801220417		2.81965732574
1.78424620628		1.78955841064
1.78837418556		2.91607093811
1.79249715805		2.89069843292
1.79662418365		1.78955841064
1.80074906349		2.84502887726
1.80487418175		2.9617395401
1.80900120735		1.79463291168
1.81312417984		2.77398777008
1.81727004051		3.03785610199
1.82137608528		1.80985641479
1.82550811768		2.69279766083
1.82961702347		3.07337665558
1.83374619484		1.83522796631
1.83788108826		2.61160755157
1.84200310707		3.12919425964
1.84615206718		1.87582302094
1.85025620461		2.5405664444
1.85438108444		3.19008731842
1.85850715637		1.90626907349
1.86263513565		2.44415378571
1.86679506302		3.22053337097
1.87088108063		1.95193862915
1.87502002716		2.36803817749
1.87913322449		3.23575687408
1.883259058		2.01283168793
1.88738703728		2.30714511871
1.89151120186		3.25097942352
1.8956360817		2.06864929199
1.89976119995		2.20565795898
1.90388822556		3.26620292664
1.90801310539		2.14476490021
1.91214513779		2.14476490021
1.91626501083		3.2611284256
1.92038822174		2.20565795898
1.92451405525		2.06864929199
1.92864012718		3.25605392456
1.93276405334		2.27669906616
1.93689918518		2.01790523529
1.94101500511		3.24590492249
1.94515109062		2.36296367645
1.94926714897		1.96716213226
1.95339417458		3.21545886993
1.95751905441		2.44415378571
1.96164417267		1.91641807556
1.96577715874		3.17486381531
1.96989321709		2.52026939392
1.97403407097		1.87582302094
1.97814702988		3.13934326172
1.98227405548		2.60145950317
1.98639917374		1.84537696838
1.99052214622		3.09874820709
1.99465417862		2.68264961243
1.99877309799		1.81493091583
2.00290513039		3.03278160095
2.00702500343		2.76891326904
2.01114916801		1.80478191376
2.01528215408		2.97188854218
2.01940107346		2.82980632782
2.02352714539		1.78955841064
2.02765512466		2.900847435
2.03177809715		2.900847435
2.03590512276		1.78955841064
2.04002904892		2.83488082886
2.04415202141		2.97188854218
2.0482840538		1.79463291168
2.05240607262		2.76383876801
2.05653214455		3.03278160095
2.06065511703		1.80985641479
2.0647881031		2.68264961243
2.06891107559		3.08859920502
2.07304906845		1.84030246735
2.07716012001		2.61160755157
2.08128619194		3.13934326172
2.0854101181		1.8707485199
2.08953714371		2.52534389496
2.0936601162		3.17993831635
2.09778809547		1.91641807556
2.10191321373		2.44922733307
2.10604500771		3.21545886993
2.11018013954		1.9722366333
2.11428904533		2.37311172485
2.11841607094		3.24083042145
2.12253904343		2.01790523529
2.12667107582		2.2817735672
2.13079714775		3.25605392456
2.13491916656		2.09402179718
2.13904118538		2.22088050842
2.14316701889		3.26620292664
2.14729309082		2.14983940125
2.15141916275		2.14476490021
2.15555119514		3.2611284256
2.15967011452		2.21580600739
2.16379499435		2.05850028992
2.16792106628		3.25605392456
2.17204499245		2.29699611664
2.17620420456		1.99760818481
2.18029713631		3.23575687408
2.1844201088		2.43907928467
2.18867301941		1.90626907349
2.19280314445		3.16978931427
2.19693207741		2.55071544647
2.20106720924		1.85552597046
2.20518112183		3.12411975861
2.20930099487		2.62175655365
2.21342611313		1.83522796631
2.21755313873		3.07337665558
2.22167611122		2.7029466629
2.22580909729		1.81493091583
2.22992801666		3.0124835968
2.23405504227		2.77906227112
2.23819518089		1.79463291168
2.24230408669		2.95666599274
2.24643516541		2.86025238037
2.25055503845		1.78955841064
2.25468707085		2.88562393188
2.2588121891		2.93129348755
2.26293110847		1.78955841064
2.26705908775		2.80950832367
2.27118206024		2.98711204529
2.27531909943		1.80478191376
2.27943515778		2.73846721649
2.28355908394		3.04800415039
2.28768610954		1.8200044632
2.2918112278		2.6420545578
2.29593801498		3.10382270813
2.30006122589		1.84537696838
2.3041870594		2.58623600006
2.30831718445		3.15456676483
2.31243920326		1.88597202301
2.31656813622		2.49997138977
2.32068800926		3.19008731842
2.32482218742		1.93164157867
2.32894015312		2.42385578156
2.33306407928		3.22560787201
2.33719205856		1.97731018066
2.34131717682		2.3426656723
2.34545302391		3.25097942352
2.34956717491		2.03820323944
2.35369420052		2.26655006409
2.35782122612		3.25605392456
2.36194610596		2.10416984558
2.36609101295		2.1802854538
2.37019610405		3.2611284256
2.37432312965		2.16506290436
2.37844610214		2.12446784973
2.3825712204		3.26620292664
2.38670301437		2.25132751465
2.39082407951		2.04327774048
2.39495611191		3.25097942352
2.39907312393		2.31729412079
2.40320110321		1.99760818481
2.40732717514		3.23068237305
2.41145205498		2.39848423004
2.41558218002		1.94178962708
2.4197010994		3.19516181946
2.42382502556		2.47459983826
2.4279551506		1.89104652405
2.43207812309		3.16471481323
2.43620419502		2.56086444855
2.44032907486		1.86059951782
2.44445419312		3.07337665558
2.44870710373		2.72831821442
2.45283007622		1.80478191376
2.45696520805		2.99726104736
2.46108222008		2.79936027527
2.46521306038		1.78955841064
2.46933102608		2.93636798859
2.47346520424		2.88055038452
2.47758603096		1.78448390961
2.48171019554		2.86532688141
2.48584604263		2.9515914917
2.48996210098		1.78955841064
2.49410009384		2.77906227112
2.49821305275		3.00740909576
2.50233912468		1.80985641479
2.50647115707		2.70802116394
2.5105881691		3.06830215454
2.51472520828		1.83015346527
2.51884222031		2.62175655365
2.52296614647		3.12411975861
2.5270922184		1.85552597046
2.53121614456		2.55578994751
2.53534221649		3.16471481323
2.53946709633		1.89612102509
2.54359102249		2.47459983826
2.54771900177		3.20530986786
2.55184221268		1.94178962708
2.55596899986		2.38833522797
2.56009507179		3.23575687408
2.56421899796		1.99760818481
2.56834721565		2.31729412079
2.57247018814		3.25097942352
2.57660412788		2.06357479095
2.58072018623		2.24625301361
2.58485007286		3.25605392456
2.588971138		2.12446784973
2.5930981636		2.17521095276
2.59722399712		3.26620292664
2.60136604309		2.20565795898
2.60548114777		2.09909534454
2.60960316658		3.2611284256
2.6137239933		2.26655006409
2.61785411835		2.03820323944
2.62197709084		3.24083042145
2.6261100769		2.34774017334
2.6302421093		1.9722366333
2.63435316086		3.22053337097
2.63848209381		2.42893028259
2.64261102676		1.92656707764
2.64677405357		3.15964031219
2.65098214149		2.59638500214
2.65511202812		1.84537696838
2.65923309326		3.09367370605
2.66335606575		2.67757511139
2.66748404503		1.8200044632
2.67160820961		3.03785610199
2.67573904991		2.76383876801
2.67986106873		1.79970741272
2.68398499489		2.97188854218
2.68811202049		2.82980632782
2.69223403931		1.78955841064
2.69636201859		2.91099643707
2.70048522949		2.89577293396
2.70462012291		1.78955841064
2.70873808861		2.8399553299
2.71286416054		2.9617395401
2.71699810028		1.79463291168
2.72111415863		2.76891326904
2.72524499893		3.03278160095
2.72938108444		1.81493091583
2.73348903656		2.69279766083
2.73761820793		3.08859920502
2.74174118042		1.83522796631
2.74587416649		2.60145950317
2.74999117851		3.13934326172
2.75411820412		1.8707485199
2.75826311111		2.51519489288
2.76236915588		3.17993831635
2.76650309563		1.91134357452
2.77064013481		2.43907928467
2.77475500107		3.22053337097
2.77887010574		1.95701313019
2.78299617767		2.37311172485
2.78712511063		3.23575687408
2.79124617577		2.01790523529
2.79538011551		2.2919216156
2.79950022697		3.24590492249
2.80362415314		2.07879829407
2.80775904655		2.21580600739
2.81187701225		3.26620292664
2.81600213051		2.13969039917
2.82012701035		2.14476490021
2.82425022125		3.26620292664
2.82836818695		2.21073246002
2.83249402046		2.0838727951
2.83662414551		3.25097942352
2.84075307846		2.2919216156
2.8448882103		2.01283168793
2.84900212288		3.23575687408
2.85312819481		2.36296367645
2.85725712776		1.96208763123
2.86138010025		3.2103843689
2.86551213264		2.45430183411
2.86963009834		1.91134357452
2.87375617027		3.17486381531
2.87788319588		2.53041744232
2.88200712204		1.87582302094
2.8861541748		3.12411975861
2.89026117325		2.60653305054
2.89438605309		1.83015346527
2.89851617813		3.08352470398
2.90263700485		2.68772315979
2.90680122375		1.80478191376
2.91088700294		3.02770709991
2.91501903534		2.76891326904
2.91913700104		1.79463291168
2.92326307297		2.96681404114
2.9273891449		2.83488082886
2.93151521683		1.78955841064
2.93564009666		2.90592193604
2.93976402283		2.91607093811
2.94389510155		1.78955841064
2.94801712036		2.81965732574
2.95214104652		2.97696304321
2.95626807213		1.79970741272
2.96039319038		2.75876522064
2.96451807022		3.08859920502
2.96876907349		1.84537696838
2.97289514542		2.58623600006
2.97702121735		3.14949226379
2.98114418983		1.88089752197
2.98527908325		2.49997138977
2.9893951416		3.19008731842
2.99352312088		1.92656707764
2.99764919281		2.42893028259
3.00177407265		3.22053337097
3.00590419769		1.9823846817
3.01002407074		2.34774017334
3.01416301727		3.25097942352
3.01827406883		2.0331287384
3.02240419388		2.27162456512
3.02654218674		3.25605392456
3.0306520462		2.09402179718
3.03478312492		2.19043445587
3.03894519806		3.26620292664
3.04303121567		2.16506290436
3.04715514183		2.11431884766
3.05127906799		3.2611284256
3.05541205406		2.24625301361
3.05953121185		2.05850028992
3.06365609169		3.24590492249
3.06778502464		2.33251667023
3.07190799713		1.99760818481
3.07603502274		3.22560787201
3.08015799522		2.393409729
3.08428406715		1.94178962708
3.08841204643		3.20530986786
3.09253621101		2.47459983826
3.09666204453		1.90119457245
3.10078620911		3.15964031219
3.10491800308		2.55578994751
3.1090362072		1.86567401886
3.11317920685		3.11397171021
3.11728906631		2.63190555573
3.12141418457		1.83522796631
3.12554502487		3.06830215454
3.12966513634		2.71309566498
3.13379120827		1.80478191376
3.13791918755		3.0124835968
3.14204001427		2.78921127319
3.14617419243		1.78955841064
3.15030908585		2.93636798859
3.15443921089		2.93636798859
3.15867209435		1.79463291168
3.16279506683		2.79428577423
3.1669280529		3.0124835968
3.17104506493		1.80478191376
3.17517113686		2.70802116394
3.17929506302		3.06830215454
3.18342113495		1.83015346527
3.18755102158		2.63698005676
3.19167304039		3.11904525757
3.19580507278		1.86567401886
3.19992423058		2.56086444855
3.20404911041		3.16978931427
3.20817708969		1.89104652405
3.21229910851		2.47967433929
3.21643400192		3.2103843689
3.22055101395		1.94178962708
3.22468519211		2.38833522797
3.22880220413		3.23068237305
3.23292803764		2.00268268585
3.23705720901		2.32236862183
3.24119615555		3.25097942352
3.24531006813		2.05850028992
3.2494301796		2.25132751465
3.25355505943		3.2611284256
3.25768303871		2.11939334869
3.26180720329		2.1701374054
3.26593899727		3.26620292664
3.27005600929		2.19043445587
3.2741830349		2.09909534454
3.27832818031		3.2611284256
3.28244018555		2.26655006409
3.28656816483		2.03820323944
3.2906870842		3.24590492249
3.29481601715		2.3426656723
3.29893612862		1.9823846817
3.30306100845		3.22053337097
3.30718922615		2.42385578156
3.31131315231		1.93164157867
3.31544518471		3.19008731842
3.31956505775		2.49997138977
3.32369017601		1.89104652405
3.32781600952		3.14949226379
3.3319401741		2.59638500214
3.33606815338		1.85045146942
3.34019207954		3.10382270813
3.34431600571		2.65727710724
3.34844112396		1.8200044632
3.35256814957		3.05307865143
3.35669207573		2.73339271545
3.36081910133		1.79970741272
3.36495113373		2.98711204529
3.3690700531		2.80950832367
3.37319421768		1.79463291168
3.37732315063		2.92621898651
3.38144612312		2.88562393188
3.38557720184		1.78448390961
3.38969802856		2.85517787933
3.39382314682		2.9515914917
3.39795017242		1.79463291168
3.40207505226		2.78413677216
3.40622115135		3.02770709991
3.41033315659		1.80985641479
3.41445302963		2.67757511139
3.41857719421		3.07337665558
3.42270207405		1.83522796631
3.42686104774		2.59638500214
3.43095207214		3.13934326172
3.43508505821		1.86059951782
3.43920516968		2.54564094543
3.44332909584		3.17486381531
3.44745612144		1.90119457245
3.45158004761		2.46445083618
3.45571422577		3.2103843689
3.45983219147		1.95701313019
3.46395802498		2.38833522797
3.46808218956		3.23575687408
3.47221016884		2.00775718689
3.47633504868		2.31221961975
3.48046016693		3.25605392456
3.48462104797		2.08894729614
3.4887111187		2.23610401154
3.49283504486		3.2611284256
3.49696803093		2.13461589813
3.50108718872		2.15998840332
3.50521922112		3.26620292664
3.50933718681		2.19550895691
3.51348018646		2.0838727951
3.51759004593		3.2611284256
3.52171516418		2.27669906616
3.52584600449		2.02297973633
3.52996611595		3.24083042145
3.53409004211		2.35281467438
3.53822207451		1.9722366333
3.54235601425		3.2103843689
3.54647302628		2.43400478363
3.55059504509		1.9214925766
3.55472612381		3.18501281738
3.55884504318		2.52534389496
3.56297016144		1.88089752197
3.56709718704		3.14441776276
3.57122015953		2.58623600006
3.57534718513		1.84537696838
3.5794711113		3.09874820709
3.58359718323		2.66742610931
3.58772516251		1.8200044632
3.59184718132		3.03785610199
3.59598112106		2.77398777008
3.60010004044		1.79970741272
3.60422420502		2.98711204529
3.60835123062		2.81965732574
3.61249709129		1.78448390961
3.61660909653		2.91099643707
3.62072706223		2.89577293396
3.62485718727		1.78955841064
3.62897610664		2.84502887726
3.63310313225		2.9617395401
3.63722920418		1.79463291168
3.64135622978		2.76891326904
3.64548516273		3.02770709991
3.64960622787		1.80985641479
3.65373015404		2.69279766083
3.65785813332		3.08859920502
3.66198015213		1.83522796631
3.66612005234		2.60145950317
3.67024922371		3.13934326172
3.67435908318		1.90626907349
3.67861008644		2.43907928467
3.6827340126		3.21545886993
3.68686819077		1.9823846817
3.69098520279		2.36803817749
3.69511818886		3.24083042145
3.69923710823		2.02297973633
3.70336103439		2.28684806824
3.70748806		3.2611284256
3.71161413193		2.0838727951
3.71574401855		2.20565795898
3.71986317635		3.2611284256
3.72399020195		2.1701374054
3.72811722755		2.13969039917
3.73223900795		3.26620292664
3.73636722565		2.22595500946
3.74049115181		2.07372379303
3.74462223053		3.25097942352
3.7487411499		2.30207061768
3.75286817551		2.01283168793
3.7570002079		3.23068237305
3.76112008095		2.37818622589
3.76525020599		1.95701313019
3.76937413216		3.20530986786
3.77349805832		2.45937633514
3.7776222229		1.91134357452
3.78174614906		3.17486381531
3.78587412834		2.5405664444
3.78999710083		1.8707485199
3.79412913322		3.12411975861
3.79826617241		2.63190555573
3.80237412453		1.84030246735
3.80650806427		3.07337665558
3.81062602997		2.69279766083
3.81475615501		1.81493091583
3.81887722015		3.02263259888
3.82300209999		2.76891326904
3.82712602615		1.79463291168
3.83124423027		2.9617395401
3.83537316322		2.8501033783
3.83950710297		1.78955841064
3.84362912178		2.89069843292
3.84775614738		2.91607093811
3.85187911987		1.78955841064
3.85601305962		2.82473182678
3.86013007164		2.99218654633
3.86425805092		1.79463291168
3.86838316917		2.74861621857
3.87250709534		3.04800415039
3.87663412094		1.81493091583
3.88075900078		2.66742610931
3.88488912582		3.10382270813
3.88901019096		1.84537696838
3.8931350708		2.58623600006
3.89727902412		3.15456676483
3.90138721466		1.88597202301
3.90551805496		2.50504589081
3.90963721275		3.18501281738
3.91376399994		1.9214925766
3.91789102554		2.42893028259
3.92202019691		3.22053337097
3.92614603043		1.97731018066
3.93026614189		2.35281467438
3.93440508842		3.25605392456
3.93864417076		2.10924434662
3.94276618958		2.19043445587
3.94690108299		3.26620292664
3.95101809502		2.17521095276
3.95514917374		2.10924434662
3.95926809311		3.26620292664
3.96339321136		2.25132751465
3.96752214432		2.04835224152
3.97164511681		3.25097942352
3.97577214241		2.32744312286
3.97989606857		1.98745918274
3.98402118683		3.22560787201
3.98815107346		2.42385578156
3.99227404594		1.94178962708
3.9963991642		3.20023536682
4.00052499771		2.47967433929
4.00465607643		1.89104652405
4.0087749958		3.16471481323
4.01289916039		2.56086444855
4.01702809334		1.85552597046
4.02115106583		3.11397171021
4.02529907227		2.66235160828
4.02941703796		1.82507896423
4.03352808952		3.0632276535
4.03765511513		2.72324466705
4.04177808762		1.80985641479
4.04591321945		2.99726104736
4.05003809929		2.79936027527
4.05415701866		1.79463291168
4.05828619003		2.93129348755
4.06242203712		2.88055038452
4.06654000282		1.78955841064
4.07065916061		2.87040138245
4.07478904724		2.94144248962
4.07890820503		1.78955841064
4.08303403854		2.80443382263
4.08716106415		3.02770709991
4.09130811691		1.79970741272
4.09542012215		2.71309566498
4.09953522682		3.06830215454
4.10366106033		1.82507896423
4.10778903961		2.6420545578
4.11191320419		3.11397171021
4.11604499817		1.8707485199
4.12016510963		2.57101249695
4.12429118156		3.15964031219
4.12841701508		1.89612102509
4.13253903389		2.48474884033
4.13666605949		3.20023536682
4.14079117775		1.93671607971
4.14492511749		2.39848423004
4.14904117584		3.23068237305
4.15316915512		1.99253368378
4.15729403496		2.32744312286
4.16141915321		3.24590492249
4.16554999352		2.05342674255
4.16967320442		2.24625301361
4.17379403114		3.2611284256
4.17793011665		2.11939334869
4.18204712868		2.17521095276
4.18617510796		3.26620292664
4.19031214714		2.19550895691
4.19442415237		2.07879829407
4.19855213165		3.25605392456
4.20267415047		2.26147556305
4.20683813095		2.02805423737
4.21092820168		3.24590492249
4.21505999565		2.35281467438
4.21917700768		1.98745918274
4.22330117226		3.22560787201
4.22742915154		2.41370677948
4.23155212402		1.93164157867
4.23568415642		3.19516181946
4.23980402946		2.49489688873
4.24392914772		1.88089752197
4.24805617332		3.15456676483
4.25218105316		2.58623600006
4.25631403923		1.85045146942
4.26043200493		3.10889720917
4.26455712318		2.71817016602
4.26880812645		1.79970741272
4.27293419838		2.98203754425
4.27706122398		2.81965732574
4.28118419647		1.78955841064
4.28533005714		2.90592193604
4.28943705559		2.89069843292
4.29356002808		1.78955841064
4.29769015312		2.8501033783
4.30181002617		2.95666599274
4.30595016479		1.78955841064
4.3100631237		2.77398777008
4.31418919563		3.02770709991
4.31833100319		1.81493091583
4.3224401474		2.69279766083
4.32657504082		3.08859920502
4.33069205284		1.83522796631
4.33482003212		2.61160755157
4.33894300461		3.12919425964
4.34306812286		1.8707485199
4.34719419479		2.5405664444
4.35132002831		3.17486381531
4.35545015335		1.91134357452
4.35956811905		2.45937633514
4.36369419098		3.2103843689
4.36782121658		1.95701313019
4.37194514275		2.36803817749
4.37607121468		3.23068237305
4.38019609451		2.01790523529
4.38432002068		2.30207061768
4.38844704628		3.25605392456
4.39257311821		2.07372379303
4.39669799805		2.22088050842
4.40082406998		3.26620292664
4.40496015549		2.14983940125
4.40907621384		2.14983940125
4.41319918633		3.2611284256
4.41732811928		2.21073246002
4.42145109177		2.08894729614
4.42560315132		3.25097942352
4.42970108986		2.2817735672
4.43383312225		2.02297973633
4.43795514107		3.24083042145
4.442081213		2.36296367645
4.44621109962		1.96208763123
4.45033121109		3.21545886993
4.45447206497		2.52534389496
4.45871019363		1.86567401886
4.46283316612		3.12919425964
4.46696805954		2.62175655365
4.47108411789		1.83015346527
4.47520804405		3.08352470398
4.47933411598		2.69279766083
4.48346018791		1.80985641479
4.48758721352		3.02263259888
4.49171209335		2.76891326904
4.4958422184		1.79463291168
4.49996519089		2.94651699066
4.5040872097		2.84502887726
4.50821399689		1.78955841064
4.51233911514		2.89577293396
4.51646399498		2.91099643707
4.52058815956		1.78955841064
4.5247220993		2.81965732574
4.52884221077		2.98203754425
4.53296709061		1.79463291168
4.53709220886		2.74861621857
4.5412170887		3.04800415039
4.54534912109		1.8200044632
4.54946708679		2.67250061035
4.55361008644		3.10382270813
4.55772018433		1.84030246735
4.56185221672		2.58623600006
4.56597614288		3.15456676483
4.57009601593		1.87582302094
4.57422113419		2.51012039185
4.57835221291		3.19008731842
4.58248806		1.93164157867
4.58660006523		2.42893028259
4.59072303772		3.21545886993
4.59485721588		1.97731018066
4.59897422791		2.3426656723
4.60309910774		3.24083042145
4.60722613335		2.02297973633
4.61135101318		2.27669906616
4.61547899246		3.2611284256
4.61960220337		2.08894729614
4.62372612953		2.18535995483
4.62787008286		3.2611284256
4.63197803497		2.16506290436
4.63611006737		2.10924434662
4.64023017883		3.2611284256
4.644354105		2.2310295105
4.64848423004		2.05850028992
4.65260505676		3.25097942352
4.6567761898		2.3426656723
4.6608581543		2.00775718689
4.6649889946		3.23068237305
4.66910815239		2.38833522797
4.67323303223		1.95193862915
4.67735910416		3.20023536682
4.68148708344		2.46445083618
4.68561506271		1.90119457245
4.68974399567		3.16978931427
4.69386100769		2.55071544647
4.69798707962		1.86567401886
4.70211219788		3.12411975861
4.70624423027		2.63190555573
4.71037721634		1.82507896423
4.71448922157		3.05307865143
4.71861815453		2.7029466629
4.72273802757		1.81493091583
4.72687101364		3.0124835968
4.73099112511		2.77906227112
4.73512411118		1.79463291168
4.73924422264		2.95666599274
4.74336600304		2.86025238037
4.74749422073		1.78448390961
4.75161910057		2.88562393188
4.75575017929		2.93129348755
4.7598721981		1.78955841064
4.76399421692		2.80443382263
4.7681210041		2.99218654633
4.77224516869		1.79970741272
4.77637314796		2.73339271545
4.78049707413		3.05815315247
4.78462219238		1.81493091583
4.78874921799		2.65727710724
4.79287219048		3.10889720917
4.79700517654		1.85045146942
4.80112409592		2.58116149902
4.80525517464		3.15456676483
4.8093931675		1.89104652405
4.81350111961		2.50504589081
4.81763315201		3.19008731842
4.82175207138		1.93164157867
4.82588720322		2.41370677948
4.82999420166		3.22053337097
4.8341190815		1.9722366333
4.83825802803		2.33759117126
4.84238100052		3.24590492249
4.84652900696		2.05342674255
4.85062909126		2.26655006409
4.85476303101		3.2611284256
4.8588821888		2.10416984558
4.86300611496		2.19043445587
4.86713409424		3.2611284256
4.8712580204		2.1802854538
4.87538909912		2.11939334869
4.87950801849		3.26620292664
4.88363409042		2.24117851257
4.88776111603		2.05850028992
4.89188504219		3.24590492249
4.89601802826		2.32744312286
4.90013718605		1.9823846817
4.90426421165		3.22560787201
4.90838718414		2.39848423004
4.91251420975		1.94686412811
4.91663813591		3.20530986786
4.92076420784		2.47967433929
4.92489600182		1.89104652405
4.92901515961		3.15964031219
4.93314218521		2.56593894958
4.93726801872		1.86567401886
4.94139003754		3.11397171021
4.94553017616		2.64712810516
4.9496421814		1.83522796631
4.953769207		3.0632276535
4.95789599419		2.71309566498
4.96202015877		1.80478191376
4.96614909172		3.00740909576
4.97027015686		2.78921127319
4.97441101074		1.78448390961
4.9786491394		2.86025238037
4.98277115822		2.94651699066
4.98690319061		1.78955841064
4.99102115631		2.79428577423
4.99515414238		3.01755809784
4.99927401543		1.80478191376
