0.000123977661133		1.65255069733
0.00360107421875		4.25570678711
0.00724196434021		0.815278053284
0.0107300281525		4.31152439117
0.0142259597778		0.76960849762
0.0177309513092		4.28615283966
0.0212271213531		0.85587310791
0.0247919559479		4.16944217682
0.0283539295197		0.952286720276
0.0318560600281		3.9816904068
0.0353529453278		1.20600509644
0.0388579368591		3.64678096771
0.0423560142517		1.54598808289
0.0458569526672		3.27127742767
0.0493569374084		1.95701313019
0.0528569221497		2.86025238037
0.0564069747925		2.29699611664
0.0599911212921		2.61668205261
0.0634899139404		2.62175655365
0.0669910907745		2.1701374054
0.070524930954		3.02770709991
0.0741181373596		1.91134357452
0.0776209831238		3.34739303589
0.081118106842		1.51554203033
0.0846180915833		3.70767402649
0.0882470607758		1.32779026031
0.0917460918427		3.91572284698
0.095251083374		1.03855037689
0.0987451076508		4.15421867371
0.102246046066		0.850798606873
0.105751037598		4.28615283966
0.109246015549		0.774682998657
0.11274600029		4.3013753891
0.116248130798		0.800054550171
0.119746923447		4.21003723145
0.123248100281		0.957360267639
0.126750946045		3.9816904068
0.130249023438		1.20600509644
0.133749961853		3.65185546875
0.137249946594		1.54091453552
0.140749931335		3.27635097504
0.14425110817		1.94686412811
0.147751092911		2.87040138245
0.151251077652		2.37311172485
0.154757976532		2.42893028259
0.158252000809		2.81965732574
0.16175198555		1.9722366333
0.165262937546		3.27127742767
0.1687541008		1.57643508911
0.172255039215		3.69245052338
0.175761938095		1.24152565002
0.179261922836		3.98676395416
0.182754039764		0.972583770752
0.186262130737		4.19988822937
0.189754962921		0.820352554321
0.193256139755		4.3013753891
0.196757078171		0.764533996582
0.200257062912		4.28615283966
0.203757047653		0.825427055359
0.207262039185		4.16436767578
0.210758924484		1.01317882538
0.214260101318		3.89542579651
0.21776008606		1.28719520569
0.221261024475		3.55036830902
0.224766016006		1.64747619629
0.228263139725		3.17486381531
0.231760978699		2.06357479095
0.235269069672		2.7536907196
0.238763093948		2.48474884033
0.242262125015		2.2919216156
0.245768070221		2.93636798859
0.249264001846		1.86567401886
0.252764940262		3.39813613892
0.256315946579		1.54091453552
0.259891033173		3.63663196564
0.263391017914		1.27704620361
0.266894102097		3.95124340057
0.270393133163		1.0030298233
0.273891925812		4.17451667786
0.277395963669		0.840649604797
0.28089094162		4.29630184174
0.284394979477		0.76960849762
0.287900924683		4.3013753891
0.291396141052		0.810203552246
0.294901132584		4.18973922729
0.298394918442		0.982732772827
0.301896095276		3.94109535217
0.305397033691		1.24152565002
0.308897018433		3.60618591309
0.31240105629		1.58658313751
0.315897941589		3.23068237305
0.319399118423		1.99760818481
0.32289814949		2.81458282471
0.326440095901		2.35788917542
0.330024957657		2.56086444855
0.33352804184		2.67757511139
0.337029933929		2.10924434662
0.340527057648		3.14949226379
0.344026088715		1.69314575195
0.347527980804		3.58081436157
0.351027011871		1.33286476135
0.354526996613		3.86497974396
0.358154058456		1.1400384903
0.361652135849		4.06287956238
0.365159988403		0.92183971405
0.36865401268		4.24555778503
0.372154951096		0.794981002808
0.375658035278		4.31152439117
0.379154920578		0.76960849762
0.382656097412		4.27092933655
0.386162042618		0.866022109985
0.389657020569		4.09840106964
0.393157958984		1.07914543152
0.396665096283		3.81423568726
0.400157928467		1.38868236542
0.403657913208		3.44380569458
0.407160997391		1.75911235809
0.410659074783		3.05307865143
0.414159059525		2.1802854538
0.417662143707		2.62683105469
0.421160936356		2.61160755157
0.424664020538		2.23610401154
0.428287029266		2.88055038452
0.431786060333		1.91641807556
0.435293912888		3.33724403381
0.438789129257		1.53076553345
0.442287921906		3.73812007904
0.445796966553		1.19585609436
0.449290037155		4.02228546143
0.452790975571		0.947212219238
0.456368923187		4.17959117889
0.459916114807		0.85587310791
0.463415145874		4.28615283966
0.466917991638		0.76960849762
0.470417976379		4.30644989014
0.473916053772		0.800054550171
0.477419137955		4.21003723145
0.48092007637		0.952286720276
0.484417915344		3.9816904068
0.487921953201		1.2009305954
0.49141907692		3.66200447083
0.494929075241		1.52569103241
0.498419046402		3.27635097504
0.501920938492		1.94686412811
0.505433082581		2.89069843292
0.508921146393		2.35788917542
0.512421131134		2.42385578156
0.515926122665		2.80443382263
0.519423007965		1.98745918274
0.522938013077		3.25097942352
0.526425123215		1.58658313751
0.529925107956		3.68737602234
0.533426046371		1.23645114899
0.536926031113		3.9816904068
0.54042506218		0.97765827179
0.543926000595		4.19988822937
0.547428131104		0.825427055359
0.550925970078		4.30644989014
0.554425954819		0.764533996582
0.557928085327		4.2912273407
0.561428070068		0.830501556396
0.564934968948		4.16944217682
0.568431138992		1.00810432434
0.571929931641		3.89542579651
0.575436115265		1.27197170258
0.578928947449		3.55544185638
0.582431077957		1.64240169525
0.585931062698		3.17486381531
0.589432954788		2.05342674255
0.592931032181		2.74861621857
0.596440076828		2.46952533722
0.599931955338		2.30714511871
0.603433132172		2.93636798859
0.60693693161		1.8707485199
0.610435009003		3.39813613892
0.613940000534		1.49017047882
0.617435932159		3.7837896347
0.620935916901		1.15526103973
0.62443614006		4.05273151398
0.627936124802		0.92183971405
0.631436109543		4.240483284
0.634943962097		0.800054550171
0.638438940048		4.30644989014
0.641937971115		0.764533996582
0.645442962646		4.27600383759
0.64907002449		0.805129051208
0.652570009232		4.21511173248
0.656208992004		0.881244659424
0.659822940826		4.15929317474
0.663325071335		1.0030298233
0.666820049286		3.90557384491
0.670318126678		1.28719520569
0.67381811142		3.55036830902
0.677318096161		1.64240169525
0.680819034576		3.16471481323
0.684319972992		2.05850028992
0.687820911407		2.7536907196
0.691318035126		2.48474884033
0.694827079773		2.30714511871
0.69832110405		2.94144248962
0.701821088791		1.86567401886
0.705327987671		3.37783908844
0.708828926086		1.49017047882
0.712322950363		3.77364063263
0.715824127197		1.1501865387
0.719322919846		4.05273151398
0.722840070724		0.931988716125
0.726362943649		4.21511173248
0.729949951172		0.83557510376
0.733451128006		4.2912273407
0.736952066422		0.764533996582
0.740451097488		4.3013753891
0.743952035904		0.810203552246
0.747452974319		4.18466472626
0.750951051712		0.97765827179
0.754451990128		3.94109535217
0.757952928543		1.24660015106
0.761454105377		3.60111141205
0.764960050583		1.58150959015
0.768455028534		3.22560787201
0.771953105927		1.99760818481
0.775458097458		2.81965732574
0.778954029083		2.42385578156
0.782454967499		2.36296367645
0.785963058472		2.85517787933
0.789457082748		1.9214925766
0.79295706749		3.34231853485
0.796458959579		1.53584003448
0.799957990646		3.72797107697
0.803458929062		1.19078159332
0.806960105896		4.01721096039
0.810459136963		0.952286720276
0.813961029053		4.21511173248
0.817462921143		0.810203552246
0.820966959		4.30644989014
0.824463129044		0.759459495544
0.827961921692		4.28615283966
0.831465959549		0.845724105835
0.834963083267		4.13392162323
0.838463068008		1.04362487793
0.841964006424		3.85483074188
0.845472097397		1.31764125824
0.848964929581		3.50469875336
0.852466106415		1.68807125092
0.85596704483		3.12411975861
0.859466075897		2.10924434662
0.862965106964		2.69787216187
0.866472959518		2.52534389496
0.869966983795		2.24117851257
0.873466968536		2.99726104736
0.876969099045		1.82507896423
0.88047003746		3.44888019562
0.883968114853		1.43942642212
0.887473106384		3.80916118622
0.890969991684		1.11466598511
0.894469976425		4.08317756653
0.897973060608		0.901542663574
0.901473045349		4.25570678711
0.90497803688		0.794981002808
0.90847492218		4.30644989014
0.911972045898		0.76960849762
0.915477991104		4.25570678711
0.918972015381		0.886319160461
0.922474145889		4.07302856445
0.925980091095		1.09944343567
0.929475069046		3.76856613159
0.932974100113		1.41912937164
0.936479091644		3.40828514099
0.93998003006		1.79463291168
0.943476915359		3.05307865143
0.947111129761		2.02805423737
0.950602054596		2.76383876801
0.954102039337		2.46952533722
0.957606077194		2.32236862183
0.96110701561		2.92114448547
0.964606046677		2.02805423737
0.968231916428		3.20023536682
0.97172999382		1.64747619629
0.975239992142		3.61633491516
0.978733062744		1.28719520569
0.982232093811		3.94109535217
0.985738992691		1.01825332642
0.989233016968		4.16436767578
0.992732048035		0.83557510376
0.99623298645		4.28615283966
0.999732971191		0.76960849762
1.00323295593		4.3013753891
1.00673604012		0.810203552246
1.01023411751		4.18973922729
1.0137360096		0.972583770752
1.01723909378		3.95124340057
1.02073597908		1.23137664795
1.02423596382		3.6214094162
1.02773809433		1.57643508911
1.03123807907		3.24590492249
1.03481292725		1.8707485199
1.03836798668		3.0124835968
1.0418651104		2.2310295105
1.04537200928		2.58116149902
1.04887199402		2.6522026062
1.05236506462		2.12446784973
1.0558719635		3.11904525757
1.0593650341		1.69822025299
1.06286692619		3.56559085846
1.06640100479		1.37345981598
1.0699930191		3.76856613159
1.07349205017		1.15526103973
1.07699513435		4.05273151398
1.08049702644		0.926914215088
1.08399391174		4.23540878296
1.08751296997		0.805129051208
1.09112000465		4.2912273407
1.0946199894		0.774682998657
1.09824609756		4.31152439117
1.10174703598		0.76960849762
1.10525608063		4.25570678711
1.10874891281		0.896468162537
1.11224794388		4.06795406342
1.11575508118		1.10959243774
1.11924910545		3.75841712952
1.12274813652		1.42420387268
1.12625694275		3.40828514099
1.12974905968		1.81493091583
1.13324999809		3.00233459473
1.13675093651		2.2310295105
1.14025092125		2.56593894958
1.14375114441		2.67250061035
1.14725399017		2.11431884766
1.15075206757		3.13934326172
1.15425109863		1.69314575195
1.15776014328		3.56051635742
1.16125392914		1.33793926239
1.16476202011		3.89035129547
1.16825509071		1.04362487793
1.17175412178		4.14406967163
1.17525696754		0.85587310791
1.17875504494		4.28107833862
1.18225598335		0.774682998657
1.185765028		4.30644989014
1.18925714493		0.78990650177
1.19275999069		4.21511173248
1.19625902176		0.947212219238
1.1997590065		3.9918384552
1.20325803757		1.19585609436
1.20676207542		3.66707897186
1.21025896072		1.52061653137
1.21376013756		3.29157447815
1.21726512909		1.92656707764
1.22076106071		2.88562393188
1.22426104546		2.34774017334
1.22776293755		2.43907928467
1.23126196861		2.79428577423
1.23476910591		2.01283168793
1.23825597763		3.27127742767
1.24175596237		1.59673213959
1.24525713921		3.66707897186
1.24875712395		1.23645114899
1.25225710869		3.9918384552
1.25576305389		0.982732772827
1.25926494598		4.19481372833
1.26276493073		0.825427055359
1.26627206802		4.29630184174
1.2697660923		0.76960849762
1.27326798439		4.3013753891
1.27676796913		0.820352554321
1.2802670002		4.16944217682
1.28377008438		0.997955322266
1.2872710228		3.91572284698
1.29077005386		1.27704620361
1.29427099228		3.56559085846
1.29777097702		1.6221036911
1.30127096176		3.18501281738
1.30477595329		2.0331287384
1.30827212334		2.77398777008
1.31177210808		2.45937633514
1.31527900696		2.33251667023
1.31877398491		2.91607093811
1.32227301598		1.88597202301
1.32578110695		3.37783908844
1.3292760849		1.5003194809
1.33277392387		3.76349163055
1.33634901047		1.24660015106
1.3399040699		3.93602085114
1.3434009552		1.01317882538
1.34690403938		4.16944217682
1.35040211678		0.840649604797
1.35390305519		4.2912273407
1.35740399361		0.774682998657
1.360902071		4.30644989014
1.36440300941		0.805129051208
1.3679060936		4.19481372833
1.37140512466		0.967509269714
1.37491607666		3.97154140472
1.37840604782		1.22630310059
1.38190603256		3.62648391724
1.38541293144		1.55613708496
1.38890504837		3.24083042145
1.39240813255		1.9823846817
1.39591002464		2.8399553299
1.39940810204		2.40355873108
1.40290808678		2.38326072693
1.40644192696		2.79428577423
1.41003608704		2.12954235077
1.41353702545		3.12919425964
1.41703701019		1.71344280243
1.42053699493		3.54529380798
1.42404294014		1.35316181183
1.42753696442		3.90050029755
1.43103694916		1.05377388
1.4345369339		4.0933265686
1.43816494942		0.926914215088
1.44166398048		4.23033428192
1.44517111778		0.800054550171
1.44866394997		4.31152439117
1.45216393471		0.76960849762
1.45567107201		4.27600383759
1.45916509628		0.860947608948
1.46266508102		4.10854911804
1.4661719799		1.06899738312
1.46966791153		3.81931018829
1.47316813469		1.3633108139
1.47667002678		3.45902919769
1.48016810417		1.73881530762
1.48367404938		3.08859920502
1.48717093468		2.15998840332
1.49066996574		2.64712810516
1.49417114258		2.58623600006
1.49767494202		2.20058345795
1.50117111206		3.05307865143
1.50467205048		1.83015346527
1.50829696655		3.31694602966
1.51179814339		1.54091453552
1.51530408859		3.71274757385
1.51880002022		1.20600509644
1.52229809761		4.01213645935
1.52580499649		0.962434768677
1.52929806709		4.21511173248
1.53280091286		0.815278053284
1.53638100624		4.29630184174
1.53992891312		0.779757499695
1.54342794418		4.30644989014
1.54693007469		0.78990650177
1.55042791367		4.22018527985
1.55392813683		0.942137718201
1.55743098259		4.00198745728
1.56092810631		1.18570804596
1.56442809105		3.67215251923
1.56792998314		1.51554203033
1.57142996788		3.30172348022
1.57493114471		1.92656707764
1.57843208313		2.900847435
1.5819311142		2.33759117126
1.58543205261		2.44922733307
1.58893299103		2.78413677216
1.59243893623		2.01790523529
1.59593391418		3.25097942352
1.59943294525		1.60180664062
1.60293412209		3.66707897186
1.60643601418		1.2516746521
1.60993409157		3.97661590576
1.61343598366		0.987807273865
1.6169359684		4.18973922729
1.62043595314		0.830501556396
1.62394213676		4.29630184174
1.62743806839		0.764533996582
1.63093709946		4.29630184174
1.63443899155		0.820352554321
1.63793897629		4.16944217682
1.64143896103		0.997955322266
1.644947052		3.92587184906
1.64843893051		1.26689815521
1.65194106102		3.57573986053
1.65544199944		1.61703014374
1.65894293785		3.19516181946
1.66244101524		2.03820323944
1.66595005989		2.79936027527
1.66944313049		2.44922733307
1.67294311523		2.32744312286
1.67644500732		2.91607093811
1.67994403839		1.89612102509
1.68344402313		3.37783908844
1.68694710732		1.50539302826
1.69044494629		3.75841712952
1.69394612312		1.17048454285
1.69744706154		4.0425825119
1.7009510994		0.937063217163
1.70444607735		4.23033428192
1.70794796944		0.800054550171
1.71144604683		4.30644989014
1.71495294571		0.76960849762
1.71844792366		4.27600383759
1.72195005417		0.85587310791
1.72545409203		4.11869812012
1.72894906998		1.06392288208
1.73245096207		3.83453273773
1.73595094681		1.35823631287
1.73945093155		3.47425174713
1.74295091629		1.7235918045
1.74645495415		3.09367370605
1.74995303154		2.14983940125
1.75345206261		2.65727710724
1.75695514679		2.57608699799
1.76045298576		2.20565795898
1.76395392418		3.04292964935
1.76745510101		1.78448390961
1.77095603943		3.48947525024
1.77445411682		1.40390586853
1.77795410156		3.84468173981
1.78145503998		1.09436893463
1.78496313095		4.09840106964
1.78845691681		0.891393661499
1.79195809364		4.26078033447
1.79546403885		0.784832000732
1.79895997047		4.31659889221
1.80245900154		0.779757499695
1.80596494675		4.25063228607
1.80946397781		0.901542663574
1.81296014786		4.04765701294
1.81646299362		1.12481498718
1.81996011734		3.73812007904
1.82346010208		1.44957542419
1.82696199417		3.3727645874
1.83046197891		1.84537696838
1.83396410942		2.98203754425
1.83746504784		2.25640106201
1.8409640789		2.5405664444
1.84446406364		2.68772315979
1.84799098969		2.13461589813
1.8515920639		2.96681404114
1.85509896278		1.85552597046
1.85859203339		3.42858314514
1.86209201813		1.45972442627
1.86559796333		3.7837896347
1.86909198761		1.13496398926
1.87259197235		4.07810306549
1.87609505653		0.92183971405
1.87959504128		4.24555778503
1.88309311867		0.78990650177
1.88659596443		4.31659889221
1.8900949955		0.774682998657
1.89359593391		4.26585483551
1.8970990181		0.876170158386
1.90059614182		4.08825206757
1.90409708023		1.09436893463
1.90759801865		3.78886318207
1.91109895706		1.39883136749
1.91459608078		3.48947525024
1.91823101044		1.59673213959
1.92172598839		3.2103843689
1.92523193359		2.00775718689
1.92872691154		2.79936027527
1.93222594261		2.44415378571
1.93573212624		2.34774017334
1.93922591209		2.900847435
1.94272494316		1.90119457245
1.94623398781		3.35246753693
1.94972991943		1.52061653137
1.95322704315		3.74826812744
1.95672798157		1.17555904388
1.96022891998		4.03750801086
1.96373009682		0.942137718201
1.96723103523		4.22525978088
1.9707300663		0.805129051208
1.97423100471		4.30644989014
1.97773194313		0.76960849762
1.98123311996		4.28107833862
1.98481011391		0.815278053284
1.98835897446		4.20496273041
1.99185800552		0.957360267639
1.9953660965		3.9816904068
1.99885892868		1.21615409851
2.00236010551		3.64170646667
2.00586700439		1.54091453552
2.009360075		3.2611284256
2.01286005974		1.96208763123
2.01639413834		2.91607093811
2.01998710632		2.19550895691
2.02348709106		2.60145950317
2.02699398994		2.61668205261
2.03048706055		2.14983940125
2.03398704529		3.11397171021
2.03748893738		1.72866630554
2.04099106789		3.54529380798
2.04449009895		1.35823631287
2.04799294472		3.8802022934
2.05149006844		1.06392288208
2.05499196053		4.12884712219
2.05849099159		0.866022109985
2.06199502945		4.28107833862
2.06550002098		0.779757499695
2.06899404526		4.31152439117
2.07249212265		0.784832000732
2.07599401474		4.22525978088
2.07949399948		0.926914215088
2.08299303055		4.01721096039
2.08649897575		1.16541004181
2.0899939537		3.69245052338
2.09349393845		1.49524497986
2.0969979763		3.32709503174
2.10049796104		1.89612102509
2.10399699211		2.92114448547
2.10750007629		2.31729412079
2.11099791527		2.46952533722
2.1144990921		2.75876522064
2.11800003052		2.0331287384
2.12149810791		3.23068237305
2.12500596046		1.63732719421
2.12850213051		3.64170646667
2.13199996948		1.26689815521
2.13550806046		3.95124340057
2.13900208473		1.0030298233
2.14250206947		4.17959117889
2.146007061		0.83557510376
2.14950203896		4.29630184174
2.15300393105		0.76960849762
2.15650606155		4.3013753891
2.16000413895		0.815278053284
2.16350412369		4.18466472626
2.16700601578		0.982732772827
2.17050695419		3.93602085114
2.17400598526		1.2516746521
2.17750692368		3.60111141205
2.18100714684		1.59673213959
2.18450713158		3.3220205307
2.18813300133		1.83522796631
2.19163393974		2.98711204529
2.19513893127		2.24117851257
2.19863414764		2.54564094543
2.20213413239		2.68772315979
2.20564103127		2.10416984558
2.20913600922		3.15964031219
2.21263694763		1.67792224884
2.2161359787		3.59096240997
2.21963691711		1.31764125824
2.22313714027		3.92079734802
2.22664093971		1.04362487793
2.23013901711		4.15421867371
2.23363900185		0.850798606873
2.23713994026		4.28615283966
2.24063897133		0.76960849762
2.24414396286		4.30644989014
2.24764204025		0.800054550171
2.25114107132		4.21003723145
2.25464105606		0.901542663574
2.25826907158		4.0933265686
2.26176714897		1.08929443359
2.26527500153		3.80408668518
2.26876711845		1.38868236542
2.27226805687		3.4336566925
2.27576899529		1.76926136017
2.27926898003		3.05307865143
2.28276991844		2.19043445587
2.28630304337		2.66742610931
2.28989505768		2.42893028259
2.29339504242		2.34774017334
2.29690098763		2.88055038452
2.3003950119		1.91641807556
2.30389809608		3.34739303589
2.30739808083		1.51554203033
2.31089901924		3.73812007904
2.31439709663		1.18570804596
2.3178999424		4.03243350983
2.32139992714		0.942137718201
2.32490611076		4.22018527985
2.32840108871		0.805129051208
2.33190011978		4.31152439117
2.33540201187		0.76960849762
2.33890104294		4.28107833862
2.34240102768		0.850798606873
2.34591007233		4.12884712219
2.34940195084		1.05377388
2.35292100906		3.87005329132
2.35643911362		1.3024187088
2.36002898216		3.64678096771
2.36352801323		1.54598808289
2.36703205109		3.27635097504
2.37052893639		1.95701313019
2.37403202057		2.87040138245
2.37753391266		2.36296367645
2.38103199005		2.42893028259
2.38454008102		2.74861621857
2.38815808296		2.15998840332
2.3916580677		3.09874820709
2.39516592026		1.74388885498
2.39865994453		3.53514480591
2.4021589756		1.36838531494
2.40566706657		3.87005329132
2.40916204453		1.06392288208
2.41265892982		4.12377262115
2.41616797447		0.871096611023
2.41966199875		4.27600383759
2.42316293716		0.779757499695
2.42666292191		4.31152439117
2.43016314507		0.784832000732
2.43366312981		4.23033428192
2.4371650219		0.926914215088
2.44066596031		4.02735900879
2.4441640377		1.17048454285
2.44766712189		3.69752502441
2.45116591454		1.49017047882
2.45466709137		3.44380569458
2.45831012726		1.68299674988
2.46192598343		3.28649997711
2.46542906761		1.94178962708
2.46892213821		2.86532688141
2.47242093086		2.36296367645
2.47592806816		2.47967433929
2.47954797745		2.62683105469
2.48304605484		2.15491390228
2.4865500927		3.09367370605
2.49004793167		1.73374080658
2.49356198311		3.5199213028
2.49705004692		1.3633108139
2.50054907799		3.8802022934
2.50404810905		1.06392288208
2.50755310059		4.12377262115
2.51105093956		0.871096611023
2.51454997063		4.26585483551
2.51817798615		0.805129051208
2.52167797089		4.30644989014
2.52518296242		0.76960849762
2.52867794037		4.27600383759
2.53217792511		0.85587310791
2.53567910194		4.12377262115
2.53918004036		1.04869937897
2.5426800251		3.84468173981
2.54618501663		1.33793926239
2.54969596863		3.50977325439
2.55317997932		1.71344280243
2.55668210983		3.10382270813
2.56018209457		2.12954235077
2.56368207932		2.67757511139
2.56718206406		2.5405664444
2.57068896294		2.2310295105
2.57418298721		3.02770709991
2.5776860714		1.79970741272
2.58118510246		3.47932624817
2.58468794823		1.52569103241
2.58831214905		3.69245052338
2.59180998802		1.22122859955
2.59531903267		3.9918384552
2.59881210327		0.997955322266
2.6024389267		4.12377262115
2.60594511032		0.876170158386
2.6094379425		4.27092933655
2.61293911934		0.779757499695
2.61643910408		4.31659889221
2.6199400425		0.779757499695
2.62356495857		4.28107833862
2.62706899643		0.85587310791
2.63056612015		4.12377262115
2.63406896591		1.05377388
2.63758206367		3.85483074188
2.64106798172		1.34301376343
2.64456701279		3.60111141205
2.64819812775		1.54091453552
2.6516931057		3.26620292664
2.65520000458		1.95193862915
2.6586959362		2.85517787933
2.6621940136		2.38326072693
2.66570210457		2.41878128052
2.66919612885		2.82980632782
2.67269492149		1.96716213226
2.67619609833		3.29664897919
2.67971491814		1.59165763855
2.68319797516		3.69752502441
2.68670105934		1.22630310059
2.69019794464		4.00706195831
2.69371509552		0.97765827179
2.69720101357		4.20496273041
2.70071411133		0.825427055359
2.70420312881		4.30644989014
2.7077050209		0.76960849762
2.71119999886		4.29630184174
2.71470093727		0.815278053284
2.71832799911		4.22525978088
2.7218310833		0.926914215088
2.72533512115		4.02228546143
2.72884297371		1.13496398926
2.73245310783		3.83453273773
2.73595905304		1.34301376343
2.73945498466		3.47932624817
2.74295401573		1.70836830139
2.74645709991		3.09367370605
2.74995708466		2.13461589813
2.75345611572		2.66235160828
2.75695896149		2.56593894958
2.76045894623		2.21580600739
2.76395606995		2.99218654633
2.76758408546		1.95701313019
2.77108311653		3.30679798126
2.77458310127		1.6728477478
2.77821111679		3.55544185638
2.7817261219		1.37345981598
2.78521895409		3.87512779236
2.78871512413		1.05884838104
2.79221105576		4.13899612427
2.79571795464		0.871096611023
2.79921102524		4.28615283966
2.80271291733		0.774682998657
2.80621814728		4.31152439117
2.80971503258		0.794981002808
2.81321310997		4.22525978088
2.81671500206		0.931988716125
2.82021403313		4.00706195831
2.82371497154		1.17555904388
2.82721805573		3.69752502441
2.83071494102		1.5104675293
2.83421707153		3.31694602966
2.83773398399		1.87582302094
2.84121799469		2.91099643707
2.84471893311		2.25640106201
2.8483440876		2.66235160828
2.85184311867		2.52026939392
2.85546898842		2.393409729
2.85897111893		2.83488082886
2.86246991158		1.95193862915
2.86597704887		3.30679798126
2.86947011948		1.55613708496
2.87297511101		3.70767402649
2.87647294998		1.21107959747
2.87997198105		4.01213645935
2.88347196579		0.962434768677
2.88697504997		4.19988822937
2.89059996605		0.866022109985
2.89409899712		4.27600383759
2.8976111412		0.779757499695
2.90110111237		4.31659889221
2.90461707115		0.779757499695
2.9082300663		4.27600383759
2.9117269516		0.85587310791
2.9152340889		4.12377262115
2.91872596741		1.06899738312
2.92222809792		3.82438468933
2.92574906349		1.33793926239
2.92935395241		3.62648391724
2.93285298347		1.57643508911
2.93642497063		3.34739303589
2.93998003006		1.76418685913
2.94360399246		3.17993831635
2.94710803032		2.04327774048
2.95060706139		2.76891326904
2.95410609245		2.46952533722
2.95762300491		2.3426656723
2.96110701561		2.93636798859
2.96460604668		1.92656707764
2.96823191643		3.20023536682
2.97173404694		1.64747619629
2.97524309158		3.61633491516
2.97873497009		1.28719520569
2.98223495483		3.93602085114
2.98574209213		1.01825332642
2.98923492432		4.16944217682
2.99273705482		0.840649604797
2.99623608589		4.2912273407
2.99973702431		0.764533996582
3.00323700905		4.30644989014
3.0067460537		0.805129051208
3.01023793221		4.19481372833
3.01375508308		0.962434768677
3.01724100113		3.95631790161
3.02074098587		1.23137664795
3.0242869854		3.6823015213
3.0278699398		1.37345981598
3.03149414062		3.5706653595
3.03499913216		1.6221036911
3.03849506378		3.18501281738
3.04199409485		2.04835224152
3.04550004005		2.77398777008
3.04899811745		2.46952533722
3.05249500275		2.31221961975
3.05600214005		2.92114448547
3.05949497223		1.88089752197
3.06299805641		3.36769008636
3.06650114059		1.5003194809
3.07001805305		3.73812007904
3.0736219883		1.28719520569
3.07712507248		3.94616889954
3.08064007759		1.02840232849
3.08412408829		4.15929317474
3.08762693405		0.845724105835
3.09112501144		4.2912273407
3.09462499619		0.774682998657
3.0982530117		4.31659889221
3.10176801682		0.774682998657
3.10525798798		4.25570678711
3.10875105858		0.891393661499
3.11225199699		4.06795406342
3.11576414108		1.10451793671
3.11925292015		3.75841712952
3.12275314331		1.41912937164
3.12626099586		3.40828514099
3.12975502014		1.80985641479
3.13325405121		3.00740909576
3.13675713539		2.22595500946
3.14025592804		2.57101249695
3.14375591278		2.66742610931
3.14725804329		2.12446784973
3.15075802803		3.13934326172
3.15425801277		1.69822025299
3.15777301788		3.54529380798
3.16125893593		1.33793926239
3.16476511955		3.89542579651
3.16825914383		1.04869937897
3.17176008224		4.14406967163
3.17526292801		0.866022109985
3.17876195908		4.28107833862
3.18226099014		0.779757499695
3.18576693535		4.31152439117
3.1892619133		0.78990650177
3.19276404381		4.21511173248
3.19626307487		0.937063217163
3.19976401329		3.99691295624
3.20326805115		1.19078159332
3.20676612854		3.67215251923
3.21026396751		1.51554203033
3.21377897263		3.3118724823
3.21726703644		1.92656707764
3.22076392174		2.89069843292
3.22427105904		2.33759117126
3.22776913643		2.44922733307
3.2312669754		2.79428577423
3.2347741127		2.01283168793
3.23826909065		3.25605392456
3.24176907539		1.60180664062
3.2452750206		3.65692996979
3.24876904488		1.24152565002
3.25226807594		3.9816904068
3.2557721138		0.987807273865
3.25927114487		4.19481372833
3.26277208328		0.830501556396
3.26634693146		4.28107833862
3.26990103722		0.779757499695
3.27340006828		4.31152439117
3.27690005302		0.779757499695
3.28040003777		4.240483284
3.28389811516		0.886319160461
3.28752493858		4.13899612427
3.29102492332		1.04362487793
3.29452610016		3.90557384491
3.29815196991		1.19078159332
3.30166602135		3.6823015213
3.30515813828		1.52061653137
3.30865311623		3.29664897919
3.31215596199		1.92656707764
3.31565904617		2.89577293396
3.31915307045		2.32744312286
3.32265305519		2.43907928467
3.32615995407		2.79428577423
3.32964706421		1.98745918274
3.33315110207		3.2611284256
3.33667397499		1.6221036911
3.340280056		3.51484680176
3.34378099442		1.38360881805
3.3472840786		3.86497974396
3.35078310966		1.07914543152
3.35428404808		4.11869812012
3.35779905319		0.891393661499
3.36128211021		4.27092933655
3.36478900909		0.784832000732
3.36828398705		4.31152439117
3.37178301811		0.779757499695
3.37529206276		4.240483284
3.37878513336		0.916765213013
3.38228607178		4.03750801086
3.38579297066		1.14511299133
3.38928508759		3.71782207489
3.39278912544		1.46987247467
3.39632201195		3.40321063995
3.39991211891		1.69822025299
3.40341305733		3.12919425964
3.40691614151		2.10416984558
3.41041493416		2.69787216187
3.41391611099		2.53549194336
3.41741895676		2.25640106201
3.42091393471		2.99726104736
3.42441701889		1.81493091583
3.42791700363		3.39306259155
3.4315431118		1.59165763855
3.43505096436		3.66707897186
3.43854403496		1.24152565002
3.44204998016		3.97661590576
3.44554901123		0.987807273865
3.44904899597		4.19481372833
3.45254302025		0.825427055359
3.45604491234		4.30644989014
3.45954608917		0.759459495544
3.46304798126		4.29630184174
3.46655511856		0.820352554321
3.47004795074		4.16944217682
3.47354698181		0.987807273865
3.47719311714		4.04765701294
3.48080396652		1.03855037689
3.48430013657		3.85483074188
3.48780298233		1.32271575928
3.49130105972		3.50977325439
3.4948079586		1.68807125092
3.49830007553		3.11397171021
3.50181698799		2.09909534454
3.50530791283		2.7029466629
3.5088019371		2.5405664444
3.51230192184		2.24117851257
3.51580810547		2.99726104736
3.51930308342		1.80985641479
3.52280306816		3.46410369873
3.52634191513		1.48002147675
3.52992892265		3.6823015213
3.53343200684		1.24152565002
3.53693294525		3.98676395416
3.54043197632		0.982732772827
3.54393410683		4.19481372833
3.54743504524		0.825427055359
3.55093812943		4.29630184174
3.55443501472		0.764533996582
3.55793809891		4.3013753891
3.56143307686		0.825427055359
3.56494092941		4.16436767578
3.56843495369		1.00810432434
3.57193613052		3.94109535217
3.57556200027		1.16033554077
3.57906103134		3.71274757385
3.58256292343		1.47494697571
3.58606410027		3.34231853485
3.58956193924		1.88089752197
3.59306502342		2.94144248962
3.59656906128		2.2817735672
3.60006403923		2.49997138977
3.60356402397		2.73846721649
3.60706710815		2.0838727951
3.61056494713		3.2103843689
3.61406493187		1.64240169525
3.61756706238		3.62648391724
3.62106609344		1.28719520569
3.62456703186		3.90557384491
3.62819314003		1.12481498718
3.63169312477		4.08825206757
3.635201931		0.906617164612
3.63869404793		4.25570678711
3.64219498634		0.78990650177
3.64571404457		4.31152439117
3.64932012558		0.76960849762
3.65282011032		4.2912273407
3.65639996529		0.78990650177
3.65995311737		4.25570678711
3.66357207298		0.85587310791
3.66707396507		4.13392162323
3.67057394981		1.04869937897
3.67407512665		3.84975624084
3.67757511139		1.33286476135
3.68107509613		3.49962425232
3.6845741272		1.65762519836
3.68819999695		3.27635097504
3.69170093536		1.94178962708
3.69520902634		2.88562393188
3.69870209694		2.37311172485
3.70220303535		2.41878128052
3.70570993423		2.80443382263
3.70920300484		1.97731018066
3.7127020359		3.28649997711
3.71620392799		1.59673213959
3.71970510483		3.69245052338
3.72320413589		1.24660015106
3.72670698166		3.98676395416
3.73020601273		0.97765827179
3.73372101784		4.19988822937
3.73720908165		0.820352554321
3.7407040596		4.3013753891
3.74420809746		0.76960849762
3.7477080822		4.2912273407
3.75120711327		0.825427055359
3.75470900536		4.21511173248
3.7583360672		0.926914215088
3.76183509827		4.02228546143
3.76534104347		1.16033554077
3.76884102821		3.71274757385
3.77233600616		1.48509597778
3.77584195137		3.33724403381
3.77933597565		1.88597202301
3.78283691406		2.93129348755
3.78637099266		2.25132751465
3.78996396065		2.67757511139
3.79346394539		2.55578994751
3.79696512222		2.22595500946
3.80046391487		3.01755809784
3.80396509171		1.84537696838
3.80759096146		3.29664897919
3.8110909462		1.57136058807
3.81459093094		3.65185546875
3.81821703911		1.3633108139
3.82173013687		3.87005329132
3.82522296906		1.07914543152
3.82871699333		4.12884712219
3.83221697807		0.871096611023
3.83572006226		4.27600383759
3.83921909332		0.779757499695
3.84271812439		4.31152439117
3.84622597694		0.784832000732
3.8497209549		4.23033428192
3.85321903229		0.926914215088
3.85672307014		4.02228546143
3.86022210121		1.15526103973
3.86372303963		3.69752502441
3.86722397804		1.49017047882
3.87072396278		3.32709503174
3.87422299385		1.89612102509
3.8777449131		2.9617395401
3.88135004044		2.13461589813
3.88485002518		2.67250061035
3.88835000992		2.56593894958
3.89185094833		2.22595500946
3.89535212517		2.99726104736
3.89897608757		1.96208763123
3.90248012543		3.28649997711
3.90598392487		1.57643508911
3.90947794914		3.70259952545
3.91299510002		1.26689815521
3.91660404205		3.88527679443
3.92010593414		1.06392288208
3.92360591888		4.13392162323
3.92710804939		0.881244659424
3.93073010445		4.22525978088
3.93424606323		0.805129051208
3.93773412704		4.30644989014
3.94123601913		0.764533996582
3.94475698471		4.28615283966
3.94835710526		0.805129051208
3.95185804367		4.19988822937
3.95536398888		0.957360267639
3.9588599205		3.96646690369
3.96236109734		1.21615409851
3.96588492393		3.67215251923
3.96948599815		1.40390586853
3.97298502922		3.41335964203
3.97649002075		1.78448390961
3.97998714447		3.08352470398
3.98361301422		2.02805423737
3.9871199131		2.79428577423
3.9906129837		2.45430183411
3.99411392212		2.33251667023
3.99761509895		2.91099643707
4.00111508369		1.89612102509
4.00461411476		3.24083042145
4.00824308395		1.66777324677
4.01174211502		3.61126041412
4.01525092125		1.3125667572
4.01874113083		3.9309463501
4.02224302292		1.02332782745
4.02575111389		4.15929317474
4.0292429924		0.845724105835
4.03274393082		4.29630184174
4.03624296188		0.76960849762
4.03974509239		4.31152439117
4.04324603081		0.800054550171
4.04674601555		4.19988822937
4.05024504662		0.967509269714
4.05376005173		3.97661590576
4.05725002289		1.21615409851
4.06074810028		3.6315574646
4.06424808502		1.561211586
4.06774806976		3.25605392456
4.07124710083		1.94686412811
4.07475495338		2.8501033783
4.07824993134		2.38833522797
4.0817489624		2.393409729
4.08524894714		2.8399553299
4.08876895905		1.98745918274
4.09237408638		3.11904525757
4.09588813782		1.73374080658
4.09937691689		3.55036830902
4.10287594795		1.34808731079
4.10641908646		3.85483074188
4.11000394821		1.17048454285
4.11350297928		4.04765701294
4.11700510979		0.931988716125
4.12050294876		4.23540878296
4.12400507927		0.815278053284
4.12763309479		4.2912273407
4.13113212585		0.76960849762
4.13462901115		4.31152439117
4.13826012611		0.76960849762
4.14177107811		4.27092933655
4.14526295662		0.881244659424
4.1487569809		4.07302856445
4.15225696564		1.10959243774
4.15576601028		3.7837896347
4.15926098824		1.41405487061
4.16276097298		3.41335964203
4.16626191139		1.78955841064
4.16976094246		3.0124835968
4.17325901985		2.21580600739
4.17676305771		2.5913105011
4.1802611351		2.63190555573
4.18375992775		2.12954235077
4.18726491928		3.11904525757
4.19076299667		1.71344280243
4.19426393509		3.56559085846
4.19778108597		1.36838531494
4.20126605034		3.89035129547
4.2047791481		1.06392288208
4.20826601982		4.13899612427
4.21176695824		0.866022109985
4.21526813507		4.27600383759
4.21876692772		0.774682998657
4.22226691246		4.30644989014
4.22577500343		0.78990650177
4.22926712036		4.22525978088
4.2327849865		0.931988716125
4.23626899719		4.02228546143
4.23989510536		1.06392288208
4.24339413643		3.82438468933
4.24689793587		1.3633108139
4.25039696693		3.46917819977
4.25391101837		1.71344280243
4.25739812851		3.08352470398
4.26089596748		2.15491390228
4.26439809799		2.65727710724
4.26789999008		2.58116149902
4.27139806747		2.19550895691
4.27490496635		3.03785610199
4.27839899063		1.77433586121
4.28189992905		3.50469875336
4.28539991379		1.39883136749
4.28889894485		3.85483074188
4.29240107536		1.07914543152
4.29590392113		4.10854911804
4.29940199852		0.886319160461
4.30290198326		4.26585483551
4.30643701553		0.78990650177
4.31002998352		4.3013753891
4.31353712082		0.764533996582
4.31703209877		4.2912273407
4.32052898407		0.840649604797
4.32402896881		4.16944217682
4.32765197754		0.942137718201
4.33114600182		3.98676395416
4.33464813232		1.11466598511
4.338285923		3.82945823669
4.34179711342		1.35316181183
4.34529209137		3.47425174713
4.34878206253		1.74896335602
4.35228395462		3.07845020294
4.35579013824		2.14983940125
4.3592839241		2.66742610931
4.36278510094		2.5913105011
4.36631512642		2.23610401154
4.36991000175		2.86025238037
4.3734099865		1.94178962708
4.37691712379		3.31694602966
4.38041114807		1.54091453552
4.38391399384		3.71274757385
4.38741493225		1.20600509644
4.39091300964		4.02228546143
4.39441514015		0.952286720276
4.39793205261		4.20496273041
4.40141510963		0.810203552246
4.40492296219		4.30644989014
4.40841603279		0.76960849762
4.41191601753		4.28615283966
4.41542196274		0.840649604797
4.4189209938		4.14406967163
4.42242193222		1.02840232849
4.42592597008		3.8802022934
4.42941808701		1.31764125824
4.43291902542		3.5199213028
4.43649601936		1.57643508911
4.44004607201		3.3118724823
4.44354510307		1.92656707764
4.44704914093		2.9515914917
4.45068693161		2.12954235077
4.45429706573		2.81965732574
4.45780110359		2.40355873108
4.46129608154		2.37311172485
4.46480512619		2.86025238037
4.46829795837		1.95193862915
4.47179913521		3.33216953278
4.47530603409		1.55106258392
4.47880005836		3.72797107697
4.48229908943		1.19585609436
4.48581504822		4.00198745728
4.48930191994		0.952286720276
4.4928150177		4.21003723145
4.49634408951		0.830501556396
4.49992609024		4.28615283966
4.50342702866		0.774682998657
4.50692892075		4.3013753891
4.51042914391		0.794981002808
4.51392912865		4.22018527985
4.51742911339		0.947212219238
4.52093291283		3.99691295624
4.52443099022		1.18570804596
4.52793002129		3.66707897186
4.53143501282		1.52061653137
4.5349419117		3.3118724823
4.53843212128		1.92656707764
4.54194712639		2.91099643707
4.5454390049		2.33251667023
4.54893493652		2.44922733307
4.55243301392		2.79428577423
4.55594110489		2.00268268585
4.55943393707		3.2611284256
4.56293392181		1.59673213959
4.56643795967		3.67722702026
4.56993699074		1.24660015106
4.57343506813		3.9816904068
4.57693791389		0.982732772827
4.58043813705		4.19481372833
4.5839369297		0.830501556396
4.58743906021		4.3013753891
4.59093904495		0.764533996582
4.59443807602		4.29630184174
4.59795594215		0.810203552246
4.60144114494		4.17451667786
4.60494709015		1.0030298233
4.6084420681		3.91064834595
4.61194014549		1.27197170258
4.61544299126		3.59096240997
4.61894512177		1.63225269318
4.62244296074		3.18501281738
4.62594914436		2.03820323944
4.62944293022		2.77398777008
4.6329460144		2.45937633514
4.63644599915		2.32236862183
4.63994908333		2.91099643707
4.64344596863		1.88089752197
4.64694905281		3.38291358948
4.6504471302		1.49524497986
4.65396213531		3.74826812744
4.65744996071		1.17048454285
4.66094708443		4.0425825119
4.66444802284		0.931988716125
4.66794800758		4.23033428192
4.671448946		0.800054550171
4.67495703697		4.31152439117
4.67845106125		0.76960849762
4.68195104599		4.27092933655
4.68545198441		0.860947608948
4.68895101547		4.11362361908
4.69245004654		1.07407093048
4.6959540844		3.82945823669
4.69945311546		1.35823631287
4.7029531002		3.46917819977
4.70645308495		1.73881530762
4.70996999741		3.10889720917
4.71345591545		2.15491390228
4.71695494652		2.64712810516
4.72045493126		2.58116149902
4.72395610809		2.20058345795
4.72745704651		3.02263259888
4.73095703125		1.77433586121
4.73445701599		3.49454975128
4.73795700073		1.40390586853
4.7414560318		3.84468173981
4.74496603012		1.09944343567
4.74846792221		4.09840106964
4.75195813179		0.886319160461
4.75546693802		4.26078033447
4.75896000862		0.784832000732
4.76245903969		4.31152439117
4.76598191261		0.774682998657
4.76958608627		4.28615283966
4.77308702469		0.83557510376
4.77658700943		4.15421867371
4.78008699417		1.0030298233
4.78371310234		4.00198745728
4.78721499443		1.17555904388
4.7907140255		3.67722702026
4.79421401024		1.51554203033
4.79771614075		3.3118724823
4.8012149334		1.91641807556
4.80471491814		3.03785610199
4.80834412575		2.14476490021
4.81184506416		2.64712810516
4.81534910202		2.58116149902
4.81884098053		2.19043445587
4.82234311104		3.05815315247
4.82585096359		1.77940940857
4.82934212685		3.50977325439
4.83284401894		1.39883136749
4.83641314507		3.77871513367
4.83996891975		1.2009305954
4.84347105026		4.00706195831
4.84697413445		0.962434768677
4.85047197342		4.22018527985
4.85398697853		0.815278053284
4.85748004913		4.30644989014
4.86097311974		0.764533996582
4.86447095871		4.28615283966
4.86797404289		0.845724105835
4.87147212029		4.15421867371
4.87498092651		1.02332782745
4.87847495079		3.87005329132
4.8819770813		1.31764125824
4.88547611237		3.52499580383
4.8889799118		1.6728477478
4.89247703552		3.13426876068
4.89597892761		2.0838727951
4.89947795868		2.71817016602
4.90297794342		2.52534389496
4.90648508072		2.27669906616
4.90999507904		2.95666599274
4.91347908974		1.83015346527
4.91698098183		3.44380569458
4.92048096657		1.44957542419
4.9239821434		3.80916118622
4.92748212814		1.12481498718
4.93098211288		4.07810306549
4.9344830513		0.906617164612
4.93798708916		4.24555778503
4.94148302078		0.78990650177
4.94499111176		4.31152439117
4.94848299026		0.76960849762
4.95198392868		4.26078033447
4.9554901123		0.881244659424
4.95898509026		4.07810306549
4.962485075		1.09944343567
4.96601700783		3.81931018829
4.96961212158		1.26182365417
4.97311210632		3.57573986053
4.97661399841		1.6221036911
4.98011398315		3.24590492249
4.98374009132		1.85552597046
4.98724007607		2.96681404114
4.99073910713		2.27669906616
4.99423909187		2.52534389496
4.99774003029		2.71309566498
