0.000128030776978		2.88055038452
0.0129461288452		2.08894729614
0.0247101783752		1.66777324677
0.0364491939545		2.02805423737
0.048201084137		2.80950832367
0.0599579811096		3.29664897919
0.0717091560364		3.19008731842
0.0834600925446		2.51012039185
0.0952119827271		1.81493091583
0.106964111328		1.7235918045
0.118714094162		2.38833522797
0.130473136902		3.08859920502
0.142216205597		3.32709503174
0.153967142105		2.92621898651
0.165719985962		2.14983940125
0.177469015121		1.6728477478
0.189228057861		1.9722366333
0.200986146927		2.74354171753
0.21272611618		3.26620292664
0.22448015213		3.23068237305
0.236266136169		2.57101249695
0.247984170914		1.86059951782
0.259742021561		1.70329380035
0.271493196487		2.31221961975
0.283236026764		3.03785610199
0.294988155365		3.33724403381
0.306740999222		2.99218654633
0.318490982056		2.22088050842
0.330240011215		1.69314575195
0.341997146606		1.90626907349
0.353749990463		2.67250061035
0.365495204926		3.24590492249
0.377248048782		3.2611284256
0.389054059982		2.64712810516
0.400760173798		1.91134357452
0.412503004074		1.68299674988
0.424260139465		2.24117851257
0.436005115509		2.98711204529
0.447756052017		3.33216953278
0.459515094757		3.05307865143
0.471261024475		2.2919216156
0.483013153076		1.71344280243
0.494765043259		1.85552597046
0.506515026093		2.60653305054
0.518267154694		3.2103843689
0.530024051666		3.29157447815
0.54176902771		2.72831821442
0.553522109985		1.96716213226
0.565270185471		1.6728477478
0.577023029327		2.1701374054
0.588774204254		2.92621898651
0.60054397583		3.3220205307
0.612277030945		3.10889720917
0.624031066895		2.35788917542
0.635782003403		1.74388885498
0.647534132004		1.80478191376
0.659284114838		2.53549194336
0.671042203903		3.17486381531
0.682788133621		3.3118724823
0.694542169571		2.79428577423
0.706289052963		2.02297973633
0.718041181564		1.66269874573
0.729799985886		2.08894729614
0.741546154022		2.86532688141
0.753301143646		3.3118724823
0.765048980713		3.15456676483
0.776798009872		2.43907928467
0.788551092148		1.77940940857
0.80030798912		1.75911235809
0.812055110931		2.46445083618
0.82380604744		3.13426876068
0.835556030273		3.32709503174
0.847308158875		2.86532688141
0.859105110168		2.0838727951
0.870818138123		1.66269874573
0.882563114166		2.02805423737
0.894315004349		2.80950832367
0.906066179276		3.29157447815
0.917818069458		3.20023536682
0.929577112198		2.51012039185
0.941320180893		1.81493091583
0.953072071075		1.72866630554
0.964831113815		2.38326072693
0.976575136185		3.08352470398
0.988327026367		3.33724403381
1.00008416176		2.93129348755
1.01183414459		2.15491390228
1.02358198166		1.67792224884
1.03533101082		1.96208763123
1.04708504677		2.73846721649
1.05883598328		3.27127742767
1.07059597969		3.23575687408
1.08234000206		2.57608699799
1.09408998489		1.86567401886
1.10584115982		1.69822025299
1.11759209633		2.30714511871
1.1293489933		3.03785610199
1.14109516144		3.33724403381
1.15285301208		2.99218654633
1.16459918022		2.22595500946
1.17635011673		1.69314575195
1.18810200691		1.90626907349
1.19986009598		2.67250061035
1.21160817146		3.24083042145
1.22335410118		3.2611284256
1.2351140976		2.65727710724
1.24685406685		1.91641807556
1.25861310959		1.68299674988
1.27036213875		2.23610401154
1.28211307526		2.98203754425
1.29386520386		3.32709503174
1.30561518669		3.05815315247
1.3173661232		2.2919216156
1.32916116714		1.71344280243
1.34100103378		1.86059951782
1.35274815559		2.60653305054
1.36449718475		3.20530986786
1.37624907494		3.29157447815
1.38800120354		2.71817016602
1.39976000786		1.95701313019
1.41150403023		1.6728477478
1.42325806618		2.1701374054
1.43500709534		2.93129348755
1.44676017761		3.33216953278
1.45851016045		3.09874820709
1.47026801109		2.35788917542
1.48201417923		1.74896335602
1.49376797676		1.80985641479
1.50551700592		2.5405664444
1.51726603508		3.17486381531
1.52906799316		3.30679798126
1.54077315331		2.78921127319
1.55252718925		2.02297973633
1.56427311897		1.65762519836
1.57602500916		2.09909534454
1.58777618408		2.87547588348
1.59953308105		3.30679798126
1.61128616333		3.15456676483
1.6230301857		2.43400478363
1.63479113579		1.77433586121
1.64653205872		1.76418685913
1.65828418732		2.46952533722
1.67004203796		3.13426876068
1.68178915977		3.3220205307
1.69354820251		2.86025238037
1.70529198647		2.07879829407
1.71704316139		1.66269874573
1.72879719734		2.02805423737
1.74055218697		2.80443382263
1.75231409073		3.29157447815
1.76405000687		3.20023536682
1.77580118179		2.50504589081
1.78755402565		1.81493091583
1.79934811592		1.73374080658
1.81106209755		2.38833522797
1.82280802727		3.09367370605
1.8345580101		3.33216953278
1.8463101387		2.92621898651
1.85805916786		2.14983940125
1.86982011795		1.67792224884
1.88156318665		1.96208763123
1.89331507683		2.74861621857
1.90506911278		3.27127742767
1.91682004929		3.23068237305
1.92857003212		2.58116149902
1.9403231144		1.86567401886
1.95208001137		1.70329380035
1.9638299942		2.32236862183
1.97557616234		3.04292964935
1.98732805252		3.33216953278
1.99916005135		2.98711204529
2.01096320152		2.21073246002
2.02270698547		1.68807125092
2.03446316719		1.91641807556
2.04621100426		2.68264961243
2.05796718597		3.24590492249
2.06971502304		3.2611284256
2.08146500587		2.6420545578
2.09321498871		1.90119457245
2.10496711731		1.68807125092
2.11671614647		2.25132751465
2.12847018242		2.99726104736
2.14022111893		3.33724403381
2.15197205544		3.04292964935
2.16372799873		2.27669906616
2.17547607422		1.71344280243
2.18722605705		1.86059951782
2.19897603989		2.60653305054
2.21073412895		3.21545886993
2.22248101234		3.28649997711
2.23423218727		2.71309566498
2.24598503113		1.96208763123
2.25773501396		1.6728477478
2.26949310303		2.1802854538
2.28123807907		2.94144248962
2.29299020767		3.32709503174
2.30474114418		3.09874820709
2.31649208069		2.35281467438
2.3282430172		1.73881530762
2.3400080204		1.80985641479
2.35175299644		2.54564094543
2.36350297928		3.17993831635
2.37525606155		3.30679798126
2.3870010376		2.78921127319
2.3987531662		2.01790523529
2.41050601006		1.66269874573
2.42227602005		2.10924434662
2.43401408195		2.88055038452
2.44576001167		3.3118724823
2.4575111866		3.14949226379
2.4692671299		2.41878128052
2.4810500145		1.76926136017
2.49277615547		1.76926136017
2.50452208519		2.47459983826
2.51627397537		3.13934326172
2.52802419662		3.3220205307
2.53978705406		2.8501033783
2.55152797699		2.07879829407
2.56328201294		1.6728477478
2.5750310421		2.0331287384
2.58678197861		2.81458282471
2.59853315353		3.30172348022
2.61029005051		3.19008731842
2.62203907967		2.49997138977
2.63378810883		1.81493091583
2.64554214478		1.72866630554
2.65729117393		2.39848423004
2.66913604736		3.09874820709
2.68092107773		3.32709503174
2.69267201424		2.91099643707
2.7044210434		2.13969039917
2.71618509293		1.6728477478
2.72792506218		1.9823846817
2.73968410492		2.75876522064
2.75143909454		3.27127742767
2.76318216324		3.23068237305
2.77493000031		2.56086444855
2.78668808937		1.85045146942
2.79843401909		1.70836830139
2.8101940155		2.33251667023
2.82195305824		3.04800415039
2.83368802071		3.33724403381
2.84544110298		2.98203754425
2.85719108582		2.20058345795
2.86895704269		1.68807125092
2.8806951046		1.9214925766
2.89244604111		2.68772315979
2.90420007706		3.25097942352
2.91595315933		3.25605392456
2.9277009964		2.63698005676
2.93945813179		1.90119457245
2.95120406151		1.68807125092
2.96296000481		2.25132751465
2.97470998764		2.99726104736
2.9864590168		3.33216953278
2.9982111454		3.03278160095
3.00996804237		2.27162456512
3.02171301842		1.70836830139
3.03346705437		1.86059951782
3.04521608353		2.62175655365
3.0569729805		3.22053337097
3.06871914864		3.28649997711
3.08047103882		2.71309566498
3.09223508835		1.95193862915
3.10397315025		1.66777324677
3.1157271862		2.18535995483
3.12747597694		2.94144248962
3.13922905922		3.32709503174
3.15099620819		3.09367370605
3.162733078		2.3426656723
3.1744890213		1.73374080658
3.18623900414		1.80985641479
3.19800615311		2.55071544647
3.20975112915		3.17993831635
3.22149300575		3.3118724823
3.23325109482		2.77906227112
3.24499320984		2.01283168793
3.25674319267		1.66777324677
3.26849508286		2.10924434662
3.28024816513		2.88055038452
3.2920050621		3.31694602966
3.30374908447		3.14441776276
3.31550717354		2.41878128052
3.32725310326		1.76926136017
3.33909106255		1.77433586121
3.35088920593		2.48474884033
3.36263799667		3.14949226379
3.37438607216		3.3220205307
3.38614320755		2.8399553299
3.39790320396		2.06864929199
3.40964007378		1.65762519836
3.42139410973		2.04835224152
3.43314218521		2.82980632782
3.44489216805		3.30172348022
3.45664405823		3.17993831635
3.46839809418		2.48474884033
3.48015809059		1.79970741272
3.4919090271		1.73374080658
3.50365114212		2.41370677948
3.51541304588		3.10382270813
3.52716803551		3.33216953278
3.53890919685		2.91099643707
3.55066418648		2.12954235077
3.56240916252		1.6728477478
3.57416415215		1.98745918274
3.58591008186		2.75876522064
3.59766411781		3.27635097504
3.60942316055		3.22560787201
3.62116503716		2.55578994751
3.63293814659		1.84537696838
3.64469003677		1.70836830139
3.65642213821		2.33251667023
3.6681830883		3.05815315247
3.67992401123		3.34231853485
3.69168019295		2.97696304321
3.70343899727		2.19550895691
3.71518111229		1.68807125092
3.72693014145		1.92656707764
3.73867917061		2.69279766083
3.75043797493		3.25605392456
3.76218700409		3.25605392456
3.77394914627		2.62683105469
3.78568506241		1.89612102509
3.79743719101		1.68299674988
3.809207201		2.26655006409
3.82106900215		3.0124835968
3.83281517029		3.33216953278
3.84456801414		3.02770709991
3.85632014275		2.26147556305
3.86807107925		1.70329380035
3.87983107567		1.87582302094
3.8915810585		2.63190555573
3.90332698822		3.22560787201
3.91507911682		3.28142547607
3.92683005333		2.69279766083
3.93858098984		1.94178962708
3.9503390789		1.6728477478
3.96208310127		2.19550895691
3.97383308411		2.9515914917
3.98558521271		3.33216953278
3.99733805656		3.08859920502
4.00917506218		2.32744312286
4.02096605301		1.7235918045
4.0327231884		1.83015346527
4.04447317123		2.57101249695
4.05622911453		3.19516181946
4.06797218323		3.30679798126
4.0797290802		2.75876522064
4.09148406982		1.99253368378
4.10324120522		1.66269874573
4.11498403549		2.12954235077
4.12673020363		2.900847435
4.13848114014		3.31694602966
4.15024018288		3.12411975861
4.16199111938		2.393409729
4.17373919487		1.75911235809
4.18548512459		1.78448390961
4.19723701477		2.50504589081
4.20909500122		3.15964031219
4.22086906433		3.31694602966
4.23261809349		2.81965732574
4.24438905716		2.04327774048
4.2561211586		1.65762519836
4.26787114143		2.06864929199
4.27962398529		2.84502887726
4.29138207436		3.30172348022
4.3031270504		3.16978931427
4.314879179		2.46445083618
4.32662820816		1.78448390961
4.33837509155		1.74896335602
4.3501560688		2.43907928467
4.3618850708		3.11397171021
4.37363505363		3.33216953278
4.38538908958		2.88562393188
4.39713811874		2.10924434662
4.40888905525		1.66777324677
4.42065000534		2.00268268585
4.43240118027		2.78413677216
4.44414520264		3.28649997711
4.45589613914		3.21545886993
4.46764707565		2.53549194336
4.4794011116		1.83522796631
4.49115610123		1.71344280243
4.50290203094		2.35788917542
4.51466012001		3.07337665558
4.52640509605		3.33216953278
4.53815507889		2.9515914917
4.54991602898		2.1802854538
4.56166601181		1.68299674988
4.57341217995		1.93671607971
4.58516311646		2.71817016602
4.59691405296		3.25605392456
4.60867214203		3.24083042145
4.620429039		2.60653305054
4.63217115402		1.88089752197
4.64392518997		1.69314575195
4.65567111969		2.28684806824
4.66742420197		3.01755809784
4.67918419838		3.33724403381
4.69106006622		3.0124835968
4.70280218124		2.2310295105
4.71455407143		1.69314575195
4.7263071537		1.89104652405
4.73805618286		2.6522026062
4.74981713295		3.23068237305
4.76156306267		3.27635097504
4.77331614494		2.66742610931
4.78508019447		1.92656707764
4.79681515694		1.68299674988
4.80856704712		2.21580600739
4.82033419609		2.97188854218
4.83206820488		3.33724403381
4.84382200241		3.06830215454
4.85558700562		2.31221961975
4.8673222065		1.7235918045
4.87911701202		1.84030246735
4.89083409309		2.58116149902
4.90257811546		3.20023536682
4.9143371582		3.29664897919
4.92609810829		2.74354171753
4.93783307076		1.9823846817
4.94959020615		1.66269874573
4.96135807037		2.14476490021
4.97309207916		2.91607093811
4.98484015465		3.3220205307
4.99659013748		3.11904525757
