0.000128030776978		2.47459983826
0.00320601463318		2.68772315979
0.00634813308716		2.56593894958
0.0094530582428		2.31221961975
0.0125761032104		2.83488082886
0.0157060623169		2.24117851257
0.0188269615173		2.66742610931
0.0219509601593		2.58116149902
0.0250821113586		2.28684806824
0.0282039642334		2.8399553299
0.0313291549683		2.25132751465
0.0344531536102		2.63698005676
0.0375781059265		2.61668205261
0.0407030582428		2.26655006409
0.0438270568848		2.84502887726
0.0469560623169		2.26655006409
0.0500791072845		2.61160755157
0.0532100200653		2.64712810516
0.0563440322876		2.24625301361
0.0594620704651		2.8399553299
0.0626170635223		2.30207061768
0.0657160282135		2.57608699799
0.0688390731812		2.67757511139
0.0719640254974		2.24117851257
0.0750961303711		2.83488082886
0.0782179832458		2.32236862183
0.081344127655		2.5405664444
0.0844669342041		2.7029466629
0.0875909328461		2.22595500946
0.0907139778137		2.82980632782
0.093847990036		2.3426656723
0.0969679355621		2.51012039185
0.100091934204		2.72831821442
0.103215932846		2.21580600739
0.106344938278		2.82473182678
0.109467029572		2.36803817749
0.112595081329		2.48474884033
0.115719079971		2.74861621857
0.118844032288		2.21073246002
0.121968984604		2.80950832367
0.125102043152		2.39848423004
0.128220081329		2.45430183411
0.131346940994		2.76891326904
0.134479045868		2.21073246002
0.137598991394		2.78413677216
0.140722036362		2.42893028259
0.14385509491		2.41370677948
0.146975040436		2.78921127319
0.150099039078		2.20565795898
0.153223991394		2.76891326904
0.156360149384		2.46445083618
0.1594851017		2.38326072693
0.162603139877		2.80950832367
0.165729999542		2.21073246002
0.168853998184		2.74354171753
0.1719789505		2.49489688873
0.175109148026		2.35281467438
0.178229093552		2.82473182678
0.181354045868		2.22088050842
0.184492111206		2.71817016602
0.1876039505		2.52026939392
0.190732955933		2.33251667023
0.193863153458		2.82980632782
0.196980953217		2.2310295105
0.2001080513		2.69279766083
0.203233957291		2.56086444855
0.206369161606		2.29699611664
0.209485054016		2.8399553299
0.212609052658		2.24117851257
0.215737104416		2.66742610931
0.218858957291		2.5913105011
0.2219851017		2.2817735672
0.225118160248		2.84502887726
0.228240966797		2.25640106201
0.231362104416		2.63698005676
0.234493970871		2.62175655365
0.237612962723		2.26655006409
0.240736961365		2.8399553299
0.243863105774		2.27162456512
0.24698805809		2.60145950317
0.250113964081		2.6522026062
0.25324010849		2.25132751465
0.256371974945		2.83488082886
0.259490966797		2.29699611664
0.262614965439		2.57101249695
0.265743017197		2.67757511139
0.268867015839		2.2310295105
0.271991968155		2.82980632782
0.275124073029		2.32236862183
0.278246164322		2.53549194336
0.281368017197		2.70802116394
0.28449511528		2.22595500946
0.287618160248		2.82980632782
0.290743112564		2.3426656723
0.293875932693		2.50504589081
0.296997070312		2.72324466705
0.300121068954		2.21580600739
0.303246021271		2.81458282471
0.306375026703		2.37311172485
0.309496164322		2.47459983826
0.312622070312		2.74861621857
0.315751075745		2.21073246002
0.318872928619		2.79936027527
0.321999073029		2.40863323212
0.325127124786		2.44415378571
0.328251123428		2.77398777008
0.331373929977		2.20565795898
0.3345079422		2.78413677216
0.337625980377		2.43400478363
0.340750932693		2.40863323212
0.343882083893		2.79428577423
0.347002029419		2.20058345795
0.350129127502		2.76891326904
0.353259086609		2.46445083618
0.356380939484		2.38326072693
0.359503030777		2.80950832367
0.362627029419		2.20565795898
0.365756034851		2.73846721649
0.368879079819		2.49489688873
0.372005939484		2.35788917542
0.375133991241		2.82473182678
0.378256082535		2.21580600739
0.381381034851		2.71309566498
0.384514093399		2.53549194336
0.387633085251		2.32744312286
0.390758037567		2.82980632782
0.393891096115		2.22595500946
0.397009134293		2.69279766083
0.400134086609		2.56086444855
0.403259992599		2.30207061768
0.406389951706		2.84502887726
0.409512996674		2.24117851257
0.412636041641		2.66235160828
0.415764093399		2.5913105011
0.418885946274		2.2817735672
0.422012090683		2.8399553299
0.425140142441		2.25132751465
0.428265094757		2.63190555573
0.431388139725		2.61668205261
0.43452000618		2.26147556305
0.437639951706		2.8399553299
0.440765142441		2.27669906616
0.443891048431		2.60145950317
0.447014093399		2.6522026062
0.450147151947		2.24625301361
0.453269958496		2.83488082886
0.456395149231		2.29699611664
0.45951795578		2.57101249695
0.462643146515		2.68772315979
0.465786933899		2.2310295105
0.468893051147		2.83488082886
0.472018957138		2.31729412079
0.475144147873		2.5405664444
0.478269100189		2.70802116394
0.481394052505		2.22595500946
0.484521150589		2.81965732574
0.487648010254		2.34774017334
0.490771055222		2.50504589081
0.493903160095		2.73339271545
0.497023105621		2.21580600739
0.500148057938		2.81458282471
0.503273963928		2.37311172485
0.50640296936		2.46952533722
0.509523153305		2.75876522064
0.512649059296		2.21073246002
0.515776157379		2.80443382263
0.518898963928		2.40355873108
0.522024154663		2.43907928467
0.525151968002		2.77906227112
0.528274059296		2.20565795898
0.531402111053		2.78921127319
0.534533023834		2.43400478363
0.537652015686		2.41370677948
0.540778160095		2.79428577423
0.543911933899		2.20565795898
0.547034978867		2.76383876801
0.550153970718		2.46952533722
0.553279161453		2.38326072693
0.556407928467		2.80950832367
0.55953001976		2.21580600739
0.562656164169		2.73846721649
0.565783023834		2.49997138977
0.568906068802		2.34774017334
0.572032928467		2.82473182678
0.575155973434		2.21580600739
0.578283071518		2.71309566498
0.581408023834		2.53041744232
0.584540128708		2.32236862183
0.58765912056		2.83488082886
0.590784072876		2.22595500946
0.593915939331		2.68772315979
0.59703707695		2.56086444855
0.600161075592		2.29699611664
0.603285074234		2.8399553299
0.606414079666		2.24625301361
0.609537124634		2.65727710724
0.61266207695		2.5913105011
0.615787982941		2.27669906616
0.618911981583		2.8399553299
0.622040987015		2.26147556305
0.625165939331		2.62683105469
0.628288030624		2.62683105469
0.631421089172		2.25640106201
0.634546995163		2.84502887726
0.63766503334		2.2817735672
0.640789031982		2.60145950317
0.643929958344		2.66235160828
0.647042036057		2.24117851257
0.650166034698		2.8399553299
0.653294086456		2.30207061768
0.656419038773		2.56593894958
0.65954208374		2.67757511139
0.662667989731		2.23610401154
0.665796995163		2.82980632782
0.668919086456		2.32236862183
0.672044992447		2.53549194336
0.675171136856		2.70802116394
0.678296089172		2.22088050842
0.681420087814		2.81965732574
0.684546947479		2.35281467438
0.687673091888		2.49997138977
0.69079709053		2.73846721649
0.693928956985		2.21073246002
0.697047948837		2.80950832367
0.700175046921		2.37818622589
0.703299999237		2.46952533722
0.706427097321		2.75876522064
0.709551095963		2.20565795898
0.71267414093		2.79936027527
0.715801954269		2.40863323212
0.718924999237		2.43907928467
0.722051143646		2.77906227112
0.725178956985		2.20565795898
0.728302955627		2.78413677216
0.731434106827		2.43907928467
0.734560012817		2.40355873108
0.737678050995		2.79936027527
0.740808010101		2.20565795898
0.743937015533		2.75876522064
0.747055053711		2.47459983826
0.750180006027		2.37311172485
0.753304958344		2.81458282471
0.756433963776		2.21073246002
0.759557962418		2.73846721649
0.762681007385		2.49997138977
0.765808105469		2.34774017334
0.768932104111		2.82980632782
0.772057056427		2.21073246002
0.77518415451		2.71309566498
0.778310060501		2.53549194336
0.781435966492		2.32744312286
0.784566164017		2.83488082886
0.787685155869		2.22595500946
0.790812015533		2.68264961243
0.79394197464		2.56593894958
0.797060966492		2.30207061768
0.800188064575		2.8399553299
0.803312063217		2.24117851257
0.806441068649		2.64712810516
0.809563159943		2.60145950317
0.812688112259		2.27162456512
0.815814971924		2.84502887726
0.818938970566		2.26655006409
0.822064161301		2.62683105469
0.82519197464		2.63190555573
0.828314065933		2.25640106201
0.831439971924		2.84502887726
0.834573030472		2.2817735672
0.837697029114		2.5913105011
0.84081697464		2.66235160828
0.843950033188		2.24625301361
0.847068071365		2.83488082886
0.850192070007		2.30207061768
0.853318929672		2.56593894958
0.856447935104		2.68264961243
0.859569072723		2.2310295105
0.862694978714		2.82980632782
0.865822076797		2.32744312286
0.868945121765		2.53041744232
0.872071027756		2.71817016602
0.875199079514		2.21580600739
0.87832403183		2.81965732574
0.881447076797		2.35281467438
0.884573936462		2.49997138977
0.887697935104		2.74354171753
0.890825986862		2.21580600739
0.893954992294		2.80950832367
0.89707493782		2.38326072693
0.900202989578		2.46445083618
0.90332698822		2.75876522064
0.906459093094		2.21073246002
0.909578084946		2.79428577423
0.912702083588		2.40863323212
0.915833950043		2.42893028259
0.918950080872		2.77906227112
0.922078132629		2.20565795898
0.925205945969		2.77906227112
0.928331136703		2.44415378571
0.931457042694		2.39848423004
0.934589147568		2.79936027527
0.937705993652		2.20565795898
0.940830945969		2.75876522064
0.943957090378		2.46952533722
0.94708108902		2.37311172485
0.950206041336		2.81458282471
0.953331947327		2.21073246002
0.956459999084		2.73846721649
0.959583044052		2.49997138977
0.962707996368		2.35281467438
0.965836048126		2.82473182678
0.968977928162		2.22595500946
0.972084999084		2.70802116394
0.975209951401		2.53549194336
0.97833609581		2.32236862183
0.981461048126		2.82980632782
0.984591960907		2.2310295105
0.987712144852		2.67757511139
0.990838050842		2.57101249695
0.993968009949		2.2919216156
0.997089147568		2.8399553299
1.00021505356		2.24625301361
1.0033390522		2.6522026062
1.00646901131		2.60145950317
1.0095911026		2.27162456512
1.01271700859		2.84502887726
1.01584196091		2.26147556305
1.01896595955		2.62683105469
1.02209115028		2.63190555573
1.02521705627		2.25640106201
1.02834200859		2.84502887726
1.03147411346		2.28684806824
1.03459906578		2.58623600006
1.03771901131		2.65727710724
1.04084515572		2.24117851257
1.04396915436		2.83488082886
1.047093153		2.30714511871
1.05022001266		2.56086444855
1.05334711075		2.69279766083
1.05647015572		2.22595500946
1.05959606171		2.82980632782
1.06272101402		2.32744312286
1.06584906578		2.53041744232
1.06896996498		2.71309566498
1.07209801674		2.21580600739
1.07522296906		2.81965732574
1.07835006714		2.35788917542
1.08147406578		2.50504589081
1.08460116386		2.73846721649
1.08772301674		2.21580600739
1.09084916115		2.80443382263
1.09398293495		2.38833522797
1.09710097313		2.46445083618
1.10022497177		2.75876522064
1.10335111618		2.21073246002
1.10647010803		2.79428577423
1.10959815979		2.41370677948
1.11272001266		2.43400478363
1.115858078		2.78413677216
1.11898493767		2.20565795898
1.1221101284		2.77398777008
1.12523412704		2.44922733307
1.12836694717		2.39848423004
1.13147807121		2.79936027527
1.13460493088		2.20565795898
1.13772892952		2.75876522064
1.14085507393		2.47967433929
1.14398097992		2.36803817749
1.14710497856		2.80950832367
1.15023207664		2.21580600739
1.15335607529		2.73339271545
1.1564810276		2.50504589081
1.15960812569		2.34774017334
1.16273212433		2.82473182678
1.16585898399		2.22088050842
1.16898202896		2.70802116394
1.17211008072		2.54564094543
1.17523694038		2.31729412079
1.17835998535		2.83488082886
1.18148398399		2.2310295105
1.18461108208		2.68264961243
1.18773603439		2.57101249695
1.19086313248		2.29699611664
1.19399213791		2.8399553299
1.19711399078		2.24117851257
1.20023703575		2.64712810516
1.20336604118		2.60653305054
1.20649695396		2.27162456512
1.20961594582		2.8399553299
1.21273803711		2.26147556305
1.21586704254		2.62175655365
1.21898913383		2.63190555573
1.22211408615		2.26147556305
1.2252509594		2.8399553299
1.22836494446		2.2817735672
1.23149108887		2.58116149902
1.23461794853		2.66742610931
1.23774409294		2.24117851257
1.24086809158		2.83488082886
1.24399399757		2.30714511871
1.24711799622		2.55578994751
1.25024294853		2.68772315979
1.25337004662		2.22595500946
1.2564971447		2.82980632782
1.25962114334		2.32744312286
1.26274704933		2.52534389496
1.26587200165		2.71817016602
1.26900315285		2.21580600739
1.2721221447		2.81965732574
1.27524900436		2.36296367645
1.27837204933		2.49489688873
1.28149914742		2.74354171753
1.28462600708		2.21073246002
1.28774905205		2.80443382263
1.29087400436		2.38833522797
1.29400110245		2.45937633514
1.29712510109		2.76891326904
1.30024909973		2.20565795898
1.30337500572		2.79428577423
1.30650305748		2.41370677948
1.30962705612		2.42893028259
1.31275200844		2.78921127319
1.31587910652		2.20565795898
1.3190009594		2.77906227112
1.32213497162		2.44415378571
1.32525396347		2.40355873108
1.32837796211		2.79936027527
1.3315050602		2.21073246002
1.33463811874		2.7536907196
1.33775615692		2.47459983826
1.34088015556		2.36803817749
1.34401106834		2.81458282471
1.3471300602		2.21073246002
1.35025715828		2.72831821442
1.3533821106		2.51012039185
1.35650897026		2.33759117126
1.359634161		2.82473182678
1.36275815964		2.21580600739
1.3658850193		2.70802116394
1.36900901794		2.54564094543
1.37213397026		2.31729412079
1.37526202202		2.83488082886
1.37838315964		2.2310295105
1.38151097298		2.67757511139
1.38464307785		2.57608699799
1.38776302338		2.2919216156
1.39088606834		2.8399553299
1.3940179348		2.25132751465
1.39713716507		2.64712810516
1.40026402473		2.60653305054
1.40338802338		2.27162456512
1.40651392937		2.83488082886
1.4096391201		2.26655006409
1.41276407242		2.61160755157
1.41589093208		2.63698005676
1.41902112961		2.25132751465
1.42214107513		2.84502887726
1.4252679348		2.2817735672
1.42839097977		2.58623600006
1.43151712418		2.66235160828
1.43464994431		2.23610401154
1.43776702881		2.8399553299
1.44089412689		2.30714511871
1.44402098656		2.55071544647
1.44714999199		2.68772315979
1.45026898384		2.2310295105
1.45339608192		2.82980632782
1.45652008057		2.33251667023
1.45964598656		2.52534389496
1.4627699852		2.71817016602
1.46589899063		2.21580600739
1.46902298927		2.81965732574
1.47214603424		2.36296367645
1.47527503967		2.4898223877
1.47839903831		2.74354171753
1.48152208328		2.21073246002
1.48465013504		2.80443382263
1.48777604103		2.393409729
1.49090003967		2.46445083618
1.49403214455		2.76891326904
1.4971511364		2.20565795898
1.50028204918		2.79428577423
1.50340914726		2.41878128052
1.50652909279		2.42385578156
1.50965309143		2.78413677216
1.51277804375		2.21073246002
1.51591706276		2.76383876801
1.51903009415		2.44922733307
1.52215504646		2.39848423004
1.52528095245		2.79936027527
1.52841210365		2.21073246002
1.53153514862		2.74861621857
1.53465914726		2.47967433929
1.53778100014		2.36296367645
1.54090714455		2.81965732574
1.54403400421		2.21073246002
1.54716014862		2.72831821442
1.5502820015		2.51519489288
1.5534081459		2.33759117126
1.5565340519		2.82980632782
1.55965995789		2.22088050842
1.56278300285		2.7029466629
1.56591296196		2.54564094543
1.56903600693		2.31729412079
1.57216095924		2.83488082886
1.57528805733		2.23610401154
1.57841396332		2.67757511139
1.58153605461		2.57608699799
1.58466815948		2.28684806824
1.58778715134		2.8399553299
1.59091496468		2.24625301361
1.5940451622		2.63698005676
1.59716415405		2.61160755157
1.60029006004		2.26655006409
1.60341405869		2.8399553299
1.60653996468		2.26655006409
1.60966515541		2.61160755157
1.61279702187		2.6420545578
1.61591815948		2.25132751465
1.61904096603		2.84502887726
1.62216806412		2.2817735672
1.62529611588		2.58116149902
1.62841701508		2.66235160828
1.63154315948		2.24625301361
1.63467693329		2.83488082886
1.63779616356		2.31221961975
1.64091897011		2.55071544647
1.64404606819		2.69279766083
1.64719700813		2.22595500946
1.65029597282		2.82473182678
1.65342402458		2.33759117126
1.65654993057		2.51012039185
1.65967297554		2.72324466705
1.66279816628		2.21580600739
1.66592597961		2.81965732574
1.66904807091		2.36296367645
1.67217707634		2.48474884033
1.67529892921		2.74354171753
1.67842507362		2.21073246002
1.68155002594		2.80950832367
1.68467712402		2.393409729
1.68780112267		2.45937633514
1.69092702866		2.76891326904
1.6940600872		2.21073246002
1.69717693329		2.78921127319
1.70030212402		2.41878128052
1.70342898369		2.42385578156
1.7065551281		2.78921127319
1.7096850872		2.20565795898
1.71280503273		2.76891326904
1.71592998505		2.45430183411
1.71905398369		2.393409729
1.7221801281		2.80443382263
1.72530794144		2.20565795898
1.7284309864		2.74861621857
1.73155498505		2.48474884033
1.73468804359		2.36296367645
1.73780703545		2.81965732574
1.74093198776		2.21580600739
1.74406599998		2.72831821442
1.74718594551		2.51519489288
1.75031208992		2.33759117126
1.75343513489		2.82980632782
1.75656104088		2.22595500946
1.75968694687		2.69787216187
1.7628121376		2.55071544647
1.76593899727		2.30714511871
1.76906204224		2.83488082886
1.77218604088		2.23610401154
1.77531313896		2.67250061035
1.7784371376		2.57608699799
1.78156304359		2.2817735672
1.78469705582		2.8399553299
1.78781414032		2.25132751465
1.79093909264		2.64712810516
1.79407095909		2.61160755157
1.79718995094		2.27162456512
1.8003180027		2.8399553299
1.80344295502		2.26655006409
1.80657100677		2.61160755157
1.80969214439		2.6420545578
1.81281709671		2.25132751465
1.81594610214		2.83488082886
1.81906795502		2.2919216156
1.82219409943		2.57608699799
1.82532000542		2.67250061035
1.82844495773		2.24117851257
1.83157110214		2.8399553299
1.83470201492		2.31729412079
1.83781909943		2.54564094543
1.84094595909		2.69787216187
1.8440721035		2.22088050842
1.84719705582		2.82980632782
1.85032296181		2.33759117126
1.85345005989		2.51519489288
1.85657715797		2.72831821442
1.85970211029		2.21580600739
1.86282610893		2.81965732574
1.8659529686		2.36296367645
1.86907696724		2.47967433929
1.87220406532		2.74354171753
1.87532997131		2.20565795898
1.87845206261		2.80443382263
1.88158202171		2.39848423004
1.88470411301		2.44922733307
1.88782906532		2.77398777008
1.89095497131		2.20565795898
1.89408707619		2.78921127319
1.89720606804		2.42893028259
1.90033102036		2.41878128052
1.90346097946		2.79428577423
1.9065849781		2.20058345795
1.9097070694		2.77398777008
1.91283202171		2.45430183411
1.91596007347		2.393409729
1.91908311844		2.80443382263
1.92220711708		2.21073246002
1.92533707619		2.74861621857
1.92846298218		2.48474884033
1.9315841198		2.36296367645
1.93471908569		2.81965732574
1.93783593178		2.21580600739
1.94096302986		2.71817016602
1.94409394264		2.52534389496
1.94721293449		2.33251667023
1.95033812523		2.82980632782
1.95346307755		2.22595500946
1.95659208298		2.69279766083
1.95971393585		2.55578994751
1.96284008026		2.30714511871
1.96596693993		2.83488082886
1.96908998489		2.23610401154
1.9722161293		2.66742610931
1.97534203529		2.58623600006
1.97846508026		2.2817735672
1.98159193993		2.8399553299
1.98472499847		2.25640106201
1.9878411293		2.6420545578
1.99096703529		2.61668205261
1.99410009384		2.26147556305
1.99721813202		2.83488082886
2.00034999847		2.27162456512
2.00347113609		2.60653305054
2.00660014153		2.64712810516
2.0097219944		2.25132751465
2.01284599304		2.8399553299
2.01597309113		2.2919216156
2.01909613609		2.57101249695
2.02222204208		2.67757511139
2.02534794807		2.2310295105
2.02847313881		2.83488082886
2.03159713745		2.31221961975
2.03472995758		2.5405664444
2.03785014153		2.7029466629
2.04097509384		2.22595500946
2.04410004616		2.82980632782
2.04722595215		2.3426656723
2.05034995079		2.51012039185
2.05347704887		2.72831821442
2.05660510063		2.22088050842
2.05972695351		2.80950832367
2.06285214424		2.36803817749
2.06597995758		2.47459983826
2.06910300255		2.7536907196
2.07222914696		2.21073246002
2.0753569603		2.80443382263
2.07848000526		2.39848423004
2.08160495758		2.44415378571
2.08473110199		2.77398777008
2.08785510063		2.20058345795
2.09098005295		2.78413677216
2.0941131115		2.42893028259
2.09724903107		2.41370677948
2.10035610199		2.78921127319
2.10348200798		2.21073246002
2.1067340374		2.73846721649
2.10985898972		2.51012039185
2.11298298836		2.34774017334
2.11611104012		2.82473182678
2.11923503876		2.22088050842
2.12236094475		2.7029466629
2.12549710274		2.54564094543
2.12861394882		2.31729412079
2.13173699379		2.83488082886
2.13491106033		2.23610401154
2.13798594475		2.67757511139
2.14111495018		2.57101249695
2.14423894882		2.2919216156
2.14736294746		2.8399553299
2.15048909187		2.24117851257
2.15361499786		2.63698005676
2.15674114227		2.60145950317
2.15986394882		2.27669906616
2.16298913956		2.84502887726
2.16611814499		2.26655006409
2.16924214363		2.62175655365
2.17236614227		2.62683105469
2.1754989624		2.25640106201
2.17861700058		2.8399553299
2.18174314499		2.28684806824
2.18490600586		2.57608699799
2.18799614906		2.66235160828
2.19111800194		2.24117851257
2.19425702095		2.83488082886
2.19737100601		2.31221961975
2.20049595833		2.55578994751
2.20362114906		2.71817016602
2.20687794685		2.21073246002
2.2099981308		2.81458282471
2.21312212944		2.36803817749
2.21624994278		2.47967433929
2.21937203407		2.7536907196
2.22250008583		2.20565795898
2.22562599182		2.80443382263
2.22874999046		2.393409729
2.23187494278		2.44922733307
2.23500609398		2.77906227112
2.23812508583		2.20565795898
2.24124908447		2.77906227112
2.24437713623		2.42893028259
2.24750304222		2.41370677948
2.25062704086		2.79428577423
2.25376009941		2.21073246002
2.25687909126		2.76891326904
2.26000213623		2.45937633514
2.2631289959		2.38326072693
2.26625609398		2.80950832367
2.2693810463		2.20565795898
2.27250504494		2.74354171753
2.27563095093		2.49489688873
2.27875804901		2.35281467438
2.28188109398		2.81965732574
2.28501296043		2.22088050842
2.28813099861		2.72324466705
2.29126214981		2.53041744232
2.29438996315		2.32744312286
2.29750800133		2.82473182678
2.30063509941		2.22595500946
2.30376601219		2.68772315979
2.30688309669		2.56593894958
2.31000995636		2.30207061768
2.31313514709		2.83488082886
2.31626200676		2.23610401154
2.31938409805		2.65727710724
2.32251310349		2.59638500214
2.3256380558		2.27669906616
2.32876205444		2.84502887726
2.33188796043		2.24625301361
2.33502006531		2.62683105469
2.33813810349		2.62175655365
2.34126496315		2.26655006409
2.3443980217		2.8399553299
2.3475151062		2.27669906616
2.35064005852		2.60145950317
2.35376596451		2.64712810516
2.35689306259		2.24625301361
2.36001610756		2.83488082886
2.36314105988		2.29699611664
2.36626911163		2.56593894958
2.3693921566		2.68264961243
2.37251806259		2.23610401154
2.37564611435		2.83488082886
2.37877106667		2.32744312286
2.38189506531		2.53549194336
2.38502597809		2.71309566498
2.3881649971		2.22088050842
2.39127111435		2.82473182678
2.3944029808		2.34774017334
2.39752411842		2.50504589081
2.40064716339		2.73339271545
2.40377902985		2.21073246002
2.4068980217		2.81458282471
2.41002297401		2.38326072693
2.4131500721		2.47459983826
2.41627693176		2.7536907196
2.41939902306		2.21073246002
2.42252492905		2.79428577423
2.42565202713		2.40863323212
2.4287750721		2.44415378571
2.43190097809		2.77906227112
2.43503212929		2.20565795898
2.43815302849		2.78413677216
2.4412779808		2.43400478363
2.44440507889		2.40863323212
2.44752693176		2.79936027527
2.45065307617		2.20565795898
2.45377993584		2.76383876801
2.45690608025		2.46445083618
2.46003103256		2.37818622589
2.4631550312		2.81458282471
2.46628093719		2.21073246002
2.46940803528		2.74354171753
2.47253513336		2.49489688873
2.47565793991		2.35281467438
2.47878313065		2.81965732574
2.48190808296		2.22088050842
2.48504495621		2.71309566498
2.48815798759		2.53549194336
2.49128508568		2.32236862183
2.49441695213		2.83488082886
2.49753499031		2.22595500946
2.50065994263		2.68772315979
2.50379610062		2.57101249695
2.50691103935		2.29699611664
2.51003599167		2.8399553299
2.51316213608		2.24117851257
2.51628804207		2.65727710724
2.51941299438		2.59638500214
2.5225379467		2.2817735672
2.52566504478		2.8399553299
2.5287899971		2.25640106201
2.53191399574		2.62683105469
2.53504705429		2.62683105469
2.53816604614		2.26147556305
2.54128909111		2.8399553299
2.54442095757		2.2817735672
2.54754209518		2.59638500214
2.55066800117		2.65727710724
2.55379414558		2.24117851257
2.55691695213		2.8399553299
2.56004500389		2.30207061768
2.56316804886		2.56086444855
2.56629800797		2.68264961243
2.56941914558		2.2310295105
2.57254505157		2.83488082886
2.57567214966		2.32236862183
2.57879495621		2.53549194336
2.58192706108		2.70802116394
2.58505296707		2.22088050842
2.58817195892		2.82980632782
2.59129714966		2.34774017334
2.59442806244		2.49997138977
2.59754896164		2.73339271545
2.6006770134		2.21073246002
2.60380601883		2.80950832367
2.60692596436		2.38326072693
2.61004900932		2.46952533722
2.61317610741		2.75876522064
2.61630296707		2.20565795898
2.61942815781		2.79936027527
2.62255096436		2.40863323212
2.62567901611		2.43907928467
2.62880396843		2.77906227112
2.63192796707		2.20058345795
2.63505911827		2.77906227112
2.6381790638		2.43907928467
2.64130401611		2.41370677948
2.64443016052		2.79428577423
2.64755511284		2.21073246002
2.65067911148		2.75876522064
2.65381193161		2.46952533722
2.65692996979		2.37818622589
2.6600561142		2.80950832367
2.66318106651		2.21073246002
2.66630911827		2.73339271545
2.66943216324		2.49997138977
2.6725590229		2.34774017334
2.67568397522		2.81965732574
2.67881393433		2.22088050842
2.68193411827		2.71309566498
2.6850669384		2.5405664444
2.68818712234		2.31729412079
2.69131112099		2.83488082886
2.69444298744		2.22595500946
2.69756007195		2.68772315979
2.70068597794		2.56086444855
2.70381402969		2.29699611664
2.70693707466		2.8399553299
2.71006202698		2.24117851257
2.71318697929		2.65727710724
2.71631407738		2.59638500214
2.71943902969		2.2817735672
2.72256398201		2.8399553299
2.72569203377		2.26147556305
2.72881603241		2.62175655365
2.73194098473		2.63190555573
2.73509216309		2.25132751465
2.73819208145		2.8399553299
2.74131703377		2.2817735672
2.74445009232		2.5913105011
2.7475669384		2.65727710724
2.75069594383		2.24625301361
2.75381994247		2.8399553299
2.75694513321		2.30207061768
2.76006913185		2.56593894958
2.76319503784		2.68264961243
2.7663230896		2.2310295105
2.76944494247		2.82980632782
2.77257108688		2.32236862183
2.77570295334		2.53041744232
2.77882313728		2.71309566498
2.7819480896		2.22595500946
2.78507900238		2.81965732574
2.78819799423		2.35788917542
2.79132294655		2.49489688873
2.79445695877		2.74354171753
2.79757595062		2.21073246002
2.80069994926		2.81458282471
2.80383205414		2.38833522797
2.80695104599		2.46445083618
2.81007599831		2.76383876801
2.81320095062		2.20565795898
2.81632900238		2.79936027527
2.8194539547		2.41370677948
2.82257795334		2.43400478363
2.82570409775		2.77906227112
2.82882905006		2.20565795898
2.83195400238		2.77906227112
2.83508610725		2.43907928467
2.83820509911		2.40863323212
2.84133005142		2.79428577423
2.84445714951		2.21073246002
2.84758210182		2.7536907196
2.85070610046		2.46952533722
2.85383915901		2.37818622589
2.8569560051		2.80950832367
2.86008214951		2.21073246002
2.86320710182		2.73339271545
2.86633515358		2.50504589081
2.86946105957		2.34774017334
2.87259101868		2.82473182678
2.87571406364		2.22088050842
2.87883496284		2.71309566498
2.88196110725		2.53549194336
2.88509297371		2.31729412079
2.88821101189		2.83488082886
2.8913359642		2.2310295105
2.89446902275		2.68264961243
2.89758896828		2.56593894958
2.90071296692		2.29699611664
2.90384411812		2.8399553299
2.90696310997		2.25132751465
2.91008996964		2.64712810516
2.91321611404		2.60145950317
2.91634011269		2.27162456512
2.919465065		2.84502887726
2.92259216309		2.26147556305
2.9257171154		2.62175655365
2.92884206772		2.63190555573
2.93196702003		2.25132751465
2.93509912491		2.84502887726
2.93821597099		2.27669906616
2.94134497643		2.5913105011
2.94447612762		2.66235160828
2.94759511948		2.24117851257
2.95071911812		2.83488082886
2.95384597778		2.30207061768
2.95696997643		2.55578994751
2.96009492874		2.68772315979
2.96322107315		2.23610401154
2.96635103226		2.82980632782
2.96947693825		2.33251667023
2.97259807587		2.52534389496
2.97572612762		2.72324466705
2.97884893417		2.22088050842
2.98197293282		2.82473182678
2.98510408401		2.35788917542
2.98822402954		2.49489688873
2.99134898186		2.73846721649
2.99448108673		2.21073246002
2.99760198593		2.81458282471
3.00072908401		2.38326072693
3.00385904312		2.46445083618
3.0069770813		2.75876522064
3.01010203362		2.20565795898
3.01322793961		2.79428577423
3.01641201973		2.44415378571
3.01948404312		2.42893028259
3.02260804176		2.78413677216
3.02577400208		2.20565795898
3.02885913849		2.77398777008
3.03198313713		2.45430183411
3.03511714935		2.393409729
3.03823709488		2.80443382263
3.04136109352		2.20565795898
3.04448795319		2.75876522064
3.04761099815		2.47967433929
3.05073595047		2.37311172485
3.05386996269		2.81965732574
3.0569870472		2.21073246002
3.06011414528		2.72324466705
3.06323814392		2.51519489288
3.06637310982		2.3426656723
3.06950592995		2.82980632782
3.07261514664		2.22595500946
3.07574295998		2.70802116394
3.07886600494		2.5405664444
3.08199000359		2.32236862183
3.08512401581		2.83488082886
3.08824110031		2.23610401154
3.09136605263		2.67250061035
3.09449696541		2.58623600006
3.0976369381		2.28684806824
3.10074305534		2.8399553299
3.10387706757		2.25132751465
3.10699295998		2.64712810516
3.11011910439		2.60145950317
3.11324596405		2.27162456512
3.11637401581		2.84502887726
3.11949801445		2.27162456512
3.12262105942		2.62175655365
3.1257481575		2.63698005676
3.12887215614		2.25132751465
3.13199710846		2.83488082886
3.13513112068		2.28684806824
3.13824796677		2.5913105011
3.14138793945		2.67250061035
3.1445081234		2.23610401154
3.14762401581		2.83488082886
3.15074896812		2.30714511871
3.15387511253		2.55578994751
3.15700006485		2.69279766083
3.16012716293		2.2310295105
3.16325712204		2.82473182678
3.16637992859		2.32744312286
3.16950297356		2.52026939392
3.1726269722		2.72324466705
3.17575907707		2.22088050842
3.17887997627		2.82473182678
3.18200492859		2.35788917542
3.185131073		2.49489688873
3.18825411797		2.74861621857
3.1913819313		2.21580600739
3.19451212883		2.80443382263
3.19762396812		2.38833522797
3.20074796677		2.45937633514
3.2038769722		2.76891326904
3.2070081234		2.20565795898
3.21013307571		2.79428577423
3.21325707436		2.42385578156
3.21638393402		2.42893028259
3.21950912476		2.78413677216
3.22263503075		2.20565795898
3.22576212883		2.77906227112
3.22888302803		2.44922733307
3.23200893402		2.39848423004
3.23513793945		2.80443382263
3.2382619381		2.20565795898
3.24138593674		2.7536907196
3.24452900887		2.4898223877
3.24763798714		2.37311172485
3.25076413155		2.81458282471
3.25389504433		2.21580600739
3.25701403618		2.72831821442
3.26014614105		2.53041744232
3.26326394081		2.3426656723
3.26639413834		2.82980632782
3.26953196526		2.2310295105
3.2726559639		2.69279766083
3.27576899529		2.55071544647
3.27889108658		2.31729412079
3.28201699257		2.8399553299
3.28514313698		2.23610401154
3.28826713562		2.67250061035
3.29139208794		2.57608699799
3.29452610016		2.28684806824
3.29764294624		2.84502887726
3.30076813698		2.24625301361
3.3039021492		2.64712810516
3.30701994896		2.60653305054
3.31014609337		2.26655006409
3.31327104568		2.8399553299
3.31640005112		2.26655006409
3.31952095032		2.61668205261
3.32264709473		2.63698005676
3.32577610016		2.25132751465
3.32889795303		2.8399553299
3.33202314377		2.2919216156
3.33515095711		2.57101249695
3.33827400208		2.67250061035
3.34141397476		2.2310295105
3.34453201294		2.83488082886
3.34765195847		2.31221961975
3.35077595711		2.55071544647
3.35390400887		2.7029466629
3.35703206062		2.22088050842
3.36015295982		2.82980632782
3.36327695847		2.33251667023
3.36640501022		2.52026939392
3.36953115463		2.72324466705
3.37265396118		2.22088050842
3.37578201294		2.81965732574
3.37890505791		2.36296367645
3.38203501701		2.48474884033
3.38515901566		2.74861621857
3.38828110695		2.21580600739
3.39140701294		2.80443382263
3.39453911781		2.39848423004
3.39766001701		2.45430183411
3.40078616142		2.76891326904
3.40391397476		2.21073246002
3.40703415871		2.79428577423
3.41015911102		2.42385578156
3.41328310966		2.41878128052
3.41643214226		2.79428577423
3.41953706741		2.21073246002
3.42266201973		2.77398777008
3.42578816414		2.45430183411
3.42891097069		2.39848423004
3.43203616142		2.80443382263
3.43516492844		2.21073246002
3.4382891655		2.74861621857
3.44141411781		2.4898223877
3.44453811646		2.36296367645
3.44766306877		2.81458282471
3.45078992844		2.21073246002
3.45392298698		2.72324466705
3.45704102516		2.52534389496
3.46016597748		2.32744312286
3.46329092979		2.83488082886
3.4664170742		2.22088050842
3.46955800056		2.69279766083
3.47266697884		2.55071544647
3.47579503059		2.31221961975
3.47891902924		2.83488082886
3.48204302788		2.2310295105
3.48517203331		2.66742610931
3.48829293251		2.57608699799
3.49142098427		2.2919216156
3.49455213547		2.84502887726
3.49767112732		2.25132751465
3.50079798698		2.63190555573
3.50394296646		2.61668205261
3.50704813004		2.27162456512
3.51017212868		2.8399553299
3.51329708099		2.27162456512
3.51642608643		2.60145950317
3.5195479393		2.64712810516
3.52267193794		2.25132751465
3.52580213547		2.84502887726
3.52892708778		2.2919216156
3.53204894066		2.57101249695
3.53517794609		2.67250061035
3.53830194473		2.23610401154
3.54144096375		2.83488082886
3.54456114769		2.31729412079
3.5476770401		2.55071544647
3.55080914497		2.69787216187
3.55393004417		2.22595500946
3.55705094337		2.82473182678
3.56017899513		2.33759117126
3.56330299377		2.51519489288
3.56643104553		2.72324466705
3.56955504417		2.21580600739
3.57267999649		2.81458282471
3.57580494881		2.36803817749
3.57893204689		2.48474884033
3.58205699921		2.74861621857
3.58518409729		2.21073246002
3.58830714226		2.79936027527
3.59143209457		2.39848423004
3.59456515312		2.44922733307
3.59768605232		2.76891326904
3.60080814362		2.20565795898
3.60394096375		2.78921127319
3.60706114769		2.42385578156
3.61018610001		2.42385578156
3.61331009865		2.78921127319
3.61644005775		2.20565795898
3.61956501007		2.76891326904
3.62268805504		2.45937633514
3.62581515312		2.38833522797
3.628937006		2.80443382263
3.63206315041		2.21073246002
3.63519001007		2.74861621857
3.63831496239		2.4898223877
3.64143896103		2.35788917542
3.64456510544		2.82473182678
3.64769601822		2.21073246002
3.65081596375		2.72324466705
3.65394902229		2.52534389496
3.6570661068		2.33251667023
3.66019010544		2.82980632782
3.66331601143		2.22088050842
3.66644215584		2.7029466629
3.66958403587		2.55578994751
3.67271304131		2.30714511871
3.67581915855		2.83488082886
3.67894506454		2.23610401154
3.68207001686		2.66742610931
3.68519711494		2.58116149902
3.68832111359		2.28684806824
3.69144701958		2.8399553299
3.69457793236		2.25640106201
3.69769597054		2.63698005676
3.70082211494		2.61668205261
3.70394802094		2.26147556305
3.70707416534		2.84502887726
3.71019911766		2.27162456512
3.7133231163		2.60653305054
3.71644902229		2.6420545578
3.71957492828		2.25132751465
3.72270011902		2.8399553299
3.72582793236		2.28684806824
3.72895097733		2.57608699799
3.73207592964		2.67757511139
3.73520207405		2.23610401154
3.73832607269		2.83488082886
3.74146604538		2.32236862183
3.74459314346		2.5405664444
3.74770307541		2.69787216187
3.75082993507		2.22088050842
3.75395703316		2.82473182678
3.75708007812		2.3426656723
3.76020407677		2.51012039185
3.76333093643		2.72831821442
3.76645898819		2.21073246002
3.76958203316		2.81458282471
3.77270507812		2.37311172485
3.77583408356		2.47967433929
3.7789580822		2.7536907196
3.78208208084		2.20565795898
3.78521108627		2.80443382263
3.78833413124		2.40355873108
3.79145812988		2.45430183411
3.79459214211		2.77906227112
3.79771113396		2.21073246002
3.8008389473		2.78921127319
3.80396699905		2.42893028259
3.80708599091		2.41878128052
3.81021308899		2.78921127319
3.81333613396		2.21073246002
3.81648206711		2.75876522064
3.81958794594		2.46445083618
3.82271409035		2.38833522797
3.82583999634		2.80950832367
3.82896304131		2.21073246002
3.83208799362		2.74861621857
3.83521604538		2.49489688873
3.8383409977		2.35788917542
3.8414709568		2.81965732574
3.8445930481		2.21073246002
3.84771609306		2.72831821442
3.85084199905		2.52534389496
3.85397315025		2.33251667023
3.85709404945		2.82980632782
3.86021900177		2.2310295105
3.86334300041		2.69279766083
3.8664700985		2.55578994751
3.86961197853		2.30207061768
3.87271904945		2.8399553299
3.87584710121		2.23610401154
3.87897109985		2.66742610931
3.88209700584		2.5913105011
3.88522315025		2.28684806824
3.88834905624		2.8399553299
3.89147210121		2.25132751465
3.89460301399		2.63698005676
3.89772295952		2.61668205261
3.90084815025		2.26655006409
3.90398216248		2.8399553299
3.90709900856		2.26655006409
3.91022515297		2.60145950317
3.91334915161		2.64712810516
3.91647410393		2.25132751465
3.91960310936		2.8399553299
3.92272615433		2.2919216156
3.92585396767		2.57101249695
3.92897796631		2.67757511139
3.93210315704		2.2310295105
3.93523216248		2.83488082886
3.93835902214		2.32236862183
3.94149494171		2.53549194336
3.94461393356		2.70802116394
3.94772911072		2.21580600739
3.95085501671		2.82980632782
3.95398116112		2.34774017334
3.95710706711		2.51012039185
3.96023106575		2.73846721649
3.96337199211		2.21073246002
3.96648406982		2.81458282471
3.96960902214		2.36803817749
3.97273397446		2.47967433929
3.97586107254		2.7536907196
3.97898316383		2.21073246002
3.98210906982		2.79936027527
3.98523592949		2.40355873108
3.9883620739		2.44415378571
3.99148511887		2.77906227112
3.99461698532		2.21073246002
3.99774003029		2.77906227112
4.00086402893		2.43400478363
4.00399494171		2.41370677948
4.00711393356		2.79936027527
4.01023793221		2.20565795898
4.01336312294		2.76891326904
4.01648807526		2.45937633514
4.01961398125		2.38326072693
4.02274012566		2.81458282471
4.02586603165		2.21073246002
4.02898907661		2.74861621857
4.0321149826		2.4898223877
4.03524899483		2.35281467438
4.03836894035		2.81965732574
4.04149198532		2.22088050842
4.04461812973		2.71817016602
4.04774403572		2.52534389496
4.05086803436		2.32744312286
4.05400395393		2.83488082886
4.05711913109		2.2310295105
4.06024694443		2.68264961243
4.06336903572		2.56086444855
4.06649708748		2.30207061768
4.06963610649		2.8399553299
4.07276296616		2.24117851257
4.07587313652		2.66742610931
4.07899808884		2.5913105011
4.08212208748		2.2817735672
4.08524799347		2.8399553299
4.08837199211		2.25640106201
4.09149813652		2.63190555573
4.09463095665		2.62175655365
4.0977499485		2.26655006409
4.10087513924		2.8399553299
4.10400915146		2.27669906616
4.10712599754		2.60145950317
4.11025214195		2.6522026062
4.11337709427		2.25132751465
4.11650204659		2.8399553299
4.1196269989		2.29699611664
4.12275314331		2.57101249695
4.12588095665		2.68772315979
4.12900304794		2.2310295105
4.13213396072		2.83488082886
4.13525509834		2.32744312286
4.13838100433		2.53549194336
4.14152002335		2.71309566498
4.14463615417		2.22088050842
4.14775514603		2.82980632782
4.15088295937		2.34774017334
4.1540081501		2.50504589081
4.15713500977		2.72831821442
4.16025900841		2.21580600739
4.16338300705		2.81458282471
4.16650915146		2.37818622589
4.16963410378		2.47967433929
4.17276000977		2.75876522064
4.17588996887		2.20565795898
4.17901206017		2.79936027527
4.18213701248		2.40863323212
4.1852619648		2.44415378571
4.18839001656		2.78413677216
4.19151306152		2.20565795898
4.1946439743		2.78413677216
4.19775605202		2.43400478363
4.2008831501		2.41878128052
4.20400810242		2.79936027527
4.20713996887		2.20565795898
4.21026301384		2.76383876801
4.21338701248		2.45937633514
4.21653294563		2.37818622589
4.21963906288		2.80950832367
4.22276806831		2.21580600739
4.2258939743		2.74354171753
4.22902297974		2.49997138977
4.23214411736		2.34774017334
4.23526906967		2.82473182678
4.23839306831		2.22088050842
4.24151802063		2.71309566498
4.24464416504		2.53041744232
4.24776816368		2.32236862183
4.25089693069		2.83488082886
4.25402712822		2.2310295105
4.25714492798		2.69279766083
4.26027011871		2.57608699799
4.2633960247		2.29699611664
4.26652097702		2.8399553299
4.2696621418		2.24117851257
4.27277302742		2.66235160828
4.2759001255		2.59638500214
4.27902412415		2.28684806824
4.28214693069		2.83488082886
4.28527498245		2.26147556305
4.28839898109		2.63190555573
4.29152393341		2.62683105469
4.29465794563		2.26147556305
4.29777503014		2.84502887726
4.30089998245		2.27669906616
4.304033041		2.59638500214
4.30715203285		2.65727710724
4.31027913094		2.24625301361
4.31340312958		2.8399553299
4.31652903557		2.29699611664
4.31965398788		2.57101249695
4.3227789402		2.68264961243
4.32591414452		2.2310295105
4.32903003693		2.83488082886
4.33215498924		2.32236862183
4.33528208733		2.53549194336
4.33840513229		2.70802116394
4.34154510498		2.22595500946
4.34466409683		2.82473182678
4.34778094292		2.35281467438
4.350908041		2.49997138977
4.35403513908		2.73846721649
4.35715699196		2.21580600739
4.36028504372		2.81458282471
4.36340999603		2.38326072693
4.36653494835		2.46952533722
4.36966109276		2.75876522064
4.3727850914		2.20565795898
4.37591314316		2.80443382263
4.3790371418		2.40355873108
4.38216400146		2.43907928467
4.38528800011		2.77906227112
4.38841104507		2.20058345795
4.39154005051		2.77906227112
4.39466905594		2.43907928467
4.39779210091		2.40863323212
4.40091300011		2.79428577423
4.40404605865		2.21073246002
4.40716600418		2.7536907196
4.41029000282		2.46952533722
4.41341400146		2.38326072693
4.41654109955		2.81458282471
4.41966605186		2.21073246002
4.42279815674		2.73339271545
4.42592000961		2.49997138977
4.42904210091		2.34774017334
4.43217015266		2.82980632782
4.43529605865		2.22088050842
4.43841814995		2.71309566498
4.44154596329		2.53041744232
4.44466996193		2.32744312286
4.44779610634		2.83488082886
4.45092010498		2.22595500946
4.45404815674		2.68772315979
4.4571750164		2.56086444855
4.4602971077		2.29699611664
4.46342110634		2.8399553299
4.466547966		2.24625301361
4.46968913078		2.6522026062
4.47281599045		2.60653305054
4.47592711449		2.27162456512
4.47907400131		2.8399553299
4.48217701912		2.26147556305
4.4853041172		2.62175655365
4.48842716217		2.63190555573
4.49155306816		2.25640106201
4.49468302727		2.8399553299
4.49780416489		2.27669906616
4.5009291172		2.5913105011
4.50406002998		2.65727710724
4.50717902184		2.24117851257
4.51030397415		2.8399553299
4.51342916489		2.30207061768
4.5165541172		2.56086444855
4.51968693733		2.68772315979
4.52280592918		2.23610401154
4.52593708038		2.82980632782
4.52905702591		2.32744312286
4.53218197823		2.52534389496
4.53531002998		2.71817016602
4.53843307495		2.22595500946
4.54157209396		2.82473182678
4.54469203949		2.35281467438
4.54780697823		2.49489688873
4.55093502998		2.73846721649
4.55406212807		2.21580600739
4.55718398094		2.80950832367
4.56031298637		2.37818622589
4.56343603134		2.46952533722
4.5665640831		2.75876522064
4.56968712807		2.21580600739
4.57281208038		2.80443382263
4.57594108582		2.41370677948
4.57906293869		2.43907928467
4.5821890831		2.77398777008
4.58531594276		2.20565795898
4.58843803406		2.77906227112
4.59156513214		2.44415378571
4.59469604492		2.40355873108
4.59781813622		2.80443382263
4.60094594955		2.20565795898
4.60407400131		2.7536907196
4.60719108582		2.47459983826
4.61031699181		2.37311172485
4.61344099045		2.81458282471
4.61659097672		2.21073246002
4.61969304085		2.73846721649
4.62281799316		2.50504589081
4.62594795227		2.34774017334
4.62906908989		2.82980632782
4.63219499588		2.22088050842
4.63532400131		2.70802116394
4.63844609261		2.53041744232
4.6415719986		2.32236862183
4.64469695091		2.83488082886
4.64782214165		2.23610401154
4.65094614029		2.68264961243
4.65408015251		2.57608699799
4.65719795227		2.29699611664
4.66032505035		2.8399553299
4.663449049		2.25640106201
4.6665790081		2.6522026062
4.66971516609		2.60653305054
4.67282700539		2.27162456512
4.6759531498		2.84502887726
4.67907714844		2.26147556305
4.68220210075		2.62683105469
4.68532896042		2.63190555573
4.68845200539		2.26147556305
4.69157910347		2.8399553299
4.69470906258		2.2817735672
4.69782805443		2.59638500214
4.70095396042		2.65727710724
4.70408201218		2.24625301361
4.70720410347		2.83488082886
4.71032905579		2.30207061768
4.71346116066		2.55578994751
4.71658301353		2.69279766083
4.71970510483		2.2310295105
4.72283315659		2.82980632782
4.72596001625		2.32744312286
4.72908496857		2.52534389496
4.73220896721		2.72324466705
4.73533606529		2.22088050842
4.73845911026		2.81965732574
4.74159908295		2.35788917542
4.74471902847		2.49489688873
4.74783611298		2.74354171753
4.75096106529		2.21073246002
4.75408697128		2.81458282471
4.75721216202		2.38326072693
4.76033616066		2.46952533722
4.76346302032		2.76383876801
4.76658916473		2.21073246002
4.76971411705		2.79428577423
4.77283716202		2.41370677948
4.77596497536		2.43400478363
4.779088974		2.78413677216
4.78221511841		2.20565795898
4.78534197807		2.77398777008
4.78846311569		2.45430183411
4.7915930748		2.393409729
4.79472208023		2.80443382263
4.79784297943		2.20565795898
4.80096793175		2.75876522064
4.80410003662		2.47967433929
4.8072180748		2.36803817749
4.81035208702		2.81458282471
4.81346893311		2.21073246002
4.81659913063		2.73339271545
4.81972002983		2.50504589081
4.82284498215		2.34774017334
4.82597208023		2.82980632782
4.8290951252		2.22088050842
4.83222103119		2.70802116394
4.83534908295		2.5405664444
4.83847212791		2.31729412079
4.84159803391		2.83488082886
4.84472513199		2.23610401154
4.84784913063		2.67757511139
4.85097503662		2.57608699799
4.85410714149		2.2919216156
4.85722398758		2.84502887726
4.86035108566		2.25132751465
4.8634750843		2.6522026062
4.8666009903		2.59638500214
4.86974406242		2.27162456512
4.87286806107		2.84502887726
4.87597894669		2.26655006409
4.87910294533		2.62175655365
4.88222908974		2.62683105469
4.88535308838		2.25640106201
4.8884780407		2.8399553299
4.89160394669		2.2817735672
4.89473700523		2.58623600006
4.89785695076		2.66742610931
4.9009809494		2.23610401154
4.90411114693		2.83488082886
4.90723705292		2.31221961975
4.91035699844		2.55578994751
4.91348195076		2.71817016602
4.91673612595		2.21073246002
4.91985702515		2.81965732574
4.92298293114		2.36803817749
4.92611193657		2.47967433929
4.92923402786		2.7536907196
4.93235993385		2.20565795898
4.93548607826		2.79936027527
4.93861198425		2.39848423004
4.94175314903		2.44415378571
4.94490504265		2.78413677216
4.94798803329		2.20565795898
4.95111298561		2.78413677216
4.95423793793		2.43400478363
4.95736312866		2.40863323212
4.96048903465		2.79428577423
4.96361494064		2.21073246002
4.96674013138		2.76891326904
4.96986508369		2.46445083618
4.97299003601		2.38326072693
4.97611808777		2.80950832367
4.97923994064		2.20565795898
4.98236608505		2.74861621857
4.98549294472		2.49489688873
4.98861598969		2.35788917542
4.99174213409		2.81965732574
4.99490714073		2.22088050842
4.99799609184		2.71817016602
