0.000127077102661		5.03208637238
0.00631809234619		-0.00169658660889
0.0114800930023		4.9711933136
0.0165660381317		1.62717819214
0.0215740203857		1.93164157867
0.0265650749207		4.6515083313
0.0315670967102		-0.00169658660889
0.036563873291		5.04223537445
0.0415709018707		-0.00169658660889
0.0465669631958		5.04223537445
0.0515699386597		0.657972335815
0.0565659999847		3.02263259888
0.0615708827972		3.57573986053
0.0665678977966		0.186055183411
0.071583032608		5.04730892181
0.0765790939331		-0.00169658660889
0.0815808773041		5.04730892181
0.0865828990936		0.03382396698
0.0915808677673		4.08317756653
0.0965790748596		2.54564094543
0.101614952087		0.926914215088
0.106705904007		5.04730892181
0.111708879471		-0.00169658660889
0.116708040237		5.04730892181
0.121708869934		-0.00169658660889
0.126708030701		4.72762393951
0.131712913513		1.87582302094
0.136709928513		1.73374080658
0.141711950302		4.83418560028
0.146712064743		-0.00169658660889
0.15171289444		5.05238342285
0.156713008881		-0.00169658660889
0.161714076996		5.04223537445
0.166714906693		0.891393661499
0.171715021133		2.74354171753
0.176713943481		3.86497974396
0.181720972061		0.0591955184937
0.186717033386		5.05238342285
0.191719055176		-0.00169658660889
0.196717023849		5.04223537445
0.201718091965		0.104865074158
0.206717967987		3.83960723877
0.211716890335		2.78921127319
0.216711044312		0.83557510376
0.221725940704		5.04223537445
0.226722002029		-0.00169658660889
0.231724023819		5.04730892181
0.236723899841		-0.00677108764648
0.241723060608		4.76821899414
0.24672293663		1.79970741272
0.25172495842		1.78955841064
0.256731987		4.77836704254
0.26172709465		-0.00169658660889
0.266726016998		5.04730892181
0.271730899811		-0.00169658660889
0.276726007462		5.04730892181
0.281728982925		0.820352554321
0.286727905273		2.83488082886
0.29173207283		3.77871513367
0.296732902527		0.0896415710449
0.301730871201		5.04730892181
0.306730031967		-0.00169658660889
0.311733007431		5.04730892181
0.316732883453		0.079493522644
0.321732997894		3.91064834595
0.326732873917		2.72324466705
0.331734895706		0.891393661499
0.336735010147		5.04730892181
0.341736078262		-0.00169658660889
0.346736907959		5.04730892181
0.351737976074		-0.00169658660889
0.356736898422		4.83418560028
0.361738920212		1.71344280243
0.366743087769		1.8707485199
0.371741056442		4.72254943848
0.376739025116		-0.00169658660889
0.381742954254		5.04730892181
0.386739969254		-0.00169658660889
0.391743898392		5.04223537445
0.396743059158		0.744236946106
0.401743888855		2.91099643707
0.406742095947		3.6823015213
0.411751031876		0.120088577271
0.416745901108		5.04223537445
0.421746969223		-0.00169658660889
0.426745891571		5.04730892181
0.431750059128		0.0541210174561
0.436748981476		3.9816904068
0.441750049591		2.66742610931
0.446749925613		0.952286720276
0.451751947403		5.04223537445
0.456749916077		-0.00169658660889
0.46174788475		5.04730892181
0.466742038727		-0.00169658660889
0.471754074097		4.86970615387
0.47675204277		1.64747619629
0.48175406456		1.95193862915
0.486752033234		4.64135932922
0.491754055023		-0.00169658660889
0.49675488472		5.04223537445
0.501754999161		-0.00169658660889
0.506753921509		5.04223537445
0.511754989624		0.678269386292
0.516757011414		2.97188854218
0.521761894226		3.61126041412
0.526758909225		0.170831680298
0.531760931015		5.04730892181
0.53676199913		-0.00169658660889
0.541763067245		5.04223537445
0.546761035919		0.0287494659424
0.551764011383		4.05780601501
0.556762933731		2.56593894958
0.561765909195		1.02840232849
0.566770076752		5.04223537445
0.5717689991		-0.00169658660889
0.576765060425		5.04730892181
0.581768989563		-0.00677108764648
0.586766004562		4.91537570953
0.591768980026		1.56628608704
0.596767902374		2.0331287384
0.601769924164		4.58554077148
0.60676908493		-0.00169658660889
0.611770868301		5.04730892181
0.616770982742		-0.00677108764648
0.621771097183		5.04730892181
0.626770973206		0.607228279114
0.631773948669		3.06830215454
0.636772871017		3.53007030487
0.6417760849		0.206352233887
0.646774053574		5.04730892181
0.651777029037		-0.00169658660889
0.656774044037		5.04730892181
0.661777019501		0.0135259628296
0.666776895523		4.15929317474
0.671778917313		2.49997138977
0.676778078079		1.10451793671
0.681778907776		5.04223537445
0.686779022217		-0.00169658660889
0.691781044006		5.04730892181
0.696779966354		-0.00677108764648
0.701783895493		4.94074726105
0.706781864166		1.49524497986
0.711780071259		2.11431884766
0.716773986816		4.47897911072
0.721796989441		-0.00169658660889
0.726787090302		5.04730892181
0.731786966324		-0.00169658660889
0.736785888672		5.04730892181
0.741786956787		0.556485176086
0.746803998947		3.09874820709
0.751791000366		3.45395469666
0.756788015366		0.257096290588
0.761790990829		5.04730892181
0.766789913177		-0.00169658660889
0.771791934967		5.04730892181
0.776791095734		0.00337791442871
0.781794071198		4.22018527985
0.786792039871		2.40863323212
0.791792869568		1.18570804596
0.796792030334		5.03716087341
0.801794052124		-0.00169658660889
0.806793928146		5.04730892181
0.81179690361		-0.00677108764648
0.816796064377		4.97626781464
0.821796894073		1.41912937164
0.82679605484		2.18535995483
0.831799983978		4.44345855713
0.836800098419		-0.00677108764648
0.841799974442		5.04730892181
0.846800088882		-0.00169658660889
0.851801872253		5.04730892181
0.85680103302		0.470220565796
0.861802101135		3.24083042145
0.866801023483		3.36769008636
0.871804952621		0.30784034729
0.876811981201		5.04223537445
0.881804943085		-0.00169658660889
0.886803865433		5.04730892181
0.891807079315		-0.00169658660889
0.896806001663		4.3013753891
0.901807069778		2.34774017334
0.906806945801		1.26689815521
0.911808013916		5.0219373703
0.916807889938		-0.00169658660889
0.921809911728		5.04223537445
0.926810026169		-0.00169658660889
0.931812047958		5.00164031982
0.936810016632		1.34808731079
0.941812992096		2.25640106201
0.946811914444		4.34704494476
0.951812982559		-0.00169658660889
0.956813097		5.03716087341
0.961812019348		-0.00169658660889
0.966805934906		5.04223537445
0.971817970276		0.424551010132
0.976818084717		3.3118724823
0.981817007065		3.29157447815
0.986815929413		0.383955955505
0.991817951202		5.04223537445
0.99681687355		-0.00169658660889
1.00181889534		5.04223537445
1.00681996346		-0.00169658660889
1.01182794571		4.3521194458
1.01682305336		2.26147556305
1.02182292938		1.33793926239
1.02682209015		5.00671482086
1.03184103966		-0.00169658660889
1.03682303429		5.04730892181
1.04182386398		-0.00677108764648
1.04682207108		5.0219373703
1.05182600021		1.27197170258
1.05682492256		2.3426656723
1.06182694435		4.27092933655
1.06682896614		-0.00169658660889
1.07183003426		5.04730892181
1.07682704926		-0.00169658660889
1.08183097839		5.04223537445
1.08682990074		0.338286399841
1.09183192253		3.39813613892
1.09682893753		3.20023536682
1.10183191299		0.434700012207
1.10683298111		5.04730892181
1.1118350029		-0.00169658660889
1.11683297157		5.04223537445
1.12183499336		-0.00169658660889
1.12683391571		4.44853305817
1.1318359375		2.19043445587
1.13683390617		1.41405487061
1.1418390274		4.98134231567
1.14683699608		-0.00169658660889
1.15183496475		5.04730892181
1.15683102608		-0.00677108764648
1.16184091568		5.02701187134
1.16684007645		1.21615409851
1.17184901237		2.38326072693
1.17684292793		4.19988822937
1.18184399605		-0.00169658660889
1.18684506416		5.04730892181
1.19184494019		-0.00169658660889
1.19684290886		5.04730892181
1.20184493065		0.292616844177
1.20684504509		3.49454975128
1.21184301376		3.11397171021
1.21683692932		0.536187171936
1.22185492516		5.04730892181
1.22684907913		-0.00169658660889
1.23185110092		5.04223537445
1.23685002327		-0.00169658660889
1.24185109138		4.51957416534
1.24685001373		2.10924434662
1.25185203552		1.48002147675
1.25685095787		4.95597076416
1.26185202599		-0.00169658660889
1.26685500145		5.04730892181
1.27185487747		-0.00169658660889
1.27685403824		5.04223537445
1.2818570137		1.11974048615
1.28685688972		2.4898223877
1.29185700417		4.11362361908
1.29685807228		0.00337791442871
1.30185890198		5.04223537445
1.30685687065		-0.00169658660889
1.31186008453		5.04223537445
1.31685900688		0.226650238037
1.321860075		3.57573986053
1.32685899734		3.05307865143
1.33186101913		0.586931228638
1.33686089516		5.04730892181
1.3418700695		-0.00169658660889
1.34686303139		5.04730892181
1.35187196732		-0.00169658660889
1.35686397552		4.59568977356
1.36186695099		2.04327774048
1.36686491966		1.55613708496
1.37186789513		4.92045021057
1.3768658638		-0.00169658660889
1.38186788559		5.04223537445
1.38686704636		-0.00677108764648
1.39187002182		5.04730892181
1.39686894417		1.04869937897
1.40187001228		2.57101249695
1.40686988831		4.02735900879
1.4118719101		0.0186004638672
1.41687107086		5.04223537445
1.42187309265		-0.00169658660889
1.426872015		5.04223537445
1.43187403679		0.191129684448
1.43687391281		3.65692996979
1.44187498093		2.9617395401
1.44687604904		0.64782333374
1.45187592506		5.04223537445
1.45687603951		-0.00169658660889
1.46187496185		5.04223537445
1.46686792374		-0.00169658660889
1.47188091278		4.6515083313
1.47687888145		1.95701313019
1.48188090324		1.63732719421
1.48688006401		4.88492965698
1.4918820858		-0.00169658660889
1.49688506126		5.04223537445
1.50188207626		-0.00169658660889
1.50688099861		5.04730892181
1.51188397408		0.972583770752
1.51688694954		2.63190555573
1.52188801765		3.96646690369
1.52688503265		0.0388984680176
1.53188705444		5.04223537445
1.53688693047		-0.00169658660889
1.54188799858		5.04223537445
1.54688692093		0.160683631897
1.55190706253		3.67722702026
1.55688905716		2.900847435
1.56189107895		0.718864440918
1.5668900013		5.04730892181
1.57189297676		-0.00169658660889
1.57689094543		5.04730892181
1.58189296722		-0.00677108764648
1.58689308167		4.71747493744
1.59189605713		1.89104652405
1.5968940258		1.70836830139
1.60189509392		4.83926010132
1.60689496994		-0.00677108764648
1.61189699173		5.04730892181
1.61689686775		-0.00169658660889
1.62189793587		5.03716087341
1.62689900398		0.911691665649
1.63189888		2.73339271545
1.63689899445		3.86497974396
1.64190101624		0.0642700195312
1.64690089226		5.04730892181
1.65190696716		-0.00169658660889
1.65690207481		5.04730892181
1.6619040966		0.120088577271
1.66690301895		3.82438468933
1.67190504074		2.80950832367
1.67690396309		0.800054550171
1.68190598488		5.04730892181
1.68690490723		-0.00169658660889
1.69190788269		5.04223537445
1.69690608978		-0.00169658660889
1.70190906525		4.7732925415
1.70690798759		1.80985641479
1.71190595627		1.79463291168
1.71689987183		4.76821899414
1.72191905975		-0.00169658660889
1.72690987587		5.04730892181
1.73191308975		-0.00169658660889
1.73691105843		5.04730892181
1.74191188812		0.830501556396
1.74691200256		2.81458282471
1.75191497803		3.79393768311
1.75691390038		0.0896415710449
1.76191687584		5.04730892181
1.76691699028		-0.00169658660889
1.77191996574		5.04730892181
1.77691888809		0.079493522644
1.78191900253		3.89542579651
1.78691792488		2.73339271545
1.79192090034		0.866022109985
1.79691791534		5.04223537445
1.80191993713		-0.00169658660889
1.80692505836		5.04223537445
1.81192302704		-0.00169658660889
1.81692099571		4.82911109924
1.8219230175		1.73374080658
1.82692408562		1.85552597046
1.83192586899		4.72254943848
1.83692407608		-0.00169658660889
1.84192800522		5.04730892181
1.84692597389		-0.00169658660889
1.85192799568		5.04730892181
1.85692596436		0.759459495544
1.86192989349		2.89069843292
1.86692690849		3.69752502441
1.87192988396		0.120088577271
1.8769299984		5.04730892181
1.88193202019		-0.00677108764648
1.88692998886		5.04730892181
1.891933918		0.0591955184937
1.89693307877		3.97661590576
1.90193295479		2.65727710724
1.90693306923		0.952286720276
1.91193604469		5.04223537445
1.91693496704		-0.00677108764648
1.92193603516		5.04223537445
1.92693591118		-0.00677108764648
1.93194007874		4.85955715179
1.93693590164		1.65255069733
1.94193887711		1.93164157867
1.94693803787		4.6616563797
1.95194196701		-0.00169658660889
1.95693898201		5.04730892181
1.96194291115		-0.00169658660889
1.96693301201		5.04730892181
1.97194600105		0.708716392517
1.97694301605		2.97188854218
1.98194408417		3.63663196564
1.98694300652		0.160683631897
1.99194407463		5.04730892181
1.99694705009		-0.00677108764648
2.00194597244		5.04730892181
2.00694704056		0.03382396698
2.01194596291		4.06287956238
2.0169479847		2.58116149902
2.02194905281		1.01825332642
2.02694797516		5.04730892181
2.03195691109		-0.00169658660889
2.0369489193		5.04223537445
2.04195189476		-0.00169658660889
2.04695105553		4.9103012085
2.05195307732		1.59165763855
2.05695199966		2.01283168793
2.06195306778		4.58046627045
2.0669529438		-0.00677108764648
2.07195496559		5.04223537445
2.07695603371		-0.00169658660889
2.08195590973		5.04730892181
2.08695602417		0.622451782227
2.09195899963		3.05815315247
2.09695696831		3.54021930695
2.1019589901		0.196204185486
2.10695791245		5.04730892181
2.11196208		-0.00169658660889
2.11696410179		5.04730892181
2.12196302414		0.0186004638672
2.12696003914		4.13392162323
2.13196396828		2.50504589081
2.13696289062		1.09436893463
2.14196491241		5.04730892181
2.14696502686		-0.00169658660889
2.15196704865		5.04223537445
2.15696501732		-0.00169658660889
2.16196703911		4.93567276001
2.16696596146		1.5003194809
2.17196989059		2.0838727951
2.17696809769		4.52972316742
2.18197393417		-0.00169658660889
2.18697404861		5.04730892181
2.19197392464		-0.00677108764648
2.19696998596		5.04223537445
2.20197796822		0.576782226562
2.20696997643		3.14949226379
2.21196889877		3.44888019562
2.21696686745		0.262170791626
2.22197890282		5.04223537445
2.22697496414		-0.00169658660889
2.23197603226		5.04730892181
2.23697495461		0.00337791442871
2.24197697639		4.20496273041
2.24697709084		2.43400478363
2.2519800663		1.16033554077
2.2569770813		5.03716087341
2.26198196411		-0.00169658660889
2.26697993279		5.04223537445
2.27198696136		-0.00169658660889
2.27698087692		4.96611976624
2.28198289871		1.44450092316
2.28698205948		2.16506290436
2.29198408127		4.43838405609
2.29698204994		-0.00169658660889
2.30198502541		5.04223537445
2.30698394775		-0.00677108764648
2.31198596954		5.04730892181
2.31699109077		0.500666618347
2.32198691368		3.22560787201
2.32698607445		3.3727645874
2.33198809624		0.302765846252
2.33698797226		5.04730892181
2.34198999405		-0.00169658660889
2.3469889164		5.04223537445
2.35199093819		-0.00169658660889
2.3569920063		4.2912273407
2.36198997498		2.34774017334
2.36699199677		1.24660015106
2.3719959259		5.02701187134
2.37699389458		-0.00169658660889
2.38199591637		5.04223537445
2.38699507713		-0.00169658660889
2.39199590683		4.99656581879
2.39699602127		1.35316181183
2.40199995041		2.23610401154
2.40699601173		4.36226844788
2.4119989872		-0.00677108764648
2.41699790955		5.04223537445
2.42199897766		-0.00169658660889
2.42700505257		5.04730892181
2.43200206757		0.424551010132
2.43700194359		3.30172348022
2.44200205803		3.30172348022
2.44700193405		0.363657951355
2.45200395584		5.04223537445
2.45700407028		-0.00169658660889
2.46200108528		5.04223537445
2.46699595451		-0.00677108764648
2.47200798988		4.3521194458
2.47700405121		2.2817735672
2.482006073		1.33286476135
2.48700594902		5.00671482086
2.49200797081		-0.00169658660889
2.49700689316		5.04730892181
2.50200986862		-0.00169658660889
2.50700807571		5.01686286926
2.5120100975		1.28212070465
2.5170109272		2.31221961975
2.52201390266		4.2912273407
2.52701306343		-0.00169658660889
2.53201508522		5.04730892181
2.53701400757		-0.00677108764648
2.54202604294		5.04223537445
2.54701900482		0.368732452393
2.55201601982		3.38291358948
2.55701494217		3.2103843689
2.56202197075		0.409327507019
2.56701803207		5.04730892181
2.57202005386		-0.00169658660889
2.57701706886		5.04730892181
2.58202695847		-0.00677108764648
2.58701992035		4.43838405609
2.59202194214		2.20058345795
2.59702205658		1.38868236542
2.6020219326		4.98641681671
2.60702204704		-0.00677108764648
2.61202287674		5.04223537445
2.61702394485		-0.00169658660889
2.6220240593		5.03208637238
2.62702393532		1.2009305954
2.63202691078		2.39848423004
2.63705205917		4.28107833862
2.64202809334		-0.00169658660889
2.64702796936		5.04730892181
2.65202999115		-0.00677108764648
2.65702795982		5.04223537445
2.66202998161		0.28754234314
2.66703009605		3.46917819977
2.67203307152		3.14441776276
2.67703104019		0.500666618347
2.68203186989		5.04730892181
2.68703389168		-0.00169658660889
2.69203400612		5.04730892181
2.69703292847		-0.00169658660889
2.70203495026		4.50942516327
2.7070350647		2.12954235077
2.7120320797		1.48002147675
2.71702694893		4.95089626312
2.72204494476		-0.00169658660889
2.72703790665		5.04223537445
2.73203992844		-0.00169658660889
2.73704504967		5.04223537445
2.7420399189		1.1400384903
2.74704098701		2.48474884033
2.75203990936		4.12377262115
2.7570400238		0.00337791442871
2.76204299927		5.04730892181
2.76704001427		-0.00169658660889
2.77204489708		5.04223537445
2.77704286575		0.246947288513
2.78204607964		3.55544185638
2.78704404831		3.05307865143
2.7920460701		0.571707725525
2.79704594612		5.04223537445
2.80204701424		-0.00169658660889
2.80704689026		5.04223537445
2.81204891205		-0.00169658660889
2.81704998016		4.58046627045
2.82205104828		2.04327774048
2.82704997063		1.54598808289
2.83205294609		4.93059825897
2.83705091476		-0.00169658660889
2.84205198288		5.04223537445
2.84705209732		-0.00169658660889
2.85205388069		5.04730892181
2.85705304146		1.05884838104
2.86205601692		2.55578994751
2.8670539856		4.04765701294
2.87205696106		0.0186004638672
2.87705588341		5.04730892181
2.8820579052		-0.00169658660889
2.88705801964		5.04730892181
2.89206504822		0.211426734924
2.89705991745		3.63663196564
2.90206193924		2.98711204529
2.90706110001		0.642748832703
2.91206002235		5.04730892181
2.91706109047		-0.00169658660889
2.92206192017		5.04223537445
2.92706203461		-0.00677108764648
2.9320640564		4.64643383026
2.93706488609		1.97731018066
2.94206595421		1.6221036911
2.94706487656		4.88492965698
2.95206689835		-0.00169658660889
2.95706605911		5.04730892181
2.96206498146		-0.00677108764648
2.96707701683		5.00164031982
2.97224807739		1.49524497986
2.97732806206		1.95701313019
2.98232293129		4.61598682404
2.98731994629		-0.00169658660889
2.99232506752		5.04730892181
2.99732303619		-0.00169658660889
3.00232887268		5.04730892181
3.00732302666		0.64782333374
3.01232600212		3.02770709991
3.01732397079		3.56559085846
3.02232694626		0.186055183411
3.02732396126		5.04223537445
3.03232693672		-0.00169658660889
3.03732705116		5.04730892181
3.04233002663		0.0236749649048
3.047342062		4.07302856445
3.05233097076		2.53549194336
3.05732893944		1.06899738312
3.06233096123		5.04730892181
3.06733107567		-0.00169658660889
3.07233190536		5.04730892181
3.07733201981		-0.00677108764648
3.0823340416		4.93059825897
3.08733391762		1.53076553345
3.09233403206		2.06357479095
3.09733295441		4.53987121582
3.1023349762		-0.00169658660889
3.10733389854		5.04730892181
3.11233592033		-0.00169658660889
3.11733603477		5.04223537445
3.12233805656		0.5818567276
3.12733888626		3.10382270813
3.13234090805		3.49454975128
3.13734102249		0.231724739075
3.14234209061		5.04223537445
3.14734005928		-0.00169658660889
3.15234208107		5.04223537445
3.15734100342		0.00845146179199
3.16234397888		4.17451667786
3.16734194756		2.45430183411
3.17234301567		1.1501865387
3.17734408379		5.04223537445
3.18234491348		-0.00169658660889
3.18734407425		5.04730892181
3.19234609604		-0.00169658660889
3.19734787941		4.9610452652
3.20235490799		1.48509597778
3.20734786987		2.13969039917
3.21234703064		4.4536075592
3.21733999252		-0.00169658660889
3.22235798836		5.04223537445
3.22734999657		-0.00169658660889
3.2323539257		5.04730892181
3.2373509407		0.510815620422
3.24235701561		3.18501281738
3.24735403061		3.41335964203
3.25235390663		0.282468795776
3.25735402107		5.04223537445
3.26235699654		-0.00169658660889
3.26735591888		5.04730892181
3.27235794067		0.00337791442871
3.27735590935		4.26078033447
3.28235697746		2.37818622589
3.28735899925		1.21615409851
3.29236197472		5.03208637238
3.29735898972		-0.00169658660889
3.30236291885		5.04223537445
3.30735898018		-0.00169658660889
3.31236290932		4.98134231567
3.31736087799		1.37853431702
3.3223669529		2.20058345795
3.3273639679		4.39778900146
3.33236408234		-0.00677108764648
3.33736300468		5.04730892181
3.34236598015		-0.00169658660889
3.3473649025		5.04730892181
3.35236692429		0.444848060608
3.35738587379		3.22560787201
3.36237001419		3.33724403381
3.36736702919		0.348435401917
3.37237000465		5.04223537445
3.37736988068		-0.00169658660889
3.38237094879		5.04730892181
3.38736987114		-0.00169658660889
3.39237499237		4.33182239532
3.39737296104		2.33251667023
3.40238404274		1.25674915314
3.40737390518		5.01686286926
3.4123749733		-0.00169658660889
3.41737389565		5.04223537445
3.42237496376		-0.00677108764648
3.4273750782		5.01178836823
3.43237805367		1.31764125824
3.43737602234		2.30207061768
3.44237804413		4.31659889221
3.44737887383		-0.00677108764648
3.45238089561		5.04730892181
3.45738005638		-0.00677108764648
3.46237802505		5.04730892181
3.46737289429		0.358584403992
3.47238206863		3.34739303589
3.47738099098		3.25097942352
3.48238396645		0.404253005981
3.48738098145		5.04730892181
3.49238491058		-0.00677108764648
3.49738192558		5.04730892181
3.50238704681		-0.00677108764648
3.50738286972		4.41808605194
3.51239109039		2.23610401154
3.51738595963		1.35823631287
3.52239108086		4.99656581879
3.52738904953		-0.00169658660889
3.53238987923		5.04223537445
3.53738999367		-0.00169658660889
3.54239106178		5.02701187134
3.54739189148		1.23645114899
3.55239200592		2.36803817749
3.55739307404		4.240483284
3.56239509583		-0.00169658660889
3.56739401817		5.04223537445
3.57239699364		-0.00169658660889
3.57739400864		5.04730892181
3.58239603043		0.323062896729
3.58739495277		3.43873119354
3.59240007401		3.17486381531
3.59739804268		0.475295066833
3.60240006447		5.03716087341
3.60739994049		-0.00677108764648
3.61240100861		5.04223537445
3.61739993095		-0.00169658660889
3.62240195274		4.47897911072
3.62740397453		2.15998840332
3.63240289688		1.44450092316
3.63740301132		4.9711933136
3.64240694046		-0.00169658660889
3.64740610123		5.04223537445
3.65240693092		-0.00169658660889
3.6574048996		5.03208637238
3.66240787506		1.16541004181
3.66741204262		2.43907928467
3.67240905762		4.15421867371
3.67740702629		0.00337791442871
3.6824119091		5.04223537445
3.68740987778		-0.00677108764648
3.69240999222		5.04730892181
3.69740986824		0.262170791626
3.70241308212		3.49962425232
3.7074110508		3.08352470398
3.71240901947		0.546336174011
3.71740603447		5.04730892181
3.72242593765		-0.00169658660889
3.72741508484		5.04730892181
3.73241591454		-0.00169658660889
3.73741602898		4.55509471893
3.742415905		2.07372379303
3.74741601944		1.52569103241
3.75241804123		4.94582176208
3.75741887093		-0.00677108764648
3.76242089272		5.04730892181
3.76742196083		-0.00169658660889
3.77242207527		5.04223537445
3.77742099762		1.08929443359
3.78242087364		2.52534389496
3.78742098808		4.07810306549
3.79242300987		0.0135259628296
3.79742193222		5.04730892181
3.80242490768		-0.00169658660889
3.80742406845		5.04223537445
3.81242394447		0.211426734924
3.81742405891		3.60618591309
3.82244491577		3.06830215454
3.8274269104		0.617377281189
3.83242797852		5.04730892181
3.83742690086		-0.00169658660889
3.84242987633		5.04730892181
3.84743094444		-0.00677108764648
3.85242986679		4.61598682404
3.85742998123		2.04327774048
3.8624329567		1.58658313751
3.86743092537		4.90015220642
3.87243390083		-0.00169658660889
3.87743186951		5.04223537445
3.88243699074		-0.00677108764648
3.88743495941		5.04223537445
3.8924369812		1.01825332642
3.89743590355		2.61160755157
3.90243697166		3.99691295624
3.90743589401		0.0287494659424
3.91244006157		5.04730892181
3.91743898392		-0.00677108764648
3.92243790627		5.04223537445
3.92743992805		0.175906181335
3.9324400425		3.69245052338
3.93743991852		2.92621898651
3.94244289398		0.683343887329
3.94744110107		5.04730892181
3.95244407654		-0.00169658660889
3.95744299889		5.04730892181
3.96244192123		-0.00169658660889
3.96743702888		4.70732593536
3.97244906425		1.94686412811
3.97744989395		1.64747619629
3.98244595528		4.86463165283
3.98744606972		-0.00169658660889
3.99244809151		5.04223537445
3.99744796753		-0.00169658660889
4.00244903564		5.04223537445
4.00744986534		0.942137718201
4.01244997978		2.69279766083
4.01744890213		3.91572284698
4.02245306969		0.0490465164185
4.02745294571		5.04730892181
4.03245186806		-0.00169658660889
4.03745293617		5.04730892181
4.0424580574		0.135311126709
4.04745388031		3.77364063263
4.05245709419		2.87040138245
4.05745506287		0.759459495544
4.062458992		5.04223537445
4.067456007		-0.00677108764648
4.07245802879		5.04223537445
4.07745599747		-0.00169658660889
4.08245992661		4.74284648895
4.08746004105		1.85552597046
4.09246206284		1.74388885498
4.09746098518		4.80881404877
4.10246109962		-0.00169658660889
4.10746097565		5.04223537445
4.11246395111		-0.00677108764648
4.11746406555		5.04223537445
4.12246608734		0.881244659424
4.12746500969		2.76891326904
4.13247108459		3.84468173981
4.13746500015		0.0744190216064
4.14246702194		5.04223537445
4.14746689796		-0.00677108764648
4.15246891975		5.04730892181
4.15746808052		0.0947160720825
4.16246986389		3.85990524292
4.16746997833		2.76891326904
4.17247104645		0.830501556396
4.17747092247		5.04223537445
4.18247199059		-0.00169658660889
4.18747186661		5.05238342285
4.1924738884		-0.00169658660889
4.19747304916		4.79866504669
4.2024769783		1.77940940857
4.2074739933		1.8200044632
4.21247196198		4.74284648895
4.21746706963		-0.00169658660889
4.22248291969		5.04223537445
4.22747707367		-0.00169658660889
4.23247790337		5.03716087341
4.23747801781		0.800054550171
4.24250102043		2.72324466705
4.24761295319		4.11869812012
4.25260686874		0.00845146179199
4.25760507584		5.04223537445
4.2626080513		-0.00677108764648
4.26760697365		5.03716087341
4.27260994911		0.221575737
4.27760791779		3.58588886261
4.28261089325		3.02770709991
4.28761601448		0.5818567276
4.29261088371		5.04223537445
4.29761195183		-0.00169658660889
4.30261206627		5.03716087341
4.30761194229		-0.00169658660889
4.31261301041		4.60583877563
4.31761097908		2.00268268585
4.32261395454		1.58150959015
4.32761788368		4.90522670746
4.33261704445		-0.00169658660889
4.33761692047		5.04223537445
4.34261703491		-0.00169658660889
4.34761691093		5.03716087341
4.35261893272		1.03347587585
4.35761904716		2.60145950317
4.36261987686		3.99691295624
4.36762189865		0.0236749649048
4.37262201309		5.03716087341
4.37764286995		-0.00169658660889
4.38262295723		5.04223537445
4.38762187958		0.170831680298
4.39262294769		3.67722702026
4.39762496948		2.94144248962
4.4026260376		0.663046836853
4.40762591362		5.04223537445
4.41262602806		-0.00169658660889
4.41762590408		5.04223537445
4.4226269722		-0.00169658660889
4.42762708664		4.67180538177
4.4326300621		1.93164157867
4.43762898445		1.65255069733
4.44263696671		4.87985515594
4.44763207436		-0.00169658660889
4.45263409615		5.04223537445
4.45763206482		-0.00169658660889
4.46263098717		5.04730892181
4.46762490273		0.931988716125
4.47263407707		2.67250061035
4.47763109207		3.92587184906
4.48263287544		0.0490465164185
4.48763394356		5.04730892181
4.49263691902		-0.00169658660889
4.4976348877		5.04730892181
4.50263595581		0.135311126709
4.50763487816		3.76856613159
4.51263689995		2.86532688141
4.51763892174		0.734087944031
4.5226418972		5.04223537445
4.52764105797		-0.00677108764648
4.53264093399		5.04730892181
4.53764104843		-0.00169658660889
4.54264187813		4.72762393951
4.54764294624		1.86567401886
4.55264401436		1.72866630554
4.55764293671		4.81388759613
4.56264591217		-0.00169658660889
4.56764698029		5.04223537445
4.57264900208		-0.00169658660889
4.57764601707		5.04223537445
4.58264803886		0.886319160461
4.58764791489		2.76891326904
4.59264993668		3.84468173981
4.59765386581		0.0642700195312
4.60265398026		5.04223537445
4.60765099525		-0.00169658660889
4.61265206337		5.04730892181
4.61765098572		0.0997905731201
4.62265396118		3.83960723877
4.62765192986		2.78413677216
4.63265299797		0.815278053284
4.63765287399		5.04730892181
4.64265608788		-0.00169658660889
4.6476559639		5.04730892181
4.65265703201		-0.00677108764648
4.65765810013		4.79359054565
4.66265797615		1.78955841064
4.6676568985		1.80478191376
4.67265892029		4.7732925415
4.67765808105		-0.00677108764648
4.68266391754		5.03716087341
4.68766188622		-0.00677108764648
4.69266295433		5.04730892181
4.69766306877		0.815278053284
4.70266294479		2.82980632782
4.70766186714		3.75334262848
4.71266198158		0.0997905731201
4.71765589714		5.03208637238
4.72267198563		-0.00169658660889
4.72766804695		5.04730892181
4.73266792297		0.079493522644
4.73766589165		3.92079734802
4.74266791344		2.70802116394
4.7476670742		0.901542663574
4.75267601013		5.04223537445
4.75766897202		-0.00169658660889
4.76267194748		5.04223537445
4.76767086983		-0.00677108764648
4.77267193794		4.83418560028
4.77767300606		1.7235918045
4.78267502785		1.88089752197
4.78767204285		4.69717693329
4.79267597198		-0.00169658660889
4.79767394066		5.04730892181
4.80267691612		-0.00677108764648
4.80767798424		5.04730892181
4.81267809868		0.749311447144
4.81767606735		2.93129348755
4.82267689705		3.6823015213
4.82767796516		0.130236625671
4.83268094063		5.04730892181
4.83768010139		-0.00169658660889
4.84268403053		5.04730892181
4.84768199921		0.0490465164185
4.85268187523		4.00706195831
4.857681036		2.63698005676
4.86268305779		0.962434768677
4.86768198013		5.04730892181
4.87268590927		-0.00677108764648
4.87768387794		5.04223537445
4.88268589973		-0.00169658660889
4.88768696785		4.88492965698
4.89268898964		1.63732719421
4.89768600464		1.96716213226
4.90268802643		4.6515083313
4.90769410133		-0.00169658660889
4.91268992424		5.04223537445
4.91768908501		-0.00169658660889
4.92269301414		5.04223537445
4.92769289017		0.673195838928
4.93269109726		2.99726104736
4.93769097328		3.59603691101
4.94269299507		0.170831680298
4.94769287109		5.04223537445
4.95269608498		-0.00169658660889
4.95771193504		5.04730892181
4.96269392967		0.0287494659424
4.96768903732		4.09840106964
4.9726998806		2.58116149902
4.9776968956		1.04362487793
4.98269987106		5.04730892181
4.98769807816		-0.00169658660889
4.99269890785		5.04730892181
4.99769997597		-0.00169658660889
