0.000131130218506		2.64712810516
0.00387001037598		2.50504589081
0.00650095939636		2.62175655365
0.00911998748779		2.36296367645
0.0117430686951		2.73846721649
0.0143690109253		2.25640106201
0.0170440673828		2.82473182678
0.0196180343628		2.1802854538
0.022243976593		2.90592193604
0.0248711109161		2.13461589813
0.0275070667267		2.93129348755
0.030121088028		2.12954235077
0.0327441692352		2.91099643707
0.0353710651398		2.15998840332
0.0380001068115		2.86532688141
0.0406219959259		2.22595500946
0.0432450771332		2.77398777008
0.0458731651306		2.31729412079
0.0485019683838		2.67757511139
0.0511231422424		2.43907928467
0.0537860393524		2.57608699799
0.0563700199127		2.56086444855
0.0589990615845		2.43400478363
0.061625957489		2.67757511139
0.0642461776733		2.31221961975
0.0668730735779		2.78413677216
0.0695021152496		2.22088050842
0.0721249580383		2.87040138245
0.0747489929199		2.15491390228
0.0773870944977		2.91607093811
0.0800070762634		2.11939334869
0.0826330184937		2.92621898651
0.0852589607239		2.13461589813
0.0878851413727		2.89577293396
0.0905091762543		2.18535995483
0.0931351184845		2.83488082886
0.0957610607147		2.25640106201
0.0983860492706		2.73846721649
0.101010084152		2.36296367645
0.10363817215		2.63190555573
0.106261014938		2.46445083618
0.108887195587		2.51012039185
0.11151099205		2.60653305054
0.114137172699		2.38326072693
0.116768121719		2.71817016602
0.119390010834		2.27162456512
0.122012138367		2.82473182678
0.124643087387		2.19550895691
0.127264976501		2.900847435
0.129889011383		2.13461589813
0.132515192032		2.92621898651
0.135146141052		2.11939334869
0.137765169144		2.92114448547
0.140391111374		2.14983940125
0.143015146255		2.87547588348
0.145641088486		2.21073246002
0.148267030716		2.80443382263
0.150892019272		2.30207061768
0.153517007828		2.69279766083
0.156143188477		2.37311172485
0.158898115158		2.63698005676
0.161518096924		2.47967433929
0.164142131805		2.51012039185
0.166769981384		2.60145950317
0.169393062592		2.38326072693
0.172019958496		2.72831821442
0.174645185471		2.2817735672
0.177275180817		2.82473182678
0.17989397049		2.18535995483
0.182521104813		2.89577293396
0.185146093369		2.13461589813
0.187772989273		2.93129348755
0.19039607048		2.11939334869
0.193025112152		2.92621898651
0.195647001266		2.14983940125
0.198276042938		2.87547588348
0.200898170471		2.21073246002
0.203524112701		2.79936027527
0.206148147583		2.2817735672
0.208777189255		2.69279766083
0.211400032043		2.41370677948
0.214025020599		2.57608699799
0.216665029526		2.52534389496
0.219278097153		2.45430183411
0.22190117836		2.6522026062
0.224528074265		2.33759117126
0.227158069611		2.76383876801
0.229779005051		2.23610401154
0.232401132584		2.86025238037
0.235030174255		2.16506290436
0.237658023834		2.91099643707
0.240278959274		2.12446784973
0.242902994156		2.93129348755
0.245527982712		2.12446784973
0.248160123825		2.90592193604
0.250781059265		2.1701374054
0.253405094147		2.84502887726
0.256031990051		2.24625301361
0.258656024933		2.7536907196
0.261281013489		2.34774017334
0.263908147812		2.64712810516
0.266544103622		2.46445083618
0.269157171249		2.52534389496
0.271784067154		2.58116149902
0.274408102036		2.40355873108
0.277078151703		2.67250061035
0.279661178589		2.2919216156
0.282287120819		2.80443382263
0.284911155701		2.20565795898
0.287537097931		2.88055038452
0.290161132812		2.14476490021
0.292786121368		2.92114448547
0.295413017273		2.12446784973
0.298047065735		2.92621898651
0.30066204071		2.14476490021
0.303287029266		2.88055038452
0.305912017822		2.19550895691
0.308541059494		2.81458282471
0.311161994934		2.27669906616
0.313789129257		2.71309566498
0.316424131393		2.38326072693
0.319040060043		2.60145950317
0.321665048599		2.51012039185
0.324292182922		2.47967433929
0.326915979385		2.63190555573
0.329540014267		2.35281467438
0.332166194916		2.74354171753
0.33479809761		2.25132751465
0.337418079376		2.84502887726
0.340043067932		2.1701374054
0.342668056488		2.90592193604
0.345293045044		2.12446784973
0.3479180336		2.93129348755
0.35054397583		2.12446784973
0.353168010712		2.91099643707
0.35579419136		2.16506290436
0.358422040939		2.86532688141
0.361045122147		2.2310295105
0.363671064377		2.77906227112
0.366295099258		2.2919216156
0.369049072266		2.71817016602
0.371673107147		2.38833522797
0.374297142029		2.60145950317
0.376929998398		2.51012039185
0.379563093185		2.48474884033
0.382172107697		2.63190555573
0.384796142578		2.35281467438
0.38742518425		2.74354171753
0.390048980713		2.25640106201
0.39267706871		2.8501033783
0.39529800415		2.1701374054
0.397927999496		2.90592193604
0.400550127029		2.12446784973
0.403174161911		2.93129348755
0.405801057816		2.12446784973
0.408428192139		2.91607093811
0.411050081253		2.15998840332
0.41367816925		2.85517787933
0.416301965714		2.21580600739
0.418929100037		2.77398777008
0.421554088593		2.32744312286
0.424178123474		2.66742610931
0.42681312561		2.43907928467
0.42942905426		2.55071544647
0.432054042816		2.56593894958
0.434678077698		2.41878128052
0.437313079834		2.67757511139
0.4399330616		2.30714511871
0.442556142807		2.79428577423
0.445181131363		2.21580600739
0.447813987732		2.87040138245
0.450431108475		2.14983940125
0.453060150146		2.91607093811
0.455686092377		2.12446784973
0.458315134048		2.92621898651
0.460937976837		2.13461589813
0.463557958603		2.89069843292
0.466181993484		2.1802854538
0.468811988831		2.82473182678
0.471438169479		2.27162456512
0.474059104919		2.73339271545
0.476687192917		2.36803817749
0.47931098938		2.62175655365
0.481935024261		2.4898223877
0.484562158585		2.49489688873
0.487193107605		2.61160755157
0.489809989929		2.37311172485
0.492438077927		2.72831821442
0.495063066483		2.27162456512
0.497688055038		2.82980632782
0.500313043594		2.1802854538
0.502938985825		2.89577293396
0.50556397438		2.12954235077
0.508190155029		2.92621898651
0.510815143585		2.11939334869
0.513440132141		2.92114448547
0.516065120697		2.15491390228
0.518694162369		2.87040138245
0.521316051483		2.21073246002
0.523941040039		2.79428577423
0.526574134827		2.30714511871
0.529191970825		2.68772315979
0.531819105148		2.42385578156
0.534440994263		2.57101249695
0.53710603714		2.52534389496
0.539693117142		2.44922733307
0.542337179184		2.65727710724
0.544945001602		2.32744312286
0.5475730896		2.77398777008
0.550196170807		2.22595500946
0.552822113037		2.86025238037
0.555445194244		2.15491390228
0.55807518959		2.91607093811
0.560696125031		2.11939334869
0.563322067261		2.92621898651
0.565946102142		2.12954235077
0.568577051163		2.90592193604
0.57120013237		2.1701374054
0.573822975159		2.8399553299
0.576455116272		2.24625301361
0.579075098038		2.74861621857
0.581700086594		2.34774017334
0.584324121475		2.63698005676
0.586986064911		2.45937633514
0.58957695961		2.51519489288
0.592199087143		2.59638500214
0.594825983047		2.393409729
0.597455024719		2.71309566498
0.600075960159		2.2817735672
0.602701187134		2.81458282471
0.605327129364		2.19043445587
0.607954978943		2.89577293396
0.610576152802		2.12954235077
0.613203048706		2.93129348755
0.615830183029		2.11939334869
0.618457078934		2.92621898651
0.621078968048		2.14476490021
0.62370800972		2.88055038452
0.626338005066		2.20058345795
0.628955125809		2.80443382263
0.631580114365		2.29699611664
0.634204149246		2.69787216187
0.636840105057		2.40355873108
0.639456033707		2.58116149902
0.642081022263		2.53041744232
0.644706964493		2.46445083618
0.647334098816		2.64712810516
0.649958133698		2.33759117126
0.652585029602		2.76383876801
0.655209064484		2.23610401154
0.657835960388		2.85517787933
0.660459041595		2.16506290436
0.663084030151		2.91099643707
0.665712118149		2.12446784973
0.668337106705		2.93129348755
0.670958995819		2.12446784973
0.673586130142		2.91099643707
0.676210165024		2.15491390228
0.678965091705		2.87547588348
0.681589126587		2.20565795898
0.684211969376		2.80443382263
0.686846017838		2.28684806824
0.68946313858		2.7029466629
0.692088127136		2.40355873108
0.694714069366		2.5913105011
0.697340965271		2.52534389496
0.699964046478		2.46445083618
0.702589988708		2.6420545578
0.705221176147		2.35281467438
0.707843065262		2.74354171753
0.710468053818		2.24625301361
0.713092088699		2.8501033783
0.71571803093		2.16506290436
0.71834397316		2.90592193604
0.720967054367		2.12446784973
0.72359418869		2.93129348755
0.726217985153		2.12446784973
0.728845119476		2.90592193604
0.731469154358		2.16506290436
0.73409318924		2.8501033783
0.736726045609		2.23610401154
0.7393450737		2.76891326904
0.74197101593		2.33759117126
0.744594097137		2.65727710724
0.747224092484		2.45430183411
0.749847173691		2.53549194336
0.752470970154		2.57101249695
0.75509595871		2.41370677948
0.757725000381		2.68772315979
0.760349035263		2.30207061768
0.76297211647		2.79936027527
0.765598058701		2.21073246002
0.768226146698		2.88562393188
0.77085018158		2.14476490021
0.773475170135		2.92621898651
0.776098012924		2.11939334869
0.77872800827		2.92621898651
0.781351089478		2.13461589813
0.783975124359		2.89069843292
0.786612987518		2.18535995483
0.789225101471		2.81965732574
0.791851043701		2.27162456512
0.794476985931		2.72324466705
0.797106981277		2.38326072693
0.799728155136		2.61160755157
0.802353143692		2.50504589081
0.804978132248		2.47967433929
0.807605981827		2.62683105469
0.810229063034		2.35788917542
0.812855005264		2.73846721649
0.815482139587		2.25640106201
0.818106174469		2.8399553299
0.820731163025		2.17521095276
0.823356151581		2.91099643707
0.825981140137		2.12954235077
0.828610181808		2.93129348755
0.831232070923		2.12446784973
0.833856105804		2.91607093811
0.836490154266		2.15491390228
0.839109182358		2.86532688141
0.841732978821		2.22088050842
0.84435915947		2.77906227112
0.847068071365		2.2817735672
0.849734067917		2.72324466705
0.852360010147		2.38326072693
0.854986190796		2.60653305054
0.857612133026		2.50504589081
0.860234022141		2.48474884033
0.862861156464		2.62175655365
0.865487098694		2.36296367645
0.86812210083		2.73846721649
0.870737075806		2.26147556305
0.873362064362		2.8399553299
0.875988006592		2.17521095276
0.878614187241		2.900847435
0.881237983704		2.12954235077
0.883864164352		2.93129348755
0.886496067047		2.12446784973
0.889115095139		2.91607093811
0.89173913002		2.15491390228
0.89436507225		2.86025238037
0.897032976151		2.21073246002
0.899616003036		2.78413677216
0.902240991592		2.32236862183
0.904865980148		2.67250061035
0.907493114471		2.43400478363
0.910118103027		2.55578994751
0.912743091583		2.55071544647
0.915368080139		2.43400478363
0.917994976044		2.67250061035
0.920619010925		2.32236862183
0.923243999481		2.78921127319
0.92587018013		2.22595500946
0.928495168686		2.86532688141
0.931121110916		2.15491390228
0.933751106262		2.91607093811
0.936381101608		2.12446784973
0.938996076584		2.93129348755
0.941624164581		2.13461589813
0.944246053696		2.89577293396
0.946879148483		2.17521095276
0.949504137039		2.8399553299
0.952124118805		2.25640106201
0.954751968384		2.74354171753
0.957376003265		2.36296367645
0.959999084473		2.63190555573
0.962625026703		2.47967433929
0.965250015259		2.51012039185
0.967879056931		2.59638500214
0.970499992371		2.38326072693
0.973124980927		2.72324466705
0.975751161575		2.27669906616
0.97837805748		2.82473182678
0.981002092361		2.18535995483
0.983628034592		2.89069843292
0.986253023148		2.14983940125
0.98900604248		2.91607093811
0.991629123688		2.12446784973
0.994254112244		2.93636798859
0.996881008148		2.12954235077
0.999507188797		2.900847435
1.00213098526		2.17521095276
1.00475502014		2.83488082886
1.00738310814		2.25640106201
1.01000499725		2.74354171753
1.01263403893		2.35281467438
1.01525616646		2.63190555573
1.01788306236		2.47459983826
1.02050805092		2.51012039185
1.0231320858		2.60145950317
1.02575707436		2.38833522797
1.02838897705		2.71817016602
1.03101611137		2.27669906616
1.03363418579		2.81965732574
1.03625917435		2.20058345795
1.03888607025		2.89069843292
1.04150915146		2.13461589813
1.04413604736		2.93129348755
1.04676103592		2.11939334869
1.04938602448		2.92114448547
1.05201101303		2.14476490021
1.05463814735		2.87547588348
1.05726408958		2.20058345795
1.05988812447		2.79936027527
1.06251215935		2.30207061768
1.06513810158		2.70802116394
1.06777095795		2.40355873108
1.07038903236		2.57608699799
1.07301306725		2.53549194336
1.0756380558		2.45430183411
1.07826709747		2.6522026062
1.08089208603		2.33759117126
1.08351516724		2.76891326904
1.08614110947		2.26655006409
1.0888941288		2.81458282471
1.09151601791		2.18535995483
1.09414100647		2.89069843292
1.09677505493		2.13969039917
1.09939217567		2.92621898651
1.1020181179		2.11939334869
1.10464310646		2.92621898651
1.10727214813		2.14476490021
1.10989308357		2.87040138245
1.11252713203		2.20058345795
1.11514496803		2.80443382263
1.11777305603		2.2919216156
1.12039613724		2.7029466629
1.12302017212		2.40863323212
1.12564396858		2.58116149902
1.12827301025		2.52534389496
1.13089609146		2.46445083618
1.13352108002		2.64712810516
1.13614606857		2.36296367645
1.13877415657		2.75876522064
1.14139819145		2.24117851257
1.14402413368		2.8501033783
1.14665603638		2.1701374054
1.14926695824		2.91099643707
1.15189099312		2.12954235077
1.15451812744		2.93129348755
1.15719008446		2.12446784973
1.15978097916		2.90592193604
1.16240000725		2.16506290436
1.16502714157		2.84502887726
1.16765499115		2.24117851257
1.17027616501		2.76383876801
1.17290210724		2.3426656723
1.17552900314		2.65727710724
1.17815208435		2.45430183411
1.18077802658		2.53041744232
1.18340396881		2.57608699799
1.18602919579		2.40863323212
1.18865513802		2.69787216187
1.19128012657		2.30207061768
1.19391012192		2.79936027527
1.19653105736		2.20058345795
1.19915509224		2.88055038452
1.20177912712		2.14476490021
1.2044069767		2.92621898651
1.2070710659		2.12446784973
1.20965719223		2.92621898651
1.21228218079		2.13461589813
1.21490812302		2.89069843292
1.21754217148		2.19043445587
1.22015810013		2.81458282471
1.22278308868		2.27669906616
1.22540712357		2.72324466705
1.22803616524		2.38833522797
1.23065900803		2.59638500214
1.23328518867		2.51012039185
1.23590898514		2.47967433929
1.23853898048		2.63190555573
1.24115896225		2.35788917542
1.24379014969		2.74861621857
1.24641299248		2.25132751465
1.24903798103		2.8399553299
1.25166201591		2.16506290436
1.25428795815		2.90592193604
1.25692105293		2.12954235077
1.25953912735		2.93129348755
1.26216411591		2.12446784973
1.26479005814		2.91607093811
1.26741719246		2.15491390228
1.27003908157		2.86025238037
1.2726650238		2.2310295105
1.27529597282		2.77906227112
1.27791619301		2.32236862183
1.28054118156		2.67250061035
1.28316497803		2.43907928467
1.28579115868		2.54564094543
1.28841805458		2.56593894958
1.29104208946		2.42385578156
1.29366803169		2.68772315979
1.29629302025		2.32236862183
1.29891896248		2.79428577423
1.30154418945		2.21073246002
1.30417203903		2.87547588348
1.30679607391		2.14983940125
1.30942106247		2.92114448547
1.31204414368		2.11939334869
1.31467103958		2.92621898651
1.31729698181		2.13461589813
1.31992101669		2.89069843292
1.32254505157		2.19043445587
1.3251709938		2.82473182678
1.3277990818		2.26655006409
1.33042407036		2.73339271545
1.33304810524		2.37311172485
1.33567404747		2.61668205261
1.33830118179		2.4898223877
1.34092497826		2.49997138977
1.34354901314		2.61160755157
1.34617304802		2.40863323212
1.34892916679		2.67757511139
1.35155415535		2.31729412079
1.35417604446		2.78413677216
1.35681509972		2.22595500946
1.35942697525		2.87040138245
1.36205101013		2.15491390228
1.36467909813		2.91607093811
1.36730313301		2.12446784973
1.36992907524		2.92114448547
1.37255311012		2.13461589813
1.37517809868		2.89069843292
1.37780618668		2.1802854538
1.38042807579		2.82980632782
1.38305401802		2.26147556305
1.38568806648		2.74354171753
1.3883061409		2.36803817749
1.39093017578		2.62175655365
1.39355516434		2.48474884033
1.39618110657		2.52026939392
1.39880919456		2.60653305054
1.40143299103		2.38326072693
1.40405797958		2.72324466705
1.4066901207		2.27669906616
1.40930914879		2.81965732574
1.41193318367		2.18535995483
1.41455817223		2.89577293396
1.41718912125		2.13461589813
1.41981005669		2.92621898651
1.42243504524		2.11939334869
1.4250600338		2.91607093811
1.4276881218		2.14476490021
1.43031001091		2.87040138245
1.43293714523		2.21073246002
1.43556118011		2.79428577423
1.43819403648		2.30207061768
1.44080996513		2.69279766083
1.44343614578		2.41370677948
1.44606304169		2.57101249695
1.44869112968		2.53549194336
1.45131516457		2.44922733307
1.45393800735		2.66235160828
1.45657610893		2.33759117126
1.45918917656		2.77398777008
1.46181511879		2.22595500946
1.46444106102		2.86532688141
1.46710515022		2.15998840332
1.46969413757		2.91607093811
1.47231602669		2.12446784973
1.47494196892		2.93129348755
1.47757005692		2.12446784973
1.4801940918		2.90592193604
1.48281812668		2.16506290436
1.48544311523		2.8399553299
1.48807096481		2.24625301361
1.49069309235		2.7536907196
1.49332213402		2.35281467438
1.49594497681		2.6420545578
1.4985730648		2.46952533722
1.50119614601		2.51519489288
1.50382018089		2.5913105011
1.50645303726		2.39848423004
1.50907206535		2.71309566498
1.51169896126		2.2817735672
1.51432108879		2.81458282471
1.51698303223		2.20058345795
1.51957798004		2.88562393188
1.52219700813		2.13969039917
1.52482414246		2.92621898651
1.52745103836		2.12446784973
1.53007411957		2.92621898651
1.53270101547		2.14476490021
1.53532505035		2.87547588348
1.53795099258		2.20058345795
1.54057598114		2.80950832367
1.54320001602		2.28684806824
1.54582715034		2.70802116394
1.5484521389		2.39848423004
1.55107498169		2.58116149902
1.55370116234		2.52534389496
1.55640816689		2.50504589081
1.5590801239		2.5913105011
1.56170415878		2.40355873108
1.56432914734		2.7029466629
1.56699109077		2.30207061768
1.56958007812		2.80950832367
1.57220411301		2.20565795898
1.57484412193		2.88055038452
1.57745599747		2.14476490021
1.58008003235		2.92621898651
1.58270597458		2.12446784973
1.58532905579		2.91607093811
1.58795809746		2.13969039917
1.59058308601		2.88055038452
1.59320807457		2.20058345795
1.59583210945		2.80950832367
1.59845995903		2.28684806824
1.60109019279		2.71309566498
1.60371112823		2.393409729
1.60634303093		2.59638500214
1.60896015167		2.51519489288
1.61158514023		2.47459983826
1.61421108246		2.63698005676
1.61684513092		2.35788917542
1.61946105957		2.7536907196
1.6220870018		2.25132751465
1.62471199036		2.84502887726
1.62733817101		2.16506290436
1.62996196747		2.90592193604
1.63258814812		2.12954235077
1.63521313667		2.93129348755
1.6378390789		2.12446784973
1.64046406746		2.91099643707
1.64308810234		2.16506290436
1.64571499825		2.85517787933
1.64834117889		2.2310295105
1.65096497536		2.77398777008
1.65358901024		2.33251667023
1.65621519089		2.7029466629
1.65896916389		2.393409729
1.66159200668		2.59638500214
1.66421699524		2.51519489288
1.6668510437		2.47967433929
1.66946816444		2.63698005676
1.672093153		2.35281467438
1.67471814156		2.74861621857
1.6773481369		2.24625301361
1.67997097969		2.8501033783
1.68260002136		2.17521095276
1.68522119522		2.91099643707
1.68784999847		2.12446784973
1.69046998024		2.93129348755
1.6930949688		2.11939334869
1.69572114944		2.91099643707
1.69834804535		2.15998840332
1.70097112656		2.85517787933
1.70359897614		2.2310295105
1.70622110367		2.79936027527
1.70884919167		2.32236862183
1.71147298813		2.66235160828
1.71409702301		2.44922733307
1.71673297882		2.54564094543
1.71934914589		2.57101249695
1.72197318077		2.42385578156
1.724599123		2.68772315979
1.72723317146		2.30714511871
1.72985005379		2.79428577423
1.73247504234		2.20565795898
1.73510098457		2.87547588348
1.73773097992		2.14983940125
1.74035406113		2.92621898651
1.74297618866		2.11939334869
1.74560403824		2.92621898651
1.74822998047		2.13461589813
1.75085401535		2.89069843292
1.75347805023		2.19043445587
1.75610399246		2.8399553299
1.75873017311		2.26655006409
1.76135396957		2.72831821442
1.76398611069		2.37311172485
1.76661205292		2.61668205261
1.76923203468		2.49489688873
1.77185606956		2.4898223877
1.77448010445		2.62175655365
1.77711415291		2.37311172485
1.77973198891		2.73339271545
1.78235697746		2.26147556305
1.78498196602		2.82980632782
1.78762602806		2.18535995483
1.79023313522		2.900847435
1.79285907745		2.13461589813
1.79548501968		2.93129348755
1.79811406136		2.11939334869
1.8007349968		2.91099643707
1.803358078		2.14983940125
1.80598497391		2.86532688141
1.80861115456		2.21580600739
1.81123805046		2.78921127319
1.81386113167		2.31221961975
1.81649398804		2.68264961243
1.8191139698		2.41878128052
1.82173705101		2.56593894958
1.82436299324		2.55071544647
1.82702898979		2.45937633514
1.82961416245		2.66235160828
1.832239151		2.32236862183
1.83486413956		2.77398777008
1.83749198914		2.22595500946
1.84011507034		2.86025238037
1.8427400589		2.15491390228
1.84537005424		2.91607093811
1.84799313545		2.12446784973
1.85061502457		2.92621898651
1.85324215889		2.12954235077
1.85586619377		2.900847435
1.85849809647		2.1701374054
1.86111903191		2.8399553299
1.86374497414		2.25132751465
1.86637711525		2.74861621857
1.8689930439		2.35788917542
1.87162017822		2.63190555573
1.87424397469		2.47459983826
1.87687802315		2.51519489288
1.87949514389		2.60145950317
1.88212013245		2.38833522797
1.884745121		2.71817016602
1.88737297058		2.27162456512
1.88999605179		2.81965732574
1.89262318611		2.18535995483
1.89524698257		2.89577293396
1.8978741169		2.13461589813
1.90049695969		2.93129348755
1.90312314034		2.11939334869
1.90574812889		2.92114448547
1.9083750248		2.14476490021
1.91100215912		2.88055038452
1.91362404823		2.20565795898
1.91624999046		2.81965732574
1.91887617111		2.2919216156
1.92150115967		2.69787216187
1.92412614822		2.40863323212
1.92676401138		2.58116149902
1.92937803268		2.53041744232
1.93200397491		2.45937633514
1.9346280098		2.65727710724
1.93725514412		2.33759117126
1.93988108635		2.76891326904
1.94250297546		2.2310295105
1.94512915611		2.85517787933
1.94775605202		2.15998840332
1.9503800869		2.91099643707
1.95300507545		2.12446784973
1.95563006401		2.93129348755
1.95825910568		2.12446784973
1.96088004112		2.90592193604
1.96350717545		2.16506290436
1.96613097191		2.87547588348
1.96888804436		2.20565795898
1.97150707245		2.80443382263
1.97413301468		2.29699611664
1.97676610947		2.7029466629
1.97938203812		2.40355873108
1.98201012611		2.58116149902
1.9846329689		2.53041744232
1.98726010323		2.46445083618
1.98988509178		2.6420545578
1.99250912666		2.33759117126
1.99513602257		2.75876522064
1.99776506424		2.24117851257
2.00038719177		2.85517787933
2.00301098824		2.16506290436
2.00563597679		2.91099643707
2.0082681179		2.12954235077
2.01088905334		2.92621898651
2.01351213455		2.12446784973
2.01613807678		2.91099643707
2.01876401901		2.16506290436
2.02138805389		2.8501033783
2.02401399612		2.23610401154
2.02664017677		2.77398777008
2.02927517891		2.33251667023
2.03189110756		2.6522026062
2.03451418877		2.45430183411
2.0371491909		2.5405664444
2.03976607323		2.57608699799
2.04239201546		2.41370677948
2.04501605034		2.69279766083
2.04764509201		2.29699611664
2.05026817322		2.79936027527
2.05289316177		2.20565795898
2.05551695824		2.88055038452
2.058147192		2.14983940125
2.06077218056		2.92621898651
2.06339502335		2.11939334869
2.06602096558		2.92114448547
2.06864619255		2.13461589813
2.07127118111		2.88562393188
2.07389616966		2.19550895691
2.07652807236		2.82473182678
2.07914710045		2.27162456512
2.08177113533		2.71817016602
2.08439803123		2.38326072693
2.0871090889		2.6420545578
2.08978009224		2.44922733307
2.09239816666		2.53549194336
2.09502506256		2.57101249695
2.09765005112		2.41370677948
2.10027503967		2.69279766083
2.10289907455		2.2919216156
2.10552597046		2.79936027527
2.10815215111		2.20565795898
2.11077618599		2.88562393188
2.11339998245		2.14476490021
2.1160261631		2.92621898651
2.11865401268		2.11939334869
2.12127804756		2.92621898651
2.12390303612		2.13461589813
2.12653708458		2.89577293396
2.12915301323		2.19043445587
2.13177919388		2.81965732574
2.13440513611		2.27162456512
2.13706898689		2.73339271545
2.13965511322		2.38326072693
2.1422829628		2.60653305054
2.14490509033		2.50504589081
2.14753198624		2.48474884033
2.15015602112		2.62683105469
2.152780056		2.35788917542
2.15540599823		2.74354171753
2.15803408623		2.25132751465
2.16065716743		2.8399553299
2.16328310966		2.17521095276
2.1659090519		2.90592193604
2.16857600212		2.13461589813
2.17117214203		2.93129348755
2.17379117012		2.11939334869
2.17642402649		2.91607093811
2.17904114723		2.15491390228
2.18166613579		2.86532688141
2.18429112434		2.22595500946
2.1869161129		2.78413677216
2.18954110146		2.31729412079
2.19216513634		2.66742610931
2.19479012489		2.43400478363
2.19742107391		2.56086444855
2.20004701614		2.55578994751
2.20266699791		2.42893028259
2.20529198647		2.67250061035
2.20791816711		2.31221961975
2.2105410099		2.78413677216
2.21316719055		2.22088050842
2.21580696106		2.87040138245
2.21842312813		2.15491390228
2.22104406357		2.91607093811
2.22366809845		2.12446784973
2.22629404068		2.92621898651
2.22892403603		2.12954235077
2.23156404495		2.900847435
2.23417305946		2.1802854538
2.23680710793		2.83488082886
2.23941302299		2.26147556305
2.24203705788		2.73846721649
2.2446770668		2.36296367645
2.24730205536		2.63190555573
2.24992203712		2.4898223877
2.25256609917		2.51519489288
2.25517201424		2.60653305054
2.25779914856		2.38326072693
2.26042509079		2.71817016602
2.2630469799		2.27669906616
2.26567411423		2.81965732574
2.26829910278		2.19043445587
2.27092409134		2.89577293396
2.27354812622		2.13461589813
2.27617502213		2.92621898651
2.27880001068		2.11939334869
2.281427145		2.91607093811
2.28404998779		2.14476490021
2.28668498993		2.87547588348
2.28930211067		2.21073246002
2.29192709923		2.80443382263
2.29455304146		2.29699611664
2.29718899727		2.69787216187
2.2998290062		2.38833522797
2.3025560379		2.63190555573
2.30517816544		2.48474884033
2.30780601501		2.52534389496
2.31042909622		2.60653305054
2.31305503845		2.38326072693
2.31567907333		2.71817016602
2.31830906868		2.27669906616
2.32093095779		2.81965732574
2.32355713844		2.19043445587
2.32618117332		2.88562393188
2.3288090229		2.13461589813
2.33143115044		2.92621898651
2.33406209946		2.11939334869
2.3366920948		2.92114448547
2.33930706978		2.14476490021
2.34193301201		2.87547588348
2.34455919266		2.20565795898
2.3471930027		2.80443382263
2.34980797768		2.29699611664
2.35243701935		2.69279766083
2.35506010056		2.41370677948
2.3576900959		2.58116149902
2.36031103134		2.53549194336
2.36293911934		2.45430183411
2.36556100845		2.6522026062
2.36818909645		2.33251667023
2.37081408501		2.76891326904
2.37343811989		2.2310295105
2.37606310844		2.86025238037
2.37869310379		2.15998840332
2.38131308556		2.91607093811
2.38393998146		2.11939334869
2.38657307625		2.93129348755
2.38919115067		2.12446784973
2.39183115959		2.90592193604
2.39444112778		2.17521095276
2.3970990181		2.85517787933
2.39969301224		2.24625301361
2.40231704712		2.7536907196
2.40494298935		2.3426656723
2.40758800507		2.6522026062
2.41019296646		2.46952533722
2.41282010078		2.52534389496
2.41544914246		2.58623600006
2.41807103157		2.39848423004
2.42071008682		2.69787216187
2.42331910133		2.2919216156
2.42594504356		2.80443382263
2.42858600616		2.20565795898
2.43119502068		2.88562393188
2.43382000923		2.14476490021
2.43645596504		2.92114448547
2.43906903267		2.11939334869
2.44169807434		2.91607093811
2.44432115555		2.13969039917
2.44699215889		2.89069843292
2.44957518578		2.20058345795
2.45219802856		2.80950832367
2.45482301712		2.27669906616
2.45745301247		2.71309566498
2.46007299423		2.393409729
2.46269917488		2.59638500214
2.46532607079		2.51012039185
2.46795296669		2.47967433929
2.4705760479		2.63190555573
2.47320199013		2.35281467438
2.47582507133		2.73846721649
2.47845506668		2.25132751465
2.48107814789		2.84502887726
2.48370409012		2.17521095276
2.48636198044		2.900847435
2.48895406723		2.12446784973
2.49157810211		2.92621898651
2.49420619011		2.11939334869
2.4968380928		2.91099643707
2.49945616722		2.15998840332
2.50207901001		2.86025238037
2.50470519066		2.2310295105
2.50733208656		2.77906227112
2.50995612144		2.32236862183
2.51258111		2.66742610931
2.51520609856		2.44415378571
2.51783418655		2.54564094543
2.52045798302		2.56593894958
2.5230820179		2.42385578156
2.52570796013		2.68772315979
2.52833509445		2.30207061768
2.53095817566		2.79428577423
2.53358411789		2.21073246002
2.53621006012		2.87040138245
2.53883504868		2.14476490021
2.54146099091		2.92114448547
2.54409003258		2.11939334869
2.5467209816		2.92621898651
2.54933714867		2.12954235077
2.55196619034		2.89577293396
2.55458807945		2.19043445587
2.55722212791		2.82980632782
2.55983996391		2.26655006409
2.56246304512		2.72831821442
2.56508898735		2.37311172485
2.56772112846		2.61668205261
2.57034015656		2.49997138977
2.57296514511		2.4898223877
2.57559013367		2.61668205261
2.57822608948		2.36803817749
2.58084416389		2.73339271545
2.58346700668		2.25640106201
2.58609104156		2.83488082886
2.58873796463		2.18535995483
2.59134411812		2.900847435
2.59396910667		2.12954235077
2.59660816193		2.92621898651
2.59921813011		2.11939334869
2.60184311867		2.91607093811
2.60448813438		2.14983940125
2.60713195801		2.88055038452
2.60972499847		2.21580600739
2.61234617233		2.78413677216
2.61497211456		2.30207061768
2.61759805679		2.67757511139
2.62022018433		2.42893028259
2.62284612656		2.56086444855
2.62547206879		2.55071544647
2.62810015678		2.43907928467
2.63072419167		2.66235160828
2.63334798813		2.31729412079
2.63597416878		2.77398777008
2.63859915733		2.22088050842
2.64122319221		2.86532688141
2.64384913445		2.15998840332
2.64648199081		2.91607093811
2.64910006523		2.12446784973
2.65172600746		2.92621898651
2.65435099602		2.12954235077
2.65706896782		2.91099643707
2.6597340107		2.14476490021
2.66235208511		2.86532688141
2.66497707367		2.21580600739
2.66760611534		2.78921127319
2.67022895813		2.30714511871
2.6728541851		2.68772315979
2.67547917366		2.42893028259
2.67810797691		2.57101249695
2.68072915077		2.54564094543
2.68335700035		2.44415378571
2.68598008156		2.65727710724
2.68860507011		2.32236862183
2.69123005867		2.77398777008
2.6938560009		2.22595500946
2.69648909569		2.86025238037
2.6991071701		2.15998840332
2.70173096657		2.91607093811
2.70435714722		2.12446784973
2.70702314377		2.93129348755
2.709608078		2.12954235077
2.71223211288		2.900847435
2.71485805511		2.17521095276
2.71748518944		2.83488082886
2.72011017799		2.24625301361
2.72273397446		2.74861621857
2.72536110878		2.35281467438
2.72799110413		2.63698005676
2.73061299324		2.47459983826
2.73323607445		2.51519489288
2.73586201668		2.5913105011
2.73848700523		2.393409729
2.74111819267		2.71309566498
2.74373912811		2.2817735672
2.74636316299		2.81458282471
2.74898910522		2.19043445587
2.75161218643		2.89069843292
2.75423908234		2.13461589813
2.75687718391		2.92621898651
2.75949001312		2.11939334869
2.76211500168		2.92114448547
2.76475715637		2.14476490021
2.76736497879		2.88562393188
2.76998996735		2.20058345795
2.77262997627		2.80950832367
2.77524113655		2.28684806824
2.77787017822		2.7029466629
2.78049015999		2.40863323212
2.78311705589		2.58116149902
2.78574299812		2.52534389496
2.78837108612		2.45937633514
2.79099297523		2.6420545578
2.79361915588		2.33759117126
2.79624414444		2.74861621857
2.79887413979		2.24117851257
2.80149412155		2.85517787933
2.80412101746		2.15998840332
2.80675506592		2.91099643707
2.80937218666		2.11939334869
2.81199502945		2.93129348755
2.81462097168		2.12446784973
2.81725716591		2.91099643707
2.81987309456		2.15998840332
2.82250404358		2.8501033783
2.82512402534		2.24117851257
2.82774996758		2.76383876801
2.83037400246		2.33759117126
2.83299899101		2.6522026062
2.83562517166		2.45937633514
2.83825206757		2.53041744232
2.84087705612		2.58116149902
2.84350299835		2.40863323212
2.84612607956		2.66235160828
2.84887909889		2.3426656723
2.8515021801		2.76383876801
2.85412716866		2.24625301361
2.85676217079		2.8501033783
2.85937809944		2.1701374054
2.86200499535		2.90592193604
2.86462807655		2.12446784973
2.86725497246		2.92621898651
2.86987805367		2.12446784973
2.87250614166		2.91099643707
2.87512898445		2.16506290436
2.87775707245		2.8501033783
2.88038015366		2.23610401154
2.88300609589		2.76383876801
2.88563013077		2.33759117126
2.88825702667		2.65727710724
2.89088201523		2.45430183411
2.89350700378		2.53549194336
2.89613199234		2.55578994751
2.89875817299		2.40863323212
2.90138411522		2.69787216187
2.90401816368		2.30714511871
2.90664196014		2.79936027527
2.90926003456		2.20565795898
2.91188311577		2.87547588348
2.914509058		2.14476490021
2.91714310646		2.92114448547
2.91976499557		2.11939334869
2.92238616943		2.92621898651
2.92501306534		2.13969039917
2.92763996124		2.89069843292
2.93026518822		2.19043445587
2.93288803101		2.81965732574
2.93551301956		2.27669906616
2.93813896179		2.72324466705
2.94078111649		2.37818622589
2.94338917732		2.61160755157
2.94602799416		2.49997138977
2.94865298271		2.4898223877
2.95126318932		2.62683105469
2.95388913155		2.35788917542
2.95652198792		2.73846721649
2.95914411545		2.25640106201
2.96176505089		2.84502887726
2.96439003944		2.17521095276
2.96711397171		2.87547588348
2.96976900101		2.14476490021
2.97239112854		2.92621898651
2.97501897812		2.11939334869
2.97764611244		2.92621898651
2.98026800156		2.13461589813
2.98289299011		2.89577293396
2.98552703857		2.1802854538
2.98814797401		2.81965732574
2.9907720089		2.27162456512
2.99339604378		2.72324466705
2.99602007866		2.37311172485
2.99864816666		2.61160755157
3.00127196312		2.49997138977
3.003895998		2.49489688873
3.00653004646		2.62175655365
3.00914716721		2.36296367645
3.01177310944		2.73846721649
3.01439809799		2.25640106201
3.01706409454		2.82473182678
3.01964998245		2.17521095276
3.02227497101		2.90592193604
3.02489995956		2.12954235077
3.02752900124		2.93129348755
3.030148983		2.12446784973
3.03277611732		2.91607093811
3.03539896011		2.15491390228
3.03802919388		2.86532688141
3.04065108299		2.22595500946
3.04327702522		2.77906227112
3.04590010643		2.31729412079
3.04853105545		2.67757511139
3.05115509033		2.43400478363
3.05377912521		2.55578994751
3.05641007423		2.55578994751
3.059030056		2.42893028259
3.06165504456		2.67250061035
3.06428003311		2.31221961975
3.06691598892		2.77906227112
3.06952905655		2.22088050842
3.07219600677		2.86025238037
3.07478308678		2.15491390228
3.07740998268		2.92114448547
3.08003807068		2.12446784973
3.08265900612		2.93129348755
3.085283041		2.13461589813
3.08791017532		2.89577293396
3.09053397179		2.1802854538
3.09315896034		2.83488082886
3.09579014778		2.25132751465
3.09841108322		2.74354171753
3.10103702545		2.36803817749
3.10366010666		2.62683105469
3.10628914833		2.46445083618
3.10891509056		2.51012039185
3.11153817177		2.60145950317
3.11416101456		2.38326072693
3.11681008339		2.71309566498
3.11941218376		2.27162456512
3.12203717232		2.82473182678
3.12467718124		2.19043445587
3.12729001045		2.89069843292
3.12991309166		2.13461589813
3.13253808022		2.92621898651
3.13516807556		2.12446784973
3.13779401779		2.91607093811
3.14041519165		2.15491390228
3.14304113388		2.87547588348
3.14566516876		2.20565795898
3.14829897881		2.79936027527
3.15091705322		2.29699611664
3.15354299545		2.69787216187
3.15616798401		2.37311172485
3.15892314911		2.64712810516
3.16154408455		2.47459983826
3.16417098045		2.51012039185
3.16679811478		2.59638500214
3.16942000389		2.393409729
3.17204499245		2.71309566498
3.1746711731		2.2817735672
3.17729711533		2.81965732574
3.17992305756		2.19550895691
3.18254613876		2.89069843292
3.18517208099		2.13461589813
3.18779802322		2.92621898651
3.19042205811		2.12446784973
3.19304704666		2.92114448547
3.19567298889		2.14476490021
3.19830298424		2.88055038452
3.2009241581		2.20565795898
3.20354819298		2.79936027527
3.20617508888		2.28684806824
3.20880103111		2.69787216187
3.21142411232		2.41370677948
3.21405100822		2.58116149902
3.21668410301		2.52534389496
3.21930098534		2.45430183411
3.22192811966		2.6522026062
3.22455310822		2.33759117126
3.22718715668		2.76383876801
3.22980999947		2.2310295105
3.23242998123		2.85517787933
3.23505496979		2.15491390228
3.23767709732		2.91607093811
3.24029707909		2.11939334869
3.24292206764		2.93636798859
3.24554610252		2.12954235077
3.24818515778		2.90592193604
3.25080609322		2.15998840332
3.25343108177		2.84502887726
3.25605916977		2.24625301361
3.25868105888		2.75876522064
3.26130819321		2.34774017334
3.263931036		2.6420545578
3.26656508446		2.45937633514
3.26918315887		2.52026939392
3.27181100845		2.58623600006
3.27443313599		2.39848423004
3.27709817886		2.68772315979
3.27968502045		2.2919216156
3.282310009		2.80443382263
3.28493905067		2.20058345795
3.28756117821		2.88055038452
3.29018616676		2.13969039917
3.29282712936		2.92621898651
3.29543709755		2.11939334869
3.29806303978		2.92114448547
3.30070400238		2.14476490021
3.30331206322		2.88055038452
3.30593800545		2.19550895691
3.3085641861		2.80950832367
3.31119298935		2.2817735672
3.31381297112		2.70802116394
3.3164460659		2.393409729
3.31906414032		2.60653305054
3.32168912888		2.51519489288
3.32431411743		2.47459983826
3.32694005966		2.63190555573
3.32956719398		2.36296367645
3.33220696449		2.74354171753
3.33481907845		2.26147556305
3.33744716644		2.8399553299
3.34007000923		2.17521095276
3.34269213676		2.900847435
3.34531617165		2.12954235077
3.3479449749		2.92621898651
3.35056710243		2.12446784973
3.35319304466		2.90592193604
3.35583615303		2.15491390228
3.35844707489		2.85517787933
3.3610701561		2.22595500946
3.36369514465		2.77398777008
3.36640405655		2.2919216156
3.36907505989		2.72324466705
3.37169599533		2.38833522797
3.37432217598		2.60653305054
3.37694716454		2.49997138977
3.37957215309		2.47967433929
3.382199049		2.62683105469
3.38482403755		2.36296367645
3.38744997978		2.74354171753
3.39007401466		2.25132751465
3.39270401001		2.83488082886
3.39532613754		2.1701374054
3.39795303345		2.90592193604
3.40057516098		2.12446784973
3.40320110321		2.93129348755
3.40582609177		2.11939334869
3.40845417976		2.91607093811
3.41107702255		2.15491390228
3.41370415688		2.86025238037
3.41636300087		2.21580600739
3.41895413399		2.77398777008
3.42157816887		2.32236862183
3.4242041111		2.67250061035
3.42683815956		2.43400478363
3.42945599556		2.55071544647
3.43208312988		2.56086444855
3.43470406532		2.42385578156
3.43733215332		2.68264961243
3.43995499611		2.30714511871
3.44257998466		2.79428577423
3.44520497322		2.21073246002
3.44783616066		2.87040138245
3.45045804977		2.14476490021
3.45308208466		2.92114448547
3.45570707321		2.11939334869
3.45833706856		2.93129348755
3.46096110344		2.12954235077
3.46358418465		2.89577293396
3.46620798111		2.15998840332
3.46896409988		2.86025238037
3.471585989		2.22595500946
3.47421503067		2.78413677216
3.47686004639		2.31221961975
3.47946000099		2.67250061035
3.48208618164		2.43400478363
3.4847240448		2.55071544647
3.48733997345		2.55578994751
3.48996114731		2.42893028259
3.49258708954		2.68264961243
3.49521112442		2.31729412079
3.49784111977		2.78921127319
3.50046300888		2.21073246002
3.50308799744		2.87040138245
3.50571203232		2.14983940125
3.50834107399		2.92114448547
3.5109641552		2.12446784973
3.5135910511		2.93129348755
3.51621508598		2.12954235077
3.51884198189		2.89069843292
3.52146601677		2.1802854538
3.524091959		2.82980632782
3.52672505379		2.26147556305
3.52934217453		2.73846721649
3.53196501732		2.35788917542
3.53459405899		2.62175655365
3.53722596169		2.48474884033
3.53984212875		2.51012039185
3.54246807098		2.60653305054
3.54509806633		2.38326072693
3.54772210121		2.72324466705
3.55034613609		2.26655006409
3.55297112465		2.81965732574
3.55560207367		2.19043445587
3.55822205544		2.89577293396
3.56084609032		2.13969039917
3.56347107887		2.92621898651
3.5660970211		2.12446784973
3.56885099411		2.92621898651
3.57147312164		2.13461589813
3.57410001755		2.89577293396
3.57673096657		2.17521095276
3.57934999466		2.83488082886
3.58197617531		2.25640106201
3.58459997177		2.73846721649
3.58723211288		2.35788917542
3.5898501873		2.62683105469
3.59247708321		2.47967433929
3.59510207176		2.50504589081
3.59772896767		2.60145950317
3.60035204887		2.38326072693
3.60297703743		2.72324466705
3.60560297966		2.27669906616
3.60823106766		2.81965732574
3.61085414886		2.19043445587
3.61347913742		2.89069843292
3.61610507965		2.14476490021
3.61873006821		2.93129348755
3.62135505676		2.11939334869
3.62399816513		2.92621898651
3.62661218643		2.14476490021
3.6292309761		2.87040138245
3.63185596466		2.20565795898
3.63448214531		2.79936027527
3.63712000847		2.2919216156
3.63975000381		2.7029466629
3.6423561573		2.40863323212
3.64498615265		2.57608699799
3.64761018753		2.53549194336
3.65023517609		2.45430183411
3.65287399292		2.6522026062
3.65548396111		2.33251667023
3.65811610222		2.76891326904
3.66074800491		2.2310295105
3.66336297989		2.86025238037
3.6659860611		2.15491390228
3.66861104965		2.91607093811
3.67123603821		2.12446784973
3.67386102676		2.93129348755
3.67649412155		2.11939334869
3.67911314964		2.900847435
3.68173909187		2.16506290436
3.68436217308		2.84502887726
3.68703007698		2.22595500946
3.6897380352		2.79936027527
3.69236302376		2.30207061768
3.69499015808		2.69279766083
3.69761610031		2.40863323212
3.70023798943		2.57608699799
3.70286512375		2.52534389496
3.7054901123		2.45430183411
3.70811605453		2.6522026062
3.71074104309		2.32744312286
3.71336698532		2.76891326904
3.71599316597		2.24117851257
3.71862411499		2.85517787933
3.72124409676		2.16506290436
3.72386908531		2.91099643707
3.72650098801		2.12446784973
3.72911906242		2.92621898651
3.73174309731		2.12446784973
3.73436999321		2.900847435
3.73703408241		2.15998840332
3.73962116241		2.84502887726
3.74224615097		2.24625301361
3.7448720932		2.75876522064
3.74749708176		2.3426656723
3.75012302399		2.64712810516
3.75274705887		2.45937633514
3.75537109375		2.52534389496
3.75799918175		2.58623600006
3.76062297821		2.40355873108
3.76324701309		2.68772315979
3.7658829689		2.2919216156
3.76850008965		2.79936027527
3.77112412453		2.19550895691
3.77374911308		2.88562393188
3.77638196945		2.14476490021
3.77900004387		2.92621898651
3.7816259861		2.11939334869
3.78425216675		2.92114448547
3.78688406944		2.13461589813
3.78950119019		2.88055038452
3.79212808609		2.19550895691
3.79475212097		2.80950832367
3.79738116264		2.27669906616
3.80002713203		2.72324466705
3.80262899399		2.393409729
3.80525398254		2.59638500214
3.80788207054		2.51519489288
3.8105070591		2.47967433929
3.81313204765		2.63698005676
3.81577110291		2.36296367645
3.81838202477		2.74354171753
3.82100915909		2.24625301361
3.8236310482		2.8399553299
3.82625603676		2.1802854538
3.82889699936		2.90592193604
3.83150601387		2.12954235077
3.83413219452		2.93129348755
3.83678007126		2.11939334869
3.83938312531		2.91099643707
3.84200716019		2.15998840332
3.84463405609		2.85517787933
3.84725904465		2.22088050842
3.8498840332		2.77906227112
3.85250902176		2.32236862183
3.85513496399		2.66235160828
3.85776209831		2.44415378571
3.86038613319		2.54564094543
3.86301207542		2.55578994751
3.86564207077		2.42385578156
3.86826300621		2.68772315979
3.87088799477		2.30207061768
3.87351107597		2.79428577423
3.87613797188		2.24117851257
3.87889313698		2.8399553299
3.88152098656		2.17521095276
3.88413906097		2.90592193604
3.88677310944		2.12446784973
3.88939118385		2.93129348755
3.89201402664		2.11939334869
3.89464211464		2.91099643707
3.89726901054		2.15491390228
3.89989304543		2.86532688141
3.90251612663		2.2310295105
3.90514302254		2.77398777008
3.90776896477		2.32236862183
3.91039419174		2.66742610931
3.9130191803		2.43907928467
3.91564416885		2.54564094543
3.91827106476		2.56593894958
3.92089319229		2.42385578156
3.92352199554		2.68264961243
3.92614507675		2.32236862183
3.92877197266		2.78921127319
3.93139600754		2.21073246002
3.93402314186		2.87547588348
3.93665313721		2.14983940125
3.93927311897		2.92114448547
3.94189810753		2.11939334869
3.94452404976		2.92621898651
3.9471590519		2.12954235077
3.94977116585		2.89069843292
3.95239901543		2.18535995483
3.95502400398		2.82980632782
3.95765113831		2.26655006409
3.96027302742		2.72831821442
3.96290516853		2.36803817749
3.96552610397		2.61668205261
3.96815109253		2.49489688873
3.97077512741		2.49489688873
3.97340202332		2.61668205261
3.97604298592		2.37818622589
3.97865104675		2.72324466705
3.98127818108		2.26655006409
3.98390316963		2.82980632782
3.986536026		2.18535995483
3.98915410042		2.89577293396
3.99179506302		2.13461589813
3.99440407753		2.92621898651
3.99710917473		2.11939334869
3.99978113174		2.92621898651
4.00240397453		2.13461589813
4.0050330162		2.89577293396
4.00765514374		2.18535995483
4.01028108597		2.82980632782
4.01292109489		2.25640106201
4.01553201675		2.73339271545
4.01815795898		2.36296367645
4.02079510689		2.62683105469
4.02340698242		2.4898223877
4.02603411674		2.50504589081
4.02866315842		2.60145950317
4.03128504753		2.37818622589
4.03390908241		2.71817016602
4.0365421772		2.27162456512
4.0391600132		2.81965732574
4.04178619385		2.18535995483
4.04441714287		2.900847435
4.04712319374		2.14983940125
4.0497879982		2.92114448547
4.05241107941		2.11939334869
4.05503702164		2.92621898651
4.05766510963		2.13461589813
4.06028699875		2.900847435
4.0629131794		2.1802854538
4.0655400753		2.83488082886
4.06816411018		2.25132751465
4.07078909874		2.73846721649
4.07341504097		2.36803817749
4.0760409832		2.63698005676
4.07866811752		2.48474884033
4.08129000664		2.50504589081
4.08391404152		2.59638500214
4.08654904366		2.38326072693
4.08916711807		2.72831821442
4.09179115295		2.26655006409
4.09441614151		2.82980632782
4.09707903862		2.19550895691
4.09967112541		2.89577293396
4.10229301453		2.12954235077
4.10492014885		2.93129348755
4.10754513741		2.11939334869
4.11017107964		2.92114448547
4.11279416084		2.14983940125
4.11542105675		2.87040138245
4.11804699898		2.21073246002
4.12067198753		2.79428577423
4.12329602242		2.30207061768
4.12592816353		2.69279766083
4.12854814529		2.41370677948
4.13117218018		2.57101249695
4.13379812241		2.5405664444
4.13642907143		2.44922733307
4.13904809952		2.65727710724
4.14167404175		2.32744312286
4.1442990303		2.77398777008
4.14692902565		2.2310295105
4.14954805374		2.86025238037
4.15217900276		2.15998840332
4.15480017662		2.91607093811
4.1574280262		2.12446784973
4.16005110741		2.92621898651
4.16267609596		2.12954235077
4.16530108452		2.900847435
4.16793107986		2.1701374054
4.17055296898		2.8399553299
4.17317795753		2.24625301361
4.17580509186		2.74861621857
4.17843008041		2.34774017334
4.18105316162		2.6420545578
4.18367910385		2.46952533722
4.18630504608		2.56086444855
4.18905806541		2.53041744232
4.19168114662		2.45430183411
4.1943051815		2.64712810516
4.19694709778		2.3426656723
4.19955897331		2.76891326904
4.20218205452		2.23610401154
4.2048201561		2.8501033783
4.20743918419		2.16506290436
4.21005702019		2.91099643707
4.21268296242		2.12446784973
4.21530818939		2.92621898651
4.2179350853		2.12446784973
4.2205581665		2.900847435
4.22318315506		2.1701374054
4.22580909729		2.84502887726
4.22843718529		2.23610401154
4.23105812073		2.76383876801
4.23368597031		2.3426656723
4.23631000519		2.66235160828
4.23892807961		2.46445083618
4.24155211449		2.52026939392
4.24417805672		2.57608699799
4.24680805206		2.40355873108
4.24943900108		2.7029466629
4.25206112862		2.30714511871
4.25471806526		2.79936027527
4.25731706619		2.20058345795
4.25993919373		2.88055038452
4.26256418228		2.13461589813
4.26518917084		2.92621898651
4.26781702042		2.11939334869
4.2704410553		2.92621898651
4.27306413651		2.13969039917
4.27569198608		2.88562393188
4.27832198143		2.19043445587
4.2809419632		2.80950832367
4.28356599808		2.2817735672
4.28619217873		2.72831821442
4.28882408142		2.393409729
4.29144310951		2.59638500214
4.29407000542		2.51519489288
4.29670405388		2.47459983826
4.29932117462		2.63190555573
4.30194401741		2.34774017334
4.30457305908		2.7536907196
4.30720496178		2.25132751465
4.30982017517		2.84502887726
4.31244516373		2.16506290436
4.31507301331		2.90592193604
4.31770014763		2.12954235077
4.32044911385		2.92621898651
4.32307314873		2.11939334869
4.32579398155		2.93129348755
4.32845211029		2.12446784973
4.33107304573		2.90592193604
4.33370018005		2.16506290436
4.33647012711		2.88562393188
4.33907699585		2.20058345795
4.34170007706		2.80950832367
4.34432601929		2.2919216156
4.3470261097		2.74354171753
4.34970402718		2.3426656723
4.3523311615		2.63698005676
4.35495209694		2.46952533722
4.35758018494		2.52026939392
4.36020612717		2.5913105011
4.36282801628		2.39848423004
4.36545395851		2.71309566498
4.36808109283		2.2817735672
4.37071108818		2.80950832367
4.3733291626		2.19550895691
4.37595796585		2.89069843292
4.37858009338		2.14476490021
4.38120412827		2.92621898651
4.38382911682		2.11939334869
4.38646411896		2.91607093811
4.38908314705		2.13969039917
4.3917081356		2.88055038452
4.39433312416		2.20058345795
4.39700317383		2.82980632782
4.39970898628		2.24625301361
4.40233206749		2.7536907196
4.40497303009		2.33759117126
4.40758514404		2.64712810516
4.41020917892		2.46445083618
4.41285204887		2.53041744232
4.41545915604		2.58623600006
4.41808795929		2.40355873108
4.42070913315		2.7029466629
4.4233341217		2.29699611664
4.42596101761		2.80443382263
4.42858815193		2.20058345795
4.43121004105		2.88562393188
4.43383598328		2.14476490021
4.43647098541		2.92114448547
4.43908715248		2.12446784973
4.44171309471		2.92114448547
4.44433808327		2.13969039917
4.44704818726		2.89577293396
4.44971609116		2.1701374054
4.45234513283		2.8501033783
4.45496511459		2.2310295105
4.45759296417		2.75876522064
4.46021509171		2.33251667023
4.46284198761		2.6522026062
4.46546816826		2.45430183411
4.46809506416		2.55071544647
4.4707171917		2.57608699799
4.47334218025		2.40863323212
4.47596812248		2.68772315979
4.47859406471		2.29699611664
4.48121714592		2.80443382263
4.4838449955		2.20565795898
4.48647809029		2.88055038452
4.48909497261		2.13969039917
4.49172115326		2.92621898651
4.49434614182		2.11939334869
4.49700212479		2.92621898651
4.49959802628		2.13461589813
4.50222206116		2.88562393188
4.50484704971		2.19043445587
4.50747299194		2.81458282471
4.5100979805		2.27669906616
4.51272296906		2.71817016602
4.51534795761		2.38833522797
4.51797413826		2.60145950317
4.52059817314		2.51012039185
4.52322411537		2.47459983826
4.52584910393		2.63190555573
4.52847599983		2.35281467438
4.53110098839		2.74861621857
4.53373098373		2.25132751465
4.53636002541		2.84502887726
4.53897404671		2.1701374054
4.54160308838		2.90592193604
4.54422903061		2.12446784973
4.54685902596		2.93636798859
4.5494761467		2.11939334869
4.55211997032		2.91099643707
4.55472803116		2.15998840332
4.55735611916		2.86025238037
4.55998110771		2.22595500946
4.56260204315		2.76891326904
4.56523108482		2.32744312286
4.5678730011		2.67250061035
4.57048010826		2.44415378571
4.57310700417		2.54564094543
4.57573199272		2.56086444855
4.57836008072		2.42385578156
4.5809969902		2.67757511139
4.58360695839		2.30207061768
4.58623218536		2.75876522064
4.58900308609		2.26147556305
4.59160804749		2.8399553299
4.59423208237		2.1701374054
4.59687304497		2.900847435
4.59948515892		2.12954235077
4.6021091938		2.93129348755
4.60473418236		2.12446784973
4.60736107826		2.91099643707
4.60998606682		2.15998840332
4.61260914803		2.86025238037
4.61524295807		2.22088050842
4.61786317825		2.77398777008
4.62048697472		2.31729412079
4.62311196327		2.67250061035
4.6257390976		2.43907928467
4.62836503983		2.55071544647
4.63098812103		2.55071544647
4.63361310959		2.42385578156
4.63624000549		2.6522026062
4.63886404037		2.30714511871
4.6414899826		2.78921127319
4.64411711693		2.2310295105
4.64674806595		2.86532688141
4.64936709404		2.15491390228
4.6519920826		2.91607093811
4.65461611748		2.12446784973
4.65725016594		2.92621898651
4.65986609459		2.13461589813
4.66249203682		2.89577293396
4.66511702538		2.18535995483
4.66774511337		2.82473182678
4.67036914825		2.26147556305
4.67304515839		2.76383876801
4.67574501038		2.31729412079
4.67837119102		2.67757511139
4.68099617958		2.43400478363
4.68362116814		2.55578994751
4.68624615669		2.51012039185
4.68899798393		2.4898223877
4.69162201881		2.62175655365
4.6942460537		2.36803817749
4.69688796997		2.72324466705
4.69949603081		2.26147556305
4.70212602615		2.83488082886
4.70474600792		2.1802854538
4.70737600327		2.900847435
4.7099981308		2.12954235077
4.7126250267		2.93129348755
4.71524810791		2.11939334869
4.71787714958		2.92114448547
4.7204990387		2.15491390228
4.72312402725		2.86532688141
4.72574996948		2.21580600739
4.72837996483		2.78413677216
4.73100399971		2.31729412079
4.73362803459		2.68264961243
4.73625206947		2.40863323212
4.73887896538		2.56086444855
4.74150514603		2.54564094543
4.74414515495		2.44415378571
4.74675607681		2.67250061035
4.74938011169		2.31729412079
4.75200414658		2.78921127319
4.75462913513		2.21580600739
4.75725698471		2.86532688141
4.75989699364		2.15491390228
4.76250600815		2.91607093811
4.76513314247		2.11939334869
4.76775717735		2.93129348755
4.77038216591		2.12954235077
4.77302098274		2.900847435
4.77563214302		2.17521095276
4.77826499939		2.82980632782
4.7808971405		2.24625301361
4.78350710869		2.73846721649
4.78613400459		2.34774017334
4.78875803947		2.62683105469
4.79138612747		2.47459983826
4.79400897026		2.49997138977
4.79663705826		2.60145950317
4.79926109314		2.37818622589
4.80188512802		2.71309566498
4.80452513695		2.2817735672
4.80714702606		2.81458282471
4.80976104736		2.18535995483
4.81238698959		2.89069843292
4.81501197815		2.12954235077
4.81763911247		2.93129348755
4.82026219368		2.12446784973
4.82288908958		2.92114448547
4.82551312447		2.14983940125
4.82814097404		2.88055038452
4.83076310158		2.21073246002
4.83338999748		2.79936027527
4.83601403236		2.2919216156
4.83864116669		2.69279766083
4.84126615524		2.41370677948
4.84389209747		2.57101249695
4.84652304649		2.53041744232
4.84914398193		2.44922733307
4.85176610947		2.65727710724
4.85439395905		2.33759117126
4.85710406303		2.73339271545
4.85977506638		2.28684806824
4.86239314079		2.81965732574
4.86502099037		2.19043445587
4.86764502525		2.88562393188
4.87027001381		2.13969039917
4.87289500237		2.92621898651
4.87551999092		2.12446784973
4.87815213203		2.92114448547
4.88077306747		2.14476490021
4.88339614868		2.87547588348
4.88602209091		2.20565795898
4.88864803314		2.79936027527
4.89127206802		2.2919216156
4.89389896393		2.69787216187
4.89653015137		2.40355873108
4.89914917946		2.58116149902
4.90177512169		2.52534389496
4.90439796448		2.45937633514
4.90706396103		2.63190555573
4.90965008736		2.33759117126
4.91227507591		2.76383876801
4.91490101814		2.24117851257
4.91752910614		2.8501033783
4.92016816139		2.15998840332
4.92277598381		2.91099643707
4.92540311813		2.12446784973
4.92802906036		2.93129348755
4.93065404892		2.12446784973
4.93327713013		2.90592193604
4.93592309952		2.15998840332
4.93852996826		2.8501033783
4.94116210938		2.23610401154
4.94377803802		2.76383876801
4.94641304016		2.3426656723
4.94904613495		2.65727710724
4.95165419579		2.45937633514
4.95428109169		2.52534389496
4.95692110062		2.57608699799
4.95953202248		2.40355873108
4.96215701103		2.7029466629
4.96478104591		2.2919216156
4.96740913391		2.80443382263
4.97003316879		2.19550895691
4.97265815735		2.88562393188
4.9752831459		2.13969039917
4.97791314125		2.92621898651
4.98053407669		2.11939334869
4.98315811157		2.93129348755
4.9857840538		2.13461589813
4.9884121418		2.88562393188
4.9910390377		2.19043445587
4.99365997314		2.81458282471
4.99628615379		2.24625301361
4.9990401268		2.77398777008
