0.000125169754028		2.32236862183
0.00259613990784		2.81965732574
0.00509810447693		2.2310295105
0.00772213935852		2.82473182678
0.0102159976959		2.2310295105
0.0127170085907		2.81458282471
0.0152151584625		2.22595500946
0.0177180767059		2.81965732574
0.0202150344849		2.2310295105
0.0227179527283		2.81458282471
0.0252180099487		2.2310295105
0.0277190208435		2.81965732574
0.0302181243896		2.23610401154
0.0327200889587		2.81458282471
0.035218000412		2.22595500946
0.037721157074		2.81458282471
0.0402181148529		2.23610401154
0.042720079422		2.80950832367
0.0452179908752		2.23610401154
0.0477199554443		2.80443382263
0.0502581596375		2.23610401154
0.0527210235596		2.79936027527
0.0552279949188		2.23610401154
0.0578520298004		2.80950832367
0.0603461265564		2.24117851257
0.0628459453583		2.80950832367
0.0653741359711		2.23610401154
0.0678470134735		2.80443382263
0.0703461170197		2.24117851257
0.0728499889374		2.80443382263
0.0753631591797		2.23610401154
0.0778510570526		2.80443382263
0.0803489685059		2.24625301361
0.0828490257263		2.79936027527
0.08536195755		2.25132751465
0.0878510475159		2.79428577423
0.0903511047363		2.25132751465
0.0928499698639		2.78921127319
0.0953619480133		2.25640106201
0.0978510379791		2.78413677216
0.1003510952		2.26655006409
0.10285115242		2.77906227112
0.105363130569		2.26655006409
0.107851982117		2.77906227112
0.110352039337		2.27162456512
0.112853050232		2.77398777008
0.115362167358		2.27162456512
0.11785697937		2.76891326904
0.120352983475		2.27669906616
0.122854948044		2.76383876801
0.125368118286		2.2817735672
0.127870082855		2.76383876801
0.130364179611		2.29699611664
0.132863044739		2.74861621857
0.135375022888		2.30207061768
0.13786315918		2.74354171753
0.140362977982		2.30714511871
0.142863988876		2.73339271545
0.145373106003		2.31221961975
0.147865056992		2.73339271545
0.150364160538		2.31729412079
0.152865171432		2.72831821442
0.155373096466		2.32236862183
0.157865047455		2.71817016602
0.160364151001		2.33251667023
0.162867069244		2.71309566498
0.165375947952		2.33251667023
0.167866945267		2.71309566498
0.170365095139		2.34774017334
0.172867059708		2.69787216187
0.175377130508		2.35281467438
0.177869081497		2.68772315979
0.18036699295		2.35788917542
0.182872056961		2.67757511139
0.185378074646		2.36803817749
0.18786907196		2.67250061035
0.190370082855		2.38326072693
0.192870140076		2.66235160828
0.195369005203		2.38833522797
0.197870969772		2.65727710724
0.200371026993		2.393409729
0.202870130539		2.64712810516
0.205384016037		2.40355873108
0.207873106003		2.6420545578
0.210371017456		2.40863323212
0.212871074677		2.63190555573
0.215382099152		2.41370677948
0.21787405014		2.62175655365
0.220373153687		2.42893028259
0.222872972488		2.61160755157
0.225383043289		2.43907928467
0.227874040604		2.60653305054
0.230374097824		2.44922733307
0.232876062393		2.5913105011
0.23538517952		2.45937633514
0.237876176834		2.58623600006
0.24037694931		2.46445083618
0.242876052856		2.58116149902
0.24538397789		2.47459983826
0.247878074646		2.57101249695
0.250378131866		2.47459983826
0.252876996994		2.56086444855
0.255380153656		2.4898223877
0.257878065109		2.55071544647
0.260379076004		2.50504589081
0.262881040573		2.5405664444
0.265388011932		2.50504589081
0.267881155014		2.53041744232
0.270378112793		2.52026939392
0.272881031036		2.52534389496
0.27538895607		2.52534389496
0.277879953384		2.52026939392
0.280380964279		2.53549194336
0.28288602829		2.51012039185
0.285390138626		2.54564094543
0.287883043289		2.49997138977
0.29038310051		2.55578994751
0.29288315773		2.4898223877
0.295392990112		2.56086444855
0.297883033752		2.47459983826
0.300383090973		2.57608699799
0.302884101868		2.46952533722
0.305392980576		2.58116149902
0.307886123657		2.45937633514
0.310384988785		2.60145950317
0.31288599968		2.44922733307
0.315394163132		2.60145950317
0.317892074585		2.44415378571
0.320386171341		2.61160755157
0.322885990143		2.43400478363
0.325396060944		2.61160755157
0.327887058258		2.42385578156
0.330389022827		2.62683105469
0.332887172699		2.41370677948
0.335399150848		2.63190555573
0.337887048721		2.40863323212
0.340387105942		2.64712810516
0.342890024185		2.40355873108
0.345397949219		2.6522026062
0.3478910923		2.38833522797
0.350389003754		2.66235160828
0.352890968323		2.37311172485
0.355396986008		2.66742610931
0.357892036438		2.36803817749
0.360409975052		2.67757511139
0.362894058228		2.36803817749
0.365400075912		2.68772315979
0.367894172668		2.35788917542
0.370392084122		2.69279766083
0.372895002365		2.34774017334
0.375401973724		2.7029466629
0.377895116806		2.34774017334
0.380392074585		2.71309566498
0.382897138596		2.33759117126
0.385406017303		2.71817016602
0.387896060944		2.32744312286
0.390397071838		2.72324466705
0.392894983292		2.31729412079
0.395398139954		2.73339271545
0.397897958755		2.31221961975
0.400396108627		2.73846721649
0.402897119522		2.30714511871
0.405404090881		2.74354171753
0.40789604187		2.30207061768
0.410397052765		2.74861621857
0.412897109985		2.29699611664
0.415407180786		2.7536907196
0.417899131775		2.28684806824
0.42040014267		2.76383876801
0.422901153564		2.2817735672
0.425408124924		2.76383876801
0.427901029587		2.27669906616
0.430402040482		2.76891326904
0.432902097702		2.26655006409
0.435410022736		2.77906227112
0.437906980515		2.26655006409
0.440402030945		2.78413677216
0.442902088165		2.26147556305
0.445410013199		2.78413677216
0.447903156281		2.25640106201
0.450402975082		2.78921127319
0.452903032303		2.26147556305
0.455412149429		2.78921127319
0.457904100418		2.25132751465
0.460406064987		2.79428577423
0.46290397644		2.24625301361
0.465413093567		2.79936027527
0.46790599823		2.24625301361
0.470405101776		2.80443382263
0.472912073135		2.24117851257
0.475414991379		2.80950832367
0.477907180786		2.23610401154
0.480407953262		2.80950832367
0.482908010483		2.2310295105
0.485416173935		2.81458282471
0.487907171249		2.2310295105
0.490410089493		2.81458282471
0.492910146713		2.2310295105
0.495418071747		2.80950832367
0.497910022736		2.22595500946
0.50041103363		2.81458282471
0.502908945084		2.2310295105
0.505414962769		2.81965732574
0.50791311264		2.2310295105
0.510411024094		2.81965732574
0.512912034988		2.22088050842
0.515439987183		2.81965732574
0.517912149429		2.22088050842
0.520413160324		2.82473182678
0.522912979126		2.22088050842
0.525421142578		2.82980632782
0.527913093567		2.22595500946
0.53041100502		2.82473182678
0.532917976379		2.22088050842
0.535424947739		2.82473182678
0.537914991379		2.22595500946
0.540414094925		2.81965732574
0.542914152145		2.22595500946
0.545428037643		2.81965732574
0.547917127609		2.22595500946
0.550416946411		2.81965732574
0.552917003632		2.22595500946
0.555423974991		2.81965732574
0.557918071747		2.22595500946
0.5604159832		2.81965732574
0.562916994095		2.22595500946
0.56542801857		2.81965732574
0.567919969559		2.22595500946
0.570419073105		2.81458282471
0.572919130325		2.23610401154
0.575428009033		2.80950832367
0.577921152115		2.24117851257
0.580420017242		2.80443382263
0.582920074463		2.24117851257
0.585422992706		2.80443382263
0.587927103043		2.24117851257
0.590425014496		2.79936027527
0.592928171158		2.24625301361
0.595425128937		2.79936027527
0.59792304039		2.24625301361
0.600422143936		2.79428577423
0.602923154831		2.25132751465
0.60543012619		2.78921127319
0.60792517662		2.25132751465
0.610424041748		2.78921127319
0.612925052643		2.26147556305
0.615436077118		2.78413677216
0.617926120758		2.26147556305
0.620424985886		2.77906227112
0.62292599678		2.26655006409
0.625432014465		2.77398777008
0.627925157547		2.27669906616
0.630426168442		2.76383876801
0.632928133011		2.2817735672
0.63543510437		2.76383876801
0.637928009033		2.28684806824
0.640431165695		2.7536907196
0.642929077148		2.2919216156
0.645435094833		2.75876522064
0.647930145264		2.30207061768
0.650429964066		2.74861621857
0.652930021286		2.29699611664
0.655441999435		2.74354171753
0.657929182053		2.30207061768
0.660429000854		2.73339271545
0.662930965424		2.31729412079
0.665436983109		2.72324466705
0.66793012619		2.32744312286
0.670437097549		2.71817016602
0.67293214798		2.32236862183
0.675443172455		2.71309566498
0.677935123444		2.33759117126
0.680433988571		2.7029466629
0.682934045792		2.3426656723
0.685441017151		2.7029466629
0.68793296814		2.34774017334
0.690433979034		2.68772315979
0.692934989929		2.36296367645
0.695444107056		2.68772315979
0.69793510437		2.36803817749
0.700435161591		2.67250061035
0.70293712616		2.37818622589
0.705443143845		2.66235160828
0.707936048508		2.38833522797
0.710436105728		2.6522026062
0.712937116623		2.393409729
0.715446949005		2.6522026062
0.717936992645		2.40355873108
0.72043800354		2.63698005676
0.722939968109		2.40863323212
0.725448131561		2.63698005676
0.72794008255		2.41878128052
0.730440139771		2.62683105469
0.73294210434		2.42893028259
0.735449075699		2.62175655365
0.737941026688		2.43907928467
0.740442991257		2.60653305054
0.742943048477		2.44415378571
0.745449066162		2.60145950317
0.747948169708		2.45430183411
0.75044298172		2.58623600006
0.75294303894		2.46952533722
0.755453109741		2.58116149902
0.757949113846		2.47459983826
0.760444164276		2.56593894958
0.762943983078		2.47967433929
0.765450954437		2.56086444855
0.767945051193		2.49489688873
0.770444154739		2.55071544647
0.772945165634		2.49997138977
0.775460004807		2.55071544647
0.777945995331		2.51012039185
0.780446052551		2.53549194336
0.782947063446		2.52026939392
0.78545498848		2.53041744232
0.787945985794		2.53041744232
0.790446043015		2.51519489288
0.792947053909		2.54564094543
0.79544711113		2.50504589081
0.797950029373		2.55071544647
0.800448179245		2.49489688873
0.802947044373		2.56086444855
0.805457115173		2.4898223877
0.807950019836		2.56593894958
0.810450077057		2.47967433929
0.812950134277		2.57101249695
0.815461158752		2.47459983826
0.817950963974		2.58116149902
0.820451974869		2.46445083618
0.822952032089		2.5913105011
0.825464963913		2.46445083618
0.827953100204		2.60145950317
0.830455064774		2.43907928467
0.832952976227		2.61160755157
0.835461139679		2.43400478363
0.837954044342		2.62175655365
0.840454101562		2.42385578156
0.84295296669		2.63190555573
0.845462083817		2.41878128052
0.84795498848		2.63698005676
0.8504550457		2.40863323212
0.852954149246		2.6420545578
0.855465173721		2.40355873108
0.857959032059		2.6522026062
0.860459089279		2.393409729
0.8629591465		2.65727710724
0.865465164185		2.38326072693
0.867959022522		2.66742610931
0.870457172394		2.36803817749
0.872959136963		2.67757511139
0.875466108322		2.37311172485
0.877959012985		2.69279766083
0.880459070206		2.35788917542
0.882961034775		2.69787216187
0.885470151901		2.35281467438
0.887968063354		2.69787216187
0.890460968018		2.3426656723
0.892963171005		2.71309566498
0.895467996597		2.33251667023
0.897961139679		2.71817016602
0.900460958481		2.32744312286
0.902966976166		2.71817016602
0.905472040176		2.32236862183
0.907963037491		2.73339271545
0.910462141037		2.31729412079
0.912964105606		2.73846721649
0.915472984314		2.31221961975
0.917966127396		2.74354171753
0.920464992523		2.29699611664
0.922965049744		2.74861621857
0.92547416687		2.29699611664
0.927967071533		2.75876522064
0.930464029312		2.2919216156
0.932968139648		2.76383876801
0.935477018356		2.2817735672
0.937967061996		2.76891326904
0.940468072891		2.27669906616
0.942968130112		2.76891326904
0.945476055145		2.27669906616
0.947968006134		2.77398777008
0.950469017029		2.26655006409
0.952968120575		2.77906227112
0.955476045609		2.26147556305
0.957968950272		2.78413677216
0.960469961166		2.25640106201
0.962970018387		2.79428577423
0.965479135513		2.25640106201
0.967970132828		2.78921127319
0.97046995163		2.25132751465
0.972969055176		2.79428577423
0.975481033325		2.24625301361
0.97797203064		2.79936027527
0.980478048325		2.24625301361
0.982974052429		2.80443382263
0.985481023788		2.24117851257
0.987975120544		2.80443382263
0.990476131439		2.23610401154
0.992973089218		2.80950832367
0.995475053787		2.24117851257
0.997977972031		2.80950832367
1.00047516823		2.2310295105
1.00297403336		2.81458282471
1.00547599792		2.22595500946
1.00797510147		2.81458282471
1.01047611237		2.22595500946
1.01297497749		2.81458282471
1.01549196243		2.2310295105
1.01797914505		2.81965732574
1.02047801018		2.22088050842
1.02297711372		2.82473182678
1.02548503876		2.22595500946
1.02797603607		2.81965732574
1.03047895432		2.22595500946
1.03297996521		2.81965732574
1.03548598289		2.22595500946
1.03797912598		2.81965732574
1.04048109055		2.22088050842
1.04297995567		2.81965732574
1.04548716545		2.22088050842
1.04798102379		2.82473182678
1.05048108101		2.22595500946
1.05297994614		2.82473182678
1.0554921627		2.22595500946
1.05798602104		2.82473182678
1.06048202515		2.22595500946
1.06298208237		2.81965732574
1.06549096107		2.22595500946
1.06798315048		2.81965732574
1.07048296928		2.22595500946
1.07298398018		2.81458282471
1.07549095154		2.2310295105
1.07798409462		2.81458282471
1.08048415184		2.2310295105
1.08298611641		2.80950832367
1.08549404144		2.23610401154
1.08798503876		2.81458282471
1.09048700333		2.23610401154
1.09298801422		2.80950832367
1.09549617767		2.24117851257
1.09798908234		2.80443382263
1.10048913956		2.23610401154
1.10298895836		2.80443382263
1.10549497604		2.24625301361
1.1079890728		2.79936027527
1.11048913002		2.24625301361
1.11299109459		2.79428577423
1.11549901962		2.25132751465
1.11799097061		2.78921127319
1.12049007416		2.25640106201
1.12299108505		2.78921127319
1.12549805641		2.26147556305
1.12799215317		2.78413677216
1.13049006462		2.26147556305
1.13299417496		2.77906227112
1.13550806046		2.26147556305
1.13799405098		2.77398777008
1.14049315453		2.27669906616
1.14299297333		2.76891326904
1.14550209045		2.27669906616
1.14799499512		2.76383876801
1.15049505234		2.28684806824
1.15299510956		2.75876522064
1.15550208092		2.28684806824
1.15800094604		2.74861621857
1.16049909592		2.30207061768
1.16299796104		2.74354171753
1.16550302505		2.30207061768
1.16799712181		2.73339271545
1.17049598694		2.30714511871
1.1729991436		2.73339271545
1.17550611496		2.31729412079
1.17799901962		2.72831821442
1.18049907684		2.32236862183
1.18299913406		2.71817016602
1.18550515175		2.32744312286
1.18799901009		2.70802116394
1.19050097466		2.33251667023
1.19300198555		2.7029466629
1.1955010891		2.34774017334
1.19800305367		2.69787216187
1.20050096512		2.35281467438
1.20300006866		2.68772315979
1.2055079937		2.36296367645
1.20800113678		2.67757511139
1.21050095558		2.36803817749
1.21300816536		2.67757511139
1.2155110836		2.37311172485
1.21800398827		2.66742610931
1.22050309181		2.37818622589
1.22300314903		2.65727710724
1.22551298141		2.38326072693
1.2280061245		2.64712810516
1.23050618172		2.40355873108
1.23300695419		2.6420545578
1.23551607132		2.40863323212
1.23800396919		2.63190555573
1.24050617218		2.42385578156
1.24300694466		2.62175655365
1.24551415443		2.42893028259
1.2480070591		2.61160755157
1.25050711632		2.43400478363
1.25300908089		2.60145950317
1.25551199913		2.44415378571
1.258010149		2.59638500214
1.2605099678		2.45937633514
1.2630109787		2.5913105011
1.26551795006		2.45937633514
1.26800894737		2.58116149902
1.27050900459		2.47459983826
1.27301096916		2.57101249695
1.27552103996		2.47967433929
1.2780110836		2.56086444855
1.28051114082		2.49489688873
1.28301310539		2.55071544647
1.2855181694		2.49997138977
1.28801202774		2.5405664444
1.29051804543		2.51012039185
1.29301404953		2.53549194336
1.29552412033		2.51519489288
1.29801511765		2.52026939392
1.30051517487		2.53041744232
1.30301308632		2.51519489288
1.30552196503		2.53041744232
1.30801701546		2.51012039185
1.31051516533		2.5405664444
1.31301498413		2.49997138977
1.31552505493		2.54564094543
1.31802606583		2.49489688873
1.32051610947		2.56593894958
1.32301616669		2.47459983826
1.32552504539		2.57101249695
1.32801699638		2.46445083618
1.3305170536		2.58116149902
1.33301901817		2.45430183411
1.3355281353		2.5913105011
1.33801817894		2.45430183411
1.34051799774		2.60145950317
1.34301900864		2.44922733307
1.34552717209		2.60653305054
1.34802007675		2.43400478363
1.350522995		2.61668205261
1.35301995277		2.42385578156
1.3555290699		2.62683105469
1.35802197456		2.41878128052
1.36052298546		2.63698005676
1.36302399635		2.40355873108
1.36553001404		2.6420545578
1.36802911758		2.39848423004
1.37052297592		2.64712810516
1.37302517891		2.38833522797
1.37553215027		2.66235160828
1.37802410126		2.37818622589
1.38052511215		2.66742610931
1.38302397728		2.37311172485
1.38553214073		2.67757511139
1.38802409172		2.36296367645
1.39052510262		2.68772315979
1.39302706718		2.35788917542
1.39552617073		2.69279766083
1.39802908897		2.35281467438
1.40052914619		2.69787216187
1.40302705765		2.33759117126
1.40553402901		2.70802116394
1.40802812576		2.33251667023
1.41052794456		2.71817016602
1.41302800179		2.32236862183
1.41553616524		2.71817016602
1.41803002357		2.31221961975
1.42052912712		2.73339271545
1.42303109169		2.31221961975
1.4255361557		2.73846721649
1.42803001404		2.30714511871
1.43053102493		2.74354171753
1.43303108215		2.30207061768
1.43554115295		2.74354171753
1.4380300045		2.29699611664
1.4405310154		2.7536907196
1.44303297997		2.2919216156
1.44554615021		2.7536907196
1.44803214073		2.2817735672
1.45053195953		2.76891326904
1.45303416252		2.27669906616
1.45554113388		2.77398777008
1.45803308487		2.27162456512
1.46053314209		2.77906227112
1.46303510666		2.26655006409
1.46554207802		2.77906227112
1.46803617477		2.26147556305
1.47053599358		2.78413677216
1.47303915024		2.25132751465
1.47554397583		2.78413677216
1.47803616524		2.25640106201
1.48053908348		2.79428577423
1.48303794861		2.25132751465
1.48554611206		2.79428577423
1.48803806305		2.24625301361
1.49053812027		2.80443382263
1.49304008484		2.24117851257
1.49554610252		2.79936027527
1.49805402756		2.24117851257
1.50054097176		2.80950832367
1.50303912163		2.2310295105
1.50554203987		2.80950832367
1.50804114342		2.2310295105
1.51054000854		2.81458282471
1.51304411888		2.2310295105
1.51555299759		2.81458282471
1.51804208755		2.23610401154
1.52054214478		2.81458282471
1.52304911613		2.2310295105
1.5255510807		2.81458282471
1.52804207802		2.22595500946
1.53054118156		2.81965732574
1.53304195404		2.22595500946
1.53555607796		2.81965732574
1.53804302216		2.22088050842
1.54054403305		2.82473182678
1.54304695129		2.22088050842
1.54555296898		2.82473182678
1.54804515839		2.22595500946
1.55054616928		2.82473182678
1.55304503441		2.22595500946
1.55555510521		2.81965732574
1.5580470562		2.22595500946
1.56054902077		2.81965732574
1.56304597855		2.22595500946
1.565554142		2.81965732574
1.56804704666		2.22088050842
1.5705499649		2.81965732574
1.57304811478		2.22595500946
1.57555913925		2.82473182678
1.57804894447		2.22595500946
1.58055114746		2.82473182678
1.58304905891		2.22595500946
1.58555102348		2.81965732574
1.58805298805		2.2310295105
1.5905520916		2.81965732574
1.59305000305		2.2310295105
1.59555101395		2.81458282471
1.59805512428		2.2310295105
1.60055613518		2.81458282471
1.60305404663		2.23610401154
1.60556197166		2.80443382263
1.60805606842		2.24117851257
1.6105530262		2.80443382263
1.61305403709		2.24117851257
1.61556506157		2.79936027527
1.618060112		2.24625301361
1.62055397034		2.79936027527
1.62305402756		2.24625301361
1.62556195259		2.79936027527
1.62805604935		2.24625301361
1.63055610657		2.79428577423
1.63305711746		2.25132751465
1.63556408882		2.78921127319
1.63805603981		2.26655006409
1.64055895805		2.78413677216
1.64305901527		2.26147556305
1.64556503296		2.77398777008
1.64805817604		2.26655006409
1.65055799484		2.77398777008
1.65305900574		2.27669906616
1.65556812286		2.76891326904
1.65805196762		2.2817735672
1.66055297852		2.76383876801
1.66305613518		2.28684806824
1.66555809975		2.75876522064
1.66806197166		2.28684806824
1.67056107521		2.7536907196
1.67306303978		2.29699611664
1.67557311058		2.74861621857
1.67806696892		2.30207061768
1.680560112		2.73846721649
1.68306303024		2.31221961975
1.68557310104		2.73339271545
1.68806505203		2.31729412079
1.69056510925		2.72831821442
1.69306516647		2.32744312286
1.69556808472		2.71817016602
1.6980650425		2.32236862183
1.70058608055		2.71817016602
1.70306515694		2.33759117126
1.70557308197		2.70802116394
1.70806503296		2.3426656723
1.71056604385		2.7029466629
1.71306610107		2.35281467438
1.71557402611		2.69279766083
1.71806812286		2.35788917542
1.72056698799		2.67757511139
1.72306704521		2.36803817749
1.72556900978		2.67250061035
1.72806715965		2.37818622589
1.73056817055		2.66235160828
1.73307013512		2.38833522797
1.73557209969		2.6522026062
1.73807001114		2.393409729
1.74057006836		2.6420545578
1.74307107925		2.40355873108
1.74557805061		2.6420545578
1.74807214737		2.40863323212
1.75057196617		2.62683105469
1.75307011604		2.41878128052
1.7555770874		2.62683105469
1.75807499886		2.42385578156
1.7605741024		2.61668205261
1.76307296753		2.43907928467
1.76558017731		2.61160755157
1.76807618141		2.44922733307
1.77057313919		2.5913105011
1.77307415009		2.45430183411
1.77558612823		2.5913105011
1.77807617188		2.46952533722
1.780575037		2.57608699799
1.78307509422		2.46952533722
1.78558206558		2.57101249695
1.78807401657		2.48474884033
1.79057598114		2.55578994751
1.79307699203		2.49489688873
1.7955789566		2.55578994751
1.79807901382		2.49997138977
1.8005771637		2.54564094543
1.80307817459		2.51012039185
1.8055870533		2.53549194336
1.80807805061		2.51519489288
1.81057906151		2.52026939392
1.8130800724		2.53041744232
1.81558895111		2.52026939392
1.81807994843		2.54564094543
1.82058000565		2.49997138977
1.82308101654		2.54564094543
1.82558703423		2.49997138977
1.82808113098		2.55578994751
1.83057999611		2.4898223877
1.83308815956		2.55578994751
1.83559203148		2.48474884033
1.83808207512		2.56593894958
1.84058308601		2.46952533722
1.84308314323		2.57608699799
1.84559011459		2.46445083618
1.84808397293		2.5913105011
1.85058498383		2.45430183411
1.85308504105		2.60653305054
1.85559415817		2.44415378571
1.85808801651		2.61160755157
1.86058616638		2.43400478363
1.86308813095		2.61668205261
1.86559605598		2.42385578156
1.86808609962		2.62683105469
1.87058496475		2.41370677948
1.87308597565		2.63190555573
1.8755941391		2.40863323212
1.87808799744		2.6420545578
1.88058805466		2.39848423004
1.88308906555		2.6522026062
1.88559699059		2.393409729
1.88808917999		2.65727710724
1.89058995247		2.38326072693
1.89309000969		2.66742610931
1.89560008049		2.37311172485
1.89809203148		2.67250061035
1.90059113503		2.36296367645
1.90309095383		2.68772315979
1.90559911728		2.35788917542
1.90809202194		2.69787216187
1.91059708595		2.35281467438
1.91309213638		2.7029466629
1.91560101509		2.3426656723
1.91809201241		2.71309566498
1.92059206963		2.33759117126
1.92309498787		2.71817016602
1.92560100555		2.33251667023
1.92809295654		2.71817016602
1.93060517311		2.32236862183
1.93309617043		2.72831821442
1.93560504913		2.31729412079
1.93809700012		2.73846721649
1.94059610367		2.31221961975
1.94309616089		2.74861621857
1.94560313225		2.30207061768
1.94809818268		2.74861621857
1.95059800148		2.2919216156
1.9530980587		2.7536907196
1.95560503006		2.29699611664
1.95809817314		2.75876522064
1.96059799194		2.28684806824
1.96309804916		2.76383876801
1.96560716629		2.2817735672
1.96809911728		2.76891326904
1.9705991745		2.27669906616
1.97310113907		2.77906227112
1.97561216354		2.27162456512
1.97809910774		2.78413677216
1.98059916496		2.26147556305
1.98310112953		2.78413677216
1.98561096191		2.25640106201
1.98810911179		2.78921127319
1.99060416222		2.25132751465
1.99310517311		2.79428577423
1.99560594559		2.25132751465
1.99810504913		2.79428577423
2.00060510635		2.24625301361
2.00310707092		2.79428577423
2.00560617447		2.24625301361
2.00810599327		2.80443382263
2.01060605049		2.24117851257
2.01310706139		2.80950832367
2.01561498642		2.23610401154
2.01810598373		2.80950832367
2.02060604095		2.2310295105
2.02310800552		2.80950832367
2.02561402321		2.2310295105
2.02810716629		2.81458282471
2.03060817719		2.22595500946
2.03310608864		2.81965732574
2.03561615944		2.22595500946
2.03811001778		2.81458282471
2.040610075		2.22595500946
2.04311013222		2.81965732574
2.0456199646		2.22595500946
2.04811000824		2.82473182678
2.05061197281		2.22595500946
2.05311107635		2.81965732574
2.05562210083		2.22595500946
2.05811214447		2.81965732574
2.06061196327		2.22595500946
2.06311297417		2.81965732574
2.06562614441		2.22088050842
2.06811213493		2.82473182678
2.07061100006		2.22088050842
2.07311296463		2.82473182678
2.07562208176		2.22088050842
2.07811403275		2.81965732574
2.08061313629		2.22595500946
2.08311510086		2.81965732574
2.08562207222		2.22595500946
2.08811497688		2.81965732574
2.09061408043		2.22595500946
2.093116045		2.81965732574
2.09562397003		2.2310295105
2.09811711311		2.81965732574
2.10061502457		2.2310295105
2.10311698914		2.81965732574
2.10562300682		2.2310295105
2.10811710358		2.81458282471
2.11062002182		2.2310295105
2.11312103271		2.81458282471
2.11562395096		2.23610401154
2.11811900139		2.80950832367
2.12062001228		2.23610401154
2.1231200695		2.80443382263
2.12562704086		2.24117851257
2.12811803818		2.79936027527
2.13062000275		2.24625301361
2.13312196732		2.79936027527
2.13562917709		2.25132751465
2.13812112808		2.79428577423
2.14062309265		2.25640106201
2.14312601089		2.79428577423
2.14563012123		2.25640106201
2.14812517166		2.78413677216
2.15062403679		2.26147556305
2.15312314034		2.78921127319
2.15563106537		2.26147556305
2.15812206268		2.78413677216
2.16062402725		2.26655006409
2.16312408447		2.77398777008
2.16563200951		2.27162456512
2.16812610626		2.76891326904
2.17062616348		2.28684806824
2.17312717438		2.76383876801
2.17563605309		2.28684806824
2.17812609673		2.7536907196
2.18062901497		2.28684806824
2.18312907219		2.74861621857
2.18563699722		2.29699611664
2.18814897537		2.74861621857
2.19062900543		2.30714511871
2.19313097		2.74354171753
2.19562911987		2.30714511871
2.19813203812		2.73339271545
2.20063304901		2.31221961975
2.20312905312		2.72831821442
2.20564007759		2.32236862183
2.20813012123		2.71817016602
2.21063017845		2.33251667023
2.21313095093		2.70802116394
2.21564102173		2.33251667023
2.21813011169		2.7029466629
2.22063612938		2.34774017334
2.22313213348		2.69787216187
2.22564005852		2.35281467438
2.22813296318		2.68772315979
2.23063516617		2.35281467438
2.23313307762		2.68264961243
2.23564314842		2.36296367645
2.23813414574		2.67250061035
2.24063396454		2.37818622589
2.24313497543		2.66742610931
2.24564313889		2.38326072693
2.24813604355		2.65727710724
2.25063514709		2.393409729
2.25313711166		2.6522026062
2.25564217567		2.40355873108
2.25813817978		2.63698005676
2.26063799858		2.41370677948
2.26313900948		2.63190555573
2.26564502716		2.41370677948
2.26813697815		2.61668205261
2.27063703537		2.42893028259
2.27313899994		2.61160755157
2.27564716339		2.43400478363
2.27814102173		2.60653305054
2.2806391716		2.44922733307
2.28314208984		2.59638500214
2.28565001488		2.44922733307
2.28814101219		2.58623600006
2.29064297676		2.46445083618
2.29314017296		2.58623600006
2.29565310478		2.46952533722
2.29814696312		2.57608699799
2.30064415932		2.47967433929
2.3031411171		2.55578994751
2.3056499958		2.4898223877
2.30814194679		2.55071544647
2.31064200401		2.50504589081
2.31314396858		2.54564094543
2.31565308571		2.50504589081
2.31814408302		2.53549194336
2.32064509392		2.51519489288
2.32314515114		2.52534389496
2.3256521225		2.52534389496
2.32814717293		2.52026939392
2.33064603806		2.5405664444
2.3331451416		2.51012039185
2.33565497398		2.5405664444
2.3381459713		2.49997138977
2.34064817429		2.55578994751
2.34314894676		2.4898223877
2.34565615654		2.56086444855
2.3481490612		2.47967433929
2.35064816475		2.57608699799
2.35315513611		2.47967433929
2.35566210747		2.57608699799
2.35815405846		2.46445083618
2.36065411568		2.5913105011
2.3631529808		2.45430183411
2.36565494537		2.59638500214
2.36815309525		2.44415378571
2.37065005302		2.60653305054
2.37315106392		2.42893028259
2.37566113472		2.61160755157
2.37815117836		2.42385578156
2.38065195084		2.63190555573
2.38315606117		2.41878128052
2.38566398621		2.63698005676
2.38815402985		2.40863323212
2.39065408707		2.64712810516
2.39315605164		2.39848423004
2.3956580162		2.6522026062
2.39815497398		2.38833522797
2.40065598488		2.66235160828
2.4031560421		2.38833522797
2.40566706657		2.66235160828
2.40815806389		2.37818622589
2.41066002846		2.67250061035
2.41315698624		2.36803817749
2.41567015648		2.68264961243
2.41815710068		2.35788917542
2.42065906525		2.69279766083
2.42315816879		2.34774017334
2.4256670475		2.69787216187
2.42815899849		2.33759117126
2.43066000938		2.70802116394
2.43316102028		2.33251667023
2.43566203117		2.71817016602
2.43816018105		2.32744312286
2.44066214561		2.72831821442
2.44316101074		2.31729412079
2.44567012787		2.72324466705
2.44816303253		2.31221961975
2.45066308975		2.73339271545
2.45316815376		2.31221961975
2.45567202568		2.73846721649
2.45816802979		2.30207061768
2.46066498756		2.74354171753
2.46317100525		2.29699611664
2.46566414833		2.7536907196
2.46816515923		2.28684806824
2.47066497803		2.76383876801
2.47316908836		2.28684806824
2.47566604614		2.76383876801
2.47819113731		2.28684806824
2.48066711426		2.77398777008
2.48317217827		2.27162456512
2.48567605019		2.77398777008
2.48816895485		2.26655006409
2.49066710472		2.78413677216
2.49317002296		2.26147556305
2.49567103386		2.78413677216
2.49817109108		2.26147556305
2.50066804886		2.78921127319
2.50316810608		2.25640106201
2.50567102432		2.79428577423
2.50817108154		2.25132751465
2.51066994667		2.79936027527
2.51317000389		2.24625301361
2.51568007469		2.79936027527
2.51817202568		2.23610401154
2.52067112923		2.80443382263
2.52317094803		2.23610401154
2.52568006516		2.80950832367
2.52817106247		2.24117851257
2.53067803383		2.80950832367
2.53317213058		2.2310295105
2.53568696976		2.80950832367
2.53817415237		2.2310295105
2.54067516327		2.80950832367
2.54317712784		2.23610401154
2.54568004608		2.81458282471
2.54817509651		2.22595500946
2.55067610741		2.81965732574
2.55317497253		2.22595500946
2.55568313599		2.81458282471
2.55817699432		2.22595500946
2.56067800522		2.82473182678
2.56317615509		2.22088050842
2.56568217278		2.82473182678
2.56817698479		2.22088050842
2.57067704201		2.82473182678
2.5731780529		2.22595500946
2.57568717003		2.81965732574
2.57817816734		2.22595500946
2.58067798615		2.82473182678
2.58317804337		2.22595500946
2.58568000793		2.82473182678
2.58818411827		2.22088050842
2.59068107605		2.81965732574
2.59318113327		2.22595500946
2.59568095207		2.82473182678
2.59818410873		2.22595500946
2.60068106651		2.82473182678
2.60318207741		2.22595500946
2.60569000244		2.81965732574
2.60818910599		2.22595500946
2.61068415642		2.81965732574
2.61318302155		2.2310295105
2.61569309235		2.81965732574
2.61818599701		2.2310295105
2.62068295479		2.81458282471
2.62318396568		2.23610401154
2.62569212914		2.80950832367
2.62818598747		2.23610401154
2.63068413734		2.80950832367
2.63318514824		2.24117851257
2.63569116592		2.80950832367
2.63818597794		2.24117851257
2.64068603516		2.79936027527
2.64318799973		2.24117851257
2.64569497108		2.79936027527
2.64818716049		2.24625301361
2.65068817139		2.79936027527
2.65318918228		2.25640106201
2.65569996834		2.79428577423
2.6581890583		2.25640106201
2.66068911552		2.78413677216
2.66319012642		2.26147556305
2.66569399834		2.79428577423
2.66834807396		2.23610401154
2.67081713676		2.79936027527
2.67331814766		2.24625301361
2.67593002319		2.80950832367
2.67844605446		2.23610401154
2.68094301224		2.81458282471
2.68344116211		2.23610401154
2.68598508835		2.81458282471
2.68844604492		2.24117851257
2.6909430027		2.80443382263
2.69344115257		2.24117851257
2.69597816467		2.80443382263
2.69844603539		2.24625301361
2.70094513893		2.79936027527
2.70344495773		2.25132751465
2.70597910881		2.79936027527
2.70844602585		2.26147556305
2.71094512939		2.78413677216
2.71344614029		2.26147556305
2.71598100662		2.78921127319
2.71844816208		2.26655006409
2.72094702721		2.77906227112
2.7234480381		2.26655006409
2.7259850502		2.78413677216
2.72844815254		2.27162456512
2.73094701767		2.76891326904
2.73345017433		2.27669906616
2.73598909378		2.77906227112
2.73845005035		2.2817735672
2.74095010757		2.76383876801
2.74345111847		2.28684806824
2.74598813057		2.75876522064
2.74845194817		2.2919216156
2.75095415115		2.74354171753
2.75345110893		2.30207061768
2.75603103638		2.75876522064
2.75857901573		2.27669906616
2.76107811928		2.76383876801
2.76358509064		2.2817735672
2.76608705521		2.75876522064
2.76858305931		2.2919216156
2.77107906342		2.75876522064
2.77357816696		2.2919216156
2.77608513832		2.7536907196
2.77857804298		2.30207061768
2.78108096123		2.74354171753
2.78358197212		2.30714511871
2.78608608246		2.73846721649
2.78858208656		2.31221961975
2.79107999802		2.73339271545
2.79358100891		2.32236862183
2.79608917236		2.71817016602
2.7985830307		2.32744312286
2.80108308792		2.71817016602
2.80359816551		2.33251667023
2.8060901165		2.70802116394
2.80858516693		2.3426656723
2.81108307838		2.7029466629
2.81358504295		2.3426656723
2.81609201431		2.69787216187
2.81858515739		2.35281467438
2.82108616829		2.68264961243
2.82359194756		2.36803817749
2.82609200478		2.67757511139
2.82858610153		2.37311172485
2.8310880661		2.66742610931
2.833589077		2.38326072693
2.83609414101		2.66235160828
2.83858704567		2.393409729
2.84109306335		2.6522026062
2.84358811378		2.40355873108
2.84609508514		2.64712810516
2.84858798981		2.41370677948
2.85108804703		2.63190555573
2.85358715057		2.41370677948
2.85609817505		2.62683105469
2.85859012604		2.42385578156
2.86108994484		2.62175655365
2.86359214783		2.43400478363
2.86609816551		2.61160755157
2.8685901165		2.43907928467
2.87109017372		2.59638500214
2.87359213829		2.45430183411
2.87609696388		2.5913105011
2.87859201431		2.46445083618
2.88109207153		2.58116149902
2.88359618187		2.47459983826
2.88610005379		2.57101249695
2.88859510422		2.47967433929
2.891092062		2.56086444855
2.89359307289		2.4898223877
2.8961019516		2.55578994751
2.89859509468		2.49997138977
2.90109705925		2.55071544647
2.90359997749		2.50504589081
2.90610313416		2.5405664444
2.90859699249		2.51519489288
2.91109609604		2.53041744232
2.91359710693		2.52534389496
2.91610598564		2.52026939392
2.91860103607		2.5405664444
2.92109799385		2.50504589081
2.92359900475		2.5405664444
2.92610406876		2.49997138977
2.92859911919		2.55071544647
2.93109917641		2.4898223877
2.93359804153		2.56086444855
2.93610811234		2.4898223877
2.938601017		2.56593894958
2.94110107422		2.47967433929
2.94360399246		2.57608699799
2.94610714912		2.46445083618
2.94860315323		2.58623600006
2.95110106468		2.45430183411
2.9536011219		2.59638500214
2.95611000061		2.44922733307
2.95860600471		2.60653305054
2.96110296249		2.43400478363
2.96360301971		2.62175655365
2.96610999107		2.42893028259
2.9686050415		2.62683105469
2.97110414505		2.41370677948
2.97360396385		2.63190555573
2.97611117363		2.40863323212
2.97860407829		2.6420545578
2.98110508919		2.40355873108
2.98361110687		2.64712810516
2.98611307144		2.39848423004
2.98860502243		2.65727710724
2.99110817909		2.38326072693
2.99360799789		2.66742610931
2.99611997604		2.38326072693
2.99861001968		2.67250061035
3.00110912323		2.36803817749
3.00360703468		2.68772315979
3.00611305237		2.35788917542
3.00860905647		2.69279766083
3.01111006737		2.34774017334
3.01360917091		2.69787216187
3.01611709595		2.34774017334
3.01860904694		2.70802116394
3.02110815048		2.33759117126
3.0236120224		2.71817016602
3.02611708641		2.33759117126
3.02860999107		2.71817016602
3.03111195564		2.32236862183
3.03361296654		2.72324466705
3.03612112999		2.31729412079
3.03861308098		2.73339271545
3.0411131382		2.30714511871
3.043612957		2.73846721649
3.04612016678		2.29699611664
3.04861807823		2.74861621857
3.05111503601		2.29699611664
3.05361294746		2.75876522064
3.05611801147		2.2919216156
3.05861997604		2.75876522064
3.06111717224		2.2817735672
3.06362295151		2.76383876801
3.06612014771		2.27669906616
3.06861710548		2.76891326904
3.0711171627		2.27669906616
3.07362318039		2.77398777008
3.07612109184		2.27162456512
3.0786190033		2.77906227112
3.08111810684		2.26655006409
3.08362007141		2.78413677216
3.08612203598		2.26147556305
3.08862113953		2.78921127319
3.09112000465		2.25640106201
3.09362006187		2.79428577423
3.09612298012		2.25132751465
3.09862017632		2.79428577423
3.10112214088		2.25132751465
3.10362410545		2.79936027527
3.10612511635		2.24625301361
3.1086230278		2.80443382263
3.11112213135		2.24625301361
3.11362504959		2.80443382263
3.11612701416		2.24117851257
3.11862516403		2.80443382263
3.12112498283		2.23610401154
3.12362504005		2.80443382263
3.12612700462		2.23610401154
3.12862706184		2.81458282471
3.13112711906		2.2310295105
3.13362407684		2.81458282471
3.13612604141		2.22595500946
3.13862609863		2.81965732574
3.14112710953		2.22595500946
3.14363408089		2.81965732574
3.14613008499		2.22595500946
3.14863014221		2.81965732574
3.15113401413		2.22595500946
3.15362906456		2.81965732574
3.15613102913		2.22088050842
3.15863013268		2.81965732574
3.16112804413		2.22595500946
3.1636300087		2.81965732574
3.16613411903		2.22595500946
3.16863512993		2.82473182678
3.17114806175		2.22088050842
3.17363405228		2.81965732574
3.1761341095		2.22088050842
3.17863416672		2.82473182678
3.18113303185		2.22088050842
3.18363404274		2.82473182678
3.18613600731		2.22595500946
3.18863296509		2.81965732574
3.19113302231		2.22595500946
3.1936340332		2.81458282471
3.19614195824		2.2310295105
3.19863796234		2.81965732574
3.20113706589		2.22595500946
3.20363616943		2.81458282471
3.20613598824		2.2310295105
3.20863604546		2.81965732574
3.21113610268		2.2310295105
3.21363711357		2.81458282471
3.21613812447		2.23610401154
3.21863603592		2.80950832367
3.22113800049		2.23610401154
3.22364401817		2.80950832367
3.2261390686		2.23610401154
3.22864317894		2.80443382263
3.23114109039		2.24117851257
3.23364114761		2.79936027527
3.23614311218		2.24625301361
3.2386431694		2.79428577423
3.24113917351		2.25132751465
3.24364113808		2.78921127319
3.24614310265		2.25640106201
3.24864315987		2.78921127319
3.25114202499		2.25640106201
3.25364112854		2.78921127319
3.25614905357		2.25640106201
3.25864315033		2.77906227112
3.26114296913		2.26147556305
3.26364302635		2.77906227112
3.2661459446		2.26655006409
3.26864314079		2.77398777008
3.27114295959		2.27669906616
3.27364611626		2.76891326904
3.27614808083		2.2817735672
3.27864813805		2.75876522064
3.2811460495		2.28684806824
3.28364706039		2.7536907196
3.28614902496		2.2919216156
3.28864598274		2.74861621857
3.29114699364		2.30207061768
3.29364705086		2.74354171753
3.29615116119		2.30207061768
3.29864811897		2.73339271545
3.3011469841		2.31221961975
3.30365300179		2.73339271545
3.30615496635		2.31729412079
3.30864906311		2.72324466705
3.31115198135		2.32236862183
3.31365013123		2.71309566498
3.31615209579		2.33251667023
3.31865000725		2.70802116394
3.32114911079		2.3426656723
3.32365202904		2.69787216187
3.32615399361		2.35281467438
3.32865309715		2.69279766083
3.33115196228		2.35788917542
3.33365297318		2.68264961243
3.33615517616		2.36296367645
3.33865308762		2.67757511139
3.34115409851		2.37311172485
3.34365510941		2.66742610931
3.34615397453		2.38326072693
3.34865403175		2.65727710724
3.3511531353		2.393409729
3.35365104675		2.6522026062
3.35615611076		2.40355873108
3.35865497589		2.6420545578
3.36115503311		2.41370677948
3.36365509033		2.63190555573
3.36615896225		2.41878128052
3.36865615845		2.62175655365
3.37115716934		2.42893028259
3.37365818024		2.61668205261
3.37616109848		2.43907928467
3.37865805626		2.61160755157
3.38115715981		2.44415378571
3.3836710453		2.61160755157
3.38616299629		2.44415378571
3.38865995407		2.5913105011
3.39116001129		2.45937633514
3.39366102219		2.5913105011
3.39616894722		2.46445083618
3.39866113663		2.57608699799
3.40116214752		2.47459983826
3.40366005898		2.56086444855
3.40616416931		2.4898223877
3.40866208076		2.55578994751
3.41116213799		2.50504589081
3.41366195679		2.55071544647
3.41616606712		2.51012039185
3.41866612434		2.53549194336
3.42116308212		2.51519489288
3.42366600037		2.53041744232
3.42616701126		2.52534389496
3.42866396904		2.52026939392
3.43116211891		2.5405664444
3.43366599083		2.51012039185
3.43616914749		2.5405664444
3.43866705894		2.49997138977
3.44116711617		2.54564094543
3.44366717339		2.49489688873
3.44616794586		2.56086444855
3.44866704941		2.48474884033
3.45116615295		2.57101249695
3.45366716385		2.47459983826
3.45617198944		2.57608699799
3.45866799355		2.46445083618
3.461176157		2.58623600006
3.46367406845		2.45937633514
3.46617102623		2.59638500214
3.46867012978		2.44415378571
3.4711689949		2.60145950317
3.47367310524		2.43400478363
3.47617411613		2.60653305054
3.47867417336		2.43400478363
3.48117113113		2.62683105469
3.4836730957		2.42385578156
3.4861741066		2.63190555573
3.48867297173		2.40863323212
3.49117302895		2.63698005676
3.49367499352		2.39848423004
3.49617505074		2.64712810516
3.49867510796		2.393409729
3.50117397308		2.66235160828
3.50367307663		2.38326072693
3.50617814064		2.66235160828
3.50867605209		2.37818622589
3.51117610931		2.67250061035
3.51367402077		2.36803817749
3.51617717743		2.68264961243
3.51867604256		2.36803817749
3.52117705345		2.68772315979
3.52367711067		2.35281467438
3.52617907524		2.7029466629
3.52867698669		2.34774017334
3.53117704391		2.70802116394
3.53367805481		2.33759117126
3.53618216515		2.71817016602
3.53868794441		2.33251667023
3.54118013382		2.72324466705
3.54368495941		2.31729412079
3.54618310928		2.72831821442
3.54868102074		2.31729412079
3.55118107796		2.73846721649
3.5536801815		2.31221961975
3.55618214607		2.74354171753
3.55868005753		2.30714511871
3.56118202209		2.74354171753
3.56368517876		2.29699611664
3.56618309021		2.7536907196
3.56868195534		2.2919216156
3.57118201256		2.75876522064
3.57368206978		2.28684806824
3.57618618011		2.76383876801
3.57868599892		2.27669906616
3.58118605614		2.76383876801
3.58369708061		2.27669906616
3.58619594574		2.77398777008
3.58868813515		2.27162456512
3.5911860466		2.77906227112
3.59368610382		2.26655006409
3.59619617462		2.77906227112
3.59868597984		2.26147556305
3.60118699074		2.78921127319
3.60368609428		2.25640106201
3.60618901253		2.79428577423
3.60868906975		2.25640106201
3.61118817329		2.79428577423
3.61368894577		2.24625301361
3.6161980629		2.79428577423
3.61869096756		2.24117851257
3.62119007111		2.80443382263
3.62369608879		2.24117851257
3.6261920929		2.80950832367
3.62869095802		2.23610401154
3.63118910789		2.80443382263
3.63369107246		2.23610401154
3.63619303703		2.80950832367
3.63868999481		2.2310295105
3.64119100571		2.81458282471
3.6436920166		2.23610401154
3.64619398117		2.80950832367
3.64869403839		2.22595500946
3.65119194984		2.81965732574
3.65369510651		2.22595500946
3.65619516373		2.81965732574
3.65869617462		2.22595500946
3.66119408607		2.81965732574
3.66369509697		2.22088050842
3.66619610786		2.81965732574
3.66869497299		2.22088050842
3.67119598389		2.82473182678
3.67369604111		2.22595500946
3.67619895935		2.81965732574
3.67869710922		2.22595500946
3.68119812012		2.82473182678
3.68369698524		2.22088050842
3.68620014191		2.81965732574
3.68869900703		2.22088050842
3.69119715691		2.81965732574
3.69370412827		2.22595500946
3.69620108604		2.81965732574
3.6986989975		2.22595500946
3.70119905472		2.82473182678
3.70370602608		2.22088050842
3.70620417595		2.81458282471
3.7087020874		2.22595500946
3.71120095253		2.81965732574
3.71370100975		2.22595500946
3.71620202065		2.81965732574
3.71870207787		2.2310295105
3.72120213509		2.81458282471
3.72370314598		2.23610401154
3.72620511055		2.81458282471
3.728703022		2.23610401154
3.7312040329		2.81458282471
3.73370504379		2.24117851257
3.73620510101		2.80443382263
3.73870396614		2.24117851257
3.74120306969		2.80443382263
3.74370908737		2.24117851257
3.7462079525		2.79936027527
3.74870610237		2.24625301361
3.75120615959		2.79936027527
3.75370597839		2.25132751465
3.75621700287		2.79428577423
3.75870704651		2.25132751465
3.76120901108		2.79428577423
3.76370811462		2.26147556305
3.76621007919		2.78413677216
3.76870799065		2.26147556305
3.77121400833		2.77906227112
3.77371311188		2.26655006409
3.77621006966		2.77398777008
3.77871012688		2.27162456512
3.78121113777		2.77398777008
3.78371500969		2.27669906616
3.78621315956		2.76891326904
3.78871107101		2.2817735672
3.79121112823		2.76383876801
3.79370999336		2.28684806824
3.79621911049		2.75876522064
3.79871296883		2.2919216156
3.80121517181		2.74861621857
3.80371308327		2.29699611664
3.80621504784		2.73846721649
3.80871415138		2.31221961975
3.81121397018		2.72831821442
3.81371498108		2.31221961975
3.81621694565		2.72324466705
3.81871604919		2.32236862183
3.82121610641		2.71817016602
3.82371616364		2.32744312286
3.8262181282		2.71817016602
3.82871699333		2.33251667023
3.83121609688		2.70802116394
3.83371710777		2.33759117126
3.83622002602		2.70802116394
3.8387169838		2.34774017334
3.84121608734		2.69279766083
3.84372115135		2.35281467438
3.84622097015		2.68264961243
3.84872317314		2.36296367645
3.85121798515		2.67250061035
3.85372114182		2.37818622589
3.85622215271		2.66742610931
3.85872197151		2.38326072693
3.86122107506		2.65727710724
3.86372709274		2.38833522797
3.86622309685		2.6522026062
3.86872315407		2.39848423004
3.87122106552		2.6420545578
3.87372207642		2.40863323212
3.87622404099		2.6420545578
3.87872314453		2.41370677948
3.8812251091		2.62683105469
3.88372206688		2.42385578156
3.88622498512		2.62175655365
3.88872694969		2.42893028259
3.89122414589		2.61160755157
3.89372301102		2.44415378571
3.89622807503		2.60145950317
3.89872717857		2.45430183411
3.90122699738		2.5913105011
3.9037270546		2.45937633514
3.90622901917		2.58623600006
3.90872907639		2.46952533722
3.91122698784		2.57608699799
3.91372704506		2.47459983826
3.9162299633		2.56593894958
3.91872811317		2.4898223877
3.9212269783		2.55578994751
3.9237279892		2.49997138977
3.92623806		2.55071544647
3.92872905731		2.51012039185
3.93123102188		2.53549194336
3.93373012543		2.51012039185
3.93623304367		2.52534389496
3.93873095512		2.52534389496
3.94123101234		2.52026939392
3.9437379837		2.53041744232
3.94623208046		2.51012039185
3.94873213768		2.54564094543
3.95123100281		2.50504589081
3.95373296738		2.55071544647
3.95623397827		2.49489688873
3.95873212814		2.56593894958
3.96123504639		2.48474884033
3.96373510361		2.56593894958
3.96623802185		2.47967433929
3.96873497963		2.57608699799
3.97123408318		2.46445083618
3.97373604774		2.58623600006
3.97623801231		2.45430183411
3.97873401642		2.60145950317
3.98123502731		2.44415378571
3.98373699188		2.60653305054
3.98623895645		2.43400478363
3.98873901367		2.61160755157
3.99123716354		2.42385578156
3.99373817444		2.62175655365
3.99624609947		2.42385578156
3.99873614311		2.63698005676
4.00123810768		2.40863323212
4.00374412537		2.63698005676
4.00624418259		2.40355873108
4.00873994827		2.6522026062
4.01124000549		2.393409729
4.01374006271		2.65727710724
4.01624298096		2.38833522797
4.01874017715		2.66742610931
4.02123999596		2.37311172485
4.02374815941		2.67250061035
4.02624297142		2.36803817749
4.02874112129		2.68772315979
4.03124213219		2.36296367645
4.03374314308		2.68772315979
4.03624415398		2.35788917542
4.03874397278		2.69787216187
4.04124307632		2.3426656723
4.04374217987		2.7029466629
4.04624509811		2.3426656723
4.04877114296		2.70802116394
4.0512471199		2.33251667023
4.05374598503		2.71817016602
4.05624699593		2.31729412079
4.05874705315		2.72831821442
4.06124806404		2.31729412079
4.06374812126		2.73339271545
4.06624817848		2.30714511871
4.06874799728		2.74354171753
4.0712480545		2.30714511871
4.07374715805		2.74861621857
4.07624912262		2.29699611664
4.07874917984		2.7536907196
4.0812561512		2.2919216156
4.08375000954		2.75876522064
4.08625197411		2.28684806824
4.08875012398		2.75876522064
4.09125113487		2.2817735672
4.09375		2.76891326904
4.09625101089		2.27669906616
4.09874296188		2.77398777008
4.10124397278		2.27162456512
4.10374903679		2.78413677216
4.10625696182		2.26655006409
4.10875201225		2.78413677216
4.11125302315		2.25640106201
4.11375308037		2.78921127319
4.11625504494		2.25132751465
4.11875200272		2.79428577423
4.12125396729		2.24625301361
4.12375497818		2.79428577423
4.1262550354		2.24625301361
4.12875413895		2.79936027527
4.13125610352		2.24625301361
4.13375496864		2.80443382263
4.13625597954		2.24625301361
4.13875508308		2.80950832367
4.1412551403		2.24117851257
4.1437561512		2.80443382263
4.14625811577		2.23610401154
4.14875507355		2.80950832367
4.15125703812		2.2310295105
4.15375614166		2.81458282471
4.15625905991		2.23610401154
4.15876317024		2.81965732574
4.16125798225		2.22595500946
4.16375803947		2.81458282471
4.16626000404		2.2310295105
4.16875910759		2.81965732574
4.17125916481		2.22595500946
4.17376112938		2.81965732574
4.17626404762		2.22595500946
4.17876315117		2.81965732574
4.1812620163		2.22088050842
4.18376803398		2.81965732574
4.18626403809		2.22595500946
4.18876194954		2.82473182678
4.19126296043		2.22595500946
4.19376301765		2.82473182678
4.19626808167		2.22595500946
4.19876503944		2.81965732574
4.20126414299		2.22088050842
4.20376515388		2.81965732574
4.20626711845		2.22595500946
4.20876312256		2.82473182678
4.21126317978		2.22595500946
4.21376395226		2.81458282471
4.21626710892		2.22595500946
4.21876502037		2.81458282471
4.22126603127		2.2310295105
4.22376608849		2.81965732574
4.22626805305		2.2310295105
4.22876596451		2.81965732574
4.2312681675		2.2310295105
4.2337679863		2.81458282471
4.23627614975		2.22595500946
4.23876810074		2.81458282471
4.24126911163		2.2310295105
4.24376797676		2.81458282471
4.2462720871		2.23610401154
4.24877095222		2.80950832367
4.25127196312		2.24117851257
4.25377011299		2.80443382263
4.25627613068		2.24117851257
4.25877308846		2.79936027527
4.26127195358		2.25132751465
4.26377701759		2.79936027527
4.26627516747		2.25132751465
4.26877212524		2.78921127319
4.27127099037		2.25132751465
4.27377104759		2.78413677216
4.27627706528		2.25640106201
4.27877402306		2.78921127319
4.28127408028		2.26655006409
4.2837729454		2.78413677216
4.28627610207		2.26655006409
4.28877401352		2.77398777008
4.29127407074		2.27162456512
4.29377603531		2.77398777008
4.29628014565		2.2817735672
4.29877614975		2.76383876801
4.30127716064		2.2817735672
4.30377817154		2.75876522064
4.30627918243		2.28684806824
4.30877709389		2.7536907196
4.31127905846		2.29699611664
4.31378316879		2.7536907196
4.31628012657		2.30207061768
4.31878113747		2.74354171753
4.32128000259		2.30714511871
4.32378005981		2.73339271545
4.32628297806		2.31221961975
4.3287820816		2.73339271545
4.33128094673		2.32236862183
4.33378100395		2.72324466705
4.33628296852		2.32744312286
4.33878397942		2.71817016602
4.34128403664		2.33251667023
4.34379410744		2.70802116394
4.34628915787		2.33759117126
4.34878396988		2.69279766083
4.3512840271		2.34774017334
4.35378313065		2.69279766083
4.35629200935		2.35281467438
4.35878300667		2.68264961243
4.36128497124		2.36296367645
4.36378502846		2.67757511139
4.3662879467		2.36803817749
4.36878705025		2.67250061035
4.3712849617		2.38326072693
4.37378716469		2.65727710724
4.37628912926		2.38326072693
4.37878608704		2.6522026062
4.38129210472		2.393409729
4.38379216194		2.64712810516
4.38629198074		2.41370677948
4.38878798485		2.63190555573
4.39129495621		2.41370677948
4.3937921524		2.62683105469
4.39629817009		2.41370677948
4.39879012108		2.61160755157
4.4012901783		2.42893028259
4.40379095078		2.60653305054
4.40629816055		2.43400478363
4.40879201889		2.60653305054
4.41129016876		2.44922733307
4.41379117966		2.5913105011
4.41629695892		2.45430183411
4.41879200935		2.58623600006
4.42129397392		2.46952533722
4.42380595207		2.58116149902
4.4263010025		2.47459983826
4.42880105972		2.56086444855
4.43129515648		2.4898223877
4.43379306793		2.55071544647
4.43629908562		2.49489688873
4.4387960434		2.54564094543
4.44129800797		2.51012039185
4.44379615784		2.5405664444
4.44629812241		2.51519489288
4.44879603386		2.53041744232
4.45129704475		2.52026939392
4.4537961483		2.51519489288
4.45630097389		2.53041744232
4.45879817009		2.51012039185
4.46129918098		2.54564094543
4.46379899979		2.49997138977
4.46630001068		2.55071544647
4.46880507469		2.49489688873
4.4713010788		2.56086444855
4.47380304337		2.48474884033
4.47630310059		2.57101249695
4.47879910469		2.47459983826
4.48130011559		2.57101249695
4.48380017281		2.46445083618
4.48629999161		2.58116149902
4.48880314827		2.45430183411
4.49130296707		2.5913105011
4.49380207062		2.44922733307
4.49630498886		2.60145950317
4.49880504608		2.43907928467
4.50130295753		2.61160755157
4.50380802155		2.42893028259
4.50630712509		2.62175655365
4.50880503654		2.41878128052
4.51130509377		2.63190555573
4.51380395889		2.40863323212
4.51630711555		2.6420545578
4.51880598068		2.39848423004
4.52130508423		2.64712810516
4.52380609512		2.38833522797
4.52630805969		2.65727710724
4.52880811691		2.38833522797
4.53130602837		2.66742610931
4.53380608559		2.37818622589
4.5363099575		2.66742610931
4.53880810738		2.36803817749
4.54131197929		2.67757511139
4.54381012917		2.36296367645
4.54631495476		2.68772315979
4.54880809784		2.35281467438
4.55131006241		2.69787216187
4.55380916595		2.3426656723
4.55631303787		2.70802116394
4.55880999565		2.33759117126
4.56131196022		2.71817016602
4.56381201744		2.33251667023
4.5663151741		2.72324466705
4.56881308556		2.33251667023
4.57132697105		2.71817016602
4.57381415367		2.31729412079
4.57631611824		2.73339271545
4.57881307602		2.31221961975
4.58131408691		2.73846721649
4.58381915092		2.30714511871
4.58632302284		2.74354171753
4.58881497383		2.30207061768
4.59131598473		2.74861621857
4.5938141346		2.2919216156
4.59632110596		2.76383876801
4.59881615639		2.28684806824
4.60131597519		2.76383876801
4.60381603241		2.27669906616
4.60632014275		2.76383876801
4.60881710052		2.27162456512
4.61131715775		2.77398777008
4.61381602287		2.26655006409
4.61632013321		2.77906227112
4.61881804466		2.26655006409
4.62131810188		2.78413677216
4.62382411957		2.26147556305
4.62632107735		2.78921127319
4.62882018089		2.25640106201
4.63132095337		2.79428577423
4.63382101059		2.25132751465
4.63632297516		2.79936027527
4.63882017136		2.24625301361
4.64131903648		2.79936027527
4.64382100105		2.24117851257
4.64632511139		2.80443382263
4.64882206917		2.24117851257
4.65132117271		2.80443382263
4.65382194519		2.23610401154
4.65632414818		2.80443382263
4.65882396698		2.23610401154
4.6613240242		2.80950832367
4.66383099556		2.23610401154
4.66632604599		2.80950832367
4.66882395744		2.23610401154
4.67132401466		2.81458282471
4.67382502556		2.2310295105
4.67632699013		2.81458282471
4.67882609367		2.22595500946
4.68132805824		2.81965732574
4.6838259697		2.22595500946
4.68632602692		2.81965732574
4.68882799149		2.22595500946
4.69132804871		2.82473182678
4.69382810593		2.22088050842
4.69633197784		2.82473182678
4.69882917404		2.22088050842
4.70133399963		2.82473182678
4.70382905006		2.22595500946
4.70632910728		2.81965732574
4.70882916451		2.22088050842
4.7113301754		2.81965732574
4.7138299942		2.22595500946
4.71633195877		2.81458282471
4.71883106232		2.2310295105
4.72133111954		2.82473182678
4.72382998466		2.22595500946
4.72633314133		2.81965732574
4.72883200645		2.22595500946
4.73133111		2.81965732574
4.73383307457		2.22595500946
4.73633694649		2.81458282471
4.73883605003		2.2310295105
4.74133706093		2.81458282471
4.74384498596		2.2310295105
4.74634313583		2.81458282471
4.74883508682		2.2310295105
4.75133609772		2.80950832367
4.75383615494		2.23610401154
4.75635004044		2.81458282471
4.75883603096		2.24117851257
4.76133704185		2.80950832367
4.76383709908		2.24117851257
4.76633906364		2.80443382263
4.7688369751		2.24117851257
4.77133607864		2.79936027527
4.77383804321		2.24625301361
4.77634000778		2.79936027527
4.77884507179		2.25132751465
4.78134012222		2.78921127319
4.78384017944		2.25132751465
4.78633999825		2.78413677216
4.78884196281		2.25640106201
4.79134011269		2.78921127319
4.79384016991		2.26655006409
4.79634714127		2.78413677216
4.79884195328		2.26147556305
4.8013420105		2.77398777008
4.80384206772		2.27162456512
4.80634403229		2.77398777008
4.80884408951		2.27669906616
4.81134414673		2.76891326904
4.81384205818		2.2817735672
4.81634712219		2.76383876801
4.81884407997		2.2817735672
4.82134413719		2.7536907196
4.82385015488		2.2919216156
4.82634902		2.74354171753
4.82884716988		2.30207061768
4.83134818077		2.73846721649
4.83384609222		2.31221961975
4.83634710312		2.73339271545
4.83884716034		2.31729412079
4.84134697914		2.72324466705
4.84384918213		2.32236862183
4.84634995461		2.72324466705
4.84884810448		2.32744312286
4.85134911537		2.71817016602
4.85384917259		2.32744312286
4.85635495186		2.70802116394
4.85885000229		2.33759117126
4.86134910583		2.7029466629
4.86384916306		2.35281467438
4.86634898186		2.69279766083
4.86885213852		2.35281467438
4.87135195732		2.68264961243
4.87385511398		2.36296367645
4.87635302544		2.67757511139
4.87885212898		2.37311172485
4.88135194778		2.66742610931
4.88385105133		2.37818622589
4.8863530159		2.66235160828
4.88885402679		2.38326072693
4.89135408401		2.6522026062
4.89385604858		2.393409729
4.8963561058		2.64712810516
4.89885616302		2.40355873108
4.9013531208		2.63698005676
4.90386104584		2.41370677948
4.90635704994		2.62683105469
4.90885615349		2.41878128052
4.91135597229		2.61668205261
4.91385602951		2.43400478363
4.91635799408		2.60653305054
4.91885614395		2.44415378571
4.92135596275		2.60145950317
4.92385697365		2.45430183411
4.92636108398		2.59638500214
4.92885899544		2.45937633514
4.93136000633		2.58116149902
4.93386697769		2.46445083618
4.9363629818		2.58116149902
4.93886017799		2.47459983826
4.94135904312		2.56086444855
4.94386005402		2.48474884033
4.94636011124		2.55578994751
4.94886016846		2.49997138977
4.95136213303		2.55071544647
4.95386099815		2.50504589081
4.95636415482		2.5405664444
4.95886111259		2.51519489288
4.96136307716		2.52534389496
4.96386408806		2.52534389496
4.96636605263		2.52026939392
4.96886301041		2.53549194336
4.97136211395		2.51012039185
4.97386312485		2.5405664444
4.97636604309		2.50504589081
4.97886395454		2.55071544647
4.98136496544		2.49489688873
4.98387098312		2.55578994751
4.98636603355		2.48474884033
4.9888651371		2.57101249695
4.99136400223		2.47459983826
4.99386501312		2.57608699799
4.99638009071		2.46952533722
4.99886918068		2.58116149902
