0.000126838684082		2.11939334869
0.00281190872192		3.5199213028
0.00572085380554		1.59673213959
0.00844979286194		3.14441776276
0.011195898056		2.24625301361
0.0140409469604		2.47459983826
0.0168237686157		2.98711204529
0.0195717811584		1.75403785706
0.0223219394684		3.49962425232
0.0250837802887		1.54091453552
0.0278248786926		3.3220205307
0.0305759906769		2.01283168793
0.0333240032196		2.62683105469
0.0360767841339		2.84502887726
0.0388259887695		1.84537696838
0.0415759086609		3.45902919769
0.0443308353424		1.52569103241
0.0470938682556		3.41335964203
0.0498278141022		1.89612102509
0.0525767803192		2.75876522064
0.0553817749023		2.6420545578
0.0580778121948		1.95701313019
0.0608298778534		3.39813613892
0.063581943512		1.54091453552
0.0663387775421		3.46410369873
0.0690889358521		1.78448390961
0.0718629360199		2.91607093811
0.0745878219604		2.55071544647
0.0773329734802		2.07879829407
0.0800919532776		3.3118724823
0.0828428268433		1.57136058807
0.085599899292		3.50469875336
0.0883429050446		1.70329380035
0.0910949707031		3.03278160095
0.0938439369202		2.39848423004
0.0965988636017		2.2310295105
0.0993459224701		3.22053337097
0.102093935013		1.6119556427
0.104853868484		3.52499580383
0.107597827911		1.62717819214
0.110345840454		3.12919425964
0.113095998764		2.19043445587
0.115852832794		2.36296367645
0.118599891663		3.10889720917
0.121347904205		1.6728477478
0.124106884003		3.5199213028
0.126847982407		1.57136058807
0.129602909088		3.23068237305
0.132350921631		2.12954235077
0.135123968124		2.5405664444
0.137852907181		2.97696304321
0.140608787537		1.75911235809
0.143352985382		3.50469875336
0.146101951599		1.54091453552
0.148855924606		3.31694602966
0.151604890823		2.00775718689
0.154356002808		2.62683105469
0.157104969025		2.84502887726
0.159869909286		1.86567401886
0.162607908249		3.45902919769
0.165358781815		1.53076553345
0.168123960495		3.40321063995
0.170857906342		1.89104652405
0.173615932465		2.76891326904
0.176359891891		2.69787216187
0.179111003876		1.96716213226
0.181858778		3.39813613892
0.1846139431		1.53584003448
0.187359809875		3.46410369873
0.190111875534		1.78955841064
0.192862987518		2.89577293396
0.195611953735		2.55578994751
0.198361873627		2.0838727951
0.201115846634		3.31694602966
0.203871965408		1.561211586
0.206613779068		3.50469875336
0.209364891052		1.70329380035
0.212114810944		3.01755809784
0.214865922928		2.393409729
0.217616796494		2.21580600739
0.220366954803		3.22053337097
0.223131895065		1.65762519836
0.226000785828		3.52499580383
0.228745937347		1.58150959015
0.23149394989		3.22053337097
0.234244823456		2.15998840332
0.236994981766		2.46445083618
0.239743947983		3.00233459473
0.242495775223		1.73881530762
0.245248794556		3.50977325439
0.248017787933		1.54091453552
0.250747919083		3.3118724823
0.253504991531		2.02297973633
0.256248950958		2.60145950317
0.25899887085		2.86532688141
0.261748790741		1.83522796631
0.264503002167		3.46917819977
0.267248868942		1.53076553345
0.270006895065		3.39813613892
0.272787809372		1.87582302094
0.275496959686		2.73846721649
0.278244972229		2.72831821442
0.280993938446		1.93671607971
0.283747911453		3.40321063995
0.286508798599		1.53076553345
0.289256811142		3.44888019562
0.292004823685		1.79970741272
0.294758796692		2.88055038452
0.297506809235		2.57608699799
0.300255775452		2.06357479095
0.303077936172		3.23575687408
0.305882930756		1.59673213959
0.308641910553		3.52499580383
0.311401844025		1.63732719421
0.314136981964		3.09874820709
0.316883802414		2.31221961975
0.319633960724		2.30714511871
0.322383880615		3.14949226379
0.325138807297		1.65255069733
0.327907800674		3.5199213028
0.330635786057		1.58658313751
0.333395957947		3.2103843689
0.33614397049		2.17521095276
0.338888883591		2.44415378571
0.341637849808		3.02263259888
0.344391822815		1.72866630554
0.347138881683		3.50977325439
0.349895954132		1.54598808289
0.352640867233		3.29664897919
0.355391979218		2.04835224152
0.358141899109		2.58623600006
0.360891819		2.88562393188
0.363650798798		1.82507896423
0.36639380455		3.47425174713
0.36914396286		1.52569103241
0.371893882751		3.37783908844
0.374646902084		1.92656707764
0.377396821976		2.71817016602
0.380146980286		2.73339271545
0.382895946503		1.93164157867
0.385646820068		3.4235086441
0.388396978378		1.53076553345
0.391168832779		3.46410369873
0.393997907639		1.74896335602
0.39679479599		2.97696304321
0.399525880814		2.46952533722
0.402275800705		2.15491390228
0.405028820038		3.27127742767
0.407775878906		1.58658313751
0.410528898239		3.51484680176
0.413285970688		1.65255069733
0.416042804718		3.08859920502
0.418776988983		2.33759117126
0.421528816223		2.2817735672
0.42428278923		3.16471481323
0.427029848099		1.64747619629
0.429778814316		3.52499580383
0.4325299263		1.59673213959
0.435281991959		3.17993831635
0.438033819199		2.20058345795
0.440782785416		2.42385578156
0.4435338974		3.04292964935
0.446282863617		1.70836830139
0.449031829834		3.51484680176
0.451783895493		1.55106258392
0.454535961151		3.28142547607
0.457285881042		2.06864929199
0.460037946701		2.56593894958
0.462785005569		2.91099643707
0.465540885925		1.80478191376
0.468287944794		3.48440074921
0.471035957336		1.52569103241
0.473795890808		3.36261558533
0.476530790329		1.95193862915
0.479291915894		2.7029466629
0.482036828995		2.76383876801
0.484795808792		1.91641807556
0.487541913986		3.42858314514
0.490290880203		1.53076553345
0.493042945862		3.46917819977
0.495793819427		1.83015346527
0.498542785645		2.83488082886
0.501293897629		2.62175655365
0.504074811935		2.04835224152
0.506794929504		3.35754108429
0.509543895721		1.54598808289
0.512298822403		3.48440074921
0.515046834946		1.74388885498
0.517795801163		2.9617395401
0.520545959473		2.47459983826
0.523305892944		2.15491390228
0.526048898697		3.27127742767
0.528799772263		1.58658313751
0.531548976898		3.51484680176
0.534299850464		1.66269874573
0.537054777145		3.08352470398
0.539875984192		2.25640106201
0.542552947998		2.27669906616
0.545300960541		3.16471481323
0.548052787781		1.64240169525
0.550800800323		3.52499580383
0.553552865982		1.59165763855
0.556309938431		3.18501281738
0.559055805206		2.1701374054
0.561804771423		2.41370677948
0.564555883408		3.04292964935
0.567338943481		1.73881530762
0.570055961609		3.51484680176
0.5728058815		1.55106258392
0.575555801392		3.27635097504
0.578311920166		2.06864929199
0.581056833267		2.55071544647
0.583808898926		2.91607093811
0.586558818817		1.79463291168
0.589309930801		3.47932624817
0.592074871063		1.52569103241
0.594812870026		3.35754108429
0.597559928894		1.94686412811
0.60031580925		2.69787216187
0.603061914444		2.67250061035
0.605941772461		2.00775718689
0.608688831329		3.3727645874
0.611438989639		1.54091453552
0.614198923111		3.48440074921
0.616940975189		1.75911235809
0.619689941406		2.94144248962
0.622438907623		2.50504589081
0.625190973282		2.12954235077
0.627941846848		3.28142547607
0.63068985939		1.57643508911
0.633450984955		3.51484680176
0.636192798615		1.67792224884
0.638942956924		3.06830215454
0.641692876816		2.35788917542
0.644447803497		2.26147556305
0.647216796875		3.13934326172
0.64994597435		1.62717819214
0.652699947357		3.52499580383
0.655447006226		1.59673213959
0.658196926117		3.16471481323
0.660947799683		2.22595500946
0.663697957993		2.393409729
0.666450977325		3.0632276535
0.669199943542		1.69822025299
0.671966791153		3.51484680176
0.674695968628		1.56628608704
0.677439928055		3.25605392456
0.680206775665		2.07879829407
0.68294095993		2.52026939392
0.685704946518		2.92621898651
0.688452959061		1.78448390961
0.691201925278		3.48947525024
0.694037914276		1.53076553345
0.696829795837		3.41335964203
0.69957780838		1.8707485199
0.70233297348		2.78921127319
0.705081939697		2.67250061035
0.70782995224		1.98745918274
0.710579872131		3.38798809052
0.71334195137		1.54091453552
0.716082811356		3.46917819977
0.718830823898		1.76926136017
0.721581935883		2.91607093811
0.724334001541		2.52534389496
0.727083921432		2.13969039917
0.729834794998		3.30679798126
0.732583999634		1.57136058807
0.735348939896		3.50977325439
0.738091945648		1.68299674988
0.740835905075		3.05815315247
0.743587970734		2.38833522797
0.746338844299		2.24625301361
0.749087810516		3.20023536682
0.751839876175		1.6221036911
0.754591941833		3.52499580383
0.757339000702		1.6221036911
0.760111808777		3.16471481323
0.762841939926		2.24117851257
0.765594005585		2.37818622589
0.768340826035		3.08352470398
0.771090984344		1.68299674988
0.773850917816		3.5199213028
0.776593923569		1.56628608704
0.77934384346		3.25097942352
0.78209400177		2.11431884766
0.784841775894		2.51012039185
0.78758597374		2.9617395401
0.790333986282		1.75911235809
0.793088912964		3.45395469666
0.795977830887		1.53076553345
0.798722982407		3.39813613892
0.801472902298		1.88597202301
0.804223775864		2.76383876801
0.806972980499		2.67250061035
0.809723854065		1.96716213226
0.812474966049		3.39813613892
0.815240859985		1.54091453552
0.817975997925		3.46917819977
0.820724964142		1.78448390961
0.823495864868		2.91607093811
0.826231956482		2.5405664444
0.828977823257		2.0838727951
0.831727981567		3.31694602966
0.834479808807		1.56628608704
0.83722782135		3.50469875336
0.840000867844		1.68299674988
0.8427298069		3.01755809784
0.845481872559		2.39848423004
0.848232984543		2.21580600739
0.85098195076		3.22053337097
0.853739976883		1.6119556427
0.856481790543		3.52499580383
0.859232902527		1.62717819214
0.861982822418		3.12919425964
0.864733934402		2.26655006409
0.86748290062		2.35281467438
0.870233774185		3.10889720917
0.872986793518		1.69314575195
0.875726938248		3.5199213028
0.878477811813		1.57136058807
0.881227970123		3.22560787201
0.884064912796		2.06864929199
0.886738777161		2.49489688873
0.889488935471		2.98203754425
0.892239809036		1.75911235809
0.894992828369		3.49454975128
0.897740840912		1.54091453552
0.900489807129		3.3220205307
0.903268814087		1.96208763123
0.905991792679		2.62683105469
0.908746004105		2.82980632782
0.91149187088		1.85045146942
0.914246797562		3.45902919769
0.916994810104		1.52569103241
0.919743776321		3.40321063995
0.92249584198		1.89104652405
0.92524600029		2.76383876801
0.928010940552		2.67757511139
0.930745840073		1.96208763123
0.93350481987		3.39306259155
0.936261892319		1.54091453552
0.93899679184		3.46410369873
0.94174695015		1.78955841064
0.944500923157		2.89577293396
0.947247982025		2.55071544647
0.949998855591		2.0838727951
0.952749967575		3.31694602966
0.955630779266		1.60688114166
0.95837688446		3.52499580383
0.961127996445		1.63225269318
0.963877916336		3.11904525757
0.966628789902		2.28684806824
0.969377994537		2.32744312286
0.972128868103		3.12919425964
0.974881887436		1.66777324677
0.977636814117		3.52499580383
0.980381965637		1.58150959015
0.983131885529		3.27127742767
0.98588180542		2.14983940125
0.98863196373		2.46952533722
0.99139380455		2.98711204529
0.994149923325		1.75403785706
0.996881961823		3.50469875336
0.999632835388		1.54598808289
1.00238394737		3.30679798126
1.00513577461		2.02297973633
1.00788593292		2.60653305054
1.01063680649		2.86025238037
1.01339483261		1.84030246735
1.01615786552		3.45902919769
1.01888585091		1.53076553345
1.02163696289		3.38798809052
1.02438879013		1.90626907349
1.02713799477		2.74861621857
1.02988982201		2.71309566498
1.03263878822		1.94178962708
1.03538990021		3.40828514099
1.03813886642		1.53584003448
1.04088997841		3.45395469666
1.04364681244		1.80478191376
1.04639482498		2.87547588348
1.04914283752		2.57608699799
1.05189299583		2.06357479095
1.05464577675		3.33216953278
1.05739378929		1.55613708496
1.0601439476		3.49962425232
1.06289696693		1.71851730347
1.0656478405		3.00233459473
1.06839680672		2.43400478363
1.07114481926		2.21580600739
1.07393479347		3.20530986786
1.07663989067		1.59673213959
1.0794069767		3.52499580383
1.08213996887		1.64240169525
1.08490586281		3.12411975861
1.08765077591		2.28684806824
1.09039998055		2.32744312286
1.09315180779		3.06830215454
1.09590482712		1.66269874573
1.09865188599		3.52499580383
1.10140299797		1.58658313751
1.10417795181		3.23068237305
1.10690283775		2.15998840332
1.10965299606		2.45937633514
1.11240792274		3.00233459473
1.11516189575		1.75911235809
1.11791396141		3.50977325439
1.12065577507		1.54598808289
1.12341690063		3.3118724823
1.12615799904		2.02805423737
1.12890791893		2.60145950317
1.13165688515		2.87040138245
1.13440895081		1.83522796631
1.13715982437		3.46917819977
1.13990783691		1.53076553345
1.14265990257		3.38291358948
1.14541387558		1.90626907349
1.14815998077		2.73846721649
1.15090894699		2.73339271545
1.15366792679		1.95193862915
1.15641188622		3.40828514099
1.15916180611		1.53584003448
1.16191291809		3.44888019562
1.16466999054		1.79970741272
1.16742682457		2.89069843292
1.17016386986		2.58116149902
1.17291498184		2.06357479095
1.17566680908		3.33216953278
1.17841696739		1.55613708496
1.18116593361		3.49962425232
1.18395876884		1.69314575195
1.18666577339		2.99726104736
1.18941783905		2.43907928467
1.19219088554		2.20565795898
1.19492197037		3.23575687408
1.19766998291		1.60180664062
1.2004199028		3.5199213028
1.20325183868		1.60180664062
1.2059237957		3.10889720917
1.20867085457		2.29699611664
1.2114379406		2.33759117126
1.2141828537		3.11904525757
1.2169239521		1.66269874573
1.21967291832		3.53007030487
1.22242593765		1.58658313751
1.22517681122		3.21545886993
1.22792696953		2.16506290436
1.23067593575		2.45937633514
1.23343491554		2.99726104736
1.23617482185		1.73374080658
1.23892593384		3.50977325439
1.24167990685		1.54091453552
1.24442982674		3.30679798126
1.24717783928		2.00775718689
1.24993491173		2.60145950317
1.25267982483		2.86532688141
1.25544500351		1.85552597046
1.25818181038		3.46917819977
1.26093387604		1.53076553345
1.26368093491		3.38291358948
1.26643300056		1.91134357452
1.26918196678		2.73339271545
1.27193379402		2.71817016602
1.27469086647		1.94178962708
1.27742385864		3.41843414307
1.28019189835		1.53584003448
1.28292489052		3.44380569458
1.28568792343		1.80478191376
1.28843998909		2.87040138245
1.29118680954		2.58116149902
1.29402184486		2.14476490021
1.29681491852		3.25605392456
1.29956388474		1.59165763855
1.30231380463		3.51484680176
1.30506682396		1.64747619629
1.30781388283		3.09367370605
1.31056499481		2.32236862183
1.31332492828		2.31221961975
1.31606483459		3.15456676483
1.31881690025		1.64747619629
1.32156682014		3.52499580383
1.32431983948		1.58658313751
1.32706880569		3.2103843689
1.32981777191		2.18535995483
1.3325688839		2.43907928467
1.33534789085		2.97188854218
1.33807182312		1.7235918045
1.34082078934		3.51484680176
1.34357190132		1.55106258392
1.34632086754		3.28649997711
1.34907197952		2.05342674255
1.35182380676		2.58116149902
1.35457396507		2.89069843292
1.35732197762		1.80985641479
1.36008787155		3.47425174713
1.36282396317		1.52569103241
1.36557579041		3.3727645874
1.36834287643		1.9214925766
1.37107896805		2.71817016602
1.3738348484		2.73846721649
1.37657785416		1.91641807556
1.37932777405		3.4235086441
1.38207888603		1.53076553345
1.38483381271		3.44380569458
1.38757896423		1.8200044632
1.3903298378		2.84502887726
1.39308094978		2.49489688873
1.39595890045		2.14983940125
1.39870595932		3.27635097504
1.40145683289		1.58658313751
1.40420794487		3.5199213028
1.40695595741		1.66269874573
1.40970778465		3.06830215454
1.41245698929		2.3426656723
1.4152097702		2.31221961975
1.41796183586		3.16471481323
1.42071580887		1.64240169525
1.42347478867		3.52499580383
1.42621397972		1.59673213959
1.42896080017		3.17993831635
1.43171191216		2.20565795898
1.43446397781		2.41878128052
1.43721294403		3.05307865143
1.43996286392		1.70836830139
1.44271492958		3.51484680176
1.44546699524		1.55106258392
1.44823694229		3.29664897919
1.45097398758		2.06864929199
1.45372486115		2.56593894958
1.4564678669		2.91607093811
1.45921778679		1.79970741272
1.4619679451		3.47932624817
1.46472096443		1.53076553345
1.4674808979		3.3727645874
1.47021985054		1.95701313019
1.47296977043		2.73339271545
1.47571086884		2.78413677216
1.47846388817		1.89612102509
1.48121285439		3.43873119354
1.48404884338		1.53584003448
1.48672389984		3.4336566925
1.48947381973		1.84030246735
1.49222397804		2.82980632782
1.49497485161		2.62175655365
1.49772381783		2.01790523529
1.50047397614		3.36261558533
1.50323295593		1.55613708496
1.50598192215		3.48947525024
1.50872683525		1.74896335602
1.51149392128		2.98711204529
1.51422786713		2.47967433929
1.51697778702		2.14476490021
1.51972699165		3.27635097504
1.52247881889		1.58150959015
1.52522993088		3.5199213028
1.52797889709		1.66777324677
1.53073096275		3.07337665558
1.53348779678		2.33759117126
1.53624582291		2.2919216156
1.53898191452		3.17486381531
1.54173183441		1.63732719421
1.54448890686		3.53007030487
1.54723286629		1.60180664062
1.54998397827		3.17486381531
1.55273389816		2.20565795898
1.55548596382		2.41370677948
1.55823397636		3.05815315247
1.5609858036		1.70836830139
1.5637447834		3.51484680176
1.56648778915		1.55613708496
1.56923794746		3.27635097504
1.57198882103		2.07372379303
1.57473993301		2.55071544647
1.57748985291		2.92114448547
1.58023881912		1.79463291168
1.58298897743		3.47425174713
1.58574199677		1.53076553345
1.58849287033		3.35754108429
1.59124588966		1.9214925766
1.59406590462		2.76891326904
1.59674286842		2.77906227112
1.59950780869		1.91134357452
1.60224294662		3.4336566925
1.60499596596		1.52569103241
1.60774278641		3.4336566925
1.61049580574		1.84030246735
1.61325597763		2.83488082886
1.61599588394		2.63698005676
1.61874699593		2.01283168793
1.62149596214		3.36261558533
1.62426877022		1.55613708496
1.62699794769		3.48440074921
1.62974882126		1.74896335602
1.63249897957		2.9515914917
1.63524985313		2.4898223877
1.63800096512		2.13969039917
1.64074993134		3.28142547607
1.64350891113		1.58658313751
1.64625287056		3.5199213028
1.64901781082		1.65762519836
1.65175294876		3.07337665558
1.654504776		2.34774017334
1.65725398064		2.27669906616
1.66000390053		3.17993831635
1.66275382042		1.63732719421
1.66550779343		3.53007030487
1.66825485229		1.60688114166
1.67100596428		3.17486381531
1.67376589775		2.20565795898
1.67650294304		2.39848423004
1.67925000191		3.04292964935
1.6819999218		1.70329380035
1.68476486206		3.51484680176
1.68752288818		1.55106258392
1.6902589798		3.27127742767
1.69300889969		2.00268268585
1.69576191902		2.55071544647
1.69851183891		2.92114448547
1.70126080513		1.79463291168
1.70405197144		3.47425174713
1.70676183701		1.53076553345
1.70951294899		3.35246753693
1.71227884293		1.94686412811
1.71501779556		2.68772315979
1.71776485443		2.78413677216
1.72051787376		1.90119457245
1.72327399254		3.4235086441
1.7260158062		1.53076553345
1.72876691818		3.4235086441
1.73151683807		1.85045146942
1.73426985741		2.82473182678
1.73701691628		2.6420545578
1.73976778984		2.01283168793
1.74251890182		3.36769008636
1.74527096748		1.54598808289
1.7480199337		3.47932624817
1.75076985359		1.75911235809
1.75353097916		2.9617395401
1.75626993179		2.49489688873
1.75902295113		2.13969039917
1.76177692413		3.27635097504
1.76452684402		1.58150959015
1.76727294922		3.5199213028
1.77002286911		1.66777324677
1.77277398109		3.06830215454
1.77553677559		2.33759117126
1.77827382088		2.26655006409
1.78102493286		3.17993831635
1.78377580643		1.63225269318
1.78651881218		3.53007030487
1.7892677784		1.60688114166
1.79201698303		3.16978931427
1.79478693008		2.20058345795
1.79752898216		2.40863323212
1.80029988289		3.03785610199
1.80302882195		1.72866630554
1.80577898026		3.5199213028
1.8085308075		1.561211586
1.81127882004		3.27127742767
1.8140668869		2.05342674255
1.81678390503		2.54564094543
1.8195309639		2.92621898651
1.82228183746		1.78955841064
1.82503390312		3.48947525024
1.82778382301		1.53584003448
1.830534935		3.35246753693
1.83329486847		1.95193862915
1.83603596687		2.67757511139
1.83878588676		2.78413677216
1.8415389061		1.89612102509
1.84428787231		3.44380569458
1.84704399109		1.53076553345
1.84979081154		3.42858314514
1.85253977776		1.85045146942
1.85529088974		2.84502887726
1.85803985596		2.6420545578
1.86079096794		2.00775718689
1.86355400085		3.35246753693
1.86629080772		1.54598808289
1.86904096603		3.48440074921
1.87181186676		1.73881530762
1.87454199791		2.94144248962
1.87728691101		2.50504589081
1.88003492355		2.12954235077
1.88278579712		3.29157447815
1.88554978371		1.58150959015
1.88831186295		3.5199213028
1.89104390144		1.66777324677
1.89380383492		3.06830215454
1.89655184746		2.35281467438
1.89929699898		2.26655006409
1.90204787254		3.17993831635
1.90480089188		1.63225269318
1.90754890442		3.52499580383
1.91029787064		1.6119556427
1.91304898262		3.23068237305
1.91580486298		2.21580600739
1.91855192184		2.40355873108
1.92130184174		3.06830215454
1.92406082153		1.70329380035
1.92680096626		3.51484680176
1.92955589294		1.561211586
1.9323079586		3.26620292664
1.93505382538		2.09402179718
1.93780589104		2.5405664444
1.94055700302		2.93129348755
1.9433119297		1.8200044632
1.9460568428		3.48947525024
1.94880700111		1.53584003448
1.95156979561		3.36261558533
1.95430898666		1.96208763123
1.95705795288		2.68264961243
1.9598069191		2.78921127319
1.96255898476		1.88597202301
1.965310812		3.44380569458
1.96805977821		1.53076553345
1.97080993652		3.4235086441
1.97356987		1.85045146942
1.9763379097		2.83488082886
1.97906184196		2.64712810516
1.98181200027		2.00775718689
1.98456478119		3.3727645874
1.98731398582		1.54598808289
1.99006390572		3.47932624817
1.99281597137		1.75403785706
1.99556589127		2.94651699066
1.99831485748		2.50504589081
2.00106596947		2.12954235077
2.0038228035		3.28142547607
2.00656700134		1.57643508911
2.00931978226		3.51484680176
2.0120677948		1.6728477478
2.01481795311		3.05815315247
2.01757693291		2.35281467438
2.02031898499		2.26147556305
2.02306890488		3.11397171021
2.02582383156		1.63732719421
2.0285718441		3.53007030487
2.03132081032		1.59673213959
2.03408288956		3.17486381531
2.03682398796		2.22088050842
2.03958678246		2.42385578156
2.04232382774		3.0632276535
2.04507780075		1.69822025299
2.04782390594		3.51484680176
2.05057382584		1.561211586
2.05333089828		3.27127742767
2.05607581139		2.09402179718
2.05882787704		2.53549194336
2.06157779694		2.93129348755
2.06434583664		1.79970741272
2.06707882881		3.48947525024
2.06982779503		1.53584003448
2.07258081436		3.35246753693
2.07532691956		1.9722366333
2.07806992531		2.66742610931
2.08082199097		2.80443382263
2.08357691765		1.88597202301
2.086332798		3.44380569458
2.08908295631		1.53076553345
2.09183382988		3.4235086441
2.09458589554		1.85552597046
2.09733390808		2.80950832367
2.1000828743		2.64712810516
2.10283899307		2.00268268585
2.10558581352		3.36769008636
2.10833382607		1.54598808289
2.11108589172		3.47932624817
2.11383795738		1.75403785706
2.11658787727		2.94144248962
2.11933588982		2.46952533722
2.12208795547		2.14476490021
2.12484884262		3.28142547607
2.12760186195		1.58658313751
2.13033795357		3.50977325439
2.13308882713		1.65255069733
2.13583993912		3.05307865143
2.13859200478		2.36296367645
2.14134097099		2.25132751465
2.14410090446		3.18501281738
2.14684200287		1.62717819214
2.14959192276		3.52499580383
2.15236377716		1.60180664062
2.15509390831		3.16471481323
2.15784192085		2.2310295105
2.16059398651		2.393409729
2.16335487366		3.0632276535
2.16609477997		1.69314575195
2.16884589195		3.5199213028
2.17159581184		1.561211586
2.17434883118		3.2611284256
2.17709898949		2.09402179718
2.17984700203		2.53041744232
2.1825978756		2.94144248962
2.1853518486		1.78448390961
2.18810582161		3.48947525024
2.1908519268		1.53584003448
2.19360995293		3.35754108429
2.19634890556		1.97731018066
2.19910097122		2.66742610931
2.20185184479		2.79936027527
2.20460581779		1.88597202301
2.20735192299		3.4336566925
2.21010279655		1.53076553345
2.21285581589		3.4235086441
2.21561789513		1.84030246735
2.21835494041		2.80950832367
2.22110581398		2.6522026062
2.22385692596		1.99760818481
2.22660899162		3.37783908844
2.22936296463		1.54598808289
2.23220777512		3.50469875336
2.23498892784		1.68299674988
2.23773598671		3.03785610199
2.24048781395		2.38326072693
2.24325299263		2.2817735672
2.24598789215		3.20023536682
2.24873781204		1.6221036911
2.25148677826		3.52499580383
2.25423789024		1.61703014374
2.25698900223		3.14949226379
2.25973892212		2.24117851257
2.26248884201		2.36803817749
2.26524281502		3.08859920502
2.26798987389		1.68299674988
2.27073979378		3.5199213028
2.27350592613		1.561211586
2.27623295784		3.24083042145
2.27898097038		2.12446784973
2.28173279762		2.49997138977
2.28449988365		2.9515914917
2.2872428894		1.77433586121
2.28999590874		3.49454975128
2.29274392128		1.53584003448
2.2955198288		3.3727645874
2.29824495316		1.99253368378
2.30099582672		2.6522026062
2.30374693871		2.81965732574
2.30649590492		1.8707485199
2.30924677849		3.45902919769
2.31199979782		1.52569103241
2.31474900246		3.40828514099
2.31749892235		1.87582302094
2.32026386261		2.79936027527
2.32299995422		2.63698005676
2.32575082779		1.9823846817
2.32851791382		3.3727645874
2.33124995232		1.54091453552
2.33403778076		3.48440074921
2.33675098419		1.77433586121
2.33950185776		2.91099643707
2.34225296974		2.53041744232
2.34500694275		2.10416984558
2.34775185585		3.30679798126
2.35050392151		1.56628608704
2.35326290131		3.50977325439
2.35600399971		1.69314575195
2.35876178741		3.04292964935
2.36150693893		2.393409729
2.36425900459		2.2310295105
2.36700582504		3.20530986786
2.36975693703		1.61703014374
2.37250900269		3.52499580383
2.37526082993		1.6119556427
2.37801098824		3.14441776276
2.38075900078		2.25132751465
2.38353300095		2.40355873108
2.38625979424		3.09367370605
2.38901185989		1.67792224884
2.39177179337		3.5199213028
2.39451289177		1.56628608704
2.39726400375		3.24083042145
2.40001296997		2.11939334869
2.40276288986		2.50504589081
2.40551877022		2.95666599274
2.40830898285		1.79970741272
2.41101694107		3.49962425232
2.41377592087		1.53584003448
2.41651797295		3.33216953278
2.41926598549		1.99253368378
2.42201781273		2.64712810516
2.42476987839		2.82473182678
2.42751789093		1.86567401886
2.43026781082		3.45902919769
2.43301892281		1.53584003448
2.43577289581		3.41335964203
2.43851995468		1.87582302094
2.44126987457		2.77906227112
2.4440639019		2.63698005676
2.44677090645		1.9722366333
2.44952082634		3.39306259155
2.45227193832		1.54091453552
2.45502495766		3.46410369873
2.45777487755		1.77940940857
2.46052289009		2.90592193604
2.46328186989		2.51519489288
2.46602487564		2.10416984558
2.46877479553		3.3118724823
2.47154784203		1.58150959015
2.47427487373		3.50469875336
2.47701978683		1.69822025299
2.47976779938		3.02263259888
2.48252081871		2.40355873108
2.48528599739		2.24117851257
2.48802995682		3.2103843689
2.49078178406		1.61703014374
2.49353981018		3.52499580383
2.49630093575		1.61703014374
2.49903178215		3.14441776276
2.50178289413		2.26147556305
2.50454998016		2.38326072693
2.50728297234		3.09874820709
2.51003098488		1.67792224884
2.51278495789		3.5199213028
2.51553678513		1.56628608704
2.51828479767		3.24590492249
2.52103686333		2.11939334869
2.52379798889		2.51519489288
2.52653598785		2.96681404114
2.52929282188		1.76418685913
2.5320379734		3.49962425232
2.53478884697		1.54091453552
2.53753781319		3.32709503174
2.54028892517		1.99760818481
2.54303884506		2.67250061035
2.5457918644		2.81965732574
2.54854083061		1.86567401886
2.55129098892		3.45395469666
2.55407500267		1.53584003448
2.55679178238		3.40828514099
2.55955696106		1.85552597046
2.56229400635		2.77398777008
2.56504392624		2.68264961243
2.56780385971		1.98745918274
2.57054281235		3.39813613892
2.57330393791		1.54091453552
2.57604598999		3.46917819977
2.57879686356		1.77433586121
2.5815448761		2.900847435
2.58432078362		2.51519489288
2.58704781532		2.09909534454
2.58979988098		3.30679798126
2.59255099297		1.57136058807
2.59529995918		3.50469875336
2.59804987907		1.69314575195
2.60080099106		3.02770709991
2.60355782509		2.393409729
2.60629987717		2.2310295105
2.60904979706		3.21545886993
2.61179995537		1.6119556427
2.61455893517		3.52499580383
2.61730384827		1.6221036911
2.62005591393		3.13934326172
2.62280297279		2.26147556305
2.62555599213		2.35788917542
2.62830400467		3.10382270813
2.63105487823		1.67792224884
2.63381385803		3.5199213028
2.63655686378		1.57643508911
2.63930583		3.24590492249
2.64205789566		2.12954235077
2.64480876923		2.49997138977
2.64757990837		2.92114448547
2.6503098011		1.75911235809
2.65305995941		3.47932624817
2.65581393242		1.54091453552
2.65856099129		3.32709503174
2.66131186485		2.00268268585
2.66406989098		2.6420545578
2.66681194305		2.83488082886
2.66956186295		1.85552597046
2.67232680321		3.45395469666
2.67506098747		1.53076553345
2.6778049469		3.40321063995
2.6805729866		1.88089752197
2.68331098557		2.77906227112
2.68606686592		2.68772315979
2.68881583214		1.96716213226
2.69156694412		3.39813613892
2.69431877136		1.54091453552
2.697067976		3.46917819977
2.69982194901		1.77940940857
2.70256781578		2.900847435
2.70532083511		2.5405664444
2.70806884766		2.08894729614
2.71081995964		3.31694602966
2.71357989311		1.57136058807
2.71632099152		3.50977325439
2.71906900406		1.69314575195
2.72182178497		3.02263259888
2.72457289696		2.37311172485
2.72734498978		2.26147556305
2.73007392883		3.21545886993
2.73282194138		1.6119556427
2.73558878899		3.53007030487
2.73832583427		1.6221036911
2.74107885361		3.13934326172
2.74383878708		2.25132751465
2.74657583237		2.36296367645
2.7493288517		3.10382270813
2.75207686424		1.67792224884
2.7548289299		3.5199213028
2.75757694244		1.57136058807
2.76035189629		3.25097942352
2.76308083534		2.04835224152
2.76595783234		2.62175655365
2.7687048912		2.85517787933
2.77145600319		1.84030246735
2.77421188354		3.46410369873
2.77695798874		1.53076553345
2.77970790863		3.39813613892
2.78245687485		1.90626907349
2.78521084785		2.75876522064
2.78795099258		2.71817016602
2.7906999588		1.94178962708
2.79345393181		3.40828514099
2.79621291161		1.53584003448
2.79896092415		3.45395469666
2.80171084404		1.80478191376
2.8044629097		2.89069843292
2.80721282959		2.56593894958
2.8099629879		2.06357479095
2.81271290779		3.3220205307
2.81546592712		1.56628608704
2.81821393967		3.49962425232
2.82096600533		1.70836830139
2.82372879982		3.03278160095
2.82646584511		2.42385578156
2.82921600342		2.20058345795
2.83196496964		3.23575687408
2.83471798897		1.60688114166
2.83746886253		3.52499580383
2.84021997452		1.63225269318
2.84296894073		3.14441776276
2.84572100639		2.2817735672
2.84848594666		2.34774017334
2.8512198925		3.12411975861
2.85400891304		1.68807125092
2.85672593117		3.52499580383
2.85947179794		1.58150959015
2.86222290993		3.22053337097
2.86497282982		2.14983940125
2.86772584915		2.47459983826
2.87048196793		2.98711204529
2.87323284149		1.74896335602
2.87596797943		3.50977325439
2.878718853		1.54091453552
2.88146781921		3.30679798126
2.88423585892		2.01283168793
2.88697695732		2.61160755157
2.88972687721		2.86025238037
2.8924779892		1.84030246735
2.89522981644		3.46410369873
2.89797878265		1.53076553345
2.90072989464		3.39306259155
2.90348696709		1.86567401886
2.90622997284		2.74861621857
2.90897989273		2.71817016602
2.91174197197		1.95701313019
2.91448187828		3.40321063995
2.91723179817		1.53584003448
2.91998291016		3.45902919769
2.92273283005		1.80478191376
2.92548894882		2.88562393188
2.92823290825		2.57101249695
2.93098688126		2.07372379303
2.93374490738		3.3220205307
2.93650698662		1.56628608704
2.939234972		3.49454975128
2.94198799133		1.71344280243
2.9447388649		3.00740909576
2.94748592377		2.42893028259
2.95023584366		2.19550895691
2.95298886299		3.20530986786
2.95574593544		1.60688114166
2.95849084854		3.52499580383
2.96124196053		1.63732719421
2.96403288841		3.14949226379
2.96674084663		2.2919216156
2.96949291229		2.32744312286
2.97224187851		3.12919425964
2.97499489784		1.66269874573
2.97774577141		3.53007030487
2.98049283028		1.58150959015
2.9832508564		3.22053337097
2.98599481583		2.14983940125
2.98874497414		2.46445083618
2.99149394035		2.97188854218
2.99424695969		1.74388885498
2.99699687958		3.50977325439
2.99975895882		1.53584003448
3.00249791145		3.3118724823
3.00524783134		2.02805423737
3.00799894333		2.60653305054
3.01074886322		2.86532688141
3.01350879669		1.84030246735
3.0162498951		3.46917819977
3.01900076866		1.53076553345
3.02175378799		3.38798809052
3.02451896667		1.89612102509
3.02725291252		2.74861621857
3.03000187874		2.71817016602
3.03275680542		1.95193862915
3.03550887108		3.40828514099
3.03825497627		1.53076553345
3.04100990295		3.45902919769
3.04375696182		1.79970741272
3.04650688171		2.88055038452
3.04925584793		2.57608699799
3.05200695992		2.06864929199
3.05476093292		3.32709503174
3.05750584602		1.55613708496
3.06025695801		3.49962425232
3.06300783157		1.69314575195
3.06576085091		3.00233459473
3.0685107708		2.43400478363
3.07126092911		2.19043445587
3.07404184341		3.21545886993
3.0767519474		1.59165763855
3.07950282097		3.52499580383
3.08225393295		1.63732719421
3.0850379467		3.14441776276
3.08777594566		2.27669906616
3.0905148983		2.32744312286
3.09327292442		3.11904525757
3.09601378441		1.66269874573
3.09876489639		3.52499580383
3.10151481628		1.58150959015
3.10426783562		3.22053337097
3.10701584816		2.15998840332
3.10976696014		2.46445083618
3.11254000664		2.98203754425
3.11527991295		1.74388885498
3.11802077293		3.50977325439
3.12076997757		1.54598808289
3.12353086472		3.3118724823
3.12627577782		2.02805423737
3.12902283669		2.60653305054
3.13177084923		2.86532688141
3.13452386856		1.83522796631
3.13727283478		3.46917819977
3.14002180099		1.52569103241
3.14277291298		3.38798809052
3.14552593231		1.90626907349
3.14827394485		2.73846721649
3.15102696419		2.71817016602
3.15378379822		1.95193862915
3.1565258503		3.40828514099
3.15927577019		1.53584003448
3.16202688217		3.44888019562
3.1647799015		1.80478191376
3.16752696037		2.89577293396
3.17027878761		2.57608699799
3.1730298996		2.09909534454
3.17579293251		3.3118724823
3.17853093147		1.55613708496
3.18128085136		3.49454975128
3.18406581879		1.69314575195
3.18678379059		2.99726104736
3.18953180313		2.43907928467
3.19228291512		2.19043445587
3.19503378868		3.24083042145
3.19778299332		1.59673213959
3.2005507946		3.5199213028
3.20328998566		1.63732719421
3.20603489876		3.10889720917
3.20878887177		2.2919216156
3.21154093742		2.32744312286
3.21428799629		3.13426876068
3.21703886986		1.65762519836
3.21978783607		3.52499580383
3.22253680229		1.58150959015
3.2252907753		3.21545886993
3.22803878784		2.16506290436
3.2307908535		2.46445083618
3.23355078697		2.99218654633
3.23628878593		1.73374080658
3.23904085159		3.50469875336
3.24179291725		1.54091453552
3.24454379082		3.30679798126
3.24729299545		2.0331287384
3.25004291534		2.59638500214
3.25279283524		2.87040138245
3.25554394722		1.85552597046
3.25829482079		3.46917819977
3.261043787		1.53076553345
3.26381182671		3.39306259155
3.26654696465		1.91641807556
3.26929593086		2.73339271545
3.2720489502		2.71817016602
3.27479577065		1.93671607971
3.27753996849		3.41843414307
3.28028798103		1.53584003448
3.2830388546		3.48440074921
3.28593087196		1.71851730347
3.28869485855		2.99218654633
3.2914249897		2.45430183411
3.29417777061		2.1701374054
3.29693198204		3.25605392456
3.29967689514		1.58658313751
3.30242586136		3.52499580383
3.30518078804		1.64240169525
3.30792999268		3.08859920502
3.31067895889		2.31729412079
3.31343698502		2.30714511871
3.31617999077		3.14949226379
3.31892895699		1.64747619629
3.32168078423		3.5199213028
3.32443094254		1.59165763855
3.3271818161		3.19516181946
3.32993388176		2.18535995483
3.33268284798		2.43400478363
3.33543682098		3.00233459473
3.33818483353		1.71851730347
3.34093499184		3.50977325439
3.343708992		1.54091453552
3.34643578529		3.28649997711
3.3491859436		2.04835224152
3.35194683075		2.59638500214
3.35468888283		2.89069843292
3.3574359417		1.80985641479
3.36018586159		3.47932624817
3.36293792725		1.53076553345
3.36569190025		3.3727645874
3.36846089363		1.91641807556
3.37118887901		2.71817016602
3.37397789955		2.70802116394
3.376693964		1.9214925766
3.37944293022		3.4235086441
3.38219690323		1.53076553345
3.38494682312		3.44380569458
3.38769388199		1.82507896423
3.39044380188		2.84502887726
3.39320087433		2.59638500214
3.39594388008		2.0331287384
3.39869594574		3.35246753693
3.40144777298		1.55106258392
3.40420484543		3.49454975128
3.40694499016		1.72866630554
3.40969586372		2.97188854218
3.41244792938		2.45937633514
3.41519880295		2.1701374054
3.41794991493		3.2611284256
3.4206969738		1.59165763855
3.42345690727		3.5199213028
3.42620277405		1.65255069733
3.42895078659		3.08352470398
3.43172097206		2.27669906616
3.43445396423		2.29699611664
3.43720293045		3.15456676483
3.43995094299		1.64747619629
3.44270277023		3.52499580383
3.44545888901		1.58658313751
3.44820380211		3.19516181946
3.45095586777		2.18535995483
3.45371389389		2.44415378571
3.45647382736		3.0124835968
3.45920681953		1.71851730347
3.46195697784		3.50977325439
3.46472597122		1.54598808289
3.46746397018		3.29157447815
3.47020888329		2.05342674255
3.47295880318		2.61160755157
3.47570085526		2.90592193604
3.47845077515		1.80478191376
3.48120093346		3.47932624817
3.48403787613		1.52569103241
3.48671197891		3.38798809052
3.48947882652		1.91641807556
3.49221277237		2.70802116394
3.49496483803		2.74861621857
3.49771380424		1.91641807556
3.50046277046		3.42858314514
3.50322079659		1.53076553345
3.50596380234		3.44380569458
3.50871396065		1.82507896423
3.51146793365		2.87040138245
3.51421689987		2.60653305054
3.51696586609		2.03820323944
3.51973199844		3.33216953278
3.52246689796		1.55106258392
3.52522277832		3.48947525024
3.52797985077		1.72866630554
3.53071784973		2.96681404114
3.53347682953		2.45430183411
3.53621792793		2.15998840332
3.53896999359		3.2611284256
3.54171895981		1.58658313751
3.544495821		3.52499580383
3.54722285271		1.65762519836
3.54997181892		3.08352470398
3.55273199081		2.31729412079
3.55547380447		2.2919216156
3.55822396278		3.14949226379
3.56097483635		1.64747619629
3.56373286247		3.52499580383
3.56647491455		1.59165763855
3.56922388077		3.19008731842
3.57197380066		2.19043445587
3.57472681999		2.42893028259
3.5774769783		3.03278160095
3.58022999763		1.71851730347
3.58297777176		3.50469875336
3.58572983742		1.55106258392
3.58847784996		3.28649997711
3.59122776985		2.05850028992
3.59405088425		2.6420545578
3.59673190117		2.900847435
3.59947896004		1.81493091583
3.60223078728		3.48440074921
3.60498285294		1.53076553345
3.60775399208		3.39813613892
3.61048293114		1.94178962708
3.61324381828		2.71309566498
3.61598396301		2.7536907196
3.6187338829		1.91134357452
3.62148594856		3.4235086441
3.6242389679		1.53076553345
3.62698483467		3.43873119354
3.62973499298		1.83522796631
3.63250088692		2.85517787933
3.63523888588		2.61668205261
3.63799381256		2.03820323944
3.64075684547		3.34231853485
3.64349794388		1.55106258392
3.64623689651		3.48440074921
3.64898991585		1.72866630554
3.65174078941		2.97188854218
3.65449500084		2.46445083618
3.65724277496		2.15998840332
3.6599919796		3.2611284256
3.66274380684		1.58150959015
3.6654958725		3.5199213028
3.66824293137		1.65762519836
3.67099285126		3.07845020294
3.67375588417		2.31729412079
3.6764857769		2.2817735672
3.67923688889		3.16471481323
3.68198680878		1.63732719421
3.68475389481		3.52499580383
3.68749690056		1.59165763855
3.69024682045		3.19008731842
3.69299697876		2.11939334869
3.69576883316		2.46445083618
3.69849991798		3.03785610199
3.70124793053		1.71344280243
3.70403599739		3.50977325439
3.70675182343		1.55106258392
3.70950078964		3.28649997711
3.71224999428		2.06357479095
3.71500396729		2.56593894958
3.71775197983		2.90592193604
3.72052598		1.82507896423
3.72326898575		3.47932624817
3.72600293159		1.53076553345
3.72875785828		3.36261558533
3.73150491714		1.94178962708
3.7342569828		2.70802116394
3.73700785637		2.75876522064
3.73975896835		1.91134357452
3.7425069809		3.42858314514
3.74525880814		1.53076553345
3.74800777435		3.4336566925
3.75075793266		1.83015346527
3.75351691246		2.84502887726
3.75625896454		2.61160755157
3.75900888443		2.02805423737
3.76175999641		3.35754108429
3.76451277733		1.54598808289
3.76726198196		3.48947525024
3.77001190186		1.73374080658
3.77276396751		2.9617395401
3.77551484108		2.45937633514
3.7782638073		2.15491390228
3.78101491928		3.26620292664
3.78379392624		1.60688114166
3.78650689125		3.51484680176
3.78925800323		1.65762519836
3.79200696945		3.07337665558
3.79477095604		2.32744312286
3.79751992226		2.2919216156
3.80026888847		3.15964031219
3.80301785469		1.65762519836
3.80576992035		3.52499580383
3.80853891373		1.58658313751
3.81126880646		3.19008731842
3.81405591965		2.15998840332
3.81678795815		2.43907928467
3.81951999664		3.04292964935
3.82227087021		1.71344280243
3.82502388954		3.51484680176
3.82777190208		1.55613708496
3.83052396774		3.28142547607
3.83328294754		2.05850028992
3.83602499962		2.56086444855
3.83877491951		2.900847435
3.84152579308		1.79970741272
3.84427690506		3.48440074921
3.8470249176		1.53076553345
3.84977698326		3.36261558533
3.85252690315		1.94178962708
3.85527992249		2.69787216187
3.85802793503		2.76383876801
3.86078000069		1.91134357452
3.86353683472		3.41843414307
3.86627984047		1.53076553345
3.86902999878		3.4336566925
3.87179589272		1.80985641479
3.87452888489		2.83488082886
3.87727284431		2.62683105469
3.88003492355		2.02805423737
3.88277387619		3.35754108429
3.88553881645		1.55106258392
3.88828396797		3.48440074921
3.89103484154		1.73881530762
3.89379882812		2.97188854218
3.89655900002		2.45430183411
3.8992869854		2.14983940125
3.90203690529		3.27635097504
3.90478992462		1.58658313751
3.90753793716		3.51484680176
3.91028690338		1.66269874573
3.91303777695		3.13934326172
3.91579389572		2.33251667023
3.91853785515		2.2817735672
3.92128896713		3.16471481323
3.92407679558		1.65762519836
3.92678999901		3.5199213028
3.92954182625		1.59673213959
3.93228983879		3.17993831635
3.93504190445		2.20058345795
3.93779182434		2.42385578156
3.94054293633		3.01755809784
3.9433119297		1.71851730347
3.94604492188		3.51484680176
3.94879388809		1.55106258392
3.95154595375		3.29157447815
3.95429682732		2.06864929199
3.95704698563		2.55578994751
3.95981884003		2.85517787933
3.96254897118		1.79970741272
3.96529984474		3.47932624817
3.96804881096		1.53076553345
3.97079992294		3.36769008636
3.97355699539		1.94178962708
3.97629880905		2.69787216187
3.9790558815		2.75876522064
3.98180294037		1.90119457245
3.98456692696		3.42858314514
3.98729991913		1.53076553345
3.99005198479		3.42858314514
3.99281978607		1.82507896423
3.99555277824		2.82980632782
3.99830389023		2.62683105469
4.00105595589		2.02297973633
4.00381278992		3.35246753693
4.00655698776		1.54598808289
4.00930690765		3.48440074921
4.01205682755		1.74388885498
4.01480984688		2.95666599274
4.01755785942		2.47967433929
4.02030777931		2.14476490021
4.02305793762		3.20530986786
4.0258128643		1.58658313751
4.02857398987		3.5199213028
4.03131079674		1.65762519836
4.03407096863		3.08859920502
4.03681087494		2.3426656723
4.0395629406		2.2919216156
4.04231381416		3.16471481323
4.04506278038		1.63732719421
4.04782891273		3.5199213028
4.05056381226		1.60180664062
4.05332183838		3.19008731842
4.05607581139		2.18535995483
4.05881381035		2.41878128052
4.06156396866		3.05307865143
4.0643248558		1.71344280243
4.06706500053		3.51484680176
4.0698158741		1.55106258392
4.07258892059		3.28649997711
4.07531499863		2.07372379303
4.07805895805		2.54564094543
4.08081197739		2.92114448547
4.08356380463		1.79463291168
4.08632183075		3.48440074921
4.08907079697		1.53076553345
4.09182095528		3.35754108429
4.09457182884		1.95701313019
4.09732294083		2.69787216187
4.10007286072		2.76891326904
4.10282278061		1.89612102509
4.10557389259		3.42858314514
4.10832381248		1.52569103241
4.11107492447		3.4336566925
4.11382579803		1.84030246735
4.11657881737		2.82980632782
4.11932587624		2.63190555573
4.12207889557		2.01790523529
4.12482881546		3.36261558533
4.127576828		1.55106258392
4.13032984734		3.47932624817
4.13308000565		1.71851730347
4.13585090637		3.00233459473
4.13857984543		2.47967433929
4.14133000374		2.14476490021
4.14408898354		3.26620292664
4.14682984352		1.58150959015
4.14958882332		3.5199213028
4.1523308754		1.66269874573
4.15508294106		3.07337665558
4.15783381462		2.3426656723
4.16059780121		2.28684806824
4.16333985329		3.16471481323
4.16608381271		1.63225269318
4.16885495186		3.52499580383
4.17158579826		1.60180664062
4.17433691025		3.17486381531
4.17708587646		2.21073246002
4.17983698845		2.41370677948
4.18258786201		3.04800415039
4.18533778191		1.70836830139
4.18808794022		3.51484680176
4.19083881378		1.55106258392
4.1935968399		3.27635097504
4.19633698463		2.07879829407
4.19908881187		2.55071544647
4.20183992386		2.92114448547
4.20459079742		1.79463291168
4.20734000206		3.48440074921
4.2100918293		1.53076553345
4.21284294128		3.35754108429
4.21559286118		1.93671607971
4.21834278107		2.68772315979
4.22109389305		2.77906227112
4.22386693954		1.92656707764
4.2265958786		3.4336566925
4.22939682007		1.53584003448
4.23210787773		3.43873119354
4.23485398293		1.84030246735
4.23759794235		2.82473182678
4.2403459549		2.63190555573
4.24309682846		2.0838727951
4.24585294724		3.36261558533
4.24862098694		1.54598808289
4.25135087967		3.48440074921
4.25410890579		1.74388885498
4.25685191154		2.9515914917
4.25960087776		2.4898223877
4.26235079765		2.13969039917
4.26510381699		3.27635097504
4.2678527832		1.58150959015
4.27060294151		3.5199213028
4.27336096764		1.65762519836
4.27609491348		3.0632276535
4.27884578705		2.35281467438
4.28159999847		2.26655006409
4.28436088562		3.16471481323
4.28710699081		1.63732719421
4.28986096382		3.52499580383
4.29260897636		1.60180664062
4.29535984993		3.17486381531
4.29811096191		2.20565795898
4.30085992813		2.40863323212
4.30361795425		3.03278160095
4.30636000633		1.70329380035
4.3091108799		3.51484680176
4.31188178062		1.55106258392
4.31461286545		3.27127742767
4.31736183167		2.07879829407
4.32011580467		2.55578994751
4.32286286354		2.92114448547
4.32561278343		1.78955841064
4.32836389542		3.48440074921
4.33111286163		1.53076553345
4.3338727951		3.35754108429
4.33662986755		1.94178962708
4.33936595917		2.68264961243
4.34211492538		2.78413677216
4.34488487244		1.91134357452
4.34761691093		3.4336566925
4.35036683083		1.53076553345
4.35311794281		3.44380569458
4.35586977005		1.84537696838
4.35861897469		2.80950832367
4.36136889458		2.63698005676
4.36412978172		2.01790523529
4.36686992645		3.36769008636
4.36961984634		1.54598808289
4.37237286568		3.48440074921
4.37512397766		1.74896335602
4.37787389755		2.95666599274
4.3806219101		2.49489688873
4.38338279724		2.13969039917
4.38612389565		3.27635097504
4.38887476921		1.57643508911
4.39162492752		3.51484680176
4.39437890053		1.66269874573
4.39712691307		3.06830215454
4.39989185333		2.32744312286
4.40262699127		2.27162456512
4.40538692474		3.16978931427
4.40814089775		1.63732719421
4.41087698936		3.52499580383
4.41363978386		1.60180664062
4.41637897491		3.17486381531
4.41912984848		2.21580600739
4.42188191414		2.40355873108
4.42465496063		3.03278160095
4.42738199234		1.70329380035
4.43013095856		3.51484680176
4.43288493156		1.55613708496
4.43563199043		3.26620292664
4.43838095665		2.0838727951
4.44113278389		2.5405664444
4.4438829422		2.92114448547
4.44663786888		1.78955841064
4.44938492775		3.48440074921
4.45213484764		1.53584003448
4.45491695404		3.3727645874
4.45764088631		1.95193862915
4.46038794518		2.67757511139
4.46313786507		2.74354171753
4.46588993073		1.89104652405
4.46863889694		3.43873119354
4.47138786316		1.52569103241
4.47414684296		3.4235086441
4.4768819809		1.85552597046
4.47963285446		2.80950832367
4.48238277435		2.6522026062
4.48514795303		2.02297973633
4.48791384697		3.34231853485
4.49064993858		1.54598808289
4.49340081215		3.47932624817
4.4961438179		1.74896335602
4.49889397621		2.94144248962
4.50164580345		2.49997138977
4.50439596176		2.13461589813
4.50714683533		3.27635097504
4.50989484787		1.57643508911
4.51266288757		3.51484680176
4.51539778709		1.66777324677
4.51814889908		3.0632276535
4.52091789246		2.33759117126
4.52365899086		2.27669906616
4.52640080452		3.17486381531
4.52914881706		1.6221036911
4.53190088272		3.52499580383
4.53465199471		1.60688114166
4.53740382195		3.16978931427
4.54015088081		2.21580600739
4.5429019928		2.39848423004
4.54565596581		3.05815315247
4.54840397835		1.69822025299
4.55115389824		3.51484680176
4.55394792557		1.54598808289
4.55665683746		3.26620292664
4.55940389633		2.08894729614
4.56215596199		2.53549194336
4.564909935		2.92114448547
4.56765794754		1.80478191376
4.57040786743		3.48947525024
4.57315778732		1.53076553345
4.57593393326		3.3727645874
4.57866191864		1.96208763123
4.58140778542		2.67250061035
4.58417892456		2.76891326904
4.58691096306		1.88597202301
4.58966183662		3.43873119354
4.59240984917		1.53076553345
4.59516382217		3.42858314514
4.59791398048		1.85045146942
4.60068392754		2.82980632782
4.6034219265		2.63698005676
4.60616493225		2.00268268585
4.60891699791		3.3727645874
4.61166286469		1.54598808289
4.61441683769		3.47425174713
4.617166996		1.75911235809
4.61991596222		2.93636798859
4.62266492844		2.49997138977
4.62542486191		2.13969039917
4.62816977501		3.28649997711
4.63091897964		1.57136058807
4.63367795944		3.51484680176
4.63641881943		1.66777324677
4.63916993141		3.05815315247
4.64192080498		2.35788917542
4.64467382431		2.26655006409
4.6474199295		3.18501281738
4.65017390251		1.63225269318
4.65292191505		3.52499580383
4.65567493439		1.60180664062
4.65842485428		3.16471481323
4.6611828804		2.21580600739
4.6639649868		2.46952533722
4.6666738987		3.06830215454
4.66942477226		1.69314575195
4.67217683792		3.51484680176
4.67492485046		1.55613708496
4.67766880989		3.2611284256
4.68041777611		2.10416984558
4.68324589729		2.61160755157
4.68593096733		2.92621898651
4.68869495392		1.79463291168
4.69142985344		3.48947525024
4.694190979		1.53076553345
4.69694781303		3.36261558533
4.69967985153		1.9722366333
4.70243096352		2.66742610931
4.70518279076		2.78921127319
4.7079308033		1.88597202301
4.71068191528		3.44380569458
4.71344184875		1.53076553345
4.71618485451		3.4235086441
4.71893191338		1.86059951782
4.72168397903		2.80443382263
4.72443795204		2.64712810516
4.72718691826		1.99760818481
4.72993588448		3.37783908844
4.73268580437		1.54598808289
4.73544096947		3.48440074921
4.73818993568		1.75403785706
4.74093985558		2.93636798859
4.74369883537		2.47459983826
4.74644684792		2.13461589813
4.74918889999		3.28649997711
4.75195479393		1.58658313751
4.75469398499		3.50977325439
4.75744199753		1.6728477478
4.76020383835		3.0632276535
4.76294279099		2.36296367645
4.7656929493		2.26147556305
4.76844191551		3.19008731842
4.77119278908		1.62717819214
4.77398395538		3.52499580383
4.77671694756		1.59165763855
4.77944588661		3.16471481323
4.7821958065		2.22595500946
4.78494787216		2.39848423004
4.78768777847		3.07845020294
4.79043793678		1.69314575195
4.79327988625		3.49454975128
4.79608178139		1.53584003448
4.79882597923		3.33724403381
4.80157589912		1.9823846817
4.80432677269		2.65727710724
4.80707788467		2.80950832367
4.80982899666		1.87582302094
4.81257891655		3.44888019562
4.81533098221		1.52569103241
4.81807994843		3.41335964203
4.82082986832		1.87582302094
4.82358789444		2.80443382263
4.82632994652		2.66742610931
4.82907986641		1.98745918274
4.83183598518		3.38291358948
4.8345849514		1.54091453552
4.83733296394		3.47425174713
4.84008479118		1.76418685913
4.84283280373		2.92114448547
4.84567785263		2.32744312286
4.84850478172		2.26655006409
4.85134387016		3.09874820709
4.85411286354		1.68299674988
4.85683894157		3.52499580383
4.85957789421		1.57643508911
4.8623278141		3.21545886993
4.86509299278		2.13461589813
4.867841959		2.47967433929
4.87058782578		2.99218654633
4.87334895134		1.75403785706
4.87608981133		3.50469875336
4.87883877754		1.54091453552
4.88158988953		3.3118724823
4.88434696198		2.00775718689
4.8870909214		2.62175655365
4.88984298706		2.8501033783
4.89259195328		1.84030246735
4.89534378052		3.46917819977
4.89809179306		1.52569103241
4.90084290504		3.39306259155
4.90360093117		1.89104652405
4.90634489059		2.7536907196
4.90909481049		2.70802116394
4.91184592247		1.95193862915
4.91459679604		3.40828514099
4.91735291481		1.53584003448
4.92010092735		3.45395469666
4.92284679413		1.79970741272
4.92559885979		2.88562393188
4.92834687233		2.56593894958
4.93109798431		2.06864929199
4.93385696411		3.32709503174
4.93659996986		1.55613708496
4.9393517971		3.49454975128
4.94210195541		1.70329380035
4.94485378265		3.00740909576
4.94760298729		2.41878128052
4.95035195351		2.20058345795
4.95310592651		3.15456676483
4.95598196983		1.65255069733
4.95873188972		3.52499580383
4.96148085594		1.58658313751
4.96423196793		3.2103843689
4.96698093414		2.16506290436
4.96973085403		2.44922733307
4.97248077393		3.0124835968
4.97523283958		1.72866630554
4.9779818058		3.50977325439
4.98073077202		1.54598808289
4.98349094391		3.30172348022
4.98623394966		2.03820323944
4.98898386955		2.5913105011
4.99173283577		2.87547588348
4.99448680878		1.82507896423
4.99723792076		3.47425174713
4.99998879433		1.53076553345
