0.00012993812561		2.61668205261
0.00401782989502		2.2919216156
0.00803399085999		2.89069843292
0.0118939876556		2.58116149902
0.0157668590546		2.12954235077
0.0197699069977		2.6522026062
0.0236439704895		2.8399553299
0.0275189876556		2.19550895691
0.0313949584961		2.40863323212
0.0352718830109		2.93129348755
0.0391540527344		2.41370677948
0.0430250167847		2.19550895691
0.0468969345093		2.8501033783
0.0507750511169		2.66235160828
0.0546488761902		2.11939334869
0.0585279464722		2.62175655365
0.0623998641968		2.86532688141
0.0662758350372		2.22088050842
0.0701539516449		2.36803817749
0.0740258693695		2.92621898651
0.0779478549957		2.46445083618
0.0819089412689		2.14983940125
0.0857849121094		2.75876522064
0.0897860527039		2.79428577423
0.0936598777771		2.15998840332
0.0975389480591		2.47967433929
0.101413011551		2.92621898651
0.105286836624		2.33759117126
0.109163999557		2.24625301361
0.113037824631		2.88562393188
0.116911888123		2.59638500214
0.120790958405		2.12446784973
0.124662876129		2.69279766083
0.128541946411		2.81965732574
0.132415056229		2.17521095276
0.136296987534		2.43400478363
0.140168905258		2.93129348755
0.144040822983		2.36803817749
0.147923946381		2.22088050842
0.151792049408		2.87040138245
0.155668020248		2.67250061035
0.159670829773		2.12446784973
0.163542985916		2.60653305054
0.167420864105		2.87040138245
0.171294927597		2.2310295105
0.175170898438		2.35281467438
0.179046869278		2.92621898651
0.182921886444		2.46445083618
0.186802864075		2.1701374054
0.190672874451		2.80950832367
0.194546937943		2.71309566498
0.198429822922		2.12954235077
0.202298879623		2.57101249695
0.206181049347		2.89069843292
0.210051059723		2.26147556305
0.21392583847		2.32236862183
0.217840909958		2.92114448547
0.221802949905		2.55578994751
0.225676059723		2.13461589813
0.229678869247		2.67757511139
0.233551979065		2.82980632782
0.23742890358		2.1802854538
0.241303920746		2.42893028259
0.245182991028		2.93129348755
0.249058961868		2.393409729
0.252931833267		2.20565795898
0.256811857224		2.85517787933
0.260683059692		2.64712810516
0.264555931091		2.12446784973
0.268434047699		2.6420545578
0.272310018539		2.85517787933
0.276182889938		2.20565795898
0.280057907104		2.38833522797
0.283939838409		2.93129348755
0.287894010544		2.46445083618
0.291808843613		2.15998840332
0.295685052872		2.78413677216
0.299687862396		2.77906227112
0.303560972214		2.14476490021
0.307445049286		2.4898223877
0.31131196022		2.91607093811
0.315188884735		2.32236862183
0.319069862366		2.25640106201
0.322939872742		2.89577293396
0.326813936234		2.57101249695
0.3306889534		2.12954235077
0.334563970566		2.71309566498
0.338441848755		2.80950832367
0.342315912247		2.16506290436
0.346199035645		2.45937633514
0.350069046021		2.92621898651
0.353941917419		2.35281467438
0.357905864716		2.20058345795
0.361819982529		2.84502887726
0.365694999695		2.68264961243
0.369693994522		2.12954235077
0.373569965363		2.57101249695
0.377452850342		2.89069843292
0.381321907043		2.26147556305
0.385195016861		2.32236862183
0.389075040817		2.92114448547
0.392948865891		2.49489688873
0.396823883057		2.15491390228
0.400697946548		2.77906227112
0.404573917389		2.74861621857
0.408452987671		2.13969039917
0.412324905396		2.53549194336
0.416208028793		2.90592193604
0.420076847076		2.28684806824
0.423950910568		2.2919216156
0.427863836288		2.90592193604
0.431828022003		2.5913105011
0.435701847076		2.12954235077
0.439708948135		2.6420545578
0.443578004837		2.8501033783
0.447454929352		2.21073246002
0.451329946518		2.38326072693
0.455206871033		2.93129348755
0.459084033966		2.42893028259
0.462955951691		2.19043445587
0.466836929321		2.83488082886
0.470708847046		2.68264961243
0.474581956863		2.12446784973
0.478461027145		2.60653305054
0.482333898544		2.87040138245
0.486215829849		2.23610401154
0.490085840225		2.35788917542
0.493963003159		2.93129348755
0.497867822647		2.47967433929
0.501837968826		2.14476490021
0.505712032318		2.74861621857
0.509712934494		2.80950832367
0.513586997986		2.16506290436
0.517464876175		2.45937633514
0.521338939667		2.92621898651
0.525214910507		2.35788917542
0.529093027115		2.2310295105
0.532968044281		2.87547588348
0.536847829819		2.61668205261
0.540840864182		2.12446784973
0.544716835022		2.62683105469
0.548595905304		2.86532688141
0.552467823029		2.21580600739
0.556344032288		2.36803817749
0.560225009918		2.93129348755
0.564093828201		2.44415378571
0.567975997925		2.17521095276
0.571845054626		2.81965732574
0.575719833374		2.72831821442
0.579741001129		2.14476490021
0.583721876144		2.47967433929
0.587604999542		2.92621898651
0.591471910477		2.33251667023
0.595347881317		2.24625301361
0.599223852158		2.89069843292
0.603099822998		2.59638500214
0.606979846954		2.12446784973
0.610848903656		2.69787216187
0.614724874496		2.82473182678
0.618602991104		2.17521095276
0.622474908829		2.44415378571
0.626359939575		2.92621898651
0.630229949951		2.37311172485
0.634103059769		2.22595500946
0.637984991074		2.86532688141
0.641854047775		2.62683105469
0.645727872849		2.12446784973
0.649730920792		2.61160755157
0.653604030609		2.87547588348
0.657485961914		2.23610401154
0.661355018616		2.35281467438
0.66523194313		2.93129348755
0.669107913971		2.46445083618
0.672983884811		2.1701374054
0.676861047745		2.80443382263
0.680739879608		2.72324466705
0.684609889984		2.13461589813
0.688485860825		2.57101249695
0.692359924316		2.89069843292
0.696235895157		2.25640106201
0.700110912323		2.32236862183
0.703986883163		2.92114448547
0.707897901535		2.52026939392
0.711863040924		2.13461589813
0.71573805809		2.71309566498
0.719738006592		2.83488082886
0.723611831665		2.18535995483
0.727490901947		2.41878128052
0.731365919113		2.93129348755
0.735239982605		2.393409729
0.739115953445		2.21073246002
0.742990970612		2.86025238037
0.746875047684		2.64712810516
0.750741004944		2.11939334869
0.754617929459		2.64712810516
0.758494853973		2.85517787933
0.762368917465		2.20058345795
0.766249895096		2.38326072693
0.770119905472		2.93129348755
0.773995876312		2.42893028259
0.777878046036		2.18535995483
0.781745910645		2.83488082886
0.785627841949		2.71817016602
0.789625883102		2.13461589813
0.793498039246		2.55578994751
0.797373056412		2.900847435
0.801264047623		2.27669906616
0.805124044418		2.30714511871
0.809002876282		2.92114448547
0.812875986099		2.52026939392
0.81675696373		2.14476490021
0.820624828339		2.76383876801
0.824501037598		2.76383876801
0.828377962112		2.14476490021
0.832252979279		2.52026939392
0.836128950119		2.91099643707
0.840003967285		2.30207061768
0.843878984451		2.2817735672
0.847837924957		2.89069843292
0.851754903793		2.60145950317
0.855630874634		2.11939334869
0.859632015228		2.62683105469
0.863505840302		2.86532688141
0.867388963699		2.22088050842
0.871256828308		2.37311172485
0.875131845474		2.93129348755
0.879009962082		2.44922733307
0.882884025574		2.1802854538
0.886765003204		2.81965732574
0.890634059906		2.69787216187
0.894510030746		2.12446784973
0.898387908936		2.59638500214
0.902261972427		2.88055038452
0.906143903732		2.24625301361
0.91002202034		2.33251667023
0.913887023926		2.92621898651
0.917810916901		2.50504589081
0.921768903732		2.13969039917
0.925639867783		2.72831821442
0.929641962051		2.81965732574
0.93351483345		2.1802854538
0.937397003174		2.44415378571
0.941266059875		2.92621898651
0.945140838623		2.36803817749
0.94902586937		2.22088050842
0.95289683342		2.87040138245
0.956769943237		2.62683105469
0.960644006729		2.11939334869
0.964517831802		2.66742610931
0.96839594841		2.84502887726
0.972270011902		2.19043445587
0.976151943207		2.39848423004
0.980020999908		2.93636798859
0.983896970749		2.40863323212
0.987810850143		2.19043445587
0.991771936417		2.80950832367
0.995648860931		2.72831821442
0.999649047852		2.14476490021
1.00352287292		2.52026939392
1.00740504265		2.91099643707
1.01127505302		2.30207061768
1.01515102386		2.27669906616
1.01902699471		2.90592193604
1.02290296555		2.55578994751
1.02678203583		2.12954235077
1.03065299988		2.73339271545
1.03452897072		2.78921127319
1.03840303421		2.15491390228
1.04228401184		2.48474884033
1.04616189003		2.92114448547
1.05015993118		2.393409729
1.054033041		2.21580600739
1.05791091919		2.86025238037
1.06177997589		2.6420545578
1.06565594673		2.11939334869
1.06966304779		2.58116149902
1.0735309124		2.88055038452
1.07740902901		2.25132751465
1.08128404617		2.3426656723
1.08515882492		2.92621898651
1.08903503418		2.47967433929
1.09291005135		2.15998840332
1.09678483009		2.79428577423
1.1006629467		2.72831821442
1.10453701019		2.13461589813
1.10841393471		2.55578994751
1.1122879982		2.900847435
1.11616396904		2.27669906616
1.12003803253		2.30714511871
1.12391495705		2.91607093811
1.12782692909		2.53549194336
1.13178896904		2.13461589813
1.13566493988		2.69787216187
1.13966584206		2.84502887726
1.14354085922		2.19550895691
1.14742398262		2.40355873108
1.15129184723		2.93129348755
1.15516901016		2.40355873108
1.15904593468		2.19550895691
1.16292500496		2.8501033783
1.1668009758		2.66742610931
1.1706700325		2.11939334869
1.17454385757		2.62683105469
1.17842197418		2.86532688141
1.18229699135		2.22088050842
1.18617892265		2.37311172485
1.19004893303		2.93129348755
1.1939239502		2.44415378571
1.19787693024		2.16506290436
1.20179891586		2.77906227112
1.20569205284		2.76383876801
1.20967698097		2.15491390228
1.21354985237		2.47967433929
1.21743297577		2.92621898651
1.22130203247		2.33759117126
1.22517991066		2.24625301361
1.22905182838		2.89069843292
1.23292684555		2.59638500214
1.23680400848		2.12954235077
1.24067902565		2.7029466629
1.24455404282		2.81965732574
1.24843192101		2.1802854538
1.2523059845		2.44922733307
1.25618696213		2.93129348755
1.26005482674		2.36803817749
1.26393198967		2.22595500946
1.2678899765		2.8501033783
1.27180886269		2.68264961243
1.27568387985		2.12954235077
1.27968502045		2.55578994751
1.2835650444		2.900847435
1.28743600845		2.27162456512
1.29131102562		2.31221961975
1.29518604279		2.91607093811
1.2990629673		2.51519489288
1.30293488503		2.14983940125
1.30681991577		2.76383876801
1.31068682671		2.75876522064
1.31456303596		2.14476490021
1.31843900681		2.51519489288
1.32231283188		2.91607093811
1.32619595528		2.30714511871
1.33006501198		2.27669906616
1.33394193649		2.90592193604
1.33785390854		2.57608699799
1.34181904793		2.12446784973
1.34569382668		2.64712810516
1.34969592094		2.86025238037
1.35356688499		2.22088050842
1.35744404793		2.37311172485
1.36132097244		2.93636798859
1.36519503593		2.44922733307
1.36907100677		2.17521095276
1.37294602394		2.81965732574
1.3768260479		2.70802116394
1.3806989193		2.12954235077
1.38456988335		2.5913105011
1.38844799995		2.88055038452
1.39232397079		2.25132751465
1.39619994164		2.3426656723
1.40007400513		2.93129348755
1.40395593643		2.47967433929
1.40786194801		2.15491390228
1.41182684898		2.7536907196
1.41570091248		2.79428577423
1.41970086098		2.17521095276
1.42357683182		2.44415378571
1.42745804787		2.93129348755
1.43132901192		2.37311172485
1.43520498276		2.22595500946
1.43907999992		2.87040138245
1.44295287132		2.62683105469
1.44683003426		2.12446784973
1.45070505142		2.66235160828
1.45457983017		2.8399553299
1.4584569931		2.19550895691
1.46233201027		2.40863323212
1.46621489525		2.93636798859
1.47008299828		2.40863323212
1.47395682335		2.20058345795
1.47787594795		2.83488082886
1.48183488846		2.71817016602
1.48570895195		2.13461589813
1.48970985413		2.52026939392
1.49358487129		2.90592193604
1.49746203423		2.30714511871
1.5013358593		2.27669906616
1.50521183014		2.90592193604
1.50908994675		2.55071544647
1.51296401024		2.13461589813
1.5168390274		2.73846721649
1.5207118988		2.78921127319
1.52459383011		2.15998840332
1.52846503258		2.48474884033
1.53234004974		2.92114448547
1.53622293472		2.3426656723
1.54008984566		2.25132751465
1.54396605492		2.89069843292
1.54792094231		2.62683105469
1.55184197426		2.12446784973
1.55571699142		2.63190555573
1.55972003937		2.88055038452
1.56359505653		2.24117851257
1.56747603416		2.33759117126
1.57134604454		2.93129348755
1.57521986961		2.48474884033
1.57910394669		2.15998840332
1.58296990395		2.79428577423
1.58685493469		2.73339271545
1.59072184563		2.13461589813
1.59459686279		2.55578994751
1.59847593307		2.900847435
1.60234904289		2.27162456512
1.60623002052		2.30714511871
1.6101000309		2.92114448547
1.61397695541		2.52026939392
1.61788392067		2.13969039917
1.62185096741		2.71817016602
1.6257250309		2.82473182678
1.62972784042		2.19550895691
1.63360190392		2.40863323212
1.63747787476		2.93636798859
1.6413538456		2.40863323212
1.64523386955		2.20058345795
1.6491048336		2.8501033783
1.65297889709		2.65727710724
1.65686297417		2.12446784973
1.66073083878		2.62683105469
1.66460585594		2.86025238037
1.66848397255		2.21580600739
1.67235684395		2.37311172485
1.67623400688		2.93636798859
1.6801109314		2.44415378571
1.68398404121		2.1802854538
1.68793702126		2.79428577423
1.69185996056		2.74861621857
1.6957359314		2.14476490021
1.69973802567		2.48474884033
1.70361185074		2.92114448547
1.70749402046		2.33759117126
1.71136283875		2.24625301361
1.71523785591		2.89069843292
1.71911382675		2.5913105011
1.72298884392		2.12954235077
1.72686600685		2.69787216187
1.73074197769		2.82473182678
1.73461484909		2.17521095276
1.73849105835		2.44415378571
1.74236702919		2.92621898651
1.74624800682		2.37311172485
1.75012087822		2.22088050842
1.75399303436		2.87040138245
1.75787591934		2.62683105469
1.76174283028		2.12446784973
1.765625		2.62683105469
1.76962304115		2.87547588348
1.77349495888		2.22595500946
1.77737903595		2.35281467438
1.78124690056		2.93129348755
1.78512382507		2.46445083618
1.78899788857		2.1701374054
1.79287290573		2.80950832367
1.79674887657		2.71817016602
1.8006298542		2.12954235077
1.8044989109		2.57608699799
1.80837583542		2.89069843292
1.81224894524		2.25640106201
1.81613302231		2.32236862183
1.82000088692		2.92621898651
1.82387804985		2.49997138977
1.82778692245		2.14476490021
1.83175182343		2.73846721649
1.83562803268		2.80443382263
1.83962893486		2.18535995483
1.84350395203		2.42893028259
1.84738087654		2.93129348755
1.85124802589		2.37818622589
1.85512185097		2.21580600739
1.85901093483		2.86025238037
1.86288189888		2.64712810516
1.86676192284		2.11939334869
1.87063193321		2.64712810516
1.87450695038		2.8501033783
1.87838387489		2.20565795898
1.88225889206		2.38833522797
1.88614082336		2.93129348755
1.89000988007		2.41878128052
1.89388585091		2.19043445587
1.89779090881		2.82473182678
1.9017598629		2.72324466705
1.90563488007		2.13969039917
1.90963888168		2.50504589081
1.91351103783		2.91607093811
1.91738891602		2.31221961975
1.92126297951		2.26655006409
1.92513799667		2.900847435
1.92901802063		2.57101249695
1.93288803101		2.12954235077
1.93677091599		2.72324466705
1.94064188004		2.80443382263
1.94451594353		2.16506290436
1.94839787483		2.46445083618
1.95226693153		2.92621898651
1.9561419487		2.35281467438
1.96001696587		2.24117851257
1.96389389038		2.88562393188
1.96780586243		2.62683105469
1.97177004814		2.12446784973
1.97564482689		2.61160755157
1.97964692116		2.89069843292
1.98352098465		2.26147556305
1.98740291595		2.31729412079
1.99127197266		2.92114448547
1.99514603615		2.49489688873
1.99902486801		2.15491390228
2.0028989315		2.77906227112
2.00678682327		2.74861621857
2.01064991951		2.13969039917
2.014523983		2.5405664444
2.01840305328		2.900847435
2.02227592468		2.2817735672
2.02615785599		2.2919216156
2.03002691269		2.92114448547
2.0339038372		2.53549194336
2.03781604767		2.13969039917
2.0417778492		2.7029466629
2.04565286636		2.8399553299
2.04968500137		2.22088050842
2.05365586281		2.33759117126
2.05753803253		2.92621898651
2.06140589714		2.47967433929
2.06528186798		2.16506290436
2.06915783882		2.79936027527
2.07303500175		2.72831821442
2.07691001892		2.12954235077
2.08078289032		2.56086444855
2.08465695381		2.89577293396
2.08853387833		2.27162456512
2.09240984917		2.30714511871
2.09628605843		2.92114448547
2.10015892982		2.51519489288
2.10403800011		2.14983940125
2.10791802406		2.76383876801
2.11178803444		2.7536907196
2.11566090584		2.14983940125
2.11966395378		2.46445083618
2.12353897095		2.92621898651
2.12742495537		2.35281467438
2.13128900528		2.24117851257
2.13516592979		2.88055038452
2.13904190063		2.60653305054
2.14291596413		2.12446784973
2.14679789543		2.67757511139
2.15066599846		2.82473182678
2.15454101562		2.18535995483
2.15841984749		2.42893028259
2.16229391098		2.93129348755
2.16617703438		2.38833522797
2.17004394531		2.21580600739
2.17392086983		2.86025238037
2.17787599564		2.67757511139
2.18179702759		2.12446784973
2.18567299843		2.57608699799
2.18967199326		2.90592193604
2.19354701042		2.2919216156
2.19742488861		2.29699611664
2.20130395889		2.91099643707
2.20517396927		2.53041744232
2.20905089378		2.14476490021
2.2129240036		2.74861621857
2.21680784225		2.76891326904
2.22067689896		2.14983940125
2.22455191612		2.50504589081
2.22842788696		2.91607093811
2.23230290413		2.31729412079
2.23617887497		2.26147556305
2.24005389214		2.900847435
2.24392986298		2.57101249695
2.24789190292		2.12954235077
2.25181889534		2.64712810516
2.25582003593		2.88055038452
2.25981283188		2.28684806824
2.26381087303		2.26655006409
2.26769399643		2.900847435
2.27156186104		2.57101249695
2.2754368782		2.12954235077
2.27931785583		2.71309566498
2.28319096565		2.80950832367
2.28707194328		2.16506290436
2.29093694687		2.46952533722
2.29481196404		2.92621898651
2.29881882668		2.42385578156
2.30281591415		2.16506290436
2.30669903755		2.80443382263
2.31056690216		2.71309566498
2.314442873		2.12954235077
2.31831789017		2.57608699799
2.32219195366		2.89069843292
2.32609200478		2.26655006409
2.33007287979		2.2817735672
2.33395695686		2.90592193604
2.33788895607		2.58623600006
2.34182190895		2.11939334869
2.34569597244		2.6420545578
2.34969687462		2.86532688141
2.35357284546		2.22088050842
2.35744786263		2.37311172485
2.36132693291		2.92621898651
2.36519789696		2.44415378571
2.36908197403		2.17521095276
2.37294697762		2.82473182678
2.37683105469		2.7029466629
2.3806989193		2.12954235077
2.38457489014		2.59638500214
2.38845086098		2.88055038452
2.39232683182		2.24625301361
2.39620089531		2.33759117126
2.40007686615		2.92621898651
2.40395283699		2.49997138977
2.40796089172		2.14476490021
2.41182804108		2.72831821442
2.41583585739		2.81965732574
2.41970586777		2.17521095276
2.42357993126		2.44415378571
2.42746305466		2.93129348755
2.43133091927		2.37311172485
2.43520498276		2.22088050842
2.43908500671		2.87040138245
2.44308304787		2.68264961243
2.44696092606		2.12446784973
2.45083284378		2.60653305054
2.45471000671		2.87547588348
2.45858597755		2.23610401154
2.46246099472		2.35281467438
2.4663438797		2.92621898651
2.47021389008		2.46952533722
2.47408604622		2.1701374054
2.47798299789		2.80443382263
2.48196196556		2.76383876801
2.48584485054		2.14476490021
2.48971986771		2.51012039185
2.49358892441		2.91099643707
2.49746489525		2.30207061768
2.50133895874		2.27669906616
2.50523304939		2.90592193604
2.5090918541		2.55578994751
2.51296687126		2.13461589813
2.51684093475		2.73339271545
2.52071595192		2.79428577423
2.52459192276		2.15491390228
2.52847099304		2.48474884033
2.53234195709		2.92114448547
2.53622484207		2.33759117126
2.54009699821		2.24117851257
2.54396986961		2.89069843292
2.54793190956		2.64712810516
2.55184793472		2.11939334869
2.55571985245		2.62683105469
2.55972194672		2.88055038452
2.56359791756		2.24625301361
2.56747484207		2.33759117126
2.57134795189		2.92621898651
2.5752248764		2.47967433929
2.57910203934		2.16506290436
2.58297491074		2.78921127319
2.58685803413		2.73339271545
2.59072589874		2.13461589813
2.59460282326		2.55578994751
2.59847688675		2.900847435
2.60235190392		2.27669906616
2.60623598099		2.30207061768
2.61012291908		2.91099643707
2.61411905289		2.58623600006
2.61799001694		2.13461589813
2.62185502052		2.71309566498
2.62573194504		2.81458282471
2.62972998619		2.20058345795
2.63360786438		2.40863323212
2.6374809742		2.93636798859
2.64135694504		2.41370677948
2.64524102211		2.20058345795
2.64911293983		2.84502887726
2.65298390388		2.66235160828
2.65686488152		2.12446784973
2.66073393822		2.62683105469
2.66460990906		2.86532688141
2.66848683357		2.22088050842
2.67236089706		2.37311172485
2.67623591423		2.92621898651
2.68011188507		2.43907928467
2.68398690224		2.1701374054
2.68799495697		2.77906227112
2.69186401367		2.75876522064
2.69586396217		2.15491390228
2.69973993301		2.47967433929
2.70361590385		2.92114448547
2.70749783516		2.3426656723
2.71136593819		2.25132751465
2.71524190903		2.89069843292
2.71911883354		2.5913105011
2.72299289703		2.12954235077
2.72687005997		2.68264961243
2.73087286949		2.85517787933
2.73474502563		2.20565795898
2.7386238575		2.393409729
2.74249601364		2.93129348755
2.74637699127		2.42893028259
2.750248909		2.18535995483
2.75412082672		2.8399553299
2.75801801682		2.69279766083
2.76199793816		2.13461589813
2.76587796211		2.55071544647
2.76974797249		2.89577293396
2.77362203598		2.27162456512
2.77750587463		2.30714511871
2.78137493134		2.92114448547
2.7852499485		2.51519489288
2.78912591934		2.14983940125
2.79301905632		2.75876522064
2.79687786102		2.76383876801
2.80075192451		2.13969039917
2.80462598801		2.52026939392
2.80850291252		2.91099643707
2.81237792969		2.30714511871
2.81626105309		2.27669906616
2.82012891769		2.900847435
2.82400393486		2.55071544647
2.82788801193		2.13461589813
2.83188199997		2.68264961243
2.83575701714		2.86532688141
2.83975791931		2.22088050842
2.84363484383		2.37311172485
2.84751605988		2.93129348755
2.85138893127		2.44922733307
2.85525798798		2.17521095276
2.85913586617		2.81965732574
2.86301088333		2.69787216187
2.86689186096		2.12954235077
2.87075996399		2.5913105011
2.87463593483		2.88055038452
2.87851405144		2.24625301361
2.88238692284		2.3426656723
2.88627290726		2.92621898651
2.89013791084		2.47967433929
2.89402794838		2.15998840332
2.89789199829		2.79428577423
2.90176486969		2.73339271545
2.90564203262		2.13461589813
2.90963983536		2.49997138977
2.91351699829		2.92114448547
2.91739296913		2.31729412079
2.92128491402		2.25640106201
2.92514300346		2.900847435
2.92902183533		2.57101249695
2.9328930378		2.12954235077
2.93677401543		2.71309566498
2.94063591957		2.80443382263
2.94451093674		2.16506290436
2.94839692116		2.45937633514
2.95226883888		2.92621898651
2.95614385605		2.35788917542
2.96001982689		2.23610401154
2.96389484406		2.87040138245
2.96790385246		2.66235160828
2.97179102898		2.12446784973
2.97564888		2.61160755157
2.9796500206		2.88562393188
2.983522892		2.25640106201
2.9874060154		2.31729412079
2.99127602577		2.92621898651
2.99514889717		2.49489688873
2.99902701378		2.14983940125
3.00302791595		2.73339271545
3.00690889359		2.79428577423
3.01077604294		2.15998840332
3.0146510601		2.48474884033
3.01853084564		2.92114448547
3.02240395546		2.33759117126
3.02628397942		2.25132751465
3.03017091751		2.88562393188
3.03402996063		2.58623600006
3.0379140377		2.12954235077
3.04177999496		2.69787216187
3.04565596581		2.84502887726
3.04965901375		2.20565795898
3.05353283882		2.38833522797
3.05746102333		2.93129348755
3.06141090393		2.47967433929
3.06530284882		2.15998840332
3.06928801537		2.74354171753
3.07315993309		2.77398777008
3.07703590393		2.15491390228
3.0809109211		2.50504589081
3.08478689194		2.91607093811
3.08866786957		2.31729412079
3.0925450325		2.26147556305
3.09641599655		2.900847435
3.10028886795		2.57608699799
3.10416603088		2.12954235077
3.1080429554		2.7029466629
3.11204004288		2.84502887726
3.11592388153		2.20565795898
3.11991596222		2.35281467438
3.12379288673		2.92621898651
3.1276679039		2.46445083618
3.13154292107		2.1701374054
3.13541793823		2.80950832367
3.13929605484		2.71309566498
3.14317083359		2.12954235077
3.14705204964		2.57101249695
3.15092206001		2.89577293396
3.15479803085		2.25640106201
3.15867400169		2.32236862183
3.16254782677		2.92621898651
3.16642904282		2.50504589081
3.1702978611		2.15491390228
3.17418885231		2.77906227112
3.17805290222		2.74861621857
3.1819229126		2.13969039917
3.18587589264		2.50504589081
3.18980097771		2.92114448547
3.19367694855		2.33759117126
3.19755101204		2.25132751465
3.20142793655		2.89069843292
3.20530104637		2.5913105011
3.209182024		2.12446784973
3.21305799484		2.69787216187
3.2169380188		2.81965732574
3.22080302238		2.1701374054
3.2246799469		2.44922733307
3.22855591774		2.92621898651
3.23243093491		2.36803817749
3.23630785942		2.22088050842
3.24018192291		2.87040138245
3.24405503273		2.63698005676
3.24805998802		2.12446784973
3.25193285942		2.5913105011
3.25593996048		2.900847435
3.25980901718		2.26655006409
3.26368498802		2.30714511871
3.26756596565		2.91607093811
3.27143502235		2.51519489288
3.27531194687		2.14983940125
3.27918887138		2.76383876801
3.28306388855		2.75876522064
3.28694295883		2.14983940125
3.29093599319		2.46445083618
3.2948179245		2.92621898651
3.29869198799		2.35281467438
3.30256390572		2.23610401154
3.30644798279		2.88055038452
3.31031894684		2.61160755157
3.31419086456		2.12446784973
3.31808304787		2.67250061035
3.32194185257		2.82980632782
3.32582402229		2.18535995483
3.32969403267		2.42893028259
3.33357405663		2.93129348755
3.33745503426		2.393409729
3.34131789207		2.21580600739
3.34519600868		2.86025238037
3.34907102585		2.6420545578
3.35294604301		2.11939334869
3.35682201385		2.64712810516
3.36069703102		2.8501033783
3.36456990242		2.20565795898
3.36844992638		2.38833522797
3.37232303619		2.93636798859
3.37620592117		2.42385578156
3.3800740242		2.18535995483
3.38407588005		2.79936027527
3.38795995712		2.74354171753
3.39194989204		2.14983940125
3.39583182335		2.49997138977
3.39969992638		2.92114448547
3.40359687805		2.32744312286
3.40758395195		2.22088050842
3.41145586967		2.87040138245
3.41532993317		2.63698005676
3.41920495033		2.12446784973
3.42308092117		2.66742610931
3.42696094513		2.8399553299
3.43083095551		2.19550895691
3.43470597267		2.40863323212
3.43858504295		2.93129348755
3.44245791435		2.40355873108
3.44633793831		2.20058345795
3.45020794868		2.85517787933
3.45410203934		2.66742610931
3.4579679966		2.11939334869
3.46183490753		2.62683105469
3.4657099247		2.88055038452
3.46971201897		2.25640106201
3.47358584404		2.32744312286
3.4774620533		2.92621898651
3.48135495186		2.51012039185
3.48533797264		2.13969039917
3.48921394348		2.73339271545
3.49308896065		2.78921127319
3.49696588516		2.15998840332
3.50083899498		2.48474884033
3.50471401215		2.92114448547
3.50859284401		2.33759117126
3.51246500015		2.24625301361
3.51634192467		2.89069843292
3.52021789551		2.5913105011
3.524091959		2.12446784973
3.52809500694		2.6420545578
3.53196692467		2.86025238037
3.5359749794		2.24625301361
3.5398440361		2.33759117126
3.54371905327		2.92621898651
3.54760193825		2.48474884033
3.5514729023		2.15998840332
3.55534505844		2.79936027527
3.5592238903		2.73846721649
3.56322193146		2.14983940125
3.56710600853		2.49997138977
3.57097291946		2.91607093811
3.57485485077		2.32236862183
3.57872605324		2.26655006409
3.58259987831		2.900847435
3.58648204803		2.57101249695
3.59035205841		2.12954235077
3.59422683716		2.71817016602
3.59811687469		2.80950832367
3.60197687149		2.16506290436
3.60585784912		2.46445083618
3.60973000526		2.92621898651
3.61360192299		2.34774017334
3.61748504639		2.2310295105
3.62135386467		2.88562393188
3.62523293495		2.61160755157
3.62910699844		2.12446784973
3.63297986984		2.68772315979
3.63685584068		2.82980632782
3.64072990417		2.18535995483
3.64460492134		2.43400478363
3.6484849453		2.93129348755
3.65235805511		2.38326072693
3.65623903275		2.21073246002
3.66010904312		2.8501033783
3.66410899162		2.69787216187
3.66799283028		2.12954235077
3.67198395729		2.5405664444
3.67586803436		2.90592193604
3.67973589897		2.2919216156
3.68361282349		2.29699611664
3.68748998642		2.91099643707
3.69136404991		2.53041744232
3.69524502754		2.14476490021
3.69911789894		2.7536907196
3.70299005508		2.78921127319
3.7069978714		2.17521095276
3.71086597443		2.44415378571
3.71474003792		2.93129348755
3.71862101555		2.37311172485
3.72249388695		2.22088050842
3.72637104988		2.87040138245
3.73024582863		2.63190555573
3.73413205147		2.12954235077
3.73800182343		2.66235160828
3.7418680191		2.8399553299
3.74574494362		2.22088050842
3.74974703789		2.35788917542
3.75362205505		2.93129348755
3.7574968338		2.45937633514
3.76137304306		2.1701374054
3.76524686813		2.81458282471
3.76914000511		2.72324466705
3.7731218338		2.14476490021
3.77700591087		2.51519489288
3.78087496758		2.91099643707
3.78474903107		2.30207061768
3.78862786293		2.27669906616
3.79250097275		2.91099643707
3.79637694359		2.55578994751
3.80025100708		2.13461589813
3.80412793159		2.72324466705
3.80813002586		2.82980632782
3.81200289726		2.19043445587
3.81601691246		2.35788917542
3.82000398636		2.92114448547
3.82400393486		2.55578994751
3.82788586617		2.13461589813
3.83175587654		2.72831821442
3.83563089371		2.80443382263
3.83963298798		2.18535995483
3.84350895882		2.42893028259
3.84738302231		2.93129348755
3.85125803947		2.393409729
3.85527992249		2.1701374054
3.85926699638		2.77906227112
3.86313605309		2.7536907196
3.86714100838		2.15998840332
3.87101101875		2.47967433929
3.87488698959		2.92621898651
3.87876391411		2.33759117126
3.88263702393		2.24625301361
3.88651990891		2.88562393188
3.89038896561		2.5913105011
3.89427995682		2.12954235077
3.89814400673		2.69787216187
3.90201401711		2.81458282471
3.90589690208		2.17521095276
3.90976405144		2.44415378571
3.91364192963		2.92621898651
3.91751790047		2.37311172485
3.92139291763		2.22088050842
3.92526602745		2.87040138245
3.92916202545		2.63698005676
3.93314504623		2.12446784973
3.93703103065		2.5913105011
3.94100999832		2.89577293396
3.94488596916		2.27162456512
3.94877290726		2.30207061768
3.95264601707		2.91607093811
3.95652294159		2.51519489288
3.96039605141		2.14476490021
3.96427202225		2.75876522064
3.96814894676		2.76383876801
3.97202587128		2.15491390228
3.97602987289		2.45430183411
3.9798989296		2.92621898651
3.98377394676		2.35281467438
3.98765683174		2.23610401154
3.99152493477		2.88055038452
3.99539995193		2.60653305054
3.99927997589		2.12954235077
4.00315189362		2.68264961243
4.00703382492		2.8399553299
4.0110309124		2.21580600739
4.01490283012		2.37818622589
4.01877903938		2.93129348755
4.02265501022		2.43907928467
4.0265378952		2.1701374054
4.03040790558		2.82473182678
4.0342810154		2.69787216187
4.03817200661		2.12954235077
4.04203295708		2.5913105011
4.04591393471		2.88562393188
4.04978299141		2.24117851257
4.0536570549		2.3426656723
4.05755090714		2.92621898651
4.06153297424		2.53041744232
4.06541085243		2.14476490021
4.06929183006		2.74861621857
4.0731780529		2.78413677216
4.07703590393		2.14983940125
4.08091282845		2.49997138977
4.08478689194		2.91607093811
4.08866286278		2.31729412079
4.09254288673		2.26147556305
4.09641504288		2.89577293396
4.10028886795		2.57608699799
4.10416483879		2.13461589813
4.10804104805		2.7029466629
4.11204195023		2.8399553299
4.11592292786		2.20058345795
4.11979198456		2.41370677948
4.1236679554		2.93129348755
4.1275498867		2.41370677948
4.13141798973		2.20058345795
4.1352930069		2.8399553299
4.13917088509		2.66235160828
4.14304494858		2.12446784973
4.14692687988		2.62683105469
4.15079498291		2.86025238037
4.15467095375		2.22088050842
4.15854883194		2.37818622589
4.16242289543		2.93129348755
4.16631984711		2.45430183411
4.17030096054		2.15491390228
4.17418789864		2.77906227112
4.17805600166		2.74861621857
4.1819229126		2.13969039917
4.18587684631		2.50504589081
4.18980193138		2.92621898651
4.19367599487		2.33759117126
4.19755291939		2.24625301361
4.20144295692		2.88562393188
4.20542693138		2.6420545578
4.20930504799		2.12446784973
4.21317601204		2.64712810516
4.21706104279		2.86025238037
4.22092795372		2.20565795898
4.224807024		2.393409729
4.22868084908		2.93636798859
4.23255586624		2.42893028259
4.23643183708		2.19043445587
4.24030804634		2.8399553299
4.24418282509		2.69279766083
4.24818396568		2.13461589813
4.25205898285		2.53549194336
4.25606489182		2.91607093811
4.25993394852		2.31729412079
4.26380896568		2.26147556305
4.26769185066		2.900847435
4.27155995369		2.57101249695
4.27543592453		2.13461589813
4.27931690216		2.70802116394
4.28331184387		2.84502887726
4.28719592094		2.19550895691
4.29106402397		2.40863323212
4.29493904114		2.93129348755
4.29882192612		2.41370677948
4.30269098282		2.20058345795
4.30657291412		2.84502887726
4.31044387817		2.66235160828
4.31431698799		2.12446784973
4.31820583344		2.62175655365
4.322067976		2.86532688141
4.32594799995		2.22088050842
4.32981801033		2.37818622589
4.3336930275		2.93129348755
4.33757686615		2.44415378571
4.3414440155		2.1802854538
4.34532284737		2.81965732574
4.34921097755		2.7029466629
4.35307097435		2.12954235077
4.35694789886		2.58623600006
4.36083602905		2.88562393188
4.36469697952		2.24625301361
4.36857700348		2.3426656723
4.37244701385		2.92621898651
4.37632894516		2.48474884033
4.38019895554		2.15491390228
4.38419985771		2.7536907196
4.38807582855		2.78921127319
4.39207696915		2.1802854538
4.3959569931		2.43907928467
4.3998260498		2.92621898651
4.40370082855		2.36803817749
4.40757989883		2.22595500946
4.41145396233		2.87040138245
4.41532897949		2.62175655365
4.41921401024		2.12446784973
4.42307901382		2.6522026062
4.42708683014		2.87547588348
4.43095588684		2.2310295105
4.43483304977		2.35281467438
4.43870902061		2.93636798859
4.44258403778		2.46445083618
4.44646286964		2.16506290436
4.45033597946		2.80950832367
4.45422291756		2.71817016602
4.45808696747		2.12954235077
4.46195888519		2.58116149902
4.46584105492		2.89577293396
4.4697098732		2.25640106201
4.47358989716		2.32744312286
4.4774620533		2.92621898651
4.48133587837		2.49997138977
4.48521304131		2.15491390228
4.48908901215		2.78413677216
4.49296283722		2.74861621857
4.49684095383		2.13969039917
4.50071287155		2.54564094543
4.50458884239		2.90592193604
4.508466959		2.2817735672
4.5123398304		2.30207061768
4.51622390747		2.91099643707
4.52021694183		2.58116149902
4.524091959		2.12446784973
4.52809691429		2.6522026062
4.53197002411		2.85517787933
4.53585004807		2.20565795898
4.53972482681		2.393409729
4.54359388351		2.93129348755
4.54747700691		2.42893028259
4.55134487152		2.18535995483
4.55522084236		2.8399553299
4.55909895897		2.67757511139
4.56297183037		2.12446784973
4.56685400009		2.61160755157
4.57072305679		2.87547588348
4.57459902763		2.2310295105
4.57847499847		2.36296367645
4.58236503601		2.93129348755
4.58623099327		2.46445083618
4.59010100365		2.17521095276
4.59397602081		2.80950832367
4.59794783592		2.7536907196
4.6018538475		2.14983940125
4.60572695732		2.50504589081
4.60972905159		2.92114448547
4.61360502243		2.35281467438
4.61750197411		2.23610401154
4.62147688866		2.8501033783
4.62535595894		2.65727710724
4.62923192978		2.12446784973
4.6331050396		2.62683105469
4.63698196411		2.86532688141
4.64085698128		2.22088050842
4.64473104477		2.37311172485
4.64860892296		2.93129348755
4.65248298645		2.44415378571
4.65636587143		2.1802854538
4.6602408886		2.80950832367
4.66423487663		2.74354171753
4.66811203957		2.13969039917
4.67211198807		2.48474884033
4.67599391937		2.92114448547
4.67986083031		2.33251667023
4.68373584747		2.25132751465
4.68762087822		2.89069843292
4.69148683548		2.58623600006
4.69536399841		2.12446784973
4.6993689537		2.64712810516
4.70324087143		2.8501033783
4.70712089539		2.20565795898
4.71099090576		2.393409729
4.71486592293		2.93129348755
4.71874284744		2.41878128052
4.72261786461		2.19043445587
4.72649598122		2.83488082886
4.73037004471		2.67757511139
4.7342569828		2.12446784973
4.73811888695		2.61668205261
4.74199485779		2.87547588348
4.74587702751		2.2310295105
4.74974393845		2.36296367645
4.75361990929		2.92621898651
4.75749802589		2.46445083618
4.76137399673		2.1701374054
4.76524686813		2.81458282471
4.76912498474		2.70802116394
4.77299690247		2.12446784973
4.77688002586		2.57608699799
4.7807559967		2.89069843292
4.78462505341		2.26147556305
4.78850197792		2.32744312286
4.79237484932		2.92114448547
4.79625701904		2.51012039185
4.80025100708		2.13969039917
4.80412483215		2.71817016602
4.80812883377		2.83488082886
4.81200289726		2.19043445587
4.81588602066		2.42893028259
4.81975388527		2.93129348755
4.82362794876		2.38833522797
4.82751393318		2.20565795898
4.83137989044		2.86532688141
4.83525586128		2.6420545578
4.83913302422		2.12446784973
4.84313297272		2.5913105011
4.8470158577		2.88562393188
4.85088300705		2.24625301361
4.85475897789		2.3426656723
4.8586359024		2.92114448547
4.86251282692		2.47967433929
4.8663918972		2.15998840332
4.87027382851		2.79936027527
4.87413597107		2.72831821442
4.87801790237		2.13461589813
4.88188505173		2.55578994751
4.88576102257		2.91099643707
4.88976693153		2.31729412079
4.89363884926		2.26655006409
4.89751505852		2.900847435
4.90139484406		2.57608699799
4.90528392792		2.12954235077
4.90926599503		2.66235160828
4.91314101219		2.84502887726
4.91701698303		2.19550895691
4.9208920002		2.41370677948
4.92476797104		2.93129348755
4.92864394188		2.41370677948
4.93265986443		2.1701374054
4.93652701378		2.81458282471
4.9403860569		2.71309566498
4.94426083565		2.12446784973
4.94814896584		2.55578994751
4.95214390755		2.91099643707
4.95602798462		2.30207061768
4.95989704132		2.2817735672
4.96377086639		2.90592193604
4.96765089035		2.55071544647
4.97152304649		2.13969039917
4.97539901733		2.73846721649
4.97927498817		2.78921127319
4.98314905167		2.16506290436
4.98715686798		2.42893028259
4.99102592468		2.93129348755
4.99490094185		2.38833522797
4.99877786636		2.21073246002
