0.000127077102661		3.73812007904
0.00576710700989		1.70329380035
0.0102739334106		0.800054550171
0.0147650241852		2.04835224152
0.01926612854		3.79393768311
0.0237679481506		3.94109535217
0.0284008979797		2.56086444855
0.0328929424286		0.886319160461
0.0373950004578		1.30749225616
0.0418961048126		3.29157447815
0.0464329719543		4.01213645935
0.0508930683136		3.39306259155
0.0553929805756		1.37345981598
0.0598950386047		0.871096611023
0.0643939971924		2.46952533722
0.0688960552216		3.92079734802
0.0733969211578		3.84975624084
0.0779120922089		2.20058345795
0.082405090332		0.810203552246
0.0869090557098		1.58150959015
0.0914371013641		3.54529380798
0.0959150791168		4.00198745728
0.100407123566		3.11397171021
0.104913949966		1.12988948822
0.109409093857		0.982732772827
0.113909959793		2.81458282471
0.118410110474		3.97661590576
0.122913122177		3.72289657593
0.12741112709		1.85552597046
0.131911039352		0.794981002808
0.13649892807		1.94686412811
0.141038894653		3.75334262848
0.145546913147		3.96139240265
0.150038957596		2.71309566498
0.154545068741		0.937063217163
0.159039974213		1.21107959747
0.163542032242		3.17486381531
0.168040037155		4.00706195831
0.172542095184		3.49962425232
0.177043914795		1.49017047882
0.18154501915		0.83557510376
0.186049938202		2.32236862183
0.190545082092		3.8802022934
0.19504904747		3.89035129547
0.199543952942		2.36296367645
0.204044103622		0.83557510376
0.208547115326		1.45972442627
0.213047027588		3.4336566925
0.217550039291		4.00706195831
0.222048044205		3.24083042145
0.226550102234		1.22630310059
0.231055021286		0.926914215088
0.235556125641		2.66742610931
0.240050077438		3.97661590576
0.244550943375		3.79393768311
0.249051094055		1.99760818481
0.253549098969		0.78990650177
0.258050918579		1.76926136017
0.262552022934		3.64678096771
0.267054080963		3.98676395416
0.271546125412		2.92621898651
0.276047945023		1.02840232849
0.280555009842		1.07914543152
0.285057067871		2.98711204529
0.289555072784		3.9918384552
0.294064044952		3.6214094162
0.29855799675		1.66777324677
0.303057909012		0.800054550171
0.307560920715		2.10416984558
0.312058925629		3.81423568726
0.316561937332		3.93602085114
0.321059942245		2.57101249695
0.325562000275		0.891393661499
0.330065011978		1.3024187088
0.334567070007		3.27635097504
0.339061021805		4.00706195831
0.343564033508		3.40321063995
0.348062992096		1.38360881805
0.352562904358		0.860947608948
0.357064962387		2.45430183411
0.361567974091		3.9309463501
0.366066932678		3.85990524292
0.370572090149		2.21073246002
0.375067949295		0.805129051208
0.379566907883		1.58150959015
0.384069919586		3.53007030487
0.3885679245		3.99691295624
0.393069982529		3.11397171021
0.397568941116		1.14511299133
0.402070045471		0.982732772827
0.406573057175		2.79428577423
0.411072015762		3.9816904068
0.415579080582		3.733045578
0.420072078705		1.86567401886
0.424580097198		0.784832000732
0.429074048996		1.89612102509
0.433574914932		3.72289657593
0.438074111938		3.97154140472
0.4425740242		2.77906227112
0.447077035904		0.967509269714
0.451575994492		1.17048454285
0.456078052521		3.11397171021
0.460577964783		3.99691295624
0.465085983276		3.54529380798
0.4695789814		1.55106258392
0.474080085754		0.820352554321
0.478581905365		2.24625301361
0.483081102371		3.86497974396
0.487580060959		3.91572284698
0.492080926895		2.43400478363
0.496587991714		0.845724105835
0.501081943512		1.40390586853
0.505593061447		3.39306259155
0.510087966919		4.01213645935
0.514590978622		3.29157447815
0.519077062607		1.28212070465
0.523576974869		0.906617164612
0.528091907501		2.59638500214
0.532587051392		3.95124340057
0.537087917328		3.81423568726
0.541585922241		2.07879829407
0.546092987061		0.794981002808
0.5505900383		1.70329380035
0.555095911026		3.61126041412
0.559590101242		3.9918384552
0.564090967178		2.98203754425
0.568593978882		1.05884838104
0.573092937469		1.04869937897
0.577591896057		2.93129348755
0.582093000412		3.9816904068
0.586596012115		3.66200447083
0.591094970703		1.73881530762
0.595601081848		0.800054550171
0.600094079971		2.02297973633
0.604595899582		3.7837896347
0.609097003937		3.95631790161
0.613594055176		2.6420545578
0.618097066879		0.906617164612
0.622597932816		1.2516746521
0.62709903717		3.23068237305
0.631597042084		4.01213645935
0.636101961136		3.44888019562
0.640599012375		1.43435192108
0.645101070404		0.85587310791
0.649609088898		2.38833522797
0.654107093811		3.90050029755
0.658601045609		3.87512779236
0.663101911545		2.2919216156
0.667603969574		0.820352554321
0.672118902206		1.51554203033
0.676606893539		3.48440074921
0.681104898453		4.01213645935
0.685606956482		3.17993831635
0.690104007721		1.18063354492
0.694612979889		0.957360267639
0.699108123779		2.73846721649
0.703608036041		3.97661590576
0.708107948303		3.76349163055
0.712609052658		1.93671607971
0.717111110687		0.78990650177
0.721607923508		1.82507896423
0.726110935211		3.68737602234
0.730611085892		3.9816904068
0.735121965408		2.8501033783
0.739612102509		0.992880821228
0.744113922119		1.11974048615
0.748613119125		3.05307865143
0.753113985062		3.9918384552
0.757615089417		3.58588886261
0.762114048004		1.60688114166
0.76661491394		0.810203552246
0.771107912064		2.1701374054
0.77561211586		3.83453273773
0.780118942261		3.92587184906
0.784625053406		2.49997138977
0.789123058319		0.871096611023
0.793623924255		1.3633108139
0.79812002182		3.32709503174
0.802619934082		4.01213645935
0.80712389946		3.34739303589
0.811621904373		1.32779026031
0.816128015518		0.886319160461
0.820621967316		2.52534389496
0.825130939484		3.94109535217
0.829623937607		3.83960723877
0.834127902985		2.14476490021
0.838624000549		0.805129051208
0.843123912811		1.64747619629
0.847628116608		3.5706653595
0.852127075195		3.9918384552
0.856632947922		3.05307865143
0.861125946045		1.09944343567
0.865634918213		1.01317882538
0.870127916336		2.86025238037
0.874629974365		3.98676395416
0.879130125046		3.70259952545
0.883630037308		1.78448390961
0.888133049011		0.794981002808
0.892632007599		1.96208763123
0.897133111954		3.75841712952
0.901632070541		3.96139240265
0.906137943268		2.70802116394
0.910640954971		0.942137718201
0.915141105652		1.21615409851
0.919635057449		3.16471481323
0.924138069153		4.00706195831
0.928652048111		3.49454975128
0.933137893677		1.49017047882
0.937639951706		0.830501556396
0.942137956619		2.31221961975
0.946640968323		3.89035129547
0.951138973236		3.89542579651
0.955640077591		2.35788917542
0.960139989853		0.830501556396
0.964639902115		1.46479797363
0.96914100647		3.4336566925
0.973642110825		4.00198745728
0.978269100189		3.18501281738
0.982769012451		1.19585609436
0.987270116806		0.952286720276
0.991770029068		2.71817016602
0.996272087097		3.97661590576
1.00077104568		3.77364063263
1.00527191162		1.94178962708
1.0097720623		0.784832000732
1.01427698135		1.82507896423
1.01876401901		3.67722702026
1.02326798439		3.9816904068
1.02777695656		2.85517787933
1.03227496147		1.0030298233
1.03677606583		1.11974048615
1.04127502441		3.04292964935
1.04577708244		3.9918384552
1.05027604103		3.59603691101
1.05479311943		1.61703014374
1.05927801132		0.805129051208
1.06377792358		2.1701374054
1.06828689575		3.83960723877
1.07277989388		3.9309463501
1.07728099823		2.51519489288
1.08177995682		0.866022109985
1.08628296852		1.34301376343
1.09078192711		3.32709503174
1.09528303146		4.01213645935
1.09978103638		3.35754108429
1.10428500175		1.33793926239
1.10878300667		0.881244659424
1.11328411102		2.51519489288
1.1177880764		3.93602085114
1.12228608131		3.84468173981
1.12678909302		2.15491390228
1.13128590584		0.800054550171
1.13579297066		1.6221036911
1.14028811455		3.56559085846
1.14479589462		4.00198745728
1.14929103851		3.05815315247
1.1537899971		1.08421993256
1.15841507912		1.03347587585
1.16291594505		2.90592193604
1.16741800308		3.9816904068
1.17191696167		3.67215251923
1.1764550209		1.74388885498
1.18091607094		0.794981002808
1.18542504311		2.01283168793
1.18991804123		3.77871513367
1.19442510605		3.95631790161
1.19892191887		2.66235160828
1.20342111588		0.916765213013
1.20792889595		1.24660015106
1.2124209404		3.22053337097
1.21692991257		4.01213645935
1.22142410278		3.45902919769
1.22593092918		1.44450092316
1.23042392731		0.850798606873
1.23493289948		2.36803817749
1.2394258976		3.89542579651
1.24392604828		3.8802022934
1.24842596054		2.31729412079
1.2529270649		0.825427055359
1.25742793083		1.49524497986
1.26192808151		3.46917819977
1.26650190353		4.01213645935
1.27104711533		3.14949226379
1.2755510807		1.15526103973
1.28005695343		0.972583770752
1.28455710411		2.76891326904
1.28905701637		3.9816904068
1.29355597496		3.74319458008
1.29805898666		1.90119457245
1.30255889893		0.78990650177
1.30706095695		1.8707485199
1.31155896187		3.70259952545
1.31606197357		3.97661590576
1.32055997849		2.81965732574
1.32506108284		0.972583770752
1.32956194878		1.14511299133
1.3340690136		3.09367370605
1.33856296539		3.99691295624
1.34306406975		3.56559085846
1.34756994247		1.57136058807
1.35206389427		0.815278053284
1.35656690598		2.21580600739
1.36106491089		3.84975624084
1.36556601524		3.92079734802
1.37006592751		2.46445083618
1.37457489967		0.860947608948
1.3790678978		1.37853431702
1.38356995583		3.36261558533
1.38806891441		4.01213645935
1.39256906509		3.31694602966
1.39708995819		1.29226970673
1.40157103539		0.896468162537
1.40607309341		2.56593894958
1.41057395935		3.95124340057
1.41507411003		3.82945823669
1.41957306862		2.10416984558
1.42407512665		0.800054550171
1.42857503891		1.6728477478
1.43307304382		3.59096240997
1.43757796288		3.9918384552
1.44207596779		3.02263259888
1.44658398628		1.07914543152
1.45107698441		1.02332782745
1.4555850029		2.900847435
1.46007108688		3.9816904068
1.46457505226		3.6823015213
1.46907997131		1.76418685913
1.47358012199		0.794981002808
1.47808003426		2.00268268585
1.48258090019		3.77364063263
1.48708891869		3.95631790161
1.4915831089		2.67250061035
1.49608492851		0.926914215088
1.50058412552		1.23645114899
1.50508999825		3.20023536682
1.50958800316		4.00706195831
1.51408791542		3.47932624817
1.5185790062		1.45972442627
1.52308011055		0.83557510376
1.52759790421		2.35788917542
1.53208804131		3.90050029755
1.53659510612		3.89035129547
1.54108691216		2.31729412079
1.54559612274		0.825427055359
1.55008912086		1.49524497986
1.55459594727		3.46410369873
1.55909109116		4.00706195831
1.56359004974		3.20530986786
1.56809091568		1.21107959747
1.57259106636		0.942137718201
1.57709503174		2.69787216187
1.58159208298		3.97661590576
1.58610200882		3.77871513367
1.59059405327		1.96716213226
1.59510111809		0.784832000732
1.59959793091		1.79970741272
1.60409712791		3.66707897186
1.6085960865		3.9816904068
1.61309790611		2.88055038452
1.61759901047		1.00810432434
1.62210011482		1.10959243774
1.62660694122		3.02770709991
1.63109993935		3.98676395416
1.63560509682		3.60618591309
1.64010190964		1.63732719421
1.64460206032		0.805129051208
1.64910101891		2.13461589813
1.65360212326		3.82438468933
1.65810799599		3.94109535217
1.66260409355		2.53549194336
1.66710495949		0.876170158386
1.67160606384		1.33286476135
1.67610907555		3.3118724823
1.68060612679		4.01213645935
1.6851079464		3.3727645874
1.68960809708		1.35316181183
1.69411301613		0.881244659424
1.69860696793		2.4898223877
1.70310807228		3.9309463501
1.70761108398		3.84975624084
1.7121090889		2.1802854538
1.7166121006		0.805129051208
1.72111010551		1.60688114166
1.72561192513		3.55036830902
1.73011207581		4.00198745728
1.73462200165		3.07337665558
1.7391140461		1.11466598511
1.74361610413		1.01825332642
1.74823904037		2.89577293396
1.75273990631		3.9816904068
1.75724411011		3.6823015213
1.7617430687		1.77433586121
1.76624798775		0.794981002808
1.77073597908		1.98745918274
1.77523803711		3.76349163055
1.77974295616		3.96646690369
1.78425097466		2.68264961243
1.78874611855		0.92183971405
1.79324412346		1.23137664795
1.79774689674		3.20023536682
1.80224704742		4.01213645935
1.80674910545		3.47425174713
1.81124806404		1.46987247467
1.81574892998		0.845724105835
1.82025003433		2.3426656723
1.82475709915		3.89542579651
1.82925605774		3.89035129547
1.83375310898		2.2919216156
1.8383769989		0.815278053284
1.84287691116		1.52569103241
1.84737801552		3.49962425232
1.85187792778		4.00706195831
1.85641694069		3.14441776276
1.8608789444		1.17048454285
1.86538505554		0.967509269714
1.86987996101		2.7536907196
1.87438106537		3.97661590576
1.8788819313		3.75334262848
1.88337993622		1.9214925766
1.88788509369		0.78990650177
1.8923830986		1.84537696838
1.89688611031		3.69245052338
1.90138292313		3.9816904068
1.90589594841		2.82980632782
1.91038489342		0.987807273865
1.91489100456		1.13496398926
1.91938591003		3.06830215454
1.92388796806		3.99691295624
1.92838597298		3.57573986053
1.93288707733		1.59165763855
1.93739008904		0.815278053284
1.94188904762		2.18535995483
1.94646692276		3.85483074188
1.95101594925		3.91064834595
1.95552206039		2.42385578156
1.96001505852		0.850798606873
1.96451807022		1.40390586853
1.96901893616		3.39306259155
1.97351789474		4.01213645935
1.97802090645		3.29157447815
1.98251891136		1.27197170258
1.98702096939		0.906617164612
1.99151992798		2.60653305054
1.9960269928		3.96139240265
2.0005209446		3.80916118622
2.00502300262		2.05850028992
2.00952291489		0.800054550171
2.01402902603		1.71344280243
2.01851606369		3.61126041412
2.02301692963		3.98676395416
2.02752995491		2.97696304321
2.03202795982		1.05884838104
2.0365319252		1.04362487793
2.04102611542		2.93636798859
2.04553389549		3.98676395416
2.05002808571		3.66200447083
2.05453395844		1.7235918045
2.05902910233		0.794981002808
2.06352996826		2.04327774048
2.06803011894		3.78886318207
2.07252907753		3.94616889954
2.07703304291		2.63698005676
2.08153104782		0.911691665649
2.08603906631		1.26182365417
2.09053397179		3.23068237305
2.09503912926		4.01213645935
2.09953403473		3.44888019562
2.10403704643		1.42927742004
2.10853505135		0.850798606873
2.11303591728		2.393409729
2.11753702164		3.91064834595
2.12203907967		3.87512779236
2.12653708458		2.27669906616
2.13103890419		0.820352554321
2.13553905487		1.52569103241
2.14003801346		3.48947525024
2.14454507828		4.00706195831
2.14903998375		3.16978931427
2.1535410881		1.18570804596
2.15804100037		0.957360267639
2.16254401207		2.73846721649
2.16704201698		3.97661590576
2.17154312134		3.76349163055
2.17604899406		1.92656707764
2.18054509163		0.784832000732
2.18505597115		1.84537696838
2.18954396248		3.69245052338
2.19404911995		3.9816904068
2.19854593277		2.84502887726
2.20304608345		0.992880821228
2.20754694939		1.12988948822
2.21204996109		3.0632276535
2.21655297279		3.9918384552
2.22105002403		3.58588886261
2.22555708885		1.60180664062
2.23005008698		0.810203552246
2.23455905914		2.1802854538
2.23905110359		3.84468173981
2.24355196953		3.9309463501
2.24805212021		2.49489688873
2.25255298615		0.866022109985
2.25705504417		1.3633108139
2.26155400276		3.34231853485
2.2660639286		4.01213645935
2.27054691315		3.34739303589
2.27505207062		1.32271575928
2.27955698967		0.891393661499
2.28406310081		2.53041744232
2.28855705261		3.94109535217
2.29305696487		3.83960723877
2.29755997658		2.13969039917
2.30206012726		0.800054550171
2.30656194687		1.64240169525
2.31105995178		3.58081436157
2.3155670166		3.99691295624
2.32006001472		3.04292964935
2.32456707954		1.09944343567
2.32906198502		1.01825332642
2.33356308937		2.87040138245
2.33806300163		3.9816904068
2.34256410599		3.69245052338
2.34706711769		1.79970741272
2.35156607628		0.78990650177
2.35607290268		1.9722366333
2.3605659008		3.75841712952
2.36506795883		3.96646690369
2.36956906319		2.7029466629
2.37410092354		0.926914215088
2.37856912613		1.21615409851
2.38306903839		3.17993831635
2.38757205009		4.00706195831
2.39207100868		3.48947525024
2.39657211304		1.48509597778
2.4010720253		0.840649604797
2.40557408333		2.31729412079
2.41007709503		3.88527679443
2.41458010674		3.89542579651
2.41907405853		2.35281467438
2.42357492447		0.830501556396
2.4280769825		1.46479797363
2.43257594109		3.44380569458
2.43707895279		4.01213645935
2.44157791138		3.23068237305
2.44607996941		1.22122859955
2.45058012009		0.931988716125
2.45508694649		2.67757511139
2.45957994461		3.97154140472
2.46408700943		3.78886318207
2.46858000755		1.99760818481
2.47308111191		0.78990650177
2.47758197784		1.77433586121
2.48208212852		3.65185546875
2.48658895493		3.98676395416
2.49108409882		2.91607093811
2.49558496475		1.02332782745
2.50008392334		1.08421993256
2.50458693504		3.00233459473
2.50908493996		3.98676395416
2.51358699799		3.6214094162
2.51808190346		1.66777324677
2.52258110046		0.805129051208
2.5270960331		2.11431884766
2.53158712387		3.81931018829
2.53608989716		3.93602085114
2.54059004784		2.57101249695
2.54509592056		0.886319160461
2.54959106445		1.3024187088
2.55409502983		3.28649997711
2.55859208107		4.00706195831
2.56309294701		3.40321063995
2.56759500504		1.36838531494
2.57209300995		0.866022109985
2.57659912109		2.46952533722
2.58109402657		3.92587184906
2.58560395241		3.85483074188
2.59009695053		2.21073246002
2.59460306168		0.810203552246
2.59909796715		1.58150959015
2.60360193253		3.53007030487
2.60809898376		3.99691295624
2.61259794235		3.11904525757
2.61710095406		1.1400384903
2.62159991264		0.982732772827
2.62610697746		2.80950832367
2.63060212135		3.98676395416
2.63510799408		3.733045578
2.63960289955		1.86059951782
2.64410495758		0.784832000732
2.64860391617		1.90626907349
2.65310406685		3.72797107697
2.6576089859		3.96646690369
2.66210508347		2.77906227112
2.66660904884		0.962434768677
2.67110610008		1.17048454285
2.67560791969		3.11904525757
2.6801071167		4.00198745728
2.68460893631		3.54021930695
2.6891078949		1.54598808289
2.69360899925		0.820352554321
2.6981151104		2.25640106201
2.70260906219		3.86497974396
2.70711302757		3.91064834595
2.71161293983		2.42385578156
2.71611905098		0.850798606873
2.72061300278		1.40898036957
2.72511291504		3.39306259155
2.72961497307		4.00706195831
2.73412299156		3.29157447815
2.73861408234		1.27704620361
2.74312090874		0.911691665649
2.7476170063		2.59638500214
2.75211691856		3.95631790161
2.75661802292		3.81423568726
2.76111698151		2.06864929199
2.76561903954		0.78990650177
2.77011013031		1.70836830139
2.77461409569		3.61633491516
2.77912306786		3.98676395416
2.78362107277		2.9617395401
2.78812098503		1.06392288208
2.79262495041		1.05377388
2.797123909		2.93636798859
2.80162191391		3.9816904068
2.80612492561		3.66200447083
2.81062507629		1.72866630554
2.81513094902		0.78990650177
2.81962394714		2.0331287384
2.82412791252		3.79393768311
2.8286280632		3.95124340057
2.83312892914		2.63190555573
2.83762812614		0.911691665649
2.84212994576		1.26182365417
2.84663105011		3.23068237305
2.85112690926		4.00198745728
2.85562896729		3.44380569458
2.86013007164		1.42927742004
2.86463809013		0.85587310791
2.86913204193		2.38833522797
2.87363195419		3.92079734802
2.878262043		3.85990524292
2.88276410103		2.22088050842
2.8872590065		0.805129051208
2.89176011086		1.57136058807
2.89626598358		3.53007030487
2.90076112747		4.00198745728
2.9052670002		3.11397171021
2.90976190567		1.14511299133
2.91426301003		0.982732772827
2.91876006126		2.79428577423
2.92326307297		3.97661590576
2.9277639389		3.733045578
2.93226289749		1.88089752197
2.93676495552		0.78990650177
2.9412651062		1.88597202301
2.94577097893		3.72289657593
2.95026612282		3.97661590576
2.95477294922		2.78413677216
2.95926904678		0.967509269714
2.96376800537		1.19078159332
2.96839499474		3.16471481323
2.972894907		4.00706195831
2.97739601135		3.50469875336
2.98189401627		1.50539302826
2.98642706871		0.83557510376
2.99089789391		2.30207061768
2.99540305138		3.8802022934
2.9998960495		3.90050029755
3.00439810753		2.37818622589
3.00889801979		0.830501556396
3.01339912415		1.44450092316
3.01789808273		3.4235086441
3.02241110802		4.01213645935
3.02690696716		3.24590492249
3.03140807152		1.24152565002
3.03590893745		0.926914215088
3.04040312767		2.65727710724
3.04490399361		3.96646690369
3.04940390587		3.79393768311
3.05391097069		2.01790523529
3.0584089756		0.794981002808
3.06291294098		1.75911235809
3.06740808487		3.64170646667
3.07190799713		3.9918384552
3.07644510269		2.91607093811
3.08090806007		1.02840232849
3.08540797234		1.06899738312
3.08991003036		2.98203754425
3.09441494942		3.98676395416
3.09890890121		3.6315574646
3.10341095924		1.68807125092
3.10790991783		0.800054550171
3.11241102219		2.08894729614
3.11691212654		3.80916118622
3.1214120388		3.93602085114
3.12591290474		2.58623600006
3.13041305542		0.891393661499
3.13492202759		1.29226970673
3.13941502571		3.27127742767
3.14391803741		4.01213645935
3.14841890335		3.41335964203
3.15291595459		1.38868236542
3.15741991997		0.860947608948
3.16192412376		2.45430183411
3.16649508476		3.9309463501
3.17104411125		3.84468173981
3.17554402351		2.1701374054
3.18004512787		0.805129051208
3.18455290794		1.61703014374
3.18904709816		3.55036830902
3.19354891777		3.99691295624
3.19804596901		3.07845020294
3.20254802704		1.11466598511
3.20705103874		0.997955322266
3.21154689789		2.84502887726
3.21605610847		3.98676395416
3.22055101395		3.71274757385
3.22505807877		1.81493091583
3.22955203056		0.794981002808
3.2340528965		1.94686412811
3.2385559082		3.73812007904
3.24305295944		3.96646690369
3.2475540638		2.73846721649
3.25205397606		0.947212219238
3.2565600872		1.19585609436
3.26105499268		3.14949226379
3.26556301117		4.00706195831
3.27004790306		3.5199213028
3.27455306053		1.50539302826
3.27906298637		0.825427055359
3.28355908394		2.28684806824
3.2880589962		3.8802022934
3.29255795479		3.90050029755
3.29706192017		2.38326072693
3.30156493187		0.840649604797
3.30606889725		1.44957542419
3.3105609417		3.41843414307
3.31506800652		4.00706195831
3.31956410408		3.25605392456
3.32406497002		1.24660015106
3.3285651207		0.926914215088
3.33306407928		2.63698005676
3.3375658989		3.97154140472
3.34206390381		3.80408668518
3.34656906128		2.02805423737
3.35106706619		0.794981002808
3.35557198524		1.74896335602
3.36006498337		3.63663196564
3.36456894875		3.9816904068
3.36906909943		2.94144248962
3.37356996536		1.04362487793
3.37807011604		1.06899738312
3.38256907463		2.96681404114
3.38707089424		3.98676395416
3.39157104492		3.64170646667
3.39608001709		1.69314575195
3.40057301521		0.794981002808
3.40507292747		2.07879829407
3.40957403183		3.80916118622
3.41408109665		3.94616889954
3.41857504845		2.60145950317
3.42307591438		0.896468162537
3.42757892609		1.28719520569
3.432076931		3.26620292664
3.43657898903		4.00198745728
3.44109511375		3.41335964203
3.44557905197		1.40390586853
3.45007896423		0.860947608948
3.45458602905		2.43400478363
3.45908308029		3.92079734802
3.46357989311		3.87005329132
3.46808409691		2.24117851257
3.47258090973		0.810203552246
3.47708797455		1.55613708496
3.48158311844		3.5199213028
3.48608613014		3.99691295624
3.49058294296		3.13426876068
3.49509501457		1.15526103973
3.49958610535		0.97765827179
3.50408697128		2.77398777008
3.50858712196		3.97661590576
3.5130879879		3.74319458008
3.51758599281		1.89612102509
3.52208089828		0.78990650177
3.5266020298		1.88089752197
3.53109002113		3.71274757385
3.5355989933		3.9816904068
3.54009103775		2.80443382263
3.54459810257		0.972583770752
3.54909110069		1.15526103973
3.55359196663		3.09367370605
3.55809402466		3.99691295624
3.56259298325		3.55544185638
3.56709694862		1.57136058807
3.57159399986		0.820352554321
3.57609605789		2.21580600739
3.58060312271		3.85483074188
3.58510303497		3.91572284698
3.58959794044		2.46445083618
3.5940990448		0.85587310791
3.59859704971		1.38360881805
3.60309910774		3.36769008636
3.60760092735		4.01213645935
3.61209893227		3.3118724823
3.61660695076		1.29226970673
3.62110209465		0.901542663574
3.62560892105		2.57608699799
3.63010311127		3.94616889954
3.63460612297		3.81931018829
3.63910412788		2.10416984558
3.64360308647		0.800054550171
3.64810800552		1.67792224884
3.65260505676		3.59603691101
3.65710711479		3.99691295624
3.66160607338		3.0124835968
3.66611409187		1.06899738312
3.67060709		1.02840232849
3.67510700226		2.91099643707
3.67960906029		3.98676395416
3.68411493301		3.67215251923
3.6886100769		1.75911235809
3.69310998917		0.794981002808
3.69761109352		2.00775718689
3.70211005211		3.77364063263
3.70661306381		3.95631790161
3.71111297607		2.66742610931
3.71561908722		0.92183971405
3.72011899948		1.24152565002
3.72461795807		3.20530986786
3.72911500931		4.01721096039
3.73361492157		3.43873119354
3.73824691772		1.40390586853
3.74273991585		0.860947608948
3.74724411964		2.42893028259
3.75174212456		3.91572284698
3.75624608994		3.85990524292
3.76074910164		2.24625301361
3.76524591446		0.820352554321
3.76974201202		1.54598808289
3.77424097061		3.50469875336
3.77874708176		4.00198745728
3.78324508667		3.14949226379
3.78774905205		1.16541004181
3.79224705696		0.962434768677
3.7967479229		2.76891326904
3.8012509346		3.97661590576
3.80575203896		3.74319458008
3.81025099754		1.89612102509
3.81475806236		0.78990650177
3.81925201416		1.86567401886
3.82375502586		3.72289657593
3.82837796211		3.96139240265
3.83287811279		2.75876522064
3.83737897873		0.952286720276
3.84187793732		1.17555904388
3.84641098976		3.13934326172
3.85087895393		4.00198745728
3.85538601875		3.52499580383
3.85988998413		1.51554203033
3.86438703537		0.820352554321
3.86888408661		2.26655006409
3.8733830452		3.86497974396
3.8778860569		3.90050029755
3.88238501549		2.39848423004
3.88688492775		0.840649604797
3.89138412476		1.41912937164
3.89588594437		3.39813613892
3.90038704872		4.00198745728
3.90489411354		3.26620292664
3.90938591957		1.25674915314
3.91389012337		0.906617164612
3.91838812828		2.61160755157
3.92288899422		3.95631790161
3.92739105225		3.80408668518
3.93188905716		2.04327774048
3.93647408485		0.784832000732
3.94104099274		1.79463291168
3.94552493095		3.65692996979
3.95002007484		3.97661590576
3.9545249939		2.89069843292
3.95901894569		1.01825332642
3.96352005005		1.08421993256
3.96801996231		2.99726104736
3.97252106667		3.9816904068
3.97702097893		3.61633491516
3.98152112961		1.65255069733
3.98602795601		0.794981002808
3.99052405357		2.10924434662
3.9950299263		3.81931018829
3.99953007698		3.9309463501
4.00402498245		2.54564094543
4.00852489471		0.876170158386
4.01302695274		1.3125667572
4.01752901077		3.28649997711
4.02201890945		3.99691295624
4.02658390999		3.35754108429
4.03115797043		1.3125667572
4.03565597534		0.881244659424
4.04015612602		2.52026939392
4.04465603828		3.93602085114
4.04915595055		3.83453273773
4.05365490913		2.11431884766
4.05815911293		0.78990650177
4.06265807152		1.63732719421
4.06715893745		3.5706653595
4.07165789604		3.98676395416
4.07615995407		3.03785610199
4.08065795898		1.09436893463
4.08516097069		1.00810432434
4.08965992928		2.86025238037
4.09416294098		3.97661590576
4.09865999222		3.69245052338
4.10316300392		1.78955841064
4.10766410828		0.779757499695
4.11216402054		1.95701313019
4.11666607857		3.75334262848
4.12116408348		3.95631790161
4.12566995621		2.68772315979
4.13016700745		0.926914215088
4.1346681118		1.21107959747
4.13917303085		3.17486381531
4.14366793633		3.99691295624
4.14829301834		3.44888019562
4.15279197693		1.43435192108
4.15729498863		0.845724105835
4.16179394722		2.37311172485
4.16629505157		3.89035129547
4.17079305649		3.87512779236
4.17530298233		2.2817735672
4.17979812622		0.810203552246
4.18429899216		1.50539302826
4.18879795074		3.47425174713
4.19329810143		4.00198745728
4.19779992104		3.16978931427
4.20230293274		1.18063354492
4.20680308342		0.952286720276
4.21130108833		2.72324466705
4.21581101418		3.96646690369
4.22030806541		3.75334262848
4.22481608391		1.9214925766
4.22930693626		0.784832000732
4.2338039875		1.85552597046
4.23843002319		3.70767402649
4.2429330349		3.96646690369
4.24743294716		2.79428577423
4.25193190575		0.962434768677
4.25646710396		1.16541004181
4.26093292236		3.09874820709
4.26544094086		3.9918384552
4.26992607117		3.54529380798
4.27443003654		1.55613708496
4.27894091606		0.815278053284
4.28343605995		2.22088050842
4.28793597221		3.84975624084
4.2924349308		3.91064834595
4.29693698883		2.44415378571
4.30143499374		0.845724105835
4.30594301224		1.38868236542
4.31044006348		3.36769008636
4.31494402885		4.01213645935
4.31943798065		3.30679798126
4.32394099236		1.27704620361
4.32843995094		0.901542663574
4.33294010162		2.58116149902
4.33744311333		3.94616889954
4.34194207191		3.81423568726
4.34651899338		2.04835224152
4.35106897354		0.794981002808
4.35558009148		1.74388885498
4.36006999016		3.6315574646
4.36457204819		3.98676395416
4.3690700531		2.93636798859
4.37357091904		1.03347587585
4.37807297707		1.06392288208
4.38257193565		2.97188854218
4.38707399368		3.9816904068
4.39157390594		3.63663196564
4.39608097076		1.68299674988
4.40057301521		0.800054550171
4.40507602692		2.07372379303
4.4095749855		3.79901218414
4.41407608986		3.93602085114
4.41858196259		2.5913105011
4.42307591438		0.896468162537
4.42758107185		1.28212070465
4.43207907677		3.25605392456
4.43658089638		4.00706195831
4.44107890129		3.41843414307
4.44558095932		1.39375686646
4.45008111		0.85587310791
4.45458698273		2.43907928467
4.45907998085		3.92079734802
4.46360111237		3.85990524292
4.46808695793		2.23610401154
4.4725830555		0.815278053284
4.47708511353		1.55613708496
4.48158407211		3.50977325439
4.48608613014		3.99691295624
4.4905860424		3.13934326172
4.49509310722		1.15526103973
4.49958705902		0.967509269714
4.50408911705		2.77398777008
4.50858712196		3.97661590576
4.51308703423		3.74826812744
4.51758694649		1.89104652405
4.5220849514		0.794981002808
4.5266020298		1.88089752197
4.53109097481		3.70767402649
4.53559207916		3.97154140472
4.54009008408		2.80443382263
4.54459905624		0.972583770752
4.54909110069		1.1501865387
4.5535929203		3.08859920502
4.5581009388		3.99691295624
4.56259512901		3.56051635742
4.5670979023		1.56628608704
4.57159495354		0.810203552246
4.57610201836		2.22088050842
4.58059597015		3.85483074188
4.58510398865		3.91572284698
4.58959698677		2.44922733307
4.59409999847		0.85587310791
4.59859991074		1.38868236542
4.60310006142		3.36261558533
4.60760092735		4.00706195831
4.61210012436		3.3118724823
4.61660289764		1.29734420776
4.62109994888		0.901542663574
4.62560892105		2.56593894958
4.63010311127		3.95631790161
4.63460898399		3.82438468933
4.63910508156		2.09909534454
4.64360404015		0.794981002808
4.6481089592		1.68299674988
4.65260601044		3.60111141205
4.65710806847		3.98676395416
4.66160511971		3.0124835968
4.6661169529		1.07407093048
4.67060804367		1.03347587585
4.6751101017		2.900847435
4.67961001396		3.9816904068
4.68411898613		3.67722702026
4.68861103058		1.76418685913
4.69311094284		0.794981002808
4.69761896133		2.01283168793
4.70211195946		3.77364063263
4.70661497116		3.96139240265
4.71111607552		2.66742610931
4.71562099457		0.92183971405
4.72011494637		1.24152565002
4.72461605072		3.2103843689
4.72911596298		4.00706195831
4.73361492157		3.44380569458
4.7382440567		1.40898036957
4.74274301529		0.860947608948
4.74724602699		2.42385578156
4.75174403191		3.91572284698
4.75625300407		3.87005329132
4.76074504852		2.25132751465
4.76524591446		0.815278053284
4.76973795891		1.54091453552
4.77423906326		3.50977325439
4.77874708176		4.00198745728
4.78325009346		3.14441776276
4.78774905205		1.16033554077
4.79224896431		0.972583770752
4.79675006866		2.76891326904
4.8012509346		3.97661590576
4.80575108528		3.74826812744
4.81025290489		1.90119457245
4.81475806236		0.78990650177
4.81925201416		1.86059951782
4.82375407219		3.72289657593
4.82837891579		3.97154140472
4.83287811279		2.75876522064
4.83738708496		0.952286720276
4.84188103676		1.18570804596
4.84641289711		3.14949226379
4.85087990761		4.00198745728
4.85538911819		3.52499580383
4.85988092422		1.53076553345
4.86438989639		0.830501556396
4.86888194084		2.26655006409
4.87338399887		3.86497974396
4.8778860569		3.90557384491
4.88238596916		2.41370677948
4.88688611984		0.845724105835
4.89138698578		1.41912937164
4.89589190483		3.40828514099
4.90038704872		4.01213645935
4.90489411354		3.27127742767
4.90938901901		1.25674915314
4.91389107704		0.916765213013
4.91839003563		2.61668205261
4.92288994789		3.95631790161
4.92739295959		3.80916118622
4.93189191818		2.04835224152
4.93646812439		0.794981002808
4.94101905823		1.77940940857
4.94552612305		3.65692996979
4.95001792908		3.98676395416
4.95452594757		2.90592193604
4.95901894569		1.01825332642
4.96351909637		1.08929443359
4.96801996231		3.00740909576
4.97252106667		3.9918384552
4.97702789307		3.61633491516
4.98152303696		1.65762519836
4.98603010178		0.805129051208
4.99052190781		2.11431884766
4.99503111839		3.81423568726
4.99952507019		3.93602085114
