0.000127077102661		-0.00677108764648
0.010390996933		4.70732593536
0.019660949707		3.2103843689
0.0287718772888		-0.00169658660889
0.0378940105438		5.04223537445
0.0470199584961		2.07879829407
0.0561420917511		0.490517616272
0.0652809143066		5.04730892181
0.0744049549103		1.00810432434
0.0835380554199		1.37853431702
0.092658996582		5.04730892181
0.101783037186		0.186055183411
0.110907077789		2.40355873108
0.12003493309		5.04730892181
0.129164934158		-0.00169658660889
0.138292074203		3.4336566925
0.14741897583		4.47897911072
0.156543016434		-0.00169658660889
0.165793895721		4.27092933655
0.174916982651		3.65185546875
0.184114933014		-0.00169658660889
0.193295955658		4.93059825897
0.202419996262		2.71817016602
0.211546897888		0.0744190216064
0.220671892166		5.04730892181
0.229798078537		1.6221036911
0.238931894302		0.815278053284
0.248049020767		5.04730892181
0.257175922394		0.642748832703
0.266302108765		1.78955841064
0.275429010391		5.04730892181
0.284554958344		0.00337791442871
0.293679952621		2.8399553299
0.302808046341		4.94074726105
0.311934947968		-0.00677108764648
0.321063041687		3.84975624084
0.330188989639		4.09840106964
0.339317083359		-0.00169658660889
0.348438024521		4.7631444931
0.357568979263		3.02770709991
0.366691112518		-0.00169658660889
0.37594294548		5.04730892181
0.385067939758		2.0838727951
0.394198894501		0.465146064758
0.40332698822		5.04730892181
0.412445068359		1.01317882538
0.421571969986		1.37345981598
0.430699110031		5.04730892181
0.439822912216		0.196204185486
0.448956012726		2.37818622589
0.45808506012		5.04223537445
0.4673640728		-0.00169658660889
0.476454973221		3.25097942352
0.485579967499		4.62613582611
0.494707107544		-0.00169658660889
0.503832101822		4.26585483551
0.512959003448		3.67215251923
0.522084951401		-0.00169658660889
0.531217098236		4.99149131775
0.540342092514		2.57101249695
0.549463033676		0.155609130859
0.558595895767		5.04730892181
0.567713975906		1.45972442627
0.576839923859		0.85587310791
0.586091995239		5.04223537445
0.595222949982		0.663046836853
0.604345083237		1.77940940857
0.613471031189		5.04730892181
0.62259888649		0.00337791442871
0.631723880768		2.81965732574
0.640855073929		4.95597076416
0.649976968765		-0.00169658660889
0.659102916718		3.83960723877
0.668232917786		4.11869812012
0.677361965179		-0.00169658660889
0.686480998993		4.74792098999
0.695610046387		3.04800415039
0.704731941223		-0.00169658660889
0.713856935501		5.04730892181
0.722994089127		1.94178962708
0.732111930847		0.576782226562
0.741237878799		5.04730892181
0.750375032425		0.901542663574
0.759493112564		1.50539302826
0.768621921539		5.04730892181
0.777745962143		0.104865074158
0.786865949631		2.48474884033
0.795994997025		5.04223537445
0.805120944977		-0.00169658660889
0.814254045486		3.56051635742
0.8233730793		4.37241744995
0.832499027252		-0.00169658660889
0.84162402153		4.53987121582
0.850756883621		3.35246753693
0.859877109528		-0.00169658660889
0.869005918503		5.04730892181
0.878133058548		2.23610401154
0.887254953384		0.37380695343
0.89638209343		5.04730892181
0.905508041382		1.1501865387
0.914634943008		1.24152565002
0.923759937286		5.04730892181
0.932885885239		0.292616844177
0.942015886307		2.24625301361
0.951138973236		5.04730892181
0.960266113281		-0.00169658660889
0.969389915466		3.29157447815
0.97852396965		4.60583877563
0.987648010254		-0.00677108764648
0.996767044067		4.23540878296
1.00589489937		3.65185546875
1.01502299309		-0.00169658660889
1.02422904968		4.96611976624
1.03340888023		2.72324466705
1.04253101349		0.079493522644
1.05165195465		5.04223537445
1.0607779026		1.60688114166
1.06990504265		0.83557510376
1.07903409004		5.04730892181
1.08816504478		0.637675285339
1.0972878933		1.80478191376
1.10640597343		5.04730892181
1.11553692818		0.00337791442871
1.12466096878		2.84502887726
1.13378691673		4.93059825897
1.1429131031		-0.00169658660889
1.15203905106		3.87005329132
1.16116809845		4.07810306549
1.17029690742		-0.00169658660889
1.1794230938		4.7631444931
1.18854403496		3.00740909576
1.1976749897		0.00337791442871
1.20679497719		5.04730892181
1.21604800224		2.06864929199
1.22517490387		0.480368614197
1.23430395126		5.04730892181
1.24342608452		1.00810432434
1.25255203247		1.38868236542
1.2616789341		5.04223537445
1.2708029747		0.186055183411
1.27993607521		2.393409729
1.2890560627		5.04730892181
1.29818701744		-0.00677108764648
1.30731391907		3.4336566925
1.31644010544		4.47390460968
1.32556605339		-0.00677108764648
1.3346889019		4.41301250458
1.34381198883		3.47932624817
1.35293793678		-0.00677108764648
1.3620929718		5.03208637238
1.3711938858		2.37311172485
1.38031697273		0.28754234314
1.38944411278		5.04730892181
1.39857506752		1.28719520569
1.40770292282		1.10959243774
1.41682195663		5.04730892181
1.42607498169		0.510815620422
1.43519997597		1.95701313019
1.44432592392		5.04730892181
1.45345306396		-0.00169658660889
1.46257805824		2.98711204529
1.47170495987		4.82911109924
1.48082995415		-0.00169658660889
1.48996210098		4.00198745728
1.49908804893		3.94109535217
1.50820803642		-0.00169658660889
1.51733994484		4.86463165283
1.52645993233		2.84502887726
1.5355899334		0.03382396698
1.544713974		5.04223537445
1.55383992195		1.74388885498
1.56296610832		0.729013442993
1.5720949173		5.04730892181
1.5812189579		0.739162445068
1.59034395218		1.69314575195
1.59947991371		5.04730892181
1.60859489441		0.0287494659424
1.61771893501		2.69787216187
1.62684893608		5.01686286926
1.63597607613		-0.00169658660889
1.6451010704		3.74826812744
1.65423202515		4.19988822937
1.66335391998		-0.00169658660889
1.67248010635		4.66673088074
1.68160700798		3.15456676483
1.69073104858		-0.00169658660889
1.699862957		5.04223537445
1.70898389816		2.03820323944
1.71811795235		0.505741119385
1.72723889351		5.04730892181
1.73636198044		0.982732772827
1.74548792839		1.41912937164
1.75461292267		5.04730892181
1.76374602318		0.170831680298
1.77286505699		2.43400478363
1.78199291229		5.04730892181
1.79112100601		-0.00169658660889
1.80024504662		3.47425174713
1.80937504768		4.44853305817
1.81850290298		-0.00169658660889
1.8276309967		4.42823505402
1.83674788475		3.58588886261
1.84600806236		-0.00677108764648
1.85512804985		5.00164031982
1.8642539978		2.50504589081
1.87337899208		0.196204185486
1.88252091408		5.04730892181
1.89163804054		1.43435192108
1.90075802803		0.992880821228
1.90988302231		5.04223537445
1.91901707649		0.49559211731
1.92813396454		1.98745918274
1.93726611137		5.04730892181
1.94638609886		-0.00677108764648
1.95551395416		3.01755809784
1.96464109421		4.80881404877
1.97376608849		-0.00677108764648
1.98289108276		4.04765701294
1.99201798439		3.90050029755
2.0011510849		-0.00169658660889
2.01027202606		4.87478065491
2.0194029808		2.82980632782
2.02852392197		0.0439729690552
2.03765392303		5.04730892181
2.04677796364		1.84030246735
2.05602788925		0.617377281189
2.06515288353		5.04730892181
2.07428503036		0.860947608948
2.08340907097		1.55106258392
2.09253096581		5.04730892181
2.10165810585		0.0896415710449
2.11078691483		2.57101249695
2.11991000175		5.03716087341
2.1290409565		-0.00169658660889
2.13817310333		3.59603691101
2.14729595184		4.32674789429
2.15641403198		-0.00169658660889
2.1655459404		4.5500202179
2.174669981		3.3118724823
2.18379211426		-0.00169658660889
2.19291710854		5.04730892181
2.20204496384		2.17521095276
2.21117305756		0.404253005981
2.22029805183		5.04730892181
2.22942399979		1.10959243774
2.2385559082		1.26182365417
2.24767589569		5.05238342285
2.25680088997		0.292616844177
2.26592707634		2.30207061768
2.27505493164		5.04730892181
2.28418588638		-0.00169658660889
2.29330611229		3.33216953278
2.30243206024		4.56524372101
2.31156110764		-0.00169658660889
2.32069301605		4.31659889221
2.32981395721		3.60111141205
2.33893990517		-0.00169658660889
2.34807109833		5.01178836823
2.35719704628		2.49489688873
2.36631608009		0.206352233887
2.37544703484		5.04730892181
2.38457107544		1.39883136749
2.39369487762		1.01825332642
2.40282797813		5.04223537445
2.41194605827		0.470220565796
2.42107200623		2.01283168793
2.43019795418		5.04730892181
2.43932509422		-0.00169658660889
2.4484629631		3.02263259888
2.45757889748		4.82911109924
2.46671199799		-0.00677108764648
2.4759581089		3.91064834595
2.48508191109		4.03750801086
2.49421191216		-0.00169658660889
2.50333309174		4.78851604462
2.51245903969		2.97188854218
2.52158403397		0.00845146179199
2.53071403503		5.04730892181
2.53984498978		1.85552597046
2.54896402359		0.642748832703
2.55809497833		5.04223537445
2.56722092628		0.840649604797
2.57634210587		1.57136058807
2.58546805382		5.04223537445
2.59459400177		0.0693445205688
2.6037209034		2.60653305054
2.61284708977		5.03208637238
2.62197208405		-0.00169658660889
2.63109898567		3.63663196564
2.64022898674		4.30644989014
2.64935398102		-0.00677108764648
2.65847802162		4.58554077148
2.66761088371		3.28142547607
2.67672896385		-0.00677108764648
2.6858549118		5.04730892181
2.69498205185		2.14983940125
2.70414304733		0.399179458618
2.71323490143		5.04730892181
2.72236800194		1.09944343567
2.73149299622		1.29226970673
2.74061203003		5.04730892181
2.74973893166		0.236799240112
2.75887393951		2.31221961975
2.76799893379		5.04730892181
2.7771229744		-0.00169658660889
2.78624296188		3.34739303589
2.7953710556		4.5500202179
2.80449795723		-0.00169658660889
2.81362199783		4.3521194458
2.82274699211		3.57573986053
2.83189511299		-0.00169658660889
2.84100103378		5.01686286926
2.85013389587		2.46445083618
2.85925507545		0.221575737
2.86838197708		5.04730892181
2.87751102448		1.37345981598
2.88663196564		1.04869937897
2.89576005936		5.04223537445
2.90488505363		0.454997062683
2.91401004791		2.0331287384
2.92313909531		5.04730892181
2.93226909637		-0.00677108764648
2.94138789177		3.06830215454
2.95051503181		4.7732925415
2.95964193344		-0.00169658660889
2.96876788139		4.09840106964
2.97789692879		3.84975624084
2.98702502251		-0.00169658660889
2.99614310265		4.9103012085
3.00527191162		2.76891326904
3.01440405846		0.0591955184937
3.02352404594		5.04730892181
3.03265309334		1.65255069733
3.04178309441		0.800054550171
3.0509018898		5.04730892181
3.06002902985		0.678269386292
3.06915307045		1.75911235809
3.07828593254		5.04730892181
3.08741402626		0.00845146179199
3.09653401375		2.79936027527
3.1056599617		4.95597076416
3.11478590965		-0.00169658660889
3.12391710281		3.80916118622
3.13303804398		4.12377262115
3.14216399193		-0.00169658660889
3.15128898621		4.72762393951
3.16041707993		3.0632276535
3.16954708099		-0.00169658660889
3.17867302895		5.04730892181
3.18779993057		1.95193862915
3.19692587852		0.56155872345
3.20604610443		5.04223537445
3.21517491341		0.911691665649
3.22430491447		1.48509597778
3.23342490196		5.04730892181
3.24255394936		0.115014076233
3.25168299675		2.51012039185
3.26080393791		5.04223537445
3.26993107796		-0.00169658660889
3.2790620327		3.54021930695
3.28818202019		4.38256549835
3.29731893539		-0.00677108764648
3.30643391609		4.51957416534
3.31556606293		3.37783908844
3.32468795776		-0.00169658660889
3.33381295204		5.04730892181
3.34294104576		2.25640106201
3.35206604004		0.358584403992
3.36119794846		5.04730892181
3.37031793594		1.16541004181
3.37945008278		1.21615409851
3.38856887817		5.04730892181
3.39770293236		0.312914848328
3.4068210125		2.11431884766
3.41607308388		5.04730892181
3.42520093918		-0.00677108764648
3.43433094025		3.09367370605
3.44345593452		4.74792098999
3.45257711411		-0.00677108764648
3.46170401573		4.11362361908
3.47083091736		3.82945823669
3.47995591164		-0.00169658660889
3.4890871048		4.92552471161
3.49821305275		2.73339271545
3.50733804703		0.0744190216064
3.51645898819		5.04223537445
3.52558994293		1.63225269318
3.53471708298		0.820352554321
3.54383802414		5.04223537445
3.55296587944		0.652897834778
3.56209111214		1.78955841064
3.57122302055		5.04730892181
3.58035492897		0.00845146179199
3.58946990967		2.82473182678
3.5986020565		4.94582176208
3.60772204399		-0.00169658660889
3.61683988571		3.73812007904
3.62610292435		4.25570678711
3.63522696495		-0.00677108764648
3.64435195923		4.63628482819
3.65348100662		3.2103843689
3.66260504723		-0.00169658660889
3.67173194885		5.04730892181
3.68086099625		2.09402179718
3.68998098373		0.465146064758
3.69911193848		5.04223537445
3.70824193954		1.04869937897
3.71736907959		1.35823631287
3.72648596764		5.04223537445
3.73561310768		0.206352233887
3.74473905563		2.37818622589
3.75386404991		5.04730892181
3.76299405098		-0.00677108764648
3.77211499214		3.41843414307
3.78124189377		4.48912811279
3.79036998749		-0.00169658660889
3.79949402809		4.4028635025
3.80862593651		3.50469875336
3.81775307655		-0.00169658660889
3.82687306404		5.01178836823
3.83612799644		2.57608699799
3.84525203705		0.155609130859
3.85437703133		5.04223537445
3.86350893974		1.48509597778
3.872631073		0.952286720276
3.8817551136		5.04730892181
3.89088797569		0.541261672974
3.90000605583		1.93164157867
3.90913391113		5.04730892181
3.91826510429		-0.00677108764648
3.92739105225		2.9617395401
3.93651103973		4.83926010132
3.9456410408		-0.00169658660889
3.95476603508		3.98676395416
3.96389293671		3.95631790161
3.97301697731		-0.00169658660889
3.98214292526		4.84940910339
3.99127006531		2.87547588348
4.00040006638		0.0287494659424
4.00952100754		5.04730892181
4.01865410805		1.78448390961
4.02778196335		0.698567390442
4.03697705269		5.04223537445
4.04615306854		0.901542663574
4.05527806282		1.5003194809
4.06440496445		5.05238342285
4.07352995872		0.104865074158
4.08265995979		2.51519489288
4.09178209305		5.04223537445
4.100908041		-0.00169658660889
4.11003398895		3.56051635742
4.11916708946		4.37241744995
4.12829089165		-0.00169658660889
4.13741803169		4.51449966431
4.14654302597		3.36261558533
4.15566897392		-0.00169658660889
4.16479206085		5.04730892181
4.1739180088		2.24117851257
4.18304395676		0.368732452393
4.19216895103		5.04223537445
4.20129609108		1.15526103973
4.21042490005		1.23137664795
4.21955490112		5.04223537445
4.22868204117		0.30784034729
4.23780608177		2.2310295105
4.24693202972		5.04730892181
4.25605201721		-0.00169658660889
4.26518106461		3.27635097504
4.274310112		4.61598682404
4.28343105316		-0.00169658660889
4.29255890846		4.27092933655
4.30168294907		3.65185546875
4.31080794334		-0.00169658660889
4.31994104385		4.99656581879
4.32906389236		2.5405664444
4.33819389343		0.16575717926
4.3473200798		5.04730892181
4.35644006729		1.44957542419
4.36559796333		0.916765213013
4.37470006943		5.04223537445
4.38382411003		0.520963668823
4.39294791222		1.94686412811
4.40208101273		5.04730892181
4.41120100021		-0.00677108764648
4.42033290863		2.95666599274
4.42946004868		4.84433460236
4.43858408928		-0.00169658660889
4.44771409035		3.99691295624
4.45683193207		4.03243350983
4.46608495712		-0.00169658660889
4.47521090508		4.75299549103
4.48433709145		3.05307865143
4.49346089363		-0.00169658660889
4.50258898735		5.04223537445
4.51171588898		1.92656707764
4.52084088326		0.592005729675
4.52996993065		5.05238342285
4.53909707069		0.891393661499
4.54822301865		1.52061653137
4.5573489666		5.04730892181
4.56646895409		0.0997905731201
4.57559990883		2.53549194336
4.58472394943		5.04223537445
4.59384989738		-0.00169658660889
4.60297489166		3.57573986053
4.61210894585		4.36226844788
4.62122797966		-0.00169658660889
4.63035607338		4.53479766846
4.63948488235		3.34739303589
4.64860606194		-0.00677108764648
4.65773200989		5.04223537445
4.66685795784		2.27669906616
4.67598509789		0.383955955505
4.68511104584		5.04223537445
4.69424295425		1.15526103973
4.70336294174		1.24660015106
4.71249008179		5.04730892181
4.72162103653		0.292616844177
4.73074197769		2.26147556305
4.73988890648		5.04223537445
4.74899411201		-0.00169658660889
4.75812506676		3.29157447815
4.76725006104		4.59568977356
4.77637195587		-0.00677108764648
4.78549790382		4.29630184174
4.7946228981		3.62648391724
4.80376911163		-0.00169658660889
4.8129029274		4.99149131775
4.82200288773		2.52026939392
4.83113193512		0.191129684448
4.84025406837		5.04730892181
4.84938406944		1.43435192108
4.85850596428		0.987807273865
4.86763691902		5.04730892181
4.8767580986		0.531112670898
4.88588500023		1.97731018066
4.89502906799		5.04730892181
4.90417003632		-0.00169658660889
4.9132630825		3.00740909576
4.92238998413		4.81896209717
4.93151903152		-0.00169658660889
4.9406440258		4.02228546143
4.94976902008		3.91064834595
4.9588971138		-0.00677108764648
4.96802091599		4.86970615387
4.97715210915		2.83488082886
4.98627090454		0.0439729690552
4.9954059124		5.04730892181
