0.000123977661133		1.23137664795
0.0108561515808		4.38763999939
0.0217509269714		4.07302856445
0.0325009822845		0.718864440918
0.0432469844818		0.901542663574
0.0539970397949		4.31152439117
0.064747095108		4.20496273041
0.0755031108856		0.83557510376
0.08624792099		0.774682998657
0.0970079898834		4.19481372833
0.107749938965		4.30644989014
0.118503093719		0.962434768677
0.129253149033		0.657972335815
0.140006065369		4.07302856445
0.150754928589		4.41301250458
0.161508083344		1.08929443359
0.172264099121		0.556485176086
0.183012008667		3.94109535217
0.19376707077		4.49927616119
0.204512119293		1.23137664795
0.215296030045		0.460071563721
0.226021051407		3.81931018829
0.236768007278		4.57539176941
0.247517108917		1.37345981598
0.258275032043		0.37380695343
0.269022941589		3.67215251923
0.279776096344		4.65658187866
0.290524959564		1.51554203033
0.301275968552		0.292616844177
0.312026977539		3.54529380798
0.322914123535		4.69717693329
0.333662033081		1.63225269318
0.344408988953		0.246947288513
0.355164051056		3.41843414307
0.365911960602		4.75806999207
0.376661062241		1.78448390961
0.387422084808		0.196204185486
0.398164987564		3.26620292664
0.408916950226		4.79359054565
0.419671058655		1.94178962708
0.430418968201		0.145460128784
0.441175937653		3.10382270813
0.45192193985		4.83418560028
0.462682008743		2.09909534454
0.473428964615		0.120088577271
0.484174966812		2.94144248962
0.494931936264		4.86463165283
0.505680084229		2.27162456512
0.516431093216		0.0896415710449
0.527181148529		2.78921127319
0.537930011749		4.87478065491
0.548695087433		2.42385578156
0.559437036514		0.0845680236816
0.570186138153		2.61160755157
0.580938100815		4.89000320435
0.591694116592		2.59638500214
0.602447986603		0.0896415710449
0.613193035126		2.45937633514
0.623954057693		4.87985515594
0.634704113007		2.7536907196
0.645446062088		0.0997905731201
0.656203985214		2.2817735672
0.666949033737		4.86970615387
0.677700996399		2.92114448547
0.688450098038		0.130236625671
0.699206113815		2.11939334869
0.709954023361		4.84433460236
0.720705032349		3.08352470398
0.73145699501		0.16575717926
0.742218017578		1.95193862915
0.752965927124		4.81388759613
0.763716936111		3.23575687408
0.774466991425		0.221575737
0.785216093063		1.78955841064
0.795964956284		4.7732925415
0.806715965271		3.39306259155
0.817474126816		0.267245292664
0.828225135803		1.63225269318
0.838972091675		4.7124004364
0.849722146988		3.54021930695
0.860475063324		0.348435401917
0.871231079102		1.46987247467
0.881994009018		4.6616563797
0.892868995667		3.64170646667
0.903605937958		0.404253005981
0.914361953735		1.35823631287
0.925107002258		4.6007642746
0.935861110687		3.78886318207
0.946614027023		0.490517616272
0.957360982895		1.20600509644
0.968111991882		4.51957416534
0.978870153427		3.92079734802
0.989614963531		0.586931228638
1.00036597252		1.06392288208
1.01112103462		4.43330955505
1.02187108994		4.05273151398
1.03261995316		0.688418388367
1.04337692261		0.931988716125
1.05412793159		4.33689689636
1.06487512589		4.16436767578
1.07563114166		0.810203552246
1.08637809753		0.805129051208
1.09712815285		4.22018527985
1.10787892342		4.27600383759
1.11863303185		0.92183971405
1.12938213348		0.688418388367
1.14013409615		4.103474617
1.15088605881		4.38256549835
1.16163802147		1.05884838104
1.17239308357		0.576782226562
1.18314695358		3.9816904068
1.19389605522		4.47897911072
1.20464396477		1.19078159332
1.21540808678		0.485443115234
1.22614407539		3.84975624084
1.2368979454		4.56016921997
1.24764704704		1.33286476135
1.25839996338		0.389030456543
1.26915097237		3.71274757385
1.27990293503		4.63121032715
1.29065203667		1.47494697571
1.30140399933		0.312914848328
1.31215596199		3.58081436157
1.32304215431		4.68195438385
1.33379006386		1.58150959015
1.34454107285		0.267245292664
1.35529208183		3.45902919769
1.3660390377		4.73269748688
1.37679314613		1.74388885498
1.38754105568		0.206352233887
1.39829206467		3.30172348022
1.40904211998		4.78851604462
1.41979503632		1.89612102509
1.43055200577		0.160683631897
1.44129514694		3.14441776276
1.4520509243		4.82403659821
1.46292614937		2.02297973633
1.47367501259		0.125163078308
1.48442792892		3.02770709991
1.49517893791		4.84940910339
1.50593495369		2.17521095276
1.51668310165		0.0997905731201
1.52743315697		2.86532688141
1.53818392754		4.87478065491
1.54894709587		2.3426656723
1.55969595909		0.0896415710449
1.57044196129		2.70802116394
1.58119392395		4.87985515594
1.59194302559		2.51012039185
1.6027200222		0.079493522644
1.61344504356		2.5405664444
1.62419605255		4.88492965698
1.634953022		2.66742610931
1.6456990242		0.0947160720825
1.65644907951		2.37311172485
1.66720700264		4.87478065491
1.67795205116		2.83488082886
1.6887049675		0.109939575195
1.69945907593		2.20565795898
1.71020507812		4.86463165283
1.72099995613		2.98203754425
1.73183512688		0.140385627747
1.74259710312		2.0838727951
1.75334215164		4.83926010132
1.76408815384		3.11904525757
1.7748439312		0.175906181335
1.78559112549		1.91641807556
1.79634213448		4.80373954773
1.80709314346		3.26620292664
1.81784510612		0.226650238037
1.82859706879		1.74896335602
1.83934998512		4.7631444931
1.85010194778		3.4235086441
1.86085104942		0.28754234314
1.87160301208		1.59673213959
1.88236093521		4.70225143433
1.89311099052		3.5706653595
1.90386295319		0.358584403992
1.91461205482		1.43435192108
1.92535710335		4.63628482819
1.93611812592		3.70767402649
1.94686198235		0.444848060608
1.9576151371		1.28719520569
1.96836304665		4.56524372101
1.97911596298		3.85990524292
1.98986792564		0.536187171936
2.00061798096		1.13496398926
2.01137113571		4.48405361176
2.02212095261		3.95124340057
2.03300094604		0.612302780151
2.0437541008		1.04362487793
2.05450105667		4.41808605194
2.06525492668		4.07302856445
2.07600498199		0.708716392517
2.08675408363		0.906617164612
2.09751009941		4.30644989014
2.10825514793		4.18973922729
2.1190071106		0.830501556396
2.12975692749		0.774682998657
2.14051008224		4.19988822937
2.15126204491		4.29630184174
2.16201305389		0.926914215088
2.17290711403		0.703641891479
2.18364310265		4.11362361908
2.19439911842		4.37749099731
2.20514512062		1.04362487793
2.21591806412		0.586931228638
2.22665309906		3.98676395416
2.23739910126		4.46883010864
2.24814915657		1.18063354492
2.25890493393		0.490517616272
2.26965308189		3.85483074188
2.28040313721		4.56016921997
2.29116010666		1.31764125824
2.30190610886		0.399179458618
2.31265902519		3.72797107697
2.32341313362		4.62613582611
2.33416295052		1.46987247467
2.34491014481		0.317989349365
2.35566592216		3.57573986053
2.36641407013		4.69717693329
2.37716293335		1.6221036911
2.38792204857		0.252021789551
2.39866709709		3.4235086441
2.40941810608		4.75299549103
2.42017006874		1.77940940857
2.43092012405		0.191129684448
2.44167399406		3.27127742767
2.45243096352		4.79359054565
2.46318006516		1.92656707764
2.47393202782		0.150534629822
2.48467898369		3.11397171021
2.49543499947		4.83418560028
2.50618004799		2.08894729614
2.51693797112		0.115014076233
2.52768492699		2.9515914917
2.5384349823		4.85448265076
2.54919314384		2.25640106201
2.55994200706		0.0896415710449
2.57068896294		2.78413677216
2.5814409256		4.87985515594
2.59220004082		2.41878128052
2.60294795036		0.0845680236816
2.61369609833		2.62175655365
2.62445306778		4.87985515594
2.635201931		2.58116149902
2.64594912529		0.0845680236816
2.65670394897		2.45937633514
2.66745114326		4.87985515594
2.67820215225		2.74354171753
2.68895411491		0.0997905731201
2.69970607758		2.2919216156
2.71045708656		4.86970615387
2.7212100029		2.91099643707
2.73196101189		0.109939575195
2.74296307564		2.22088050842
2.75370597839		4.86463165283
2.76445794106		2.98203754425
2.77521300316		0.145460128784
2.78596401215		2.04327774048
2.79672193527		4.83926010132
2.80747008324		3.14949226379
2.81822800636		0.186055183411
2.82897496223		1.89104652405
2.83972501755		4.79359054565
2.85047602654		3.30172348022
2.86123204231		0.236799240112
2.87198114395		1.74896335602
2.88286614418		4.76821899414
2.89361596107		3.40321063995
2.90448999405		0.267245292664
2.9152431488		1.64747619629
2.92598700523		4.72254943848
2.93673706055		3.52499580383
2.94749403		0.333211898804
2.95824098587		1.49017047882
2.96899008751		4.6616563797
2.97974801064		3.66200447083
2.99049711227		0.419476509094
3.00125002861		1.33286476135
3.01200008392		4.60583877563
3.02288198471		3.77364063263
3.03362607956		0.475295066833
3.04437804222		1.22630310059
3.05512809753		4.52972316742
3.0658800602		3.90557384491
3.07663106918		0.576782226562
3.0873811245		1.07914543152
3.09813213348		4.44345855713
3.10888695717		4.03243350983
3.11963701248		0.673195838928
3.13038611412		0.947212219238
3.14114403725		4.34197044373
3.15189003944		4.15421867371
3.1626470089		0.794981002808
3.17339301109		0.815278053284
3.18414902687		4.23540878296
3.19490003586		4.26585483551
3.20564603806		0.911691665649
3.21640300751		0.698567390442
3.2271490097		4.11869812012
3.23790097237		4.37241744995
3.24865198135		1.03855037689
3.25940394402		0.592005729675
3.270154953		3.99691295624
3.28090596199		4.45868110657
3.29165697098		1.17555904388
3.3024160862		0.490517616272
3.31316494942		3.86497974396
3.3239171505		4.5500202179
3.33468008041		1.30749225616
3.34541893005		0.409327507019
3.35616612434		3.72289657593
3.36691713333		4.62106132507
3.37766909599		1.46479797363
3.38842105865		0.317989349365
3.39917111397		3.58081436157
3.40992307663		4.69210338593
3.42067313194		1.60688114166
3.43142604828		0.257096290588
3.44226002693		3.45902919769
3.45305800438		4.73777198792
3.46380496025		1.72866630554
3.47456097603		0.211426734924
3.48530697823		3.32709503174
3.49605798721		4.78344154358
3.50681400299		1.87582302094
3.51756095886		0.160683631897
3.52831196785		3.16471481323
3.53906297684		4.82911109924
3.54982495308		2.0331287384
3.56056714058		0.125163078308
3.57131814957		3.00740909576
3.5820710659		4.84433460236
3.59295201302		2.15998840332
3.60370397568		0.0997905731201
3.61445212364		2.89069843292
3.62520503998		4.86970615387
3.63595509529		2.31729412079
3.64670801163		0.0896415710449
3.6574549675		2.72324466705
3.66820502281		4.87985515594
3.67895698547		2.49997138977
3.68970894814		0.079493522644
3.70045995712		2.56086444855
3.71121501923		4.88492965698
3.72196412086		2.62683105469
3.73284006119		0.0896415710449
3.74359893799		2.43907928467
3.75434803963		4.87985515594
3.76509213448		2.77398777008
3.77584409714		0.0997905731201
3.78659796715		2.27162456512
3.79734492302		4.86463165283
3.8081009388		2.93129348755
3.81885099411		0.130236625671
3.82960295677		2.09909534454
3.84035611153		4.84433460236
3.85110592842		3.08859920502
3.86185503006		0.170831680298
3.87261199951		1.94178962708
3.88336515427		4.80881404877
3.89411115646		3.25605392456
3.90486502647		0.221575737
3.91561794281		1.76418685913
3.92636799812		4.7631444931
3.93711614609		3.39813613892
3.94786715508		0.282468795776
3.95861792564		1.60688114166
3.96937012672		4.7124004364
3.98011898994		3.56051635742
3.99087095261		0.348435401917
4.00162410736		1.45464992523
4.01237607002		4.6515083313
4.02312994003		3.69752502441
4.03387713432		0.429625511169
4.04463005066		1.29734420776
4.05538201332		4.57539176941
4.06613707542		3.83453273773
4.0768840313		0.520963668823
4.08763408661		1.16033554077
4.09838795662		4.48912811279
4.10913801193		3.97154140472
4.11988902092		0.622451782227
4.13063907623		1.01317882538
4.14139103889		4.39778900146
4.15214395523		4.06795406342
4.16302800179		0.693492889404
4.17376995087		0.92183971405
4.18452215195		4.32167339325
4.1952791214		4.17959117889
4.2060239315		0.815278053284
4.21677994728		0.794981002808
4.22753310204		4.21511173248
4.23827815056		4.28615283966
4.24902796745		0.937063217163
4.25978112221		0.673195838928
4.27053403854		4.08825206757
4.28128409386		4.39271450043
4.29203605652		1.04869937897
4.30291700363		0.602153778076
4.31366896629		4.00706195831
4.32441592216		4.45868110657
4.33516597748		1.17048454285
4.34591794014		0.500666618347
4.35666799545		3.87512779236
4.367426157		4.53987121582
4.3781709671		1.3024187088
4.38892197609		0.414402008057
4.39967393875		3.733045578
4.41042613983		4.62613582611
4.42118215561		1.45464992523
4.43192815781		0.323062896729
4.44267892838		3.59603691101
4.45343208313		4.68702888489
4.46419000626		1.59165763855
4.47493815422		0.257096290588
4.48568296432		3.44380569458
4.4964389801		4.74792098999
4.50718808174		1.75911235809
4.51793813705		0.201278686523
4.52868914604		3.29157447815
4.53944206238		4.78851604462
4.55019903183		1.91134357452
4.56094193459		0.155609130859
4.57169699669		3.12919425964
4.58245301247		4.82911109924
4.59320306778		2.07372379303
4.60395407677		0.120088577271
4.61470103264		2.97696304321
4.62545895576		4.85448265076
4.63620901108		2.24117851257
4.64695501328		0.0896415710449
4.65770697594		2.80950832367
4.66845703125		4.87478065491
4.67920899391		2.39848423004
4.68995904922		0.0845680236816
4.70071101189		2.6420545578
4.71146392822		4.89000320435
4.722219944		2.56593894958
4.73296499252		0.079493522644
4.74371814728		2.4898223877
4.75447297096		4.87985515594
4.76521897316		2.72831821442
4.77597093582		0.0997905731201
4.78672409058		2.31221961975
4.79747605324		4.87478065491
4.80822515488		2.89069843292
4.81897497177		0.120088577271
4.82973098755		2.15491390228
4.84048008919		4.84940910339
4.85123300552		3.05307865143
4.86198401451		0.155609130859
4.87286806107		2.02297973633
4.88361907005		4.82911109924
4.89436411858		3.16471481323
4.9051129818		0.191129684448
4.9158680439		1.86059951782
4.92661595345		4.78851604462
4.93736696243		3.32709503174
4.94812297821		0.246947288513
4.95886993408		1.69822025299
4.96962094307		4.74284648895
4.98037695885		3.46917819977
4.99112892151		0.312914848328
