0.000126838684082		2.2310295105
0.00259780883789		2.52534389496
0.00509881973267		2.57101249695
0.00759792327881		2.43400478363
0.0100908279419		2.63698005676
0.0125958919525		2.36803817749
0.0150899887085		2.71817016602
0.0175909996033		2.29699611664
0.020092010498		2.77398777008
0.0225968360901		2.25132751465
0.0250928401947		2.81965732574
0.0275909900665		2.21580600739
0.0300908088684		2.84502887726
0.0325968265533		2.19043445587
0.0350937843323		2.85517787933
0.0375938415527		2.18535995483
0.0400958061218		2.8501033783
0.0426008701324		2.19550895691
0.0450959205627		2.83488082886
0.0475988388062		2.22088050842
0.0501317977905		2.80950832367
0.0525968074799		2.26655006409
0.0550968647003		2.76383876801
0.0575947761536		2.31221961975
0.0600938796997		2.7029466629
0.062597990036		2.36803817749
0.0650978088379		2.63698005676
0.067596912384		2.44415378571
0.0701019763947		2.57101249695
0.0726079940796		2.51012039185
0.0751068592072		2.49997138977
0.0776069164276		2.58623600006
0.0801148414612		2.42385578156
0.0826079845428		2.65727710724
0.0851068496704		2.35281467438
0.0876109600067		2.72831821442
0.0901188850403		2.29699611664
0.0926089286804		2.78413677216
0.0951099395752		2.24625301361
0.0976099967957		2.81965732574
0.100118875504		2.21073246002
0.102610826492		2.84502887726
0.105110883713		2.19550895691
0.107609987259		2.85517787933
0.110118865967		2.18535995483
0.112612009048		2.8501033783
0.115109920502		2.19550895691
0.117614984512		2.83488082886
0.120119810104		2.22595500946
0.122611999512		2.80950832367
0.125111818314		2.26655006409
0.12762093544		2.75876522064
0.130119800568		2.31221961975
0.132613897324		2.69787216187
0.135113954544		2.38326072693
0.137614965439		2.62683105469
0.140120983124		2.44922733307
0.142614841461		2.55578994751
0.145115852356		2.52534389496
0.147615909576		2.48474884033
0.15012383461		2.5913105011
0.152614831924		2.40863323212
0.155115842819		2.67250061035
0.157617807388		2.34774017334
0.160126924515		2.73339271545
0.162619829178		2.28684806824
0.165118932724		2.78921127319
0.167618989944		2.23610401154
0.170125007629		2.82473182678
0.172618865967		2.20565795898
0.175118923187		2.8501033783
0.177619934082		2.19043445587
0.18012881279		2.85517787933
0.18262386322		2.18535995483
0.185122966766		2.8501033783
0.18762087822		2.20058345795
0.190129995346		2.83488082886
0.192620992661		2.23610401154
0.195120811462		2.79936027527
0.197620868683		2.27162456512
0.200130939484		2.74861621857
0.202623844147		2.32236862183
0.205128908157		2.68264961243
0.207624912262		2.38833522797
0.21012377739		2.61668205261
0.212626934052		2.46445083618
0.21512389183		2.54564094543
0.217624902725		2.5405664444
0.220124959946		2.47459983826
0.222627878189		2.60653305054
0.225125789642		2.39848423004
0.227625846863		2.67757511139
0.230132818222		2.33759117126
0.232627868652		2.74354171753
0.235127925873		2.27162456512
0.237626791		2.79936027527
0.240135908127		2.2310295105
0.242627859116		2.83488082886
0.24512887001		2.20058345795
0.247628927231		2.85517787933
0.250136852264		2.18535995483
0.252629995346		2.85517787933
0.255127906799		2.18535995483
0.257628917694		2.84502887726
0.260138988495		2.20058345795
0.262631893158		2.82980632782
0.265130996704		2.23610401154
0.267630815506		2.78921127319
0.270138978958		2.2817735672
0.272630929947		2.72831821442
0.275131940842		2.33759117126
0.277629852295		2.67250061035
0.280138969421		2.40355873108
0.282638788223		2.60653305054
0.285134792328		2.47967433929
0.287638902664		2.5405664444
0.290142774582		2.54564094543
0.292634963989		2.45937633514
0.295134782791		2.61668205261
0.297634840012		2.38833522797
0.300140857697		2.68772315979
0.302636861801		2.32744312286
0.305135965347		2.75876522064
0.307636976242		2.26655006409
0.31014084816		2.80443382263
0.312638998032		2.22595500946
0.315136909485		2.8399553299
0.317641973495		2.20058345795
0.32014799118		2.85517787933
0.322639942169		2.18535995483
0.325137853622		2.85517787933
0.327639818192		2.19043445587
0.330145835876		2.84502887726
0.332638978958		2.21073246002
0.335139989853		2.81965732574
0.337639808655		2.25132751465
0.340148925781		2.77906227112
0.342641830444		2.2919216156
0.345139980316		2.72324466705
0.347641944885		2.34774017334
0.350149869919		2.66235160828
0.352643966675		2.41370677948
0.35514497757		2.59638500214
0.357642889023		2.4898223877
0.360166788101		2.53549194336
0.362643003464		2.55578994751
0.365141868591		2.44922733307
0.367645978928		2.63190555573
0.370153903961		2.38833522797
0.372646808624		2.7029466629
0.375144958496		2.31221961975
0.377643823624		2.76891326904
0.380154848099		2.25640106201
0.382645845413		2.81458282471
0.385147809982		2.21580600739
0.387647867203		2.8399553299
0.390153884888		2.19550895691
0.392648935318		2.85517787933
0.395145893097		2.18535995483
0.397647857666		2.8501033783
0.400154829025		2.19043445587
0.402647972107		2.83488082886
0.405147790909		2.21580600739
0.407649993896		2.80950832367
0.41015791893		2.25132751465
0.412649869919		2.77398777008
0.415151834488		2.29699611664
0.41764998436		2.71817016602
0.420151948929		2.35281467438
0.422652006149		2.6522026062
0.425151824951		2.42893028259
0.427650928497		2.58116149902
0.430158853531		2.49489688873
0.432654857635		2.51012039185
0.435156822205		2.57101249695
0.437657833099		2.43907928467
0.440161943436		2.63698005676
0.442654848099		2.36803817749
0.445154905319		2.71309566498
0.447654008865		2.30207061768
0.450162887573		2.77398777008
0.452653884888		2.24625301361
0.455154895782		2.81458282471
0.457654953003		2.21580600739
0.460156917572		2.8399553299
0.4626557827		2.19043445587
0.465156793594		2.8501033783
0.467655897141		2.18535995483
0.470165967941		2.8501033783
0.472658872604		2.19550895691
0.475157976151		2.8399553299
0.477658987045		2.22595500946
0.480165958405		2.80950832367
0.482659816742		2.25640106201
0.485159873962		2.76383876801
0.487662792206		2.30207061768
0.490168809891		2.70802116394
0.492658853531		2.36803817749
0.4951608181		2.6420545578
0.49766087532		2.44415378571
0.500168800354		2.57608699799
0.502661943436		2.51012039185
0.505164861679		2.49489688873
0.507660865784		2.58623600006
0.510170936584		2.42893028259
0.512662887573		2.65727710724
0.515180826187		2.36296367645
0.517663955688		2.72324466705
0.520171880722		2.2919216156
0.522663831711		2.77906227112
0.525162935257		2.24625301361
0.5276658535		2.82473182678
0.53017282486		2.21580600739
0.532664775848		2.8501033783
0.535166978836		2.19550895691
0.537666797638		2.8501033783
0.540172815323		2.1802854538
0.542665958405		2.8501033783
0.545166969299		2.19550895691
0.547667980194		2.83488082886
0.550174951553		2.22088050842
0.552667856216		2.79936027527
0.555167913437		2.26147556305
0.557668924332		2.7536907196
0.56017780304		2.31729412079
0.562668800354		2.69787216187
0.565169811249		2.38326072693
0.567671775818		2.62683105469
0.570176839828		2.44922733307
0.572670936584		2.55578994751
0.575168848038		2.53041744232
0.5776720047		2.48474884033
0.580178976059		2.59638500214
0.582670927048		2.41370677948
0.585172891617		2.66742610931
0.587672948837		2.34774017334
0.590178966522		2.72831821442
0.59267783165		2.28684806824
0.595174789429		2.78921127319
0.597673892975		2.24117851257
0.600181818008		2.82473182678
0.602674007416		2.20565795898
0.605173826218		2.84502887726
0.60767698288		2.18535995483
0.610184907913		2.85517787933
0.612675905228		2.18535995483
0.615175008774		2.8501033783
0.617676973343		2.20058345795
0.620177984238		2.82980632782
0.62267780304		2.2310295105
0.625176906586		2.78921127319
0.627678871155		2.27162456512
0.630185842514		2.74354171753
0.63267993927		2.32236862183
0.635178804398		2.68264961243
0.637678861618		2.393409729
0.640187978745		2.62175655365
0.642678976059		2.46445083618
0.645178794861		2.54564094543
0.647682905197		2.53549194336
0.650188922882		2.47967433929
0.652681827545		2.60653305054
0.655181884766		2.40355873108
0.657681941986		2.67757511139
0.660188913345		2.33759117126
0.662683010101		2.74354171753
0.665182828903		2.27669906616
0.667682886124		2.79428577423
0.670195817947		2.23610401154
0.672683954239		2.82980632782
0.675184965134		2.20565795898
0.677683830261		2.8501033783
0.68019080162		2.18535995483
0.682685852051		2.85517787933
0.68518781662		2.18535995483
0.687688827515		2.84502887726
0.690191984177		2.20058345795
0.692685842514		2.82473182678
0.695185899734		2.24117851257
0.697685956955		2.78413677216
0.700192928314		2.2817735672
0.702687978745		2.73339271545
0.705187797546		2.3426656723
0.707686901093		2.67250061035
0.710187911987		2.40355873108
0.712689876556		2.60653305054
0.715191841125		2.47459983826
0.717689990997		2.53549194336
0.720197916031		2.5405664444
0.72268986702		2.46445083618
0.725187778473		2.62175655365
0.727692842484		2.393409729
0.730197906494		2.68772315979
0.73269200325		2.32236862183
0.735190868378		2.75876522064
0.737692832947		2.26655006409
0.740200996399		2.80443382263
0.742692947388		2.22595500946
0.745193004608		2.83488082886
0.747696876526		2.20058345795
0.750200986862		2.8501033783
0.752693891525		2.18535995483
0.755193948746		2.8501033783
0.757695913315		2.19043445587
0.760202884674		2.84502887726
0.762695789337		2.21073246002
0.765193939209		2.81458282471
0.767697811127		2.24117851257
0.770203828812		2.77906227112
0.7726957798		2.2919216156
0.775196790695		2.72324466705
0.77769780159		2.34774017334
0.780205965042		2.66742610931
0.782696962357		2.41370677948
0.7851998806		2.5913105011
0.787697792053		2.48474884033
0.79020690918		2.52534389496
0.792697906494		2.56086444855
0.795199871063		2.45430183411
0.797698974609		2.63190555573
0.800205945969		2.38326072693
0.802700996399		2.7029466629
0.805199861526		2.31221961975
0.807703971863		2.76383876801
0.810209989548		2.26147556305
0.812703847885		2.81458282471
0.815203905106		2.22088050842
0.817703962326		2.8399553299
0.820204973221		2.19550895691
0.822704792023		2.84502887726
0.825209856033		2.18535995483
0.827703952789		2.85517787933
0.830215930939		2.19550895691
0.832704782486		2.84502887726
0.835203886032		2.21580600739
0.837703943253		2.81458282471
0.840211868286		2.25132751465
0.842705965042		2.77398777008
0.845203876495		2.29699611664
0.847708940506		2.71817016602
0.850215911865		2.35281467438
0.852705955505		2.6522026062
0.855205774307		2.42893028259
0.857707977295		2.58116149902
0.860216856003		2.49489688873
0.862708806992		2.51012039185
0.865208864212		2.57608699799
0.867707967758		2.43907928467
0.870216846466		2.6420545578
0.872710943222		2.36803817749
0.87520980835		2.71309566498
0.877710819244		2.30207061768
0.880217790604		2.77398777008
0.882710933685		2.25640106201
0.88521194458		2.81965732574
0.887719869614		2.21580600739
0.890219926834		2.8399553299
0.892711877823		2.19550895691
0.895212888718		2.8501033783
0.897711992264		2.18535995483
0.900220870972		2.8501033783
0.902717828751		2.19550895691
0.905213832855		2.84502887726
0.907713890076		2.22088050842
0.910223007202		2.80950832367
0.912715911865		2.25640106201
0.915215969086		2.75876522064
0.917715787888		2.30207061768
0.92022395134		2.71309566498
0.922715902328		2.36803817749
0.925215959549		2.63698005676
0.927719831467		2.43907928467
0.930223941803		2.57101249695
0.93271780014		2.51012039185
0.935216903687		2.49489688873
0.93771982193		2.58116149902
0.940226793289		2.42893028259
0.942716836929		2.6522026062
0.945219993591		2.35281467438
0.947719812393		2.72324466705
0.950225830078		2.29699611664
0.952719926834		2.78413677216
0.955220937729		2.24625301361
0.957718849182		2.82473182678
0.960222005844		2.21073246002
0.962720870972		2.8399553299
0.965220928192		2.19043445587
0.967721939087		2.8501033783
0.970230817795		2.1802854538
0.972724914551		2.8501033783
0.975222826004		2.20058345795
0.977723836899		2.83488082886
0.980237007141		2.22088050842
0.982724905014		2.79936027527
0.985224962234		2.26655006409
0.987724781036		2.7536907196
0.990232944489		2.31729412079
0.992723941803		2.69787216187
0.995224952698		2.38326072693
0.997723817825		2.62175655365
1.00023889542		2.44415378571
1.00272679329		2.55578994751
1.00522685051		2.52534389496
1.00772881508		2.4898223877
1.01023483276		2.5913105011
1.01272678375		2.42385578156
1.0152349472		2.66235160828
1.01772689819		2.3426656723
1.02022886276		2.72831821442
1.02273082733		2.28684806824
1.0252289772		2.79428577423
1.02772879601		2.24117851257
1.03023886681		2.82980632782
1.03273391724		2.20565795898
1.03523087502		2.84502887726
1.03773283958		2.1802854538
1.0402328968		2.8501033783
1.04273080826		2.18535995483
1.04523277283		2.85517787933
1.04773378372		2.20058345795
1.0502409935		2.82980632782
1.05273389816		2.2310295105
1.05523180962		2.78921127319
1.05774283409		2.27162456512
1.06024193764		2.74354171753
1.06273388863		2.32744312286
1.0652358532		2.68264961243
1.06773591042		2.393409729
1.0702419281		2.62175655365
1.07273578644		2.46445083618
1.07523488998		2.54564094543
1.07773590088		2.53549194336
1.08024287224		2.47967433929
1.08274078369		2.60145950317
1.08523797989		2.40355873108
1.08774399757		2.67250061035
1.09023880959		2.33251667023
1.09273791313		2.74354171753
1.09523677826		2.27669906616
1.09773778915		2.79936027527
1.10024094582		2.2310295105
1.10274100304		2.83488082886
1.10523986816		2.19550895691
1.10773897171		2.8501033783
1.11024188995		2.18535995483
1.11273288727		2.85517787933
1.11523199081		2.18535995483
1.11773395538		2.84502887726
1.12023687363		2.20565795898
1.12274193764		2.81965732574
1.12524080276		2.23610401154
1.1277449131		2.78921127319
1.13025093079		2.2817735672
1.1327419281		2.73339271545
1.13524699211		2.33759117126
1.13774681091		2.67757511139
1.14025187492		2.39848423004
1.14274382591		2.60653305054
1.14524292946		2.46952533722
1.14774489403		2.53549194336
1.15024399757		2.54564094543
1.15274500847		2.46445083618
1.15524482727		2.61668205261
1.1577539444		2.393409729
1.16025590897		2.68264961243
1.16274595261		2.32236862183
1.16524791718		2.75876522064
1.1677467823		2.26655006409
1.17025494576		2.80443382263
1.17274785042		2.22088050842
1.17524790764		2.8399553299
1.17774581909		2.19550895691
1.18024897575		2.84502887726
1.18274879456		2.18535995483
1.18524694443		2.8501033783
1.18774795532		2.19043445587
1.1902589798		2.84502887726
1.19274997711		2.21073246002
1.19525194168		2.81965732574
1.19775080681		2.24625301361
1.20025897026		2.78413677216
1.20275187492		2.2919216156
1.20525193214		2.72831821442
1.20775294304		2.34774017334
1.21025300026		2.66742610931
1.21275877953		2.40863323212
1.21525287628		2.5913105011
1.21775388718		2.4898223877
1.22025299072		2.52534389496
1.22275495529		2.56086444855
1.22525286674		2.45430183411
1.22775387764		2.63698005676
1.23026299477		2.38326072693
1.23276185989		2.69787216187
1.235257864		2.31221961975
1.23775696754		2.76383876801
1.24025797844		2.26147556305
1.24275684357		2.81458282471
1.24525594711		2.22595500946
1.24775791168		2.8399553299
1.25025892258		2.19550895691
1.2527589798		2.8501033783
1.2552587986		2.18535995483
1.25775980949		2.8501033783
1.26025891304		2.19043445587
1.26275992393		2.8399553299
1.26525878906		2.21580600739
1.26775884628		2.81458282471
1.27027082443		2.25132751465
1.27276182175		2.76891326904
1.27525877953		2.29699611664
1.27775979042		2.72324466705
1.28026890755		2.35281467438
1.28276085854		2.64712810516
1.2852628231		2.42385578156
1.28776288033		2.58116149902
1.29027795792		2.49489688873
1.29276299477		2.51012039185
1.29526400566		2.57608699799
1.29776287079		2.43400478363
1.30027198792		2.63698005676
1.30276489258		2.36296367645
1.30526280403		2.71309566498
1.30776596069		2.29699611664
1.31027078629		2.77398777008
1.31276583672		2.25132751465
1.31526494026		2.81458282471
1.3177728653		2.21580600739
1.32027292252		2.83488082886
1.32276892662		2.19043445587
1.3252658844		2.85517787933
1.32776880264		2.18535995483
1.330275774		2.85517787933
1.33276891708		2.19550895691
1.33526587486		2.8399553299
1.33776879311		2.21580600739
1.34027695656		2.80950832367
1.34276795387		2.25640106201
1.34526896477		2.76891326904
1.34776878357		2.30714511871
1.35027694702		2.71309566498
1.35277295113		2.36803817749
1.3552749157		2.6420545578
1.35776996613		2.43907928467
1.36027884483		2.57608699799
1.36277389526		2.51519489288
1.36527299881		2.49997138977
1.36777877808		2.58116149902
1.37028193474		2.43400478363
1.37277388573		2.6522026062
1.37527179718		2.35281467438
1.37777280807		2.72324466705
1.38028287888		2.29699611664
1.38277387619		2.78413677216
1.38527393341		2.24625301361
1.38777494431		2.82473182678
1.39028286934		2.21073246002
1.392775774		2.84502887726
1.39527487755		2.18535995483
1.39777588844		2.85517787933
1.40028381348		2.18535995483
1.40277600288		2.85517787933
1.40527677536		2.19550895691
1.40777897835		2.83488082886
1.41028285027		2.22595500946
1.41277885437		2.79936027527
1.41527986526		2.27162456512
1.41777777672		2.75876522064
1.42027878761		2.31729412079
1.4227809906		2.69279766083
1.4252808094		2.37818622589
1.42778086662		2.62683105469
1.43028783798		2.44922733307
1.43278098106		2.56086444855
1.43528199196		2.52534389496
1.43778085709		2.48474884033
1.44028878212		2.5913105011
1.4427819252		2.41878128052
1.44528698921		2.66235160828
1.44778490067		2.34774017334
1.45028781891		2.72831821442
1.45278382301		2.28684806824
1.45528483391		2.79428577423
1.45778489113		2.23610401154
1.46028494835		2.82980632782
1.46278595924		2.20565795898
1.4652838707		2.8501033783
1.46778678894		2.18535995483
1.47029495239		2.86025238037
1.47278690338		2.18535995483
1.47528600693		2.8501033783
1.47778487206		2.20058345795
1.48029398918		2.82980632782
1.48278689384		2.2310295105
1.4852848053		2.79428577423
1.48779082298		2.27669906616
1.49029493332		2.74354171753
1.49278879166		2.32744312286
1.49528884888		2.69279766083
1.49780392647		2.38326072693
1.50029778481		2.61668205261
1.50279092789		2.46445083618
1.50529098511		2.55071544647
1.50778985023		2.5405664444
1.51029777527		2.47967433929
1.51279187202		2.60653305054
1.51529192924		2.39848423004
1.51779198647		2.67757511139
1.52030086517		2.33759117126
1.52279686928		2.74354171753
1.52529287338		2.27669906616
1.52779579163		2.79936027527
1.53030180931		2.2310295105
1.53279399872		2.83488082886
1.53529191017		2.19550895691
1.53779578209		2.8501033783
1.54030179977		2.19043445587
1.54279780388		2.85517787933
1.54529500008		2.19550895691
1.54779577255		2.8501033783
1.55030179024		2.20565795898
1.55279684067		2.82473182678
1.55529499054		2.23610401154
1.55779886246		2.78413677216
1.56030392647		2.2817735672
1.56279683113		2.73846721649
1.56529688835		2.33251667023
1.56780099869		2.67250061035
1.57030677795		2.39848423004
1.57280087471		2.61160755157
1.57529878616		2.47459983826
1.57780098915		2.5405664444
1.58030700684		2.54564094543
1.58280086517		2.46445083618
1.58530092239		2.61668205261
1.58780097961		2.38326072693
1.59030890465		2.68772315979
1.59280180931		2.32236862183
1.59530282021		2.75876522064
1.59780192375		2.26655006409
1.6003139019		2.79936027527
1.60280394554		2.2310295105
1.60530495644		2.8399553299
1.60780477524		2.20058345795
1.61031079292		2.8501033783
1.61280584335		2.19043445587
1.61530590057		2.85517787933
1.61780500412		2.19043445587
1.62030696869		2.8399553299
1.62280583382		2.21073246002
1.62530589104		2.81965732574
1.62780594826		2.24625301361
1.63031578064		2.78413677216
1.63280797005		2.2919216156
1.63530778885		2.72831821442
1.63780784607		2.3426656723
1.6403169632		2.66235160828
1.64280700684		2.41370677948
1.64530777931		2.59638500214
1.64780879021		2.4898223877
1.65031695366		2.52534389496
1.65280890465		2.56086444855
1.65530991554		2.44415378571
1.65781283379		2.63190555573
1.66031885147		2.37818622589
1.66281294823		2.69787216187
1.66531085968		2.31221961975
1.66781187057		2.76891326904
1.67031884193		2.26147556305
1.67281198502		2.80950832367
1.67531299591		2.22088050842
1.6778178215		2.8399553299
1.68031978607		2.20058345795
1.6828148365		2.8501033783
1.68531394005		2.19043445587
1.68781781197		2.85517787933
1.69032287598		2.19043445587
1.69281482697		2.84502887726
1.69531583786		2.21580600739
1.69781589508		2.81965732574
1.70038890839		2.2310295105
1.70294284821		2.80443382263
1.70543980598		2.26147556305
1.7079398632		2.75876522064
1.71052193642		2.28684806824
1.71307086945		2.73846721649
1.71556782722		2.33251667023
1.71806693077		2.67757511139
1.72058081627		2.393409729
1.72306799889		2.60653305054
1.72556900978		2.47459983826
1.72806978226		2.5405664444
1.73057889938		2.54564094543
1.73307180405		2.46952533722
1.73557090759		2.61160755157
1.73807191849		2.39848423004
1.74057984352		2.68264961243
1.74307179451		2.32744312286
1.74557089806		2.74861621857
1.7480700016		2.27162456512
1.75058078766		2.79936027527
1.75307297707		2.2310295105
1.75557994843		2.83488082886
1.75807380676		2.20058345795
1.76058292389		2.8501033783
1.7630739212		2.18535995483
1.7655749321		2.8501033783
1.76807594299		2.18535995483
1.770581007		2.84502887726
1.77307391167		2.20565795898
1.77557396889		2.82473182678
1.77807497978		2.24625301361
1.78058385849		2.78413677216
1.78307700157		2.28684806824
1.78557896614		2.73339271545
1.78807997704		2.34774017334
1.79058480263		2.67250061035
1.79307794571		2.41370677948
1.7955789566		2.60145950317
1.79807782173		2.47967433929
1.80058479309		2.53549194336
1.80307888985		2.55578994751
1.80557990074		2.45937633514
1.80807900429		2.62683105469
1.81058597565		2.38326072693
1.81307983398		2.69787216187
1.8155798912		2.31221961975
1.81808280945		2.75876522064
1.8205909729		2.26655006409
1.82308197021		2.80950832367
1.82558083534		2.22088050842
1.82808279991		2.84502887726
1.83059287071		2.19550895691
1.83308792114		2.85517787933
1.83558297157		2.1802854538
1.83808398247		2.8501033783
1.8405919075		2.19043445587
1.84308385849		2.84502887726
1.84558296204		2.21580600739
1.84808492661		2.81458282471
1.85059189796		2.24625301361
1.85308694839		2.77398777008
1.85558485985		2.29699611664
1.85808587074		2.72324466705
1.8605928421		2.35281467438
1.86308693886		2.66235160828
1.86558485031		2.42385578156
1.86808681488		2.58623600006
1.87059497833		2.4898223877
1.873087883		2.51519489288
1.87558794022		2.56593894958
1.87808799744		2.44415378571
1.8805949688		2.63698005676
1.88308882713		2.37311172485
1.8855907917		2.70802116394
1.88808894157		2.30714511871
1.89059782028		2.76891326904
1.89309096336		2.25640106201
1.89559078217		2.81965732574
1.89809083939		2.21580600739
1.90059685707		2.8399553299
1.9030919075		2.19550895691
1.90559077263		2.8501033783
1.90809178352		2.18535995483
1.91060400009		2.85517787933
1.91309595108		2.19550895691
1.91559386253		2.8399553299
1.91809296608		2.22088050842
1.92059993744		2.81458282471
1.92309379578		2.25640106201
1.925593853		2.76383876801
1.92809796333		2.29699611664
1.93061089516		2.71817016602
1.93309783936		2.35788917542
1.93559598923		2.64712810516
1.9380979538		2.43400478363
1.94060277939		2.57608699799
1.94309782982		2.51012039185
1.94559693336		2.50504589081
1.94809889793		2.58116149902
1.95060396194		2.43400478363
1.95309877396		2.6522026062
1.9555978775		2.35281467438
1.95809698105		2.72324466705
1.96060395241		2.29699611664
1.96309900284		2.77906227112
1.96559882164		2.24625301361
1.96809983253		2.82473182678
1.97060799599		2.21580600739
1.97310090065		2.84502887726
1.97560095787		2.19550895691
1.97810196877		2.85517787933
1.9806098938		2.18535995483
1.98310279846		2.8501033783
1.98560190201		2.19550895691
1.98810791969		2.83488082886
1.99061083794		2.22088050842
1.99310493469		2.80443382263
1.99560379982		2.26147556305
1.99810290337		2.75876522064
2.00061678886		2.30714511871
2.00310397148		2.7029466629
2.00560379028		2.37311172485
2.00810480118		2.63190555573
2.01061582565		2.44415378571
2.01310586929		2.56593894958
2.01560497284		2.52026939392
2.01810479164		2.4898223877
2.02061986923		2.58623600006
2.0231089592		2.41370677948
2.02560782433		2.66235160828
2.02810692787		2.34774017334
2.03061580658		2.72831821442
2.03310990334		2.28684806824
2.03560900688		2.78921127319
2.03810977936		2.24625301361
2.04061985016		2.82473182678
2.04311299324		2.21073246002
2.04560995102		2.84502887726
2.04811191559		2.18535995483
2.05061888695		2.8501033783
2.05310988426		2.18535995483
2.05561184883		2.8501033783
2.0581099987		2.20058345795
2.06061887741		2.8399553299
2.06311178207		2.22595500946
2.06561779976		2.79428577423
2.06811380386		2.26655006409
2.07061886787		2.74861621857
2.07311582565		2.32744312286
2.07561397552		2.68772315979
2.07811689377		2.38833522797
2.08061480522		2.61668205261
2.08311486244		2.45430183411
2.08561587334		2.55071544647
2.08811593056		2.53549194336
2.09062290192		2.48474884033
2.09311485291		2.60653305054
2.09561681747		2.40863323212
2.09811592102		2.67250061035
2.10062384605		2.3426656723
2.10311985016		2.73339271545
2.10561680794		2.2817735672
2.10811686516		2.79936027527
2.11062788963		2.23610401154
2.11311888695		2.82980632782
2.11561799049		2.20058345795
2.11812090874		2.8501033783
2.12062978745		2.18535995483
2.12312078476		2.85517787933
2.12562084198		2.18535995483
2.1281208992		2.8501033783
2.13062787056		2.20058345795
2.13312196732		2.82980632782
2.13562083244		2.23610401154
2.13812279701		2.78921127319
2.1406288147		2.27162456512
2.14312791824		2.73846721649
2.14562177658		2.33251667023
2.14812397957		2.67757511139
2.1506319046		2.39848423004
2.15312385559		2.60653305054
2.15562295914		2.47459983826
2.15812397003		2.53549194336
2.16063189507		2.54564094543
2.16312789917		2.47459983826
2.16562581062		2.61160755157
2.16812682152		2.393409729
2.1706328392		2.67757511139
2.17312884331		2.32744312286
2.17562794685		2.74861621857
2.17812800407		2.27162456512
2.18063187599		2.80443382263
2.18313097954		2.2310295105
2.18562793732		2.8399553299
2.18815088272		2.20058345795
2.19063186646		2.8501033783
2.19312882423		2.18535995483
2.19562888145		2.85517787933
2.19812893867		2.18535995483
2.20063996315		2.84502887726
2.20313096046		2.20565795898
2.20562982559		2.81458282471
2.20813083649		2.24117851257
2.21063685417		2.78413677216
2.2131319046		2.28684806824
2.21563386917		2.72831821442
2.21813082695		2.3426656723
2.22064185143		2.66742610931
2.22313380241		2.40355873108
2.22563385963		2.59638500214
2.22813296318		2.48474884033
2.23064279556		2.53549194336
2.23313593864		2.55578994751
2.23563599586		2.45937633514
2.23813486099		2.62175655365
2.24064588547		2.38326072693
2.24313497543		2.69787216187
2.24563694		2.31729412079
2.24813580513		2.75876522064
2.25064492226		2.26147556305
2.25313878059		2.81458282471
2.25563883781		2.22088050842
2.25813889503		2.8399553299
2.26063895226		2.19550895691
2.26313781738		2.8501033783
2.2656378746		2.18535995483
2.26813793182		2.85517787933
2.27063989639		2.19043445587
2.27313995361		2.8399553299
2.27563977242		2.21580600739
2.27813982964		2.81458282471
2.2806417942		2.25132751465
2.28314185143		2.77906227112
2.2856400013		2.29699611664
2.28814387321		2.72324466705
2.29064393044		2.35281467438
2.29314184189		2.65727710724
2.29564285278		2.41878128052
2.29814791679		2.5913105011
2.30064487457		2.49489688873
2.30314278603		2.51519489288
2.30564284325		2.56593894958
2.30814385414		2.44415378571
2.31064391136		2.6420545578
2.31314396858		2.36803817749
2.3156478405		2.70802116394
2.31814789772		2.30714511871
2.32064890862		2.76891326904
2.32314586639		2.25640106201
2.32564496994		2.81458282471
2.32814788818		2.21580600739
2.3306479454		2.8399553299
2.33314490318		2.19550895691
2.3356487751		2.8501033783
2.338149786		2.18535995483
2.34064984322		2.8501033783
2.34314799309		2.19550895691
2.34564781189		2.8399553299
2.34814882278		2.21580600739
2.35065293312		2.80950832367
2.3531498909		2.25640106201
2.35564899445		2.76891326904
2.35815000534		2.30207061768
2.36065292358		2.71309566498
2.36315178871		2.36296367645
2.36565089226		2.6420545578
2.36815285683		2.43400478363
2.37065386772		2.58116149902
2.37315392494		2.51012039185
2.37565684319		2.50504589081
2.37815380096		2.58116149902
2.38065481186		2.42385578156
2.38315200806		2.64712810516
2.38565278053		2.35788917542
2.38815379143		2.72324466705
2.39065480232		2.29699611664
2.39315485954		2.77906227112
2.39565587044		2.25132751465
2.39815688133		2.81965732574
2.40065693855		2.21580600739
2.40315485001		2.84502887726
2.40565490723		2.19043445587
2.40815591812		2.85517787933
2.41065883636		2.19043445587
2.41315889359		2.85517787933
2.41565895081		2.19550895691
2.41815781593		2.83488082886
2.4206597805		2.21580600739
2.42315888405		2.80443382263
2.42565798759		2.26147556305
2.42815899849		2.76383876801
2.43066096306		2.31729412079
2.43316078186		2.7029466629
2.43565988541		2.37311172485
2.4381608963		2.63190555573
2.44066381454		2.44922733307
2.44316196442		2.56593894958
2.44566488266		2.52026939392
2.44816398621		2.4898223877
2.45067000389		2.58623600006
2.45316886902		2.41878128052
2.45566177368		2.65727710724
2.45816278458		2.35281467438
2.46066594124		2.72831821442
2.46316385269		2.2919216156
2.46566486359		2.78921127319
2.46816396713		2.24625301361
2.47066783905		2.82473182678
2.47316479683		2.21073246002
2.47566699982		2.84502887726
2.47818779945		2.19043445587
2.48067092896		2.85517787933
2.48316693306		2.18535995483
2.48566794395		2.8501033783
2.48816680908		2.19550895691
2.49066996574		2.82980632782
2.49316978455		2.2310295105
2.49566888809		2.79936027527
2.49816894531		2.27162456512
2.50067090988		2.7536907196
2.50316882133		2.32236862183
2.5056707859		2.68772315979
2.50816988945		2.38833522797
2.51067090034		2.62175655365
2.51317095757		2.45937633514
2.51567196846		2.55578994751
2.51817083359		2.53041744232
2.52067685127		2.48474884033
2.52317094803		2.60145950317
2.52567195892		2.40355873108
2.52817177773		2.67250061035
2.5306789875		2.3426656723
2.53317499161		2.73846721649
2.53567481041		2.28684806824
2.53817486763		2.79936027527
2.54067587852		2.23610401154
2.54317498207		2.82980632782
2.5456738472		2.20565795898
2.54817795753		2.8501033783
2.55067777634		2.18535995483
2.55317687988		2.85517787933
2.55567598343		2.18535995483
2.55817484856		2.8501033783
2.56067991257		2.20565795898
2.56317687035		2.82473182678
2.56567692757		2.23610401154
2.56817889214		2.78921127319
2.5706808567		2.2817735672
2.57317781448		2.73846721649
2.57567596436		2.33759117126
2.57817983627		2.67757511139
2.58068180084		2.39848423004
2.58317995071		2.61160755157
2.58568000793		2.47459983826
2.58817791939		2.54564094543
2.5906829834		2.54564094543
2.59318089485		2.46952533722
2.5956799984		2.61160755157
2.59818100929		2.393409729
2.60068392754		2.68264961243
2.60318183899		2.32744312286
2.60568189621		2.7536907196
2.60818791389		2.27162456512
2.61068677902		2.80443382263
2.61318397522		2.22595500946
2.61568379402		2.83488082886
2.61818289757		2.19550895691
2.6206870079		2.8501033783
2.62318491936		2.18535995483
2.62568497658		2.86025238037
2.62818479538		2.19043445587
2.63068580627		2.84502887726
2.63318490982		2.20565795898
2.63568592072		2.81965732574
2.63818693161		2.24117851257
2.64068889618		2.78413677216
2.64318680763		2.2919216156
2.64568591118		2.72831821442
2.64818787575		2.3426656723
2.65069890022		2.67250061035
2.65318894386		2.40863323212
2.65568780899		2.60145950317
2.65818786621		2.48474884033
2.66069197655		2.53041744232
2.66319084167		2.55071544647
2.6656908989		2.45430183411
2.66819190979		2.62175655365
2.67069292068		2.38326072693
2.67319178581		2.69787216187
2.67569184303		2.32236862183
2.67819190025		2.76891326904
2.68069386482		2.25640106201
2.68319392204		2.80950832367
2.68569779396		2.22595500946
2.68819499016		2.83488082886
2.69069600105		2.19550895691
2.69319486618		2.85517787933
2.69569396973		2.18535995483
2.69819498062		2.85517787933
2.70069599152		2.19550895691
2.70319581032		2.84502887726
2.70569777489		2.21073246002
2.70819497108		2.81458282471
2.71070098877		2.25132751465
2.71319580078		2.77398777008
2.715695858		2.2919216156
2.7181968689		2.72324466705
2.72069978714		2.34774017334
2.72319698334		2.65727710724
2.72569799423		2.42385578156
2.72820281982		2.5913105011
2.73070192337		2.49489688873
2.73320293427		2.52026939392
2.7356979847		2.56593894958
2.73820090294		2.44415378571
2.74070596695		2.63698005676
2.74320197105		2.37311172485
2.74570083618		2.70802116394
2.7482008934		2.30714511871
2.75070881844		2.76891326904
2.75320196152		2.25640106201
2.75570082664		2.81458282471
2.75820088387		2.22088050842
2.76070690155		2.8399553299
2.76321196556		2.19550895691
2.76570296288		2.8501033783
2.76820397377		2.18535995483
2.77070999146		2.85517787933
2.77320384979		2.19043445587
2.77570295334		2.8399553299
2.77820491791		2.21580600739
2.78070688248		2.80950832367
2.78320598602		2.25640106201
2.78570485115		2.76891326904
2.78820586205		2.30207061768
2.79070687294		2.70802116394
2.79320883751		2.36296367645
2.79570698738		2.6420545578
2.79820680618		2.43400478363
2.80071282387		2.58116149902
2.80322480202		2.49997138977
2.80570888519		2.50504589081
2.80820894241		2.58116149902
2.81070995331		2.42893028259
2.8132109642		2.6522026062
2.81570982933		2.36296367645
2.8182117939		2.71309566498
2.82071089745		2.30207061768
2.8232088089		2.77906227112
2.82571196556		2.25132751465
2.82821083069		2.81458282471
2.83071279526		2.21073246002
2.8332118988		2.84502887726
2.8357129097		2.19550895691
2.83821177483		2.85517787933
2.84072089195		2.19043445587
2.84321284294		2.85517787933
2.84571290016		2.19043445587
2.84821295738		2.83488082886
2.85072088242		2.21580600739
2.85321784019		2.80443382263
2.8557138443		2.26655006409
2.85821390152		2.75876522064
2.86071896553		2.31221961975
2.86321496964		2.69787216187
2.86571788788		2.37311172485
2.86821699142		2.63698005676
2.87071990967		2.44922733307
2.87321591377		2.56593894958
2.87571787834		2.52026939392
2.87821793556		2.49489688873
2.88072085381		2.58623600006
2.88321781158		2.41878128052
2.88571977615		2.66235160828
2.88821983337		2.35281467438
2.89072179794		2.73339271545
2.89321994781		2.2919216156
2.89572000504		2.78413677216
2.89821982384		2.24117851257
2.90072178841		2.82473182678
2.90322184563		2.20565795898
2.90572094917		2.84502887726
2.9082198143		2.19043445587
2.91072297096		2.85517787933
2.91322493553		2.1802854538
2.91572499275		2.8501033783
2.91823101044		2.20058345795
2.92072582245		2.82980632782
2.92322397232		2.2310295105
2.92572188377		2.79936027527
2.92822480202		2.27162456512
2.93072891235		2.74354171753
2.93322396278		2.32236862183
2.93572497368		2.68772315979
2.93822479248		2.38326072693
2.94072794914		2.62175655365
2.94322681427		2.45430183411
2.94572591782		2.55071544647
2.94822597504		2.53041744232
2.95072984695		2.48474884033
2.9532289505		2.60145950317
2.95572900772		2.40863323212
2.95822787285		2.67250061035
2.96072983742		2.34774017334
2.96322894096		2.74354171753
2.96572899818		2.27669906616
2.96823000908		2.79936027527
2.97073078156		2.2310295105
2.97322893143		2.83488082886
2.975730896		2.20565795898
2.97823095322		2.85517787933
2.98073196411		2.19043445587
2.98323297501		2.85517787933
2.98573279381		2.18535995483
2.98823285103		2.8501033783
2.99073386192		2.20565795898
2.99323391914		2.82980632782
2.99573898315		2.23610401154
2.99823379517		2.78921127319
3.00073599815		2.27669906616
3.00323295593		2.73846721649
3.00573396683		2.33251667023
3.00823378563		2.67757511139
3.01073598862		2.39848423004
3.01323699951		2.61668205261
3.01573491096		2.47459983826
3.01823592186		2.54564094543
3.02073788643		2.53549194336
3.02323484421		2.46952533722
3.0257358551		2.61160755157
3.02823591232		2.39848423004
3.03074097633		2.68772315979
3.03323793411		2.32744312286
3.03573894501		2.7536907196
3.03823685646		2.27162456512
3.04074692726		2.79936027527
3.04323983192		2.22595500946
3.04574084282		2.83488082886
3.04824090004		2.20058345795
3.05074501038		2.8501033783
3.05324196815		2.18535995483
3.05574297905		2.85517787933
3.0582408905		2.18535995483
3.06074285507		2.84502887726
3.06324291229		2.21073246002
3.06574296951		2.82473182678
3.06824278831		2.24625301361
3.0707449913		2.78413677216
3.07324695587		2.2817735672
3.07574391365		2.73339271545
3.0782418251		2.3426656723
3.08074498177		2.66742610931
3.08324480057		2.40863323212
3.08574485779		2.60145950317
3.08824491501		2.48474884033
3.09074687958		2.53041744232
3.09324479103		2.55578994751
3.09574484825		2.45937633514
3.09824585915		2.62683105469
3.10074782372		2.38326072693
3.10324788094		2.69787216187
3.10574698448		2.31729412079
3.10824680328		2.76383876801
3.11074995995		2.26147556305
3.11324691772		2.80950832367
3.11574983597		2.22595500946
3.11824798584		2.83488082886
3.12074995041		2.20565795898
3.12325000763		2.85517787933
3.12574791908		2.19043445587
3.12824988365		2.85517787933
3.1307528019		2.18535995483
3.13324999809		2.8399553299
3.13575196266		2.21580600739
3.13825082779		2.81458282471
3.14075279236		2.24625301361
3.1432518959		2.77398777008
3.1457529068		2.2919216156
3.14825296402		2.71817016602
3.15075993538		2.34774017334
3.15325379372		2.66235160828
3.15575289726		2.42385578156
3.15825390816		2.5913105011
3.1607568264		2.49489688873
3.16325378418		2.51519489288
3.16575694084		2.56593894958
3.16825485229		2.45430183411
3.17077589035		2.62683105469
3.17325687408		2.37311172485
3.17575478554		2.70802116394
3.17825484276		2.31221961975
3.18075799942		2.76891326904
3.18325591087		2.26147556305
3.18575692177		2.81458282471
3.1882557869		2.22088050842
3.19076085091		2.8399553299
3.19325995445		2.19550895691
3.19575881958		2.8501033783
3.19826078415		2.1802854538
3.20076084137		2.85517787933
3.20325994492		2.19043445587
3.20576000214		2.84502887726
3.20826077461		2.21580600739
3.21076583862		2.81965732574
3.21326088905		2.25132751465
3.21576189995		2.76383876801
3.21826100349		2.30207061768
3.22076582909		2.71309566498
3.22326278687		2.36296367645
3.22576093674		2.6420545578
3.22826695442		2.43400478363
3.23076486588		2.57608699799
3.23326182365		2.51012039185
3.23576498032		2.50504589081
3.23826479912		2.58116149902
3.24076581001		2.43400478363
3.24326491356		2.6522026062
3.24576592445		2.36296367645
3.24826598167		2.71817016602
3.25076889992		2.29699611664
3.25326490402		2.77398777008
3.25576591492		2.24625301361
3.25826597214		2.81965732574
3.26077079773		2.21580600739
3.26326680183		2.8501033783
3.26576900482		2.19043445587
3.26826786995		2.8501033783
3.27076983452		2.18535995483
3.27326989174		2.8501033783
3.27576780319		2.19550895691
3.27827095985		2.83488082886
3.28077197075		2.22088050842
3.28327083588		2.79936027527
3.28576898575		2.26147556305
3.28827095032		2.75876522064
3.29077482224		2.31221961975
3.29327297211		2.7029466629
3.29577183723		2.37818622589
3.29827189445		2.63698005676
3.3007748127		2.44415378571
3.30327296257		2.56086444855
3.30577778816		2.51519489288
3.30827188492		2.4898223877
3.31077480316		2.5913105011
3.31327581406		2.41878128052
3.31577301025		2.66235160828
3.31827282906		2.34774017334
3.32077693939		2.72324466705
3.32327485085		2.2919216156
3.32577490807		2.78413677216
3.32827687263		2.24117851257
3.33077692986		2.82980632782
3.33327484131		2.20565795898
3.33577799797		2.8501033783
3.3382768631		2.19043445587
3.34077692032		2.85517787933
3.34327697754		2.1802854538
3.34577679634		2.8501033783
3.34827780724		2.20565795898
3.35078001022		2.83488082886
3.3532807827		2.2310295105
3.35578179359		2.79428577423
3.35827994347		2.27162456512
3.36078190804		2.74861621857
3.36328077316		2.31729412079
3.36578178406		2.69279766083
3.3682808876		2.38833522797
3.37078499794		2.62683105469
3.37328290939		2.45430183411
3.37578177452		2.56086444855
3.37828183174		2.52534389496
3.38078379631		2.47967433929
3.38328886032		2.60145950317
3.38578295708		2.40863323212
3.38828396797		2.67250061035
3.39078593254		2.33251667023
3.39328289032		2.73846721649
3.39578390121		2.27669906616
3.39828491211		2.79936027527
3.40078687668		2.23610401154
3.40328478813		2.8399553299
3.40578484535		2.20058345795
3.40828585625		2.8501033783
3.41078782082		2.18535995483
3.41328883171		2.85517787933
3.41578578949		2.18535995483
3.41828799248		2.8501033783
3.42078781128		2.20565795898
3.42329096794		2.82980632782
3.42578792572		2.23610401154
3.42828893661		2.79428577423
3.43079185486		2.27669906616
3.43328881264		2.73846721649
3.43578982353		2.33251667023
3.43828988075		2.68264961243
3.440792799		2.393409729
3.44328999519		2.61160755157
3.44579100609		2.46952533722
3.44828987122		2.5405664444
3.45079684258		2.53549194336
3.45329093933		2.46952533722
3.45579385757		2.61160755157
3.45829296112		2.39848423004
3.4608039856		2.68264961243
3.46329379082		2.33251667023
3.46579384804		2.74861621857
3.46829485893		2.27162456512
3.47079586983		2.80443382263
3.47329497337		2.2310295105
3.4757938385		2.83488082886
3.4782948494		2.20058345795
3.48079800606		2.8501033783
3.48329687119		2.18535995483
3.48579597473		2.85517787933
3.48829698563		2.19043445587
3.4907989502		2.8501033783
3.49329781532		2.20565795898
3.49579787254		2.82473182678
3.49829792976		2.24117851257
3.50080084801		2.78921127319
3.50329780579		2.2817735672
3.50579881668		2.72831821442
3.50830292702		2.33759117126
3.51080083847		2.67250061035
3.51329898834		2.40863323212
3.51579999924		2.60145950317
3.51829981804		2.47967433929
3.52080392838		2.53041744232
3.52330183983		2.55578994751
3.5257999897		2.45430183411
3.5283010006		2.62683105469
3.53080487251		2.38326072693
3.53330087662		2.69279766083
3.53580594063		2.31729412079
3.53831100464		2.7536907196
3.54080700874		2.26655006409
3.54330277443		2.80950832367
3.54580497742		2.22595500946
3.5483019352		2.83488082886
3.55080580711		2.20058345795
3.55330586433		2.84502887726
3.55580496788		2.18535995483
3.55830597878		2.85517787933
3.56080794334		2.19043445587
3.5633058548		2.84502887726
3.56580686569		2.21073246002
3.56830883026		2.81965732574
3.57080793381		2.24625301361
3.57330989838		2.77906227112
3.57580780983		2.2919216156
3.5783097744		2.72831821442
3.58080983162		2.3426656723
3.58331990242		2.66235160828
3.58580899239		2.42385578156
3.58830881119		2.58623600006
3.59081196785		2.4898223877
3.59330892563		2.51519489288
3.5958108902		2.57101249695
3.59831190109		2.44922733307
3.60081291199		2.63190555573
3.60331082344		2.37311172485
3.60580992699		2.70802116394
3.60831189156		2.31221961975
3.61081194878		2.76891326904
3.61331391335		2.26147556305
3.61581897736		2.81458282471
3.61831378937		2.21580600739
3.62081480026		2.8399553299
3.62331485748		2.19043445587
3.6258149147		2.85517787933
3.62831377983		2.18535995483
3.63081693649		2.85517787933
3.63331389427		2.19043445587
3.63581490517		2.8399553299
3.63831496239		2.21580600739
3.64081788063		2.80950832367
3.64331698418		2.25640106201
3.6458158493		2.76891326904
3.64831590652		2.30714511871
3.65082287788		2.71309566498
3.65331983566		2.36296367645
3.65581798553		2.6420545578
3.65831780434		2.43400478363
3.66082191467		2.58116149902
3.66332197189		2.50504589081
3.66581892967		2.51012039185
3.66831994057		2.57608699799
3.67082190514		2.43400478363
3.67332100868		2.64712810516
3.67581987381		2.36296367645
3.67832398415		2.70802116394
3.68082380295		2.29699611664
3.68332195282		2.77398777008
3.68582201004		2.25132751465
3.68832278252		2.81965732574
3.6908249855		2.21073246002
3.69332790375		2.84502887726
3.69582390785		2.19043445587
3.69832587242		2.85517787933
3.70082592964		2.18535995483
3.70332598686		2.85517787933
3.70582294464		2.19550895691
3.70832586288		2.8399553299
3.71082878113		2.22595500946
3.713326931		2.79936027527
3.71582579613		2.26147556305
3.71832585335		2.75876522064
3.72082996368		2.31221961975
3.72332596779		2.7029466629
3.72582697868		2.37818622589
3.72832584381		2.63190555573
3.73083090782		2.44415378571
3.7333278656		2.56593894958
3.73582983017		2.51519489288
3.73832988739		2.49489688873
3.74083089828		2.5913105011
3.74333095551		2.42385578156
3.74582982063		2.66235160828
3.74832987785		2.34774017334
3.7508327961		2.72831821442
3.75333189964		2.2919216156
3.75583100319		2.78921127319
3.75833082199		2.24625301361
3.76083183289		2.82473182678
3.76333284378		2.20565795898
3.765832901		2.84502887726
3.76833295822		2.19043445587
3.77084088326		2.85517787933
3.77333378792		2.19043445587
3.77583289146		2.8501033783
3.77833390236		2.20058345795
3.78083491325		2.82980632782
3.78333497047		2.22595500946
3.78583598137		2.79428577423
3.78833699226		2.27162456512
3.79083681107		2.7536907196
3.79333782196		2.32236862183
3.79583883286		2.69279766083
3.7983379364		2.38326072693
3.80083990097		2.62683105469
3.80333590508		2.45430183411
3.80583786964		2.55578994751
3.80833697319		2.53041744232
3.81084179878		2.48474884033
3.81333899498		2.60145950317
3.81584000587		2.40863323212
3.818338871		2.67250061035
3.8208398819		2.33759117126
3.82333898544		2.73846721649
3.82583999634		2.2817735672
3.82833886147		2.79936027527
3.83084177971		2.23610401154
3.83334088326		2.82980632782
3.83584189415		2.20565795898
3.83834195137		2.84502887726
3.84084296227		2.18535995483
3.84334182739		2.85517787933
3.84584188461		2.19043445587
3.84834980965		2.8501033783
3.85084891319		2.20565795898
3.85334587097		2.82980632782
3.85584497452		2.23610401154
3.85834383965		2.78921127319
3.86084890366		2.27669906616
3.86334490776		2.74354171753
3.86584377289		2.33251667023
3.86834788322		2.68264961243
3.87084794044		2.393409729
3.87334680557		2.61160755157
3.87584686279		2.46952533722
3.87834787369		2.5405664444
3.88084983826		2.54564094543
3.88334584236		2.46952533722
3.88584589958		2.61668205261
3.88834881783		2.39848423004
3.89085078239		2.68264961243
3.89334988594		2.32744312286
3.89584994316		2.74861621857
3.89834785461		2.27669906616
3.90085077286		2.79936027527
3.90334796906		2.23610401154
3.90584993362		2.82980632782
3.90834879875		2.20058345795
3.91085481644		2.8501033783
3.91335177422		2.19550895691
3.91585278511		2.85517787933
3.91835379601		2.18535995483
3.9208548069		2.84502887726
3.92335391045		2.20565795898
3.92585897446		2.82473182678
3.92835688591		2.23610401154
3.93085479736		2.78921127319
3.93335580826		2.2817735672
3.93585395813		2.73339271545
3.93835377693		2.33759117126
3.94085884094		2.67250061035
3.94335579872		2.40355873108
3.94585800171		2.60145950317
3.94835591316		2.48474884033
3.95085787773		2.53041744232
3.95335793495		2.55578994751
3.95585799217		2.45430183411
3.95835781097		2.62683105469
3.96086192131		2.38833522797
3.96335792542		2.69279766083
3.96585893631		2.32236862183
3.96835780144		2.75876522064
3.9708609581		2.26655006409
3.97335982323		2.80950832367
3.97585892677		2.22595500946
3.97835993767		2.8399553299
3.98086380959		2.20058345795
3.98336195946		2.85517787933
3.98586082458		2.18535995483
3.98836088181		2.85517787933
3.99086499214		2.19043445587
3.99335980415		2.84502887726
3.99586391449		2.21073246002
3.99836277962		2.81458282471
4.00086283684		2.24117851257
4.00336790085		2.78413677216
4.00586295128		2.29699611664
4.00836396217		2.72324466705
4.01086592674		2.35281467438
4.01336479187		2.65727710724
4.01586580276		2.41878128052
4.01836395264		2.58623600006
4.02086877823		2.49489688873
4.02336478233		2.51519489288
4.02586388588		2.56086444855
4.0283639431		2.44415378571
4.03086900711		2.63190555573
4.03336787224		2.37311172485
4.03586888313		2.7029466629
4.03836798668		2.31729412079
4.04087591171		2.76383876801
4.04337096214		2.26147556305
4.0458688736		2.81458282471
4.04839587212		2.22088050842
4.05087685585		2.8399553299
4.05337095261		2.19043445587
4.05587100983		2.85517787933
4.05836987495		2.18535995483
4.06087398529		2.86025238037
4.06337094307		2.19043445587
4.06587100029		2.8399553299
4.06837177277		2.21580600739
4.07087492943		2.80950832367
4.07337188721		2.25640106201
4.07587194443		2.76891326904
4.07837200165		2.30714511871
4.08087992668		2.71309566498
4.08337378502		2.36296367645
4.08587384224		2.64712810516
4.08837389946		2.43400478363
4.09087586403		2.57608699799
4.09337377548		2.50504589081
4.09587478638		2.50504589081
4.0983748436		2.57608699799
4.10087800026		2.43400478363
4.10337495804		2.64712810516
4.10587692261		2.36803817749
4.10837578773		2.71817016602
4.11088085175		2.30207061768
4.11337780952		2.77906227112
4.11587882042		2.25132751465
4.11837792397		2.82473182678
4.12088179588		2.21073246002
4.12337899208		2.84502887726
4.12587690353		2.18535995483
4.12837696075		2.85517787933
4.13088083267		2.18535995483
4.13337898254		2.8501033783
4.13587880135		2.19550895691
4.13837981224		2.83488082886
4.1408829689		2.22595500946
4.14338088036		2.80443382263
4.14588093758		2.26655006409
4.14838194847		2.75876522064
4.15088391304		2.31221961975
4.15338087082		2.7029466629
4.15588378906		2.37311172485
4.1583878994		2.63698005676
4.16088700294		2.43907928467
4.16338396072		2.57101249695
4.16588592529		2.52026939392
4.16838479042		2.49489688873
4.17088699341		2.58623600006
4.17338585854		2.42385578156
4.17588591576		2.65727710724
4.17838478088		2.35281467438
4.18088793755		2.72831821442
4.183385849		2.2919216156
4.18588685989		2.78921127319
4.18838691711		2.24117851257
4.19088983536		2.82473182678
4.19338679314		2.20565795898
4.19588780403		2.84502887726
4.19838881493		2.19043445587
4.20088982582		2.85517787933
4.20338797569		2.19043445587
4.20588994026		2.84502887726
4.20838880539		2.20058345795
4.21089792252		2.83488082886
4.21339082718		2.2310295105
4.21588993073		2.79936027527
4.21839094162		2.27162456512
4.22089481354		2.7536907196
4.22339200974		2.32236862183
4.22589182854		2.69787216187
4.22839283943		2.38326072693
4.23089599609		2.62683105469
4.23339295387		2.45430183411
4.23589992523		2.56086444855
4.23839592934		2.53041744232
4.24089789391		2.48474884033
4.24339485168		2.60145950317
4.24589490891		2.41370677948
4.24839496613		2.67250061035
4.25089883804		2.3426656723
4.25339579582		2.74354171753
4.25589585304		2.2817735672
4.25839591026		2.79428577423
4.26089787483		2.24117851257
4.26339697838		2.82473182678
4.26589679718		2.20565795898
4.2683968544		2.84502887726
4.27089977264		2.19043445587
4.27339792252		2.85517787933
4.27589988708		2.19043445587
4.27839779854		2.8501033783
4.2809009552		2.20058345795
4.28339886665		2.82473182678
4.28590083122		2.2310295105
4.28840088844		2.79428577423
4.29090285301		2.27669906616
4.29340291023		2.74354171753
4.29590082169		2.32744312286
4.29840183258		2.68264961243
4.30090379715		2.393409729
4.30340385437		2.61160755157
4.30590081215		2.47459983826
4.30840086937		2.54564094543
4.31090593338		2.5405664444
4.3134098053		2.47459983826
4.31590485573		2.61160755157
4.3184030056		2.393409729
4.32090687752		2.68264961243
4.3234038353		2.33251667023
4.32590699196		2.74861621857
4.32840681076		2.27669906616
4.33091187477		2.79936027527
4.33340597153		2.2310295105
4.33590579033		2.82980632782
4.33840680122		2.20058345795
4.34090900421		2.8501033783
4.34340786934		2.18535995483
4.34590792656		2.85517787933
4.34840893745		2.18535995483
4.35091090202		2.84502887726
4.35341000557		2.20565795898
4.35591077805		2.82473182678
4.35840892792		2.23610401154
4.36091184616		2.78921127319
4.36341190338		2.28684806824
4.3659119606		2.73339271545
4.36841082573		2.33759117126
4.37091398239		2.67250061035
4.37341189384		2.40863323212
4.37591195107		2.60145950317
4.37841391563		2.48474884033
4.38091397285		2.53041744232
4.38341283798		2.55578994751
4.3859128952		2.45937633514
4.38841295242		2.62683105469
4.39092087746		2.38833522797
4.39341592789		2.69279766083
4.39591479301		2.32236862183
4.39841389656		2.75876522064
4.4009168148		2.26655006409
4.40341377258		2.80443382263
4.40591478348		2.22088050842
4.40841698647		2.8399553299
4.41091990471		2.20058345795
4.41341900826		2.85517787933
4.41591787338		2.18535995483
4.41841888428		2.85517787933
4.42091989517		2.19043445587
4.42341899872		2.8399553299
4.42591881752		2.20565795898
4.42841887474		2.81965732574
4.4309258461		2.24117851257
4.43342590332		2.77906227112
4.43592095375		2.29699611664
4.43842291832		2.72324466705
4.44092798233		2.34774017334
4.44342184067		2.66235160828
4.44591879845		2.41878128052
4.44844293594		2.60145950317
4.45092988014		2.4898223877
4.4534239769		2.52026939392
4.45592284203		2.56086444855
4.45842289925		2.44922733307
4.46092891693		2.63190555573
4.46342897415		2.38326072693
4.46592378616		2.7029466629
4.46842980385		2.31221961975
4.47092795372		2.76891326904
4.47342681885		2.25640106201
4.47592496872		2.81458282471
4.47842478752		2.21580600739
4.48092794418		2.84502887726
4.4834280014		2.19550895691
4.48592782021		2.85517787933
4.48842692375		2.18535995483
4.490929842		2.8501033783
4.4934258461		2.19043445587
4.49592781067		2.8399553299
4.49842691422		2.22088050842
4.50093197823		2.80950832367
4.503428936		2.25640106201
4.50592780113		2.76891326904
4.50842881203		2.30714511871
4.5109307766		2.71309566498
4.51342988014		2.36296367645
4.51592993736		2.64712810516
4.51842999458		2.42893028259
4.52093482018		2.58116149902
4.52342891693		2.50504589081
4.52593183517		2.51012039185
4.52843093872		2.57101249695
4.53093481064		2.43907928467
4.53343081474		2.64712810516
4.53593492508		2.36296367645
4.53843379021		2.71309566498
4.5409348011		2.30207061768
4.54343485832		2.77906227112
4.54594087601		2.25132751465
4.54843592644		2.82473182678
4.55093598366		2.21073246002
4.55343484879		2.8501033783
4.55593585968		2.19550895691
4.5584359169		2.85517787933
4.56093883514		2.18535995483
4.56343579292		2.8501033783
4.56593680382		2.19550895691
4.56843900681		2.8399553299
4.57095193863		2.22088050842
4.57343888283		2.80443382263
4.57593798637		2.26147556305
4.5784368515		2.75876522064
4.58093881607		2.31221961975
4.58343887329		2.70802116394
4.58593893051		2.36803817749
4.58844089508		2.63698005676
4.59094190598		2.44415378571
4.59343886375		2.57101249695
4.595941782		2.51519489288
4.5984389782		2.49489688873
4.60094499588		2.58623600006
4.60344290733		2.42385578156
4.60594081879		2.66235160828
4.60844182968		2.35281467438
4.61094284058		2.72831821442
4.6134428978		2.2919216156
4.61594486237		2.78413677216
4.61844396591		2.24117851257
4.62094783783		2.82473182678
4.6234498024		2.21580600739
4.62594389915		2.8501033783
4.62844586372		2.19043445587
4.63094687462		2.85517787933
4.63344693184		2.18535995483
4.63594388962		2.8501033783
4.63844490051		2.19550895691
4.64094877243		2.82980632782
4.64344596863		2.2310295105
4.64594697952		2.79936027527
4.64844679832		2.26655006409
4.65095686913		2.7536907196
4.65344882011		2.32236862183
4.65594696999		2.69279766083
4.65844893456		2.38326072693
4.6609518528		2.63190555573
4.66345095634		2.45430183411
4.66594982147		2.55071544647
4.66844987869		2.52534389496
4.67095279694		2.47967433929
4.67345190048		2.59638500214
4.67594981194		2.40863323212
4.67844891548		2.67250061035
4.68095493317		2.3426656723
4.68345284462		2.73846721649
4.68595194817		2.2817735672
4.68845391273		2.78921127319
4.69095683098		2.23610401154
4.69345283508		2.82980632782
4.69595384598		2.21073246002
4.69845485687		2.8501033783
4.70095992088		2.19043445587
4.70345377922		2.85517787933
4.70595479012		2.18535995483
4.70845580101		2.84502887726
4.71095895767		2.20058345795
4.71345591545		2.82980632782
4.71595597267		2.2310295105
4.71845889091		2.79428577423
4.72095799446		2.27669906616
4.72345685959		2.73846721649
4.72595596313		2.32744312286
4.72845888138		2.68264961243
4.7309589386		2.393409729
4.73345780373		2.61668205261
4.73596000671		2.46445083618
4.73845887184		2.53549194336
4.74095988274		2.53549194336
4.74345993996		2.46952533722
4.74595999718		2.61160755157
4.74845981598		2.39848423004
4.75096178055		2.67757511139
4.75346088409		2.33251667023
4.75596284866		2.74354171753
4.75846195221		2.27669906616
4.7609629631		2.79428577423
4.76346182823		2.2310295105
4.76596188545		2.83488082886
4.768460989		2.20058345795
4.77096486092		2.8501033783
4.77346277237		2.1802854538
4.77596378326		2.86025238037
4.7784678936		2.18535995483
4.78096795082		2.8501033783
4.78346586227		2.20565795898
4.78596591949		2.82980632782
4.78846693039		2.24117851257
4.79096794128		2.78413677216
4.79346680641		2.2817735672
4.79596686363		2.73339271545
4.79846787453		2.3426656723
4.80096793175		2.66742610931
4.80346894264		2.40355873108
4.8059668541		2.60145950317
4.80846786499		2.47967433929
4.81097197533		2.53549194336
4.81346797943		2.55578994751
4.81596779823		2.45937633514
4.81846880913		2.62175655365
4.8209707737		2.393409729
4.82347083092		2.68772315979
4.82597088814		2.32236862183
4.82847094536		2.7536907196
4.83097290993		2.26655006409
4.83347082138		2.80443382263
4.8359708786		2.22595500946
4.83847093582		2.8399553299
4.84097385406		2.20058345795
4.84347200394		2.85517787933
4.84597277641		2.1802854538
4.84847283363		2.85517787933
4.85097885132		2.19043445587
4.85347390175		2.84502887726
4.85598278046		2.21073246002
4.85847377777		2.81965732574
4.86097693443		2.25132751465
4.86347484589		2.77398777008
4.86597585678		2.2919216156
4.868475914		2.72324466705
4.87097883224		2.34774017334
4.87347698212		2.65727710724
4.87597799301		2.41878128052
4.87847685814		2.5913105011
4.88098192215		2.48474884033
4.88347792625		2.52026939392
4.88597798347		2.56086444855
4.88847899437		2.45430183411
4.89097881317		2.63698005676
4.89347982407		2.37311172485
4.89597988129		2.7029466629
4.89847993851		2.30714511871
4.9009809494		2.76383876801
4.90347981453		2.25640106201
4.90598082542		2.81965732574
4.9084789753		2.22088050842
4.91098594666		2.84502887726
4.91348290443		2.19043445587
4.91598296165		2.85517787933
4.91848397255		2.1802854538
4.92098498344		2.84502887726
4.92348480225		2.19043445587
4.92598295212		2.83488082886
4.92848587036		2.22088050842
4.93098688126		2.80950832367
4.93348884583		2.25640106201
4.9359869957		2.76891326904
4.9384868145		2.29699611664
4.94098591805		2.71309566498
4.94348692894		2.35788917542
4.94598698616		2.6522026062
4.94848799706		2.42893028259
4.95098781586		2.58116149902
4.95348787308		2.49997138977
4.9559879303		2.51012039185
4.95848798752		2.57608699799
4.9609940052		2.43907928467
4.96348881721		2.64712810516
4.96598696709		2.36296367645
4.96848893166		2.71309566498
4.9709918499		2.30207061768
4.973487854		2.77398777008
4.97598981857		2.25132751465
4.97849082947		2.81965732574
4.98099184036		2.21580600739
4.98349189758		2.84502887726
4.9859919548		2.19550895691
4.9884929657		2.8501033783
4.99099493027		2.18535995483
4.99349498749		2.8501033783
4.99599289894		2.20058345795
4.99849295616		2.83488082886
