0.000126123428345		3.12411975861
0.00438618659973		1.67792224884
0.00866198539734		3.42858314514
0.0128960609436		2.44922733307
0.017147064209		1.69822025299
0.0213930606842		3.43873119354
0.025642156601		2.45430183411
0.0298931598663		1.70329380035
0.0341420173645		3.39306259155
0.0384011268616		2.47967433929
0.0426449775696		1.69314575195
0.046902179718		3.41843414307
0.0511450767517		2.47459983826
0.0553941726685		1.68299674988
0.0596489906311		3.41843414307
0.0638980865479		2.4898223877
0.0681490898132		1.67792224884
0.0724020004272		3.40828514099
0.0766890048981		2.54564094543
0.0809061527252		1.66777324677
0.0851941108704		3.38291358948
0.0894119739532		2.52534389496
0.0936591625214		1.66269874573
0.0979111194611		3.39813613892
0.102158069611		2.53549194336
0.106417179108		1.65255069733
0.110661029816		3.39306259155
0.114912986755		2.54564094543
0.119163036346		1.64747619629
0.123414993286		3.38798809052
0.127663135529		2.56086444855
0.13191318512		1.64240169525
0.136162996292		3.38291358948
0.140413999557		2.56593894958
0.144669055939		1.64240169525
0.148915052414		3.3727645874
0.153167963028		2.58623600006
0.157421112061		1.63225269318
0.16166806221		3.36261558533
0.16592502594		2.60653305054
0.170168161392		1.62717819214
0.174422979355		3.35246753693
0.178668022156		2.60653305054
0.182918071747		1.62717819214
0.187170982361		3.35246753693
0.191419124603		2.62175655365
0.195679187775		1.6119556427
0.199923992157		3.34231853485
0.204173088074		2.7029466629
0.208425045013		1.6119556427
0.21267414093		3.33216953278
0.216933012009		2.6522026062
0.221176147461		1.60688114166
0.225433111191		3.3220205307
0.22967505455		2.6522026062
0.233926057816		1.60180664062
0.238175153732		3.3220205307
0.242427110672		2.66742610931
0.246683120728		1.59673213959
0.250929117203		3.3118724823
0.255179166794		2.68772315979
0.259428024292		1.59165763855
0.263681173325		3.30172348022
0.267930984497		2.69279766083
0.272180080414		1.59165763855
0.276437997818		3.29157447815
0.280678987503		2.69787216187
0.284932136536		1.58658313751
0.28918504715		3.28649997711
0.293435096741		2.72324466705
0.297686100006		1.58150959015
0.301935195923		3.28142547607
0.306190013885		2.73339271545
0.310438156128		1.57643508911
0.314687013626		3.26620292664
0.318933963776		2.73846721649
0.323186159134		1.57136058807
0.327438116074		3.26620292664
0.331686973572		2.74861621857
0.335937976837		1.56628608704
0.340190172195		3.25605392456
0.344447135925		2.77398777008
0.348695039749		1.56628608704
0.352941989899		3.24083042145
0.35719203949		2.77398777008
0.361445188522		1.56628608704
0.365700006485		3.23575687408
0.369945049286		2.78921127319
0.374194145203		1.54091453552
0.378450155258		3.23068237305
0.382694005966		2.79936027527
0.386945009232		1.55613708496
0.391195058823		3.21545886993
0.395451068878		2.81965732574
0.399695158005		1.55613708496
0.40394616127		3.20023536682
0.408203125		2.82980632782
0.41245007515		1.55106258392
0.416707038879		3.20023536682
0.420948982239		2.83488082886
0.425206184387		1.54598808289
0.42945098877		3.19008731842
0.433701038361		2.8399553299
0.437952041626		1.55106258392
0.442202091217		3.17993831635
0.446457147598		2.86025238037
0.450702190399		1.54598808289
0.454957008362		3.16978931427
0.459203004837		2.86532688141
0.463454008102		1.54598808289
0.467705965042		3.15964031219
0.471955060959		2.88055038452
0.476212024689		1.54091453552
0.480461120605		3.14949226379
0.484708070755		2.89577293396
0.48895907402		1.54598808289
0.493208169937		3.14441776276
0.497462034225		2.900847435
0.501708984375		1.54091453552
0.505968093872		3.12919425964
0.510210037231		2.91607093811
0.514463186264		1.53584003448
0.518711090088		3.12919425964
0.522963047028		2.92621898651
0.527218103409		1.53584003448
0.531464099884		3.10889720917
0.535712003708		2.93636798859
0.539968967438		1.53584003448
0.544214963913		3.01755809784
0.548468112946		2.94651699066
0.552718162537		1.53584003448
0.556967973709		3.09367370605
0.5612180233		2.95666599274
0.565474033356		1.53076553345
0.569719076157		3.07845020294
0.573968172073		2.96681404114
0.578217983246		1.53584003448
0.582468986511		3.07337665558
0.586727142334		2.98203754425
0.590970039368		1.53584003448
0.595227003098		3.05307865143
0.599471092224		2.98711204529
0.603720188141		1.53584003448
0.607974052429		3.04800415039
0.612240076065		3.01755809784
0.616562128067		1.54598808289
0.620727062225		3.03785610199
0.624984025955		3.01755809784
0.62922501564		1.53584003448
0.633479118347		3.02263259888
0.637727975845		3.01755809784
0.641977071762		1.54091453552
0.646234035492		3.0124835968
0.650477170944		3.02263259888
0.65472817421		1.53584003448
0.658982992172		2.99726104736
0.663228988647		3.04292964935
0.667481184006		1.54091453552
0.671730041504		2.98711204529
0.675987958908		3.05307865143
0.68023109436		1.54091453552
0.684482097626		2.97696304321
0.688733100891		3.0632276535
0.692983150482		1.54091453552
0.697236061096		2.9617395401
0.701486110687		3.07337665558
0.705741167068		1.54091453552
0.709987163544		2.95666599274
0.714235067368		3.13934326172
0.718489170074		1.54598808289
0.722736120224		2.94144248962
0.726994037628		3.09367370605
0.731238126755		1.54598808289
0.735490083694		2.93129348755
0.739742040634		3.09874820709
0.743993997574		1.54598808289
0.748239994049		2.92114448547
0.75249004364		3.11397171021
0.756747961044		1.54091453552
0.760991096497		2.900847435
0.765247106552		3.12411975861
0.769493103027		1.55106258392
0.773741960526		2.89577293396
0.777995109558		3.12919425964
0.782243013382		1.54598808289
0.786540031433		2.8399553299
0.790745019913		3.13426876068
0.795003175735		1.55613708496
0.799247026443		2.86532688141
0.803497076035		3.15456676483
0.807749032974		1.55613708496
0.811999082565		2.85517787933
0.816248178482		3.15964031219
0.820499181747		1.561211586
0.824756145477		2.8399553299
0.829002141953		3.16471481323
0.833250999451		1.561211586
0.837503194809		2.83488082886
0.841752052307		3.17486381531
0.846009016037		1.56628608704
0.850252151489		2.81965732574
0.854504108429		3.18501281738
0.858755111694		1.56628608704
0.863003969193		2.79936027527
0.867256164551		3.19008731842
0.871505975723		1.56628608704
0.875782012939		2.76891326904
0.880006074905		3.20023536682
0.884255170822		1.59673213959
0.888512134552		2.77906227112
0.892757177353		3.2103843689
0.897011995316		1.57643508911
0.901257991791		2.75876522064
0.905514001846		3.22053337097
0.909759044647		1.58150959015
0.914011001587		2.75876522064
0.918265104294		3.22560787201
0.922512054443		1.58150959015
0.926769018173		2.74354171753
0.931012153625		3.23068237305
0.93526506424		1.59165763855
0.939514160156		2.72831821442
0.943763971329		3.24083042145
0.948014974594		1.59165763855
0.952265977859		2.71817016602
0.95655298233		3.27635097504
0.960767030716		1.59673213959
0.965025186539		2.7029466629
0.969267129898		3.2611284256
0.973518133163		1.60180664062
0.977771043777		2.69279766083
0.982020139694		3.26620292664
0.986277103424		1.60688114166
0.990521192551		2.67250061035
0.994774103165		3.27127742767
0.999021053314		1.60688114166
1.00327014923		2.66742610931
1.00752997398		3.28649997711
1.01177215576		1.6119556427
1.01602315903		2.6522026062
1.0202729702		3.29157447815
1.02453017235		1.61703014374
1.02877306938		2.6420545578
1.03302598		3.30172348022
1.03727698326		1.6221036911
1.04152798653		2.62175655365
1.04578304291		3.30679798126
1.05002808571		1.62717819214
1.05435204506		2.54564094543
1.05853199959		3.3118724823
1.06277918816		1.63225269318
1.0670311451		2.60145950317
1.07128000259		3.3220205307
1.07553696632		1.64240169525
1.07978105545		2.5913105011
1.08403015137		3.33216953278
1.08828401566		1.64747619629
1.09253311157		2.57608699799
1.09678602219		3.33216953278
1.10103416443		1.64747619629
1.10529208183		2.55578994751
1.10953617096		3.34231853485
1.11378502846		1.65255069733
1.11804008484		2.54564094543
1.12228798866		3.35246753693
1.12657809258		1.67792224884
1.13078904152		2.53549194336
1.13504600525		3.36261558533
1.13929319382		1.66777324677
1.14354014397		2.51012039185
1.14779496193		3.36261558533
1.15204119682		1.66777324677
1.156291008		2.51012039185
1.16054201126		3.3727645874
1.16479897499		1.67792224884
1.16904211044		2.49997138977
1.17329406738		3.37783908844
1.17754507065		1.68299674988
1.18179416656		2.4898223877
1.18605399132		3.38291358948
1.1902961731		1.68807125092
1.19454598427		2.47967433929
1.19879603386		3.38798809052
1.20304703712		1.69314575195
1.20729899406		2.46445083618
1.21154713631		3.39813613892
1.21579813957		1.70329380035
1.22004914284		2.44415378571
1.22430515289		3.40321063995
1.22855114937		1.71344280243
1.23279905319		2.43907928467
1.23705196381		3.40828514099
1.24130105972		1.71851730347
1.24555897713		2.42385578156
1.24980211258		3.41335964203
1.25405311584		1.77433586121
1.25830698013		2.41370677948
1.26255297661		3.4235086441
1.26680517197		1.73374080658
1.27106118202		2.39848423004
1.27531409264		3.42858314514
1.27955698967		1.73881530762
1.28380799294		2.393409729
1.28806209564		3.4336566925
1.29230999947		1.74896335602
1.29659819603		2.3426656723
1.3008081913		3.43873119354
1.30506801605		1.75911235809
1.3093111515		2.36803817749
1.31356310844		3.44380569458
1.31781506538		1.76418685913
1.3220641613		2.35281467438
1.32631897926		3.44888019562
1.33056306839		1.76926136017
1.33481502533		2.3426656723
1.33905601501		3.44888019562
1.34330606461		1.76926136017
1.34757018089		2.32236862183
1.3518140316		3.45902919769
1.35606503487		1.78955841064
1.36031508446		2.31729412079
1.36457300186		3.46410369873
1.36881518364		1.79463291168
1.37306714058		2.31221961975
1.37731909752		3.46917819977
1.38156700134		1.80478191376
1.38582706451		2.2919216156
1.39006900787		3.46917819977
1.39432096481		1.8200044632
1.39856910706		2.28684806824
1.40282702446		3.47425174713
1.4070789814		1.83015346527
1.4113240242		2.27162456512
1.41557216644		3.47932624817
1.41982316971		1.83015346527
1.42407298088		2.22088050842
1.42832517624		3.48440074921
1.43257403374		1.83522796631
1.43682599068		2.24625301361
1.44107508659		3.48440074921
1.44533514977		1.85552597046
1.4495780468		2.23610401154
1.45382618904		3.48947525024
1.45808005333		1.86059951782
1.46232819557		2.22595500946
1.46661615372		3.49962425232
1.47082996368		1.86567401886
1.47508811951		2.20565795898
1.47933006287		3.49962425232
1.48357915878		1.88089752197
1.48783898354		2.19043445587
1.49208211899		3.49962425232
1.49633312225		1.88597202301
1.50058412552		2.18535995483
1.5048429966		3.49962425232
1.50909209251		1.90119457245
1.5133330822		2.1802854538
1.51758599281		3.49962425232
1.52183413506		1.90119457245
1.52609300613		2.15998840332
1.53033399582		3.50469875336
1.53459501266		1.9214925766
1.53883910179		2.14983940125
1.54308795929		3.50977325439
1.54733800888		1.92656707764
1.55158805847		2.14476490021
1.55584716797		3.50977325439
1.560090065		1.93671607971
1.56434416771		2.12954235077
1.56859016418		3.51484680176
1.57284212112		1.94178962708
1.57709503174		2.11431884766
1.58134508133		3.51484680176
1.58560419083		1.96716213226
1.58984398842		2.10416984558
1.59409713745		3.5199213028
1.59834814072		1.96716213226
1.60259604454		2.09909534454
1.60684704781		3.51484680176
1.61109614372		1.9722366333
1.61534810066		2.07879829407
1.61959910393		3.5199213028
1.62384700775		1.9823846817
1.62810397148		2.06357479095
1.63234901428		3.51484680176
1.63663506508		2.02805423737
1.64085006714		2.06357479095
1.64510798454		3.51484680176
1.64935112		2.00775718689
1.65360212326		2.05342674255
1.65785598755		3.5199213028
1.66210198402		2.01790523529
1.66636514664		2.02805423737
1.67060518265		3.5199213028
1.67485618591		2.02805423737
1.67910504341		2.02805423737
1.683355093		3.5199213028
1.68761110306		2.04327774048
1.69185709953		2.02297973633
1.69610714912		3.5199213028
1.7003569603		2.04835224152
1.70461511612		2.00268268585
1.70885705948		3.5199213028
1.71310997009		2.05850028992
1.71736216545		1.99253368378
1.72161197662		3.5199213028
1.72586917877		2.0838727951
1.73011517525		1.98745918274
1.7343711853		3.5199213028
1.73861312866		2.0838727951
1.74286317825		1.97731018066
1.74711513519		3.5199213028
1.75136303902		2.09402179718
1.75562214851		1.96208763123
1.75986504555		3.5199213028
1.76411509514		2.14476490021
1.7683660984		1.95193862915
1.77261614799		3.51484680176
1.77686715126		2.12446784973
1.78111696243		1.94686412811
1.78537416458		3.5199213028
1.78961801529		2.12954235077
1.79386997223		1.93671607971
1.79812717438		3.5199213028
1.80237007141		2.14476490021
1.80670213699		1.85552597046
1.81087303162		3.51484680176
1.815128088		2.15491390228
1.8193731308		1.91641807556
1.8236219883		3.51484680176
1.82787513733		2.16506290436
1.83212399483		1.90626907349
1.83638215065		3.50977325439
1.8406291008		2.1701374054
1.84487915039		1.89104652405
1.84912514687		3.50977325439
1.85337615013		2.1802854538
1.85763096809		1.88089752197
1.86187815666		3.50977325439
1.86613607407		2.20058345795
1.87038111687		1.87582302094
1.87463307381		3.50977325439
1.87887907028		2.20058345795
1.88313007355		1.86567401886
1.88738512993		3.50469875336
1.89163208008		2.22595500946
1.89588212967		1.85552597046
1.90013313293		3.50469875336
1.90438508987		2.2310295105
1.90863513947		1.84537696838
1.91288518906		3.49962425232
1.91713619232		2.24117851257
1.92138600349		1.84030246735
1.92564296722		3.50469875336
1.92989206314		2.25640106201
1.93413805962		1.80478191376
1.93838906288		3.49962425232
1.94263696671		2.26655006409
1.94689106941		1.8200044632
1.95113897324		3.49454975128
1.95539617538		2.2817735672
1.95964097977		1.80985641479
1.96389317513		3.48440074921
1.96814918518		2.2919216156
1.97239303589		1.80478191376
1.97665214539		3.48440074921
1.9808921814		2.30207061768
1.98515200615		1.78955841064
1.98939418793		3.48440074921
1.99364614487		2.31729412079
1.99789619446		1.78448390961
2.00214505196		3.47425174713
2.00640296936		2.3426656723
2.01064896584		1.77940940857
2.01489806175		3.47425174713
2.01914906502		2.33759117126
2.02339696884		1.77433586121
2.02765202522		3.47425174713
2.03190016747		2.34774017334
2.0361521244		1.76418685913
2.04040503502		3.46410369873
2.04465103149		2.36296367645
2.0489051342		1.74896335602
2.05315208435		3.46410369873
2.05740308762		2.37311172485
2.061658144		1.74896335602
2.06591105461		3.45902919769
2.07015514374		2.38833522797
2.07440519333		1.73881530762
2.07865405083		3.45902919769
2.08291816711		2.41370677948
2.08717012405		1.71344280243
2.09141016006		3.44888019562
2.09565806389		2.40863323212
2.09990906715		1.72866630554
2.10415816307		3.41335964203
2.10841417313		2.42385578156
2.11265897751		1.71851730347
2.11691212654		3.43873119354
2.12116098404		2.43400478363
2.12541413307		1.70329380035
2.12966513634		3.43873119354
2.13391304016		2.45430183411
2.13816809654		1.70329380035
2.14241313934		3.42858314514
2.14674401283		2.5405664444
2.15091609955		1.69822025299
2.15516519547		3.42858314514
2.15941905975		2.47459983826
2.16366696358		1.68807125092
2.16791415215		3.4235086441
2.17216610909		2.48474884033
2.17641711235		1.67792224884
2.18067002296		3.40828514099
2.18491601944		2.4898223877
2.18916797638		1.67792224884
2.19342517853		3.40828514099
2.19767308235		2.51012039185
2.20192098618		1.6728477478
2.20617699623		3.40321063995
2.21042013168		2.51012039185
2.2146730423		1.65762519836
2.21892213821		3.39813613892
2.22317314148		2.53041744232
2.22742509842		1.65762519836
2.23167419434		3.39306259155
2.23593306541		2.55578994751
2.24018406868		1.64747619629
2.24442601204		3.38291358948
2.2486770153		2.55578994751
2.25292515755		1.64240169525
2.25717806816		3.37783908844
2.26142811775		2.57101249695
2.26568102837		1.63225269318
2.2699341774		3.36769008636
2.27418017387		2.67757511139
2.27843809128		1.63225269318
2.28268098831		3.36769008636
2.28694009781		2.61160755157
2.29118299484		1.62717819214
2.29543399811		3.35754108429
2.29968500137		2.60653305054
2.30393314362		1.6221036911
2.30818414688		3.34739303589
2.31243300438		2.61668205261
2.31669902802		1.60688114166
2.32094097137		3.33724403381
2.32519412041		2.63698005676
2.32943916321		1.61703014374
2.33368802071		3.33724403381
2.33794307709		2.64712810516
2.34218907356		1.60688114166
2.34644508362		3.3220205307
2.35068917274		2.6522026062
2.35494112968		1.60180664062
2.35919499397		3.3118724823
2.36344218254		2.66742610931
2.36769199371		1.59673213959
2.37194108963		3.3118724823
2.37619304657		2.68264961243
2.38044714928		1.59165763855
2.3846950531		3.30679798126
2.38894319534		2.68772315979
2.39319515228		1.58658313751
2.39744710922		3.29664897919
2.40169811249		2.70802116394
2.40594696999		1.58150959015
2.41020011902		3.28142547607
2.41445803642		2.72324466705
2.41869902611		1.58658313751
2.42294716835		3.27635097504
2.42720007896		2.71817016602
2.43144798279		1.57643508911
2.43570709229		3.27127742767
2.43995213509		2.74354171753
2.44420719147		1.55613708496
2.44845509529		3.2611284256
2.45270299911		2.7536907196
2.45695996284		1.56628608704
2.46120500565		3.25605392456
2.46545410156		2.75876522064
2.46970510483		1.57136058807
2.47395706177		3.24590492249
2.47820711136		2.76891326904
2.48245596886		1.561211586
2.48677396774		3.18501281738
2.49096107483		2.78413677216
2.49521017075		1.561211586
2.4994571209		3.23068237305
2.50371217728		2.80443382263
2.50796413422		1.55613708496
2.51221013069		3.22053337097
2.51646018028		2.81458282471
2.52071118355		1.55613708496
2.52496218681		3.21545886993
2.52921104431		2.81965732574
2.53346514702		1.55106258392
2.53771901131		3.19516181946
2.54196405411		2.85517787933
2.54622912407		1.54598808289
2.55046796799		3.19008731842
2.55473709106		2.86532688141
2.55896997452		1.54598808289
2.56321597099		3.17993831635
2.56746602058		2.8501033783
2.57171797752		1.54598808289
2.57596707344		3.17486381531
2.5802230835		2.87040138245
2.58447098732		1.54091453552
2.5887260437		3.15964031219
2.59297204018		2.87547588348
2.59722304344		1.54091453552
2.60147118568		3.15456676483
2.60572314262		2.89069843292
2.60997605324		1.53584003448
2.61422300339		3.08859920502
2.61847710609		2.900847435
2.62272715569		1.53584003448
2.62697696686		3.13426876068
2.6312251091		2.90592193604
2.63547515869		1.53584003448
2.63972401619		3.12919425964
2.64397501945		2.92114448547
2.64822506905		1.54091453552
2.65247797966		3.11397171021
2.65672802925		2.93129348755
2.66097712517		1.53584003448
2.6652340889		3.09874820709
2.6694791317		2.94651699066
2.67373013496		1.53584003448
2.67798018456		3.08859920502
2.68222999573		2.9515914917
2.6865170002		1.53584003448
2.69073319435		3.07845020294
2.69498801231		2.96681404114
2.69923305511		1.53584003448
2.70348501205		3.07337665558
2.70773816109		2.97696304321
2.71198701859		1.53076553345
2.71624612808		3.05307865143
2.72049403191		2.99218654633
2.72473907471		1.53584003448
2.72898817062		3.04800415039
2.7332379818		2.99726104736
2.73748803139		1.54091453552
2.74173808098		3.03785610199
2.74599599838		3.00740909576
2.75023913383		1.53584003448
2.75449109077		3.02770709991
2.75874018669		3.0124835968
2.76299118996		1.53076553345
2.76724004745		3.02263259888
2.77149105072		3.02770709991
2.77574205399		1.53584003448
2.7799911499		3.00740909576
2.78424096107		3.07337665558
2.78849315643		1.54091453552
2.7927441597		2.99218654633
2.79699611664		3.04800415039
2.80124497414		1.53584003448
2.80550217628		2.98203754425
2.80974912643		3.05815315247
2.81399607658		1.53584003448
2.81824612617		2.96681404114
2.82249617577		3.0632276535
2.82675004005		1.54091453552
2.83099102974		2.96681404114
2.83524608612		3.07845020294
2.83950209618		1.54091453552
2.84375119209		2.94651699066
2.84800100327		3.08859920502
2.85225510597		1.54091453552
2.856539011		2.89577293396
2.86075115204		3.10382270813
2.86500811577		1.54598808289
2.86925411224		2.92114448547
2.87350106239		3.09874820709
2.8777551651		1.55106258392
2.8820040226		2.90592193604
2.88625502586		3.11904525757
2.89052796364		1.55106258392
2.89476299286		2.89577293396
2.89900612831		3.12919425964
2.90325713158		1.55106258392
2.90750813484		2.88055038452
2.91175699234		3.13934326172
2.91601419449		1.55106258392
2.9202580452		2.87547588348
2.92451000214		3.13934326172
2.9287610054		1.55613708496
2.93300914764		2.86025238037
2.93726015091		3.14949226379
2.94151115417		1.55106258392
2.94576907158		2.8399553299
2.95001101494		3.15964031219
2.95429515839		1.56628608704
2.95851516724		2.83488082886
2.96276402473		3.16978931427
2.96701717377		1.561211586
2.97126698494		2.81965732574
2.97551298141		3.17486381531
2.97976613045		1.56628608704
2.98402118683		2.80950832367
2.98826813698		3.18501281738
2.99251508713		1.56628608704
2.99677419662		2.79428577423
3.00101804733		3.19516181946
3.00527596474		1.57643508911
3.00952005386		2.78413677216
3.01376819611		3.20023536682
3.01802706718		1.57643508911
3.02226996422		2.76891326904
3.02656006813		3.24083042145
3.03077197075		1.57643508911
3.0350291729		2.7536907196
3.03931617737		3.25097942352
3.04352498055		1.58150959015
3.04777598381		2.74354171753
3.0520260334		3.23575687408
3.05627799034		1.58658313751
3.06052613258		2.73339271545
3.06478214264		3.23575687408
3.06902909279		1.58658313751
3.07327818871		2.72324466705
3.07753014565		3.25097942352
3.08178210258		1.59165763855
3.08603000641		2.7029466629
3.09028410912		3.25605392456
3.0945379734		1.60180664062
3.09878206253		2.69279766083
3.10303211212		3.2611284256
3.10728406906		1.60180664062
3.11153101921		2.68772315979
3.11579704285		3.28142547607
3.12003397942		1.60180664062
3.12428808212		2.66235160828
3.12853503227		3.28142547607
3.13278603554		1.6119556427
3.13703608513		2.65727710724
3.14128613472		3.28649997711
3.14554405212		1.61703014374
3.14978909492		2.6420545578
3.15403604507		3.29157447815
3.15829515457		1.62717819214
3.16253995895		2.63190555573
3.16679215431		3.30679798126
3.17104315758		1.6221036911
3.17529797554		2.61160755157
3.17954301834		3.31694602966
3.18379211426		1.63225269318
3.18804502487		2.60145950317
3.19229412079		3.31694602966
3.19658112526		1.65255069733
3.20079398155		2.59638500214
3.20504999161		3.33216953278
3.20929503441		1.63732719421
3.21354413033		2.58623600006
3.21780014038		3.33724403381
3.2220480442		1.64240169525
3.22630310059		2.56086444855
3.23054814339		3.34231853485
3.234801054		1.65762519836
3.23904800415		2.55071544647
3.24329996109		3.34739303589
3.24755907059		1.65762519836
3.25180006027		2.5405664444
3.25605010986		3.35754108429
3.26030111313		1.65762519836
3.26455807686		2.52534389496
3.26880216599		3.36261558533
3.27305197716		1.66777324677
3.27730607986		2.4898223877
3.28156208992		3.3727645874
3.28580498695		1.68299674988
3.29005599022		2.50504589081
3.29431414604		3.37783908844
3.29855704308		1.68299674988
3.30280804634		2.49489688873
3.30706000328		3.38291358948
3.31131005287		1.68299674988
3.31556510925		2.47459983826
3.31980705261		3.39306259155
3.32405805588		1.73374080658
3.32831311226		2.46445083618
3.33256006241		3.39306259155
3.33681297302		1.70836830139
3.34106111526		2.45937633514
3.34531903267		3.40828514099
3.34956216812		1.70329380035
3.35381507874		2.44415378571
3.35806417465		3.40828514099
3.36231303215		1.71344280243
3.36660003662		2.39848423004
3.37081503868		3.40828514099
3.37507104874		1.7235918045
3.37932300568		2.41370677948
3.3835670948		3.41843414307
3.38782000542		1.73374080658
3.39206719398		2.40863323212
3.39632415771		3.42858314514
3.40056800842		1.73881530762
3.40481996536		2.393409729
3.40907216072		3.4336566925
3.41332101822		1.74388885498
3.41757297516		2.37818622589
3.42182207108		3.43873119354
3.42607903481		1.75911235809
3.43032312393		2.36803817749
3.43457508087		3.44380569458
3.43882417679		1.75911235809
3.44307303429		2.35788917542
3.44732618332		3.44380569458
3.45157599449		1.77433586121
3.45582699776		2.3426656723
3.46007704735		3.45395469666
3.46433210373		1.77940940857
3.46857905388		2.33251667023
3.47282910347		3.45395469666
3.47708106041		1.78448390961
3.48133015633		2.32236862183
3.48557806015		3.46410369873
3.48983311653		1.78955841064
3.49408102036		2.27162456512
3.49833297729		3.46410369873
3.50258207321		1.80478191376
3.50683403015		2.2919216156
3.51109099388		3.46917819977
3.51533913612		1.81493091583
3.51958298683		2.2919216156
3.5238339901		3.46917819977
3.52821612358		1.91641807556
3.53245902061		2.15998840332
3.53671813011		3.50977325439
3.54096102715		1.9214925766
3.54522299767		2.13461589813
3.54946303368		3.50977325439
3.55371499062		1.93671607971
3.55796504021		2.13461589813
3.56221199036		3.50977325439
3.56646609306		1.93671607971
3.57071518898		2.11939334869
3.57497215271		3.51484680176
3.57921600342		1.95193862915
3.58346605301		2.10924434662
3.58771896362		3.51484680176
3.59196710587		1.96208763123
3.59622502327		2.09402179718
3.60046815872		3.51484680176
3.60472416878		1.97731018066
3.60897111893		2.08894729614
3.61321997643		3.51484680176
3.61747097969		1.9823846817
3.62172102928		2.07372379303
3.62598109245		3.5199213028
3.63022303581		1.99253368378
3.63447809219		2.05850028992
3.63872313499		3.5199213028
3.64297914505		2.00775718689
3.64722514153		2.04835224152
3.65148210526		3.5199213028
3.6557290554		2.01790523529
3.659979105		2.04327774048
3.66422796249		3.51484680176
3.66861104965		2.13969039917
3.67285299301		1.93164157867
3.67710518837		3.52499580383
3.68135404587		2.13969039917
3.68560504913		1.91134357452
3.68985795975		3.51484680176
3.69410419464		2.19043445587
3.69835495949		1.91134357452
3.70260500908		3.51484680176
3.70685815811		2.15998840332
3.71110796928		1.90626907349
3.71536517143		3.51484680176
3.71963405609		2.19550895691
3.72386002541		1.89104652405
3.72824597359		3.48440074921
3.73248505592		2.30714511871
3.73674416542		1.78955841064
3.74098706245		3.47932624817
3.74524402618		2.32236862183
3.74948716164		1.78448390961
3.75374317169		3.47932624817
3.75799107552		2.32744312286
3.76223707199		1.77940940857
3.76652908325		3.46917819977
3.77074098587		2.3426656723
3.77500319481		1.75911235809
3.77924418449		3.47425174713
3.78349113464		2.34774017334
3.78774499893		1.75911235809
3.79199314117		3.46917819977
3.79624915123		2.37311172485
3.80049300194		1.75403785706
3.80474495888		3.46410369873
3.80899596214		2.37818622589
3.81324505806		1.74388885498
3.81749796867		3.46410369873
3.82174706459		2.38833522797
3.82600402832		1.73374080658
3.83024811745		3.45902919769
3.83450007439		2.40355873108
3.8387491703		1.72866630554
3.8429980278		3.45395469666
3.84724998474		2.41878128052
3.85149908066		1.72866630554
3.8557510376		3.44888019562
3.86000108719		2.42385578156
3.86425113678		1.6728477478
3.86850500107		3.43873119354
3.87275218964		2.43907928467
3.87700605392		1.70836830139
3.88125514984		3.4336566925
3.88550710678		2.45430183411
3.8897600174		1.69822025299
3.89400696754		3.4336566925
3.89825606346		2.45937633514
3.90250611305		1.69822025299
3.90676617622		3.4235086441
3.91100716591		2.47459983826
3.91526412964		1.67792224884
3.91950917244		3.4235086441
3.9237601757		2.48474884033
3.92801499367		1.67792224884
3.93226003647		3.41335964203
3.93654918671		2.53041744232
3.94076299667		1.6728477478
3.94501900673		3.40828514099
3.94926214218		2.51519489288
3.95351219177		1.66777324677
3.95776510239		3.40321063995
3.96201705933		2.52534389496
3.96627116203		1.66269874573
3.97051501274		3.39813613892
3.97476696968		2.53041744232
3.97901797295		1.65762519836
3.98326611519		3.38798809052
3.98751807213		2.54564094543
3.99176597595		1.64747619629
3.99602413177		3.38291358948
4.00026798248		2.56593894958
4.00452113152		1.64240169525
4.00876903534		3.37783908844
4.0130200386		2.56593894958
4.01727199554		1.64240169525
4.02152204514		3.3727645874
4.02578496933		2.5913105011
4.03002214432		1.63225269318
4.03434610367		3.3220205307
4.03853011131		2.60145950317
4.04277396202		1.62717819214
4.04702496529		3.35754108429
4.05127501488		2.61160755157
4.05552506447		1.6221036911
4.05977702141		3.35246753693
4.06402611732		2.61668205261
4.06827712059		1.61703014374
4.07252597809		3.34231853485
4.07677817345		2.62683105469
4.08102703094		1.6119556427
4.08528017998		3.33724403381
4.08953213692		2.6420545578
4.09378004074		1.60180664062
4.09803199768		3.32709503174
4.10228013992		2.66235160828
4.10661506653		1.57643508911
4.11078310013		3.3220205307
4.11504101753		2.67250061035
4.11928200722		1.59673213959
4.12353515625		3.30679798126
4.12778615952		2.68264961243
4.13203501701		1.59165763855
4.13628697395		3.30679798126
4.14053797722		2.69787216187
4.14478707314		1.58658313751
4.14903616905		3.29664897919
4.15328907967		2.70802116394
4.15754103661		1.58150959015
4.16179013252		3.28649997711
4.16604709625		2.72324466705
4.17029714584		1.57643508911
4.17454218864		3.28142547607
4.17879104614		2.72324466705
4.18304109573		1.57643508911
4.18729305267		3.27635097504
4.19154214859		2.73846721649
4.19580101967		1.57136058807
4.20004296303		3.2611284256
4.20429611206		2.74861621857
4.20854306221		1.561211586
4.21281409264		3.24083042145
4.21704816818		2.76383876801
4.22129416466		1.561211586
4.22555208206		3.25097942352
4.2297949791		2.76891326904
4.23405218124		1.54598808289
4.23830199242		3.23068237305
4.24254798889		2.78921127319
4.24680018425		1.561211586
4.25105118752		3.23068237305
4.25530695915		2.79936027527
4.2595500946		1.55613708496
4.26380109787		3.22053337097
4.26805496216		2.80950832367
4.2723031044		1.55613708496
4.2765879631		3.19008731842
4.28080511093		2.82473182678
4.28505516052		1.55106258392
4.28930902481		3.20023536682
4.29355502129		2.83488082886
4.29781413078		1.54598808289
4.30206203461		3.19008731842
4.30631518364		2.8501033783
4.31055808067		1.54598808289
4.31480908394		3.18501281738
4.31905603409		2.85517787933
4.32330703735		1.54091453552
4.32756018639		3.16978931427
4.33180904388		2.86532688141
4.33606004715		1.54598808289
4.34031105042		3.15964031219
4.34456110001		2.87547588348
4.34881019592		1.54598808289
4.35306215286		3.15964031219
4.35731506348		2.89069843292
4.3615629673		1.54091453552
4.3658220768		3.13934326172
4.37006402016		2.90592193604
4.37431716919		1.54091453552
4.37856411934		3.12919425964
4.3828151226		2.900847435
4.38707113266		1.54091453552
4.39131712914		3.11904525757
4.39557600021		2.92621898651
4.39982008934		1.53584003448
4.40406918526		3.05307865143
4.40832519531		2.94144248962
4.41256999969		1.53076553345
4.41682314873		3.10382270813
4.42107200623		2.9515914917
4.42533016205		1.53584003448
4.42957115173		3.09367370605
4.43382811546		2.95666599274
4.43807601929		1.53584003448
4.44232296944		3.07337665558
4.44661211967		2.99218654633
4.45082402229		1.53584003448
4.45508098602		3.06830215454
4.45932412148		2.97696304321
4.46357512474		1.53584003448
4.46782803535		3.05815315247
4.47207713127		2.98203754425
4.47633314133		1.53584003448
4.48057699203		3.04292964935
4.48482918739		2.99726104736
4.48908019066		1.53584003448
4.49333119392		3.03785610199
4.4975810051		3.00740909576
4.50183105469		1.53584003448
4.50609207153		3.01755809784
4.51033210754		3.02263259888
4.51458311081		1.53584003448
4.51883411407		3.00740909576
4.52308297157		3.02770709991
4.52733612061		1.54091453552
4.53158402443		3.00233459473
4.53583598137		3.04292964935
4.54008603096		1.54091453552
4.54433917999		2.98711204529
4.54858613014		3.04800415039
4.55283617973		1.53584003448
4.55709004402		2.97696304321
4.56134009361		3.0632276535
4.56560111046		1.54091453552
4.56984615326		2.9617395401
4.57408905029		3.12919425964
4.578343153		1.54091453552
4.58259010315		2.95666599274
4.58684206009		3.07845020294
4.59108996391		1.54091453552
4.59535002708		2.93636798859
4.59959602356		3.09367370605
4.6038441658		1.54598808289
4.60809803009		2.92621898651
4.61234617233		3.09874820709
4.61663198471		1.55106258392
4.6208460331		2.91607093811
4.62510418892		3.11397171021
4.62934613228		1.54598808289
4.63359808922		2.90592193604
4.63785099983		3.11904525757
4.64209914207		1.54598808289
4.6463561058		2.89069843292
4.65060019493		3.12919425964
4.6548500061		1.55613708496
4.65910410881		2.88055038452
4.66335296631		3.13934326172
4.66760206223		1.55106258392
4.67185115814		2.87040138245
4.67610907555		3.14949226379
4.68035316467		1.55613708496
4.68460607529		2.85517787933
4.68885707855		3.15964031219
4.69310498238		1.561211586
4.69736218452		2.8399553299
4.70160508156		3.15964031219
4.70586299896		1.561211586
4.71010613441		2.82980632782
4.7143599987		3.17486381531
4.71860718727		1.56628608704
4.72285914421		2.81965732574
4.72711515427		3.19008731842
4.73136401176		1.561211586
4.73561096191		2.80443382263
4.73986101151		3.19516181946
4.7441110611		1.58150959015
4.74836206436		2.79428577423
4.75261211395		3.20023536682
4.75686407089		1.57136058807
4.76111412048		2.77398777008
4.76538515091		3.22053337097
4.76961612701		1.57643508911
4.77386713028		2.76891326904
4.77812314034		3.22053337097
4.78236699104		1.58150959015
4.78665304184		2.72324466705
4.79086899757		3.22053337097
4.79512405396		1.59165763855
4.79936909676		2.74354171753
4.80362010002		3.23068237305
4.80787205696		1.58658313751
4.81211996078		2.73339271545
4.81637215614		3.24590492249
4.82062315941		1.58658313751
4.82487297058		2.71309566498
4.82912707329		3.25097942352
4.83337116241		1.59673213959
4.83762407303		2.7029466629
4.84187912941		3.2611284256
4.84613013268		1.59673213959
4.85037612915		2.68772315979
4.85462498665		3.2611284256
4.85887598991		1.60180664062
4.86312603951		2.68772315979
4.86737799644		3.27635097504
4.8716301918		1.60688114166
4.87588500977		2.66235160828
4.88012814522		3.28142547607
4.88437914848		1.6119556427
4.88863110542		2.6522026062
4.89287996292		3.29157447815
4.89713215828		1.61703014374
4.90138101578		2.6420545578
4.90563511848		3.29664897919
4.90988206863		1.61703014374
4.91413116455		2.56086444855
4.91838598251		3.30679798126
4.92263412476		1.62717819214
4.92688417435		2.61160755157
4.93113517761		3.31694602966
4.93539214134		1.63732719421
4.93963718414		2.60145950317
4.94388818741		3.3220205307
4.94813704491		1.63225269318
4.9523870945		2.5913105011
4.95664596558		3.33216953278
4.96089506149		1.64240169525
4.96514415741		2.57608699799
4.96939015388		3.33724403381
4.97363901138		1.64747619629
4.97789311409		2.56086444855
4.98214101791		3.34231853485
4.98639702797		1.65762519836
4.99064016342		2.55578994751
4.99489307404		3.34739303589
4.99914097786		1.65255069733
