0.000127077102661		2.09402179718
0.0038058757782		2.96681404114
0.00644397735596		2.09402179718
0.00892901420593		2.89577293396
0.0114269256592		2.23610401154
0.0139310359955		2.69787216187
0.0164349079132		2.47967433929
0.0189368724823		2.43907928467
0.0214290618896		2.73846721649
0.0239319801331		2.20565795898
0.0264320373535		2.92621898651
0.0289330482483		2.08894729614
0.0314309597015		2.97188854218
0.033931016922		2.11939334869
0.0364370346069		2.85517787933
0.0389330387115		2.2919216156
0.0414319038391		2.63698005676
0.0439360141754		2.54564094543
0.046434879303		2.38326072693
0.0489349365234		2.79428577423
0.051470041275		2.17521095276
0.0540580749512		2.92621898651
0.0565619468689		2.0838727951
0.0590598583221		2.96681404114
0.061558008194		2.11939334869
0.0640599727631		2.86025238037
0.066565990448		2.2919216156
0.0690588951111		2.63698005676
0.0715658664703		2.5405664444
0.074061870575		2.37818622589
0.0765759944916		2.77906227112
0.0790700912476		2.16506290436
0.0815699100494		2.9515914917
0.0840709209442		2.0838727951
0.086571931839		2.95666599274
0.0890710353851		2.14476490021
0.0915720462799		2.81965732574
0.0940709114075		2.3426656723
0.0965809822083		2.5913105011
0.0990719795227		2.60145950317
0.101572036743		2.32744312286
0.104074954987		2.82980632782
0.106579065323		2.13461589813
0.109073877335		2.9617395401
0.111576080322		2.07879829407
0.114073991776		2.93636798859
0.11657500267		2.1802854538
0.119078874588		2.77906227112
0.121574878693		2.39848423004
0.124074935913		2.52026939392
0.126576900482		2.65727710724
0.129081964493		2.27162456512
0.131577014923		2.87547588348
0.134075880051		2.10924434662
0.136579036713		2.97696304321
0.139076948166		2.09402179718
0.141578912735		2.91099643707
0.144078016281		2.22088050842
0.146581888199		2.71817016602
0.149080991745		2.45937633514
0.151584863663		2.46952533722
0.154078960419		2.71817016602
0.156581878662		2.22088050842
0.159081935883		2.90592193604
0.161580085754		2.0838727951
0.164082050323		2.97696304321
0.166583061218		2.10416984558
0.169084072113		2.88055038452
0.171581983566		2.27162456512
0.174082040787		2.66235160828
0.176584005356		2.52026939392
0.179081916809		2.40355873108
0.181583881378		2.76383876801
0.18408703804		2.17521095276
0.186585903168		2.94144248962
0.189082860947		2.07879829407
0.191582918167		2.9617395401
0.194082975388		2.13461589813
0.196585893631		2.83488082886
0.199084043503		2.32236862183
0.201586961746		2.60653305054
0.204084873199		2.58116149902
0.206593036652		2.34774017334
0.209088087082		2.81965732574
0.211586952209		2.13969039917
0.214084863663		2.9617395401
0.21658706665		2.07879829407
0.219088077545		2.94144248962
0.221590042114		2.16506290436
0.224092006683		2.79428577423
0.226590871811		2.38326072693
0.229089021683		2.5405664444
0.231595993042		2.63190555573
0.234087944031		2.28684806824
0.236592054367		2.86025238037
0.239090919495		2.11431884766
0.241589069366		2.97188854218
0.244088888168		2.08894729614
0.246591091156		2.92114448547
0.249090909958		2.20565795898
0.251590967178		2.73339271545
0.254091978073		2.43907928467
0.256593942642		2.48474884033
0.259093046188		2.69279766083
0.261591911316		2.23610401154
0.264092922211		2.900847435
0.26659488678		2.09402179718
0.269094944		2.97188854218
0.271595954895		2.10416984558
0.274095058441		2.88562393188
0.276597976685		2.25132751465
0.279094934464		2.68264961243
0.281595945358		2.49489688873
0.284101963043		2.42893028259
0.286597967148		2.74354171753
0.289095878601		2.19043445587
0.291596889496		2.93129348755
0.294096946716		2.0838727951
0.296598911285		2.96681404114
0.299097061157		2.12446784973
0.301598072052		2.84502887726
0.304099082947		2.30207061768
0.306604862213		2.62683105469
0.309100866318		2.55578994751
0.311604976654		2.36803817749
0.314102888107		2.79936027527
0.316602945328		2.15491390228
0.319108009338		2.95666599274
0.321600914001		2.07879829407
0.324099063873		2.94651699066
0.326602935791		2.15491390228
0.329102993011		2.80443382263
0.331601858139		2.36296367645
0.334105014801		2.56593894958
0.336605072021		2.61668205261
0.3391020298		2.30714511871
0.341602087021		2.84502887726
0.344105005264		2.12446784973
0.346605062485		2.96681404114
0.349102020264		2.08894729614
0.351603984833		2.92621898651
0.354105949402		2.19043445587
0.356606960297		2.7536907196
0.35910487175		2.42385578156
0.361620903015		2.51012039185
0.364108085632		2.67757511139
0.36660695076		2.25640106201
0.36910700798		2.89069843292
0.371603965759		2.09909534454
0.374108076096		2.97188854218
0.376606941223		2.09402179718
0.379107952118		2.89577293396
0.381608009338		2.23610401154
0.384106874466		2.69787216187
0.386610984802		2.47967433929
0.389113903046		2.44922733307
0.391613960266		2.72831821442
0.394109010696		2.20565795898
0.396610975266		2.92114448547
0.399111032486		2.0838727951
0.401611089706		2.97188854218
0.404110908508		2.11939334869
0.406611919403		2.86025238037
0.409111976624		2.2919216156
0.41161108017		2.63698005676
0.414113044739		2.5405664444
0.416616916656		2.38833522797
0.419111967087		2.78413677216
0.421612024307		2.1701374054
0.424113035202		2.9515914917
0.426615953445		2.07879829407
0.429112911224		2.9515914917
0.431614875793		2.14476490021
0.434115886688		2.81965732574
0.436618089676		2.3426656723
0.439121961594		2.5913105011
0.441617012024		2.59638500214
0.444114923477		2.32236862183
0.446620941162		2.82980632782
0.449117898941		2.13461589813
0.451616048813		2.96681404114
0.454118967056		2.0838727951
0.456619977951		2.93636798859
0.459117889404		2.1802854538
0.461620092392		2.77398777008
0.464119911194		2.39848423004
0.46661901474		2.52026939392
0.469120025635		2.65727710724
0.47162604332		2.27669906616
0.474119901657		2.87547588348
0.476620912552		2.10924434662
0.479121923447		2.97188854218
0.481620073318		2.09402179718
0.484121084213		2.90592193604
0.486623048782		2.22088050842
0.489122867584		2.71817016602
0.491622924805		2.45937633514
0.494122982025		2.46445083618
0.496627092361		2.71309566498
0.499125003815		2.22595500946
0.501623868942		2.91099643707
0.504127979279		2.08894729614
0.506632089615		2.97188854218
0.509124040604		2.10924434662
0.511627912521		2.87547588348
0.514126062393		2.26655006409
0.516645908356		2.67250061035
0.519124984741		2.52026939392
0.521627902985		2.40355873108
0.524127960205		2.76891326904
0.526628017426		2.18535995483
0.529126882553		2.94144248962
0.531625986099		2.07879829407
0.534128904343		2.95666599274
0.536630868912		2.12954235077
0.539128065109		2.82980632782
0.541626930237		2.31729412079
0.544130086899		2.60653305054
0.546630859375		2.57608699799
0.549130916595		2.3426656723
0.55163693428		2.80950832367
0.554131031036		2.14476490021
0.556632041931		2.9617395401
0.559130907059		2.0838727951
0.561630010605		2.94651699066
0.564132928848		2.16506290436
0.566634893417		2.78413677216
0.569133043289		2.37311172485
0.571631908417		2.54564094543
0.574131965637		2.63698005676
0.576634883881		2.28684806824
0.579133987427		2.86025238037
0.581634044647		2.11431884766
0.584136009216		2.97188854218
0.586637973785		2.08894729614
0.589138031006		2.91607093811
0.591636896133		2.20565795898
0.594140052795		2.73846721649
0.596637010574		2.43907928467
0.599137067795		2.48474884033
0.601635932922		2.69279766083
0.604135036469		2.24117851257
0.606638908386		2.900847435
0.609137058258		2.08894729614
0.611638069153		2.97188854218
0.61413693428		2.10416984558
0.616640090942		2.89069843292
0.619139909744		2.25132751465
0.62163901329		2.67757511139
0.624140024185		2.49997138977
0.626640081406		2.42385578156
0.629139900208		2.74861621857
0.631645917892		2.19550895691
0.634140014648		2.93636798859
0.636645078659		2.08894729614
0.639141082764		2.96681404114
0.641640901566		2.12446784973
0.64414191246		2.8501033783
0.646643877029		2.30714511871
0.649142980576		2.62175655365
0.651643037796		2.55578994751
0.654142856598		2.35788917542
0.65664601326		2.79428577423
0.659144878387		2.14983940125
0.661644935608		2.95666599274
0.664145946503		2.07879829407
0.666646957397		2.9515914917
0.669146060944		2.15998840332
0.671653032303		2.80443382263
0.674145936966		2.34774017334
0.676774978638		2.62683105469
0.679271936417		2.55578994751
0.681771993637		2.36803817749
0.684273004532		2.79936027527
0.686774015427		2.15491390228
0.689272880554		2.9515914917
0.6917719841		2.07879829407
0.694273948669		2.94651699066
0.69677400589		2.15491390228
0.699272871017		2.80443382263
0.701775074005		2.35788917542
0.704277038574		2.56593894958
0.706783056259		2.61160755157
0.709276914597		2.30714511871
0.711780071259		2.84502887726
0.714276075363		2.11939334869
0.716778993607		2.96681404114
0.71927690506		2.0838727951
0.72177696228		2.92621898651
0.724277019501		2.19043445587
0.726778030396		2.7536907196
0.72927904129		2.41370677948
0.731777906418		2.50504589081
0.734279870987		2.67757511139
0.736779928207		2.25640106201
0.739278078079		2.88562393188
0.741779088974		2.09909534454
0.74427986145		2.97188854218
0.746782064438		2.09402179718
0.749285936356		2.89577293396
0.751784086227		2.23610401154
0.754280090332		2.69787216187
0.75678396225		2.47967433929
0.759284973145		2.44415378571
0.761780977249		2.73339271545
0.764281988144		2.20565795898
0.766784906387		2.92621898651
0.769284963608		2.0838727951
0.771784067154		2.97188854218
0.774283885956		2.11431884766
0.776786088943		2.86532688141
0.779285907745		2.2817735672
0.781784057617		2.6420545578
0.784283876419		2.53549194336
0.786787033081		2.37818622589
0.789288043976		2.77906227112
0.791790008545		2.1701374054
0.79428601265		2.9515914917
0.796788930893		2.07879829407
0.799288034439		2.95666599274
0.801786899567		2.13969039917
0.804287910461		2.81965732574
0.806789875031		2.33759117126
0.809288978577		2.58623600006
0.811789989471		2.59638500214
0.814290046692		2.32744312286
0.816792964935		2.82473182678
0.819288015366		2.12954235077
0.821788072586		2.96681404114
0.824290037155		2.0838727951
0.826798915863		2.94144248962
0.829292058945		2.1802854538
0.831795930862		2.77398777008
0.834290981293		2.39848423004
0.836793899536		2.52534389496
0.839292049408		2.6522026062
0.841793060303		2.27162456512
0.84429192543		2.87547588348
0.846795082092		2.10416984558
0.84929394722		2.97188854218
0.851793050766		2.08894729614
0.854295015335		2.90592193604
0.85679602623		2.22088050842
0.85929608345		2.71817016602
0.861794948578		2.45430183411
0.864295005798		2.46445083618
0.866797924042		2.71309566498
0.869297027588		2.22088050842
0.871798038483		2.91099643707
0.874297857285		2.08894729614
0.876800060272		2.97188854218
0.879296064377		2.10416984558
0.881795883179		2.87547588348
0.884296894073		2.27162456512
0.886801958084		2.66742610931
0.88930606842		2.51012039185
0.891800880432		2.40863323212
0.894299030304		2.76383876801
0.896802902222		2.1802854538
0.899301052094		2.94144248962
0.901799917221		2.07879829407
0.904305934906		2.9617395401
0.906806945801		2.12954235077
0.909301042557		2.83488082886
0.911802053452		2.31729412079
0.914300918579		2.60653305054
0.916802883148		2.57101249695
0.919302940369		2.34774017334
0.921802997589		2.81458282471
0.924304008484		2.14476490021
0.926806926727		2.9617395401
0.929303884506		2.07879829407
0.931803941727		2.94144248962
0.934303998947		2.16506290436
0.936805963516		2.78921127319
0.939303874969		2.37818622589
0.941804885864		2.54564094543
0.944304943085		2.63190555573
0.946809053421		2.2919216156
0.949306964874		2.86025238037
0.951808929443		2.11939334869
0.95430803299		2.96681404114
0.956809997559		2.0838727951
0.959308862686		2.91607093811
0.961808919907		2.20058345795
0.964308977127		2.73339271545
0.966810941696		2.43907928467
0.969309091568		2.4898223877
0.97180891037		2.69279766083
0.974310874939		2.24117851257
0.976811885834		2.900847435
0.97931098938		2.09402179718
0.981817007065		2.97188854218
0.984313964844		2.09909534454
0.98681306839		2.88562393188
0.989314079285		2.25132751465
0.991813898087		2.68772315979
0.994313001633		2.49489688873
0.996809959412		2.41878128052
0.999304056168		2.74861621857
1.00180506706		2.19043445587
1.00430607796		2.93129348755
1.00681686401		2.0838727951
1.00931406021		2.96681404114
1.01181387901		2.11939334869
1.01431488991		2.8501033783
1.0169479847		2.24117851257
1.01943898201		2.68772315979
1.0219399929		2.49489688873
1.02443885803		2.42385578156
1.02694201469		2.74354171753
1.02944087982		2.19043445587
1.03194403648		2.93129348755
1.03444194794		2.0838727951
1.03694105148		2.96681404114
1.03944206238		2.12446784973
1.04194092751		2.85517787933
1.0444419384		2.30207061768
1.04694485664		2.62683105469
1.04944396019		2.55071544647
1.05194306374		2.36803817749
1.05444502831		2.79428577423
1.05694890022		2.15998840332
1.05945086479		2.9515914917
1.0619468689		2.07879829407
1.06444597244		2.9515914917
1.06695008278		2.14983940125
1.06944704056		2.80443382263
1.07194685936		2.35788917542
1.07444691658		2.56593894958
1.07695293427		2.61160755157
1.0794479847		2.31221961975
1.08194708824		2.84502887726
1.08445000648		2.12446784973
1.08695006371		2.96681404114
1.08944892883		2.0838727951
1.09194898605		2.93129348755
1.09444999695		2.19043445587
1.09695696831		2.75876522064
1.0994489193		2.41370677948
1.10195088387		2.51012039185
1.10445094109		2.67250061035
1.10695385933		2.25640106201
1.10945105553		2.88562393188
1.11195492744		2.10416984558
1.11445093155		2.97188854218
1.11695194244		2.09402179718
1.11945199966		2.89577293396
1.12195396423		2.2310295105
1.12445497513		2.7029466629
1.1269569397		2.46952533722
1.12945389748		2.44922733307
1.13195586205		2.72831821442
1.13445401192		2.21073246002
1.13696289062		2.91607093811
1.13945603371		2.08894729614
1.14195489883		2.96681404114
1.14445304871		2.11939334869
1.1469578743		2.86532688141
1.14945793152		2.28684806824
1.15195608139		2.64712810516
1.15445590019		2.53549194336
1.15696001053		2.393409729
1.15946602821		2.77906227112
1.16195988655		2.1701374054
1.16445803642		2.94651699066
1.16696190834		2.07879829407
1.16945791245		2.95666599274
1.17195892334		2.14476490021
1.17446088791		2.82473182678
1.1769630909		2.33759117126
1.17945885658		2.58623600006
1.18195986748		2.5913105011
1.18446207047		2.33251667023
1.18696188927		2.82980632782
1.18946003914		2.13461589813
1.19196605682		2.9617395401
1.1944630146		2.07879829407
1.19696593285		2.93636798859
1.19946289062		2.17521095276
1.20196294785		2.77906227112
1.20446491241		2.393409729
1.20696687698		2.52534389496
1.20946288109		2.6522026062
1.21196389198		2.27669906616
1.21446990967		2.87040138245
1.21696996689		2.10924434662
1.21946597099		2.97696304321
1.22196602821		2.08894729614
1.22446703911		2.90592193604
1.22696685791		2.21580600739
1.22947001457		2.72324466705
1.23196697235		2.44922733307
1.23446702957		2.46952533722
1.23697090149		2.70802116394
1.23946905136		2.22088050842
1.24197006226		2.90592193604
1.24446892738		2.08894729614
1.24696993828		2.97188854218
1.24946808815		2.10416984558
1.25197100639		2.88055038452
1.25447106361		2.26655006409
1.25697088242		2.67250061035
1.25947093964		2.51519489288
1.26197004318		2.40863323212
1.2644739151		2.76383876801
1.26697397232		2.1802854538
1.26947188377		2.94144248962
1.27197599411		2.07879829407
1.27447199821		2.9617395401
1.27697587013		2.12954235077
1.27947402		2.83488082886
1.28197407722		2.31729412079
1.28447389603		2.60653305054
1.28697705269		2.57608699799
1.28947496414		2.34774017334
1.2919819355		2.80950832367
1.29447507858		2.14476490021
1.2969789505		2.95666599274
1.29947400093		2.07372379303
1.30197691917		2.94651699066
1.30447602272		2.16506290436
1.30698108673		2.79936027527
1.30947709084		2.37818622589
1.31197690964		2.55071544647
1.31447696686		2.62683105469
1.31697797775		2.29699611664
1.31948685646		2.85517787933
1.32197809219		2.11939334869
1.32447886467		2.97188854218
1.32698202133		2.08894729614
1.32947897911		2.91607093811
1.33198308945		2.20058345795
1.33448195457		2.73846721649
1.3369820118		2.42893028259
1.33948087692		2.48474884033
1.34198188782		2.69279766083
1.34448003769		2.24117851257
1.34698390961		2.89577293396
1.34948301315		2.09402179718
1.35198497772		2.97696304321
1.35448288918		2.09909534454
1.35698509216		2.89069843292
1.35948395729		2.25132751465
1.36198401451		2.68772315979
1.36448287964		2.4898223877
1.36698698997		2.42893028259
1.36949086189		2.73846721649
1.37198495865		2.19550895691
1.37448692322		2.93129348755
1.37698888779		2.0838727951
1.37948703766		2.96681404114
1.38198685646		2.12446784973
1.38448786736		2.85517787933
1.3869869709		2.30207061768
1.38948702812		2.62175655365
1.39198708534		2.55578994751
1.39448785782		2.36803817749
1.39699006081		2.79428577423
1.39948987961		2.15491390228
1.40198993683		2.9515914917
1.40448999405		2.07879829407
1.40699291229		2.9515914917
1.40949106216		2.14983940125
1.41199088097		2.80950832367
1.41449093819		2.35788917542
1.41699504852		2.57101249695
1.4194920063		2.61160755157
1.42199206352		2.30714511871
1.42449402809		2.84502887726
1.42699289322		2.12954235077
1.42949295044		2.97188854218
1.43199706078		2.0838727951
1.43449401855		2.92621898651
1.43699502945		2.18535995483
1.43949508667		2.75876522064
1.4419939518		2.41370677948
1.44449305534		2.50504589081
1.44700193405		2.66742610931
1.44949507713		2.25640106201
1.45199608803		2.88562393188
1.45449495316		2.09909534454
1.4569978714		2.97188854218
1.45949602127		2.08894729614
1.46199607849		2.89577293396
1.46449708939		2.2310295105
1.46699786186		2.7029466629
1.46949601173		2.47459983826
1.4719979763		2.44415378571
1.47449707985		2.72831821442
1.47699999809		2.20565795898
1.47949886322		2.92114448547
1.48199987411		2.0838727951
1.4845020771		2.97188854218
1.48699998856		2.11431884766
1.48950099945		2.86025238037
1.49200201035		2.2817735672
1.4944999218		2.6420545578
1.49700093269		2.52026939392
1.49964094162		2.45937633514
1.50212788582		2.72831821442
1.50462603569		2.21073246002
1.50713586807		2.91099643707
1.50962901115		2.0838727951
1.51212906837		2.96681404114
1.51462888718		2.10924434662
1.51713204384		2.87040138245
1.51962900162		2.2817735672
1.52213191986		2.6522026062
1.5246360302		2.52534389496
1.5271320343		2.38833522797
1.52963089943		2.77398777008
1.53213095665		2.1701374054
1.53463196754		2.94651699066
1.53713393211		2.0838727951
1.53963088989		2.95666599274
1.54212999344		2.13969039917
1.54463386536		2.82473182678
1.54713606834		2.33251667023
1.54963493347		2.5913105011
1.55213403702		2.58623600006
1.55463385582		2.33251667023
1.55713486671		2.82473182678
1.55963397026		2.13461589813
1.56213498116		2.96681404114
1.56463599205		2.0838727951
1.56713604927		2.93636798859
1.5696349144		2.17521095276
1.57213592529		2.77906227112
1.57463598251		2.393409729
1.57713794708		2.52534389496
1.5796380043		2.6420545578
1.58213591576		2.27669906616
1.58463907242		2.86532688141
1.58714103699		2.10924434662
1.58963990211		2.97188854218
1.59213995934		2.09402179718
1.59463787079		2.91099643707
1.59714698792		2.21073246002
1.59964203835		2.72324466705
1.60214591026		2.44415378571
1.60464000702		2.46952533722
1.60714292526		2.7029466629
1.60964107513		2.22595500946
1.61214208603		2.90592193604
1.61464190483		2.0838727951
1.61714506149		2.97188854218
1.61964201927		2.10924434662
1.62214398384		2.88055038452
1.62464094162		2.26655006409
1.62714385986		2.66742610931
1.62964296341		2.51012039185
1.6321439743		2.41370677948
1.63464307785		2.75876522064
1.63714504242		2.17521095276
1.63964486122		2.94144248962
1.64214706421		2.0838727951
1.64464402199		2.96681404114
1.64714598656		2.12954235077
1.6496489048		2.84502887726
1.65214586258		2.31221961975
1.6546459198		2.60653305054
1.65714907646		2.57101249695
1.65964794159		2.35281467438
1.66214895248		2.81458282471
1.66464805603		2.14476490021
1.66715192795		2.9617395401
1.66964793205		2.07879829407
1.67214798927		2.94144248962
1.67464804649		2.15998840332
1.67715001106		2.79428577423
1.67965698242		2.37311172485
1.68214988708		2.55071544647
1.68464899063		2.62683105469
1.6871509552		2.2919216156
1.68965291977		2.85517787933
1.69215106964		2.11939334869
1.69465208054		2.97188854218
1.69715595245		2.0838727951
1.69965100288		2.92114448547
1.70217204094		2.19550895691
1.7046558857		2.74354171753
1.70715904236		2.42893028259
1.70965409279		2.4898223877
1.71215486526		2.68772315979
1.71465396881		2.24117851257
1.71715688705		2.89577293396
1.7196559906		2.09402179718
1.72215485573		2.97188854218
1.72465491295		2.09909534454
1.72715687752		2.89069843292
1.72965693474		2.24625301361
1.73215508461		2.68772315979
1.73465800285		2.49489688873
1.73716306686		2.43400478363
1.73965597153		2.73846721649
1.74216008186		2.19550895691
1.74465894699		2.92621898651
1.74715995789		2.0838727951
1.74965906143		2.96681404114
1.75215888023		2.12446784973
1.75465798378		2.85517787933
1.75716686249		2.29699611664
1.75966000557		2.62683105469
1.76216006279		2.54564094543
1.76466107368		2.37311172485
1.76716303825		2.79428577423
1.76966285706		2.15491390228
1.77216291428		2.9515914917
1.77466201782		2.07879829407
1.77716302872		2.94651699066
1.77966308594		2.14983940125
1.78216290474		2.80950832367
1.78466200829		2.35788917542
1.78716897964		2.57608699799
1.78966403008		2.60653305054
1.79216599464		2.31221961975
1.7946639061		2.8399553299
1.79716992378		2.12954235077
1.79966592789		2.96681404114
1.80216598511		2.0838727951
1.804666996		2.92621898651
1.80716705322		2.18535995483
1.80966687202		2.75876522064
1.81216907501		2.40863323212
1.81467008591		2.51519489288
1.81716799736		2.66742610931
1.81966686249		2.26147556305
1.82216906548		2.88562393188
1.82466888428		2.10416984558
1.82717204094		2.97188854218
1.82966804504		2.08894729614
1.83216905594		2.900847435
1.83467507362		2.2310295105
1.8371720314		2.70802116394
1.83966994286		2.47459983826
1.8421728611		2.45430183411
1.8446688652		2.72324466705
1.84717607498		2.21073246002
1.84967088699		2.91607093811
1.85217499733		2.08894729614
1.85467386246		2.97188854218
1.85717701912		2.11431884766
1.85967206955		2.86532688141
1.86217308044		2.2817735672
1.86467409134		2.64712810516
1.86717486382		2.53041744232
1.86967492104		2.38833522797
1.8721768856		2.77906227112
1.87467598915		2.1701374054
1.87717700005		2.9515914917
1.87967705727		2.07879829407
1.88217687607		2.95666599274
1.88467597961		2.13969039917
1.88717889786		2.82473182678
1.88967704773		2.33759117126
1.89217686653		2.5913105011
1.89467787743		2.58623600006
1.89718103409		2.33251667023
1.89967894554		2.82980632782
1.90217995644		2.13461589813
1.90468001366		2.96681404114
1.90718507767		2.0838727951
1.909678936		2.94144248962
1.91218495369		2.17521095276
1.91468191147		2.77906227112
1.91718387604		2.38833522797
1.91968202591		2.53041744232
1.92218089104		2.64712810516
1.92468285561		2.27669906616
1.92718505859		2.87040138245
1.92968392372		2.10924434662
1.93231701851		2.96681404114
1.9348089695		2.07879829407
1.93730998039		2.93636798859
1.93981003761		2.16506290436
1.94230890274		2.77906227112
1.94480705261		2.393409729
1.9473118782		2.53549194336
1.9498090744		2.64712810516
1.95231199265		2.27669906616
1.95480895042		2.87040138245
1.95731306076		2.10924434662
1.95981502533		2.97188854218
1.96231389046		2.08894729614
1.96480989456		2.91607093811
1.96731185913		2.21580600739
1.96981287003		2.72324466705
1.97231197357		2.44922733307
1.97481298447		2.47459983826
1.97731494904		2.7029466629
1.97981405258		2.2310295105
1.98231291771		2.900847435
1.98481702805		2.08894729614
1.98731803894		2.97188854218
1.98982095718		2.10416984558
1.99231696129		2.88055038452
1.99481701851		2.26655006409
1.99731707573		2.67250061035
1.99981594086		2.51012039185
2.00231409073		2.41370677948
2.00481700897		2.7536907196
2.00731897354		2.18535995483
2.00981593132		2.94144248962
2.01231789589		2.0838727951
2.01481890678		2.9617395401
2.01732087135		2.12954235077
2.01981806755		2.8399553299
2.02231907845		2.31221961975
2.02481889725		2.61160755157
2.02731990814		2.57101249695
2.02982091904		2.35281467438
2.03232097626		2.80950832367
2.03482103348		2.14983940125
2.03732299805		2.9617395401
2.03982901573		2.07372379303
2.04232287407		2.94651699066
2.04482102394		2.15491390228
2.04732608795		2.79936027527
2.04982209206		2.37311172485
2.05232286453		2.55578994751
2.05482292175		2.62683105469
2.05732488632		2.29699611664
2.05982303619		2.8501033783
2.06232595444		2.11431884766
2.06482601166		2.97188854218
2.06733393669		2.08894729614
2.06982588768		2.92114448547
2.07232499123		2.20058345795
2.07482600212		2.74354171753
2.07733106613		2.41878128052
2.07982587814		2.4898223877
2.08232688904		2.68264961243
2.08482909203		2.24625301361
2.08732891083		2.89577293396
2.08982801437		2.09909534454
2.09232902527		2.97696304321
2.0948278904		2.09402179718
2.09733605385		2.89577293396
2.09982991219		2.24625301361
2.10232806206		2.68772315979
2.1048309803		2.4898223877
2.10733509064		2.43907928467
2.10983204842		2.73846721649
2.11233305931		2.20058345795
2.11483097076		2.92621898651
2.11733198166		2.0838727951
2.11983799934		2.97188854218
2.12233400345		2.11939334869
2.12483000755		2.85517787933
2.12733387947		2.2919216156
2.12983393669		2.63190555573
2.13233304024		2.54564094543
2.13483285904		2.37311172485
2.13733696938		2.78921127319
2.1398370266		2.15998840332
2.1423330307		2.95666599274
2.14484000206		2.07879829407
2.14733791351		2.9515914917
2.14983797073		2.14983940125
2.15233707428		2.81458282471
2.15483498573		2.35281467438
2.15734004974		2.57608699799
2.1598379612		2.61160755157
2.16233992577		2.31221961975
2.16483688354		2.84502887726
2.16734004021		2.12954235077
2.16983699799		2.96681404114
2.17233800888		2.0838727951
2.17483687401		2.93129348755
2.177339077		2.18535995483
2.17984008789		2.76383876801
2.18233895302		2.41370677948
2.18484187126		2.51012039185
2.18734288216		2.66235160828
2.1898598671		2.27162456512
2.19246792793		2.83488082886
2.1949660778		2.12954235077
2.19746994972		2.96681404114
2.19996786118		2.0838727951
2.20246601105		2.93129348755
2.20496702194		2.1802854538
2.20746994019		2.76383876801
2.20996594429		2.41370677948
2.21246790886		2.51519489288
2.21496796608		2.66235160828
2.21747088432		2.26655006409
2.21996808052		2.88055038452
2.22247695923		2.10416984558
2.22497200966		2.97188854218
2.22747206688		2.09909534454
2.22996997833		2.90592193604
2.23247003555		2.2310295105
2.23497200012		2.71309566498
2.23747301102		2.46445083618
2.23997402191		2.45937633514
2.24247407913		2.72324466705
2.24497294426		2.21580600739
2.24747490883		2.91607093811
2.24997401237		2.0838727951
2.2524728775		2.96681404114
2.25497508049		2.11431884766
2.25747704506		2.87040138245
2.25997400284		2.2817735672
2.26247501373		2.65727710724
2.26497793198		2.52534389496
2.2674779892		2.39848423004
2.26997900009		2.77398777008
2.27247786522		2.17521095276
2.27497696877		2.94651699066
2.27747893333		2.07879829407
2.2799808979		2.9617395401
2.28247785568		2.13969039917
2.2849779129		2.82980632782
2.2874789238		2.32744312286
2.28997898102		2.59638500214
2.29247999191		2.58116149902
2.29498004913		2.33759117126
2.29748487473		2.82473182678
2.29998898506		2.13969039917
2.30247998238		2.96681404114
2.30498409271		2.07879829407
2.30748987198		2.94144248962
2.30998086929		2.16506290436
2.31248188019		2.78413677216
2.31498193741		2.38833522797
2.31748390198		2.5405664444
2.31998586655		2.6420545578
2.32248401642		2.27669906616
2.32498192787		2.86025238037
2.32748389244		2.10924434662
2.32998585701		2.97188854218
2.33248305321		2.08894729614
2.3349840641		2.91607093811
2.33749008179		2.21073246002
2.33998703957		2.73339271545
2.34248685837		2.44415378571
2.34498596191		2.47459983826
2.34749007225		2.69787216187
2.34998703003		2.2310295105
2.35248804092		2.90592193604
2.35498690605		2.08894729614
2.35748887062		2.97188854218
2.35998988152		2.09909534454
2.36249089241		2.88055038452
2.36498904228		2.26147556305
2.36749005318		2.67250061035
2.36998987198		2.50504589081
2.3724899292		2.41370677948
2.37498998642		2.75876522064
2.3774960041		2.18535995483
2.37999200821		2.93129348755
2.38249206543		2.0838727951
2.38499093056		2.9617395401
2.38749408722		2.12954235077
2.389991045		2.8399553299
2.39249396324		2.31221961975
2.39499187469		2.61160755157
2.39749908447		2.55578994751
2.39999604225		2.35788917542
2.40249490738		2.80443382263
2.40499305725		2.14476490021
2.40749597549		2.95666599274
2.40999293327		2.07879829407
2.41249203682		2.94651699066
2.41499400139		2.15998840332
2.41749501228		2.79936027527
2.41999602318		2.36803817749
2.42249488831		2.55578994751
2.42499709129		2.62683105469
2.42749786377		2.30207061768
2.42999696732		2.8501033783
2.43249797821		2.11431884766
2.43499803543		2.97188854218
2.43749904633		2.0838727951
2.44000005722		2.92621898651
2.44249606133		2.20058345795
2.44499897957		2.74861621857
2.44750404358		2.42385578156
2.45000004768		2.49489688873
2.45250201225		2.67757511139
2.45500588417		2.25132751465
2.45750498772		2.89069843292
2.46000003815		2.09909534454
2.46249985695		2.97188854218
2.46499991417		2.09909534454
2.46750307083		2.89069843292
2.47000193596		2.24117851257
2.47250103951		2.69279766083
2.47500300407		2.48474884033
2.47750401497		2.44922733307
2.48014998436		2.66742610931
2.48275494576		2.30207061768
2.48525500298		2.82980632782
2.48788905144		2.15491390228
2.49038004875		2.95666599274
2.49288201332		2.0838727951
2.49538087845		2.9617395401
2.49801087379		2.12446784973
2.5005068779		2.8501033783
2.50300788879		2.30207061768
2.50550794601		2.62683105469
2.50800704956		2.55578994751
2.51050806046		2.36296367645
2.51300907135		2.79936027527
2.51551508904		2.15491390228
2.51800894737		2.95666599274
2.52050995827		2.07372379303
2.52301001549		2.9515914917
2.52551794052		2.14983940125
2.5280110836		2.80443382263
2.53050994873		2.35788917542
2.53301596642		2.57101249695
2.53551197052		2.61668205261
2.53801393509		2.30714511871
2.54051208496		2.84502887726
2.54301285744		2.11939334869
2.54551887512		2.96681404114
2.54801297188		2.0838727951
2.5505130291		2.92621898651
2.55301403999		2.19043445587
2.55552005768		2.75876522064
2.55801200867		2.41878128052
2.56051301956		2.50504589081
2.56301593781		2.67250061035
2.56552195549		2.25640106201
2.56801486015		2.89069843292
2.57051587105		2.09909534454
2.57301497459		2.97188854218
2.57552194595		2.09402179718
2.57801604271		2.89577293396
2.58051586151		2.23610401154
2.58301496506		2.69787216187
2.58552598953		2.47459983826
2.58801603317		2.44415378571
2.59051799774		2.72831821442
2.59301805496		2.20565795898
2.59552001953		2.92114448547
2.59802007675		2.0838727951
2.60051894188		2.97188854218
2.60301995277		2.11431884766
2.60552597046		2.86025238037
2.60802197456		2.28684806824
2.6105260849		2.64712810516
2.61302089691		2.53549194336
2.61552000046		2.38833522797
2.61802196503		2.78413677216
2.62052202225		2.16506290436
2.62302303314		2.94651699066
2.62553191185		2.07879829407
2.62802290916		2.9515914917
2.63052392006		2.14476490021
2.63302087784		2.81965732574
2.63552904129		2.33759117126
2.63802409172		2.58623600006
2.6405248642		2.5913105011
2.64302396774		2.32236862183
2.6455309391		2.82473182678
2.64802694321		2.13461589813
2.65052390099		2.96681404114
2.65302491188		2.07879829407
2.65553402901		2.93636798859
2.65802502632		2.1802854538
2.66052603722		2.76891326904
2.66302585602		2.40355873108
2.66553401947		2.53041744232
2.66802787781		2.65727710724
2.67052793503		2.27162456512
2.67302894592		2.87547588348
2.67553806305		2.10924434662
2.67802786827		2.97188854218
2.68052887917		2.09402179718
2.68302893639		2.91099643707
2.68553805351		2.22088050842
2.68803691864		2.72324466705
2.6905310154		2.45937633514
2.69302892685		2.45937633514
2.69553089142		2.70802116394
2.69803094864		2.22088050842
2.70053195953		2.91099643707
2.70303201675		2.09402179718
2.705534935		2.97188854218
2.70803809166		2.10924434662
2.71053290367		2.87547588348
2.71303486824		2.26655006409
2.71554303169		2.66742610931
2.71803402901		2.51519489288
2.7205350399		2.40355873108
2.7230360508		2.76383876801
2.72554397583		2.18535995483
2.72803688049		2.94144248962
2.73053503036		2.0838727951
2.73303508759		2.9617395401
2.73554396629		2.13461589813
2.73803687096		2.83488082886
2.74053692818		2.32236862183
2.74303603172		2.60145950317
2.74554800987		2.57101249695
2.74803996086		2.3426656723
2.75053906441		2.81458282471
2.75303888321		2.13969039917
2.75554704666		2.9617395401
2.7580370903		2.07879829407
2.76053905487		2.94144248962
2.76304006577		2.16506290436
2.76555395126		2.79428577423
2.76804208755		2.37818622589
2.77053999901		2.54564094543
2.77304196358		2.63698005676
2.77554297447		2.28684806824
2.77803993225		2.86532688141
2.78053998947		2.11431884766
2.78304195404		2.97696304321
2.7855489254		2.07879829407
2.78804206848		2.91607093811
2.79054403305		2.20058345795
2.79304409027		2.73846721649
2.79555106163		2.43400478363
2.79804396629		2.4898223877
2.80054402351		2.69787216187
2.80304503441		2.25132751465
2.80569195747		2.85517787933
2.80829501152		2.14476490021
2.81079697609		2.96681404114
2.81329703331		2.07879829407
2.81580305099		2.94144248962
2.81829786301		2.15998840332
2.82079696655		2.78921127319
2.82329702377		2.37311172485
2.82580685616		2.55071544647
2.82829809189		2.62683105469
2.83079791069		2.2919216156
2.83329796791		2.86025238037
2.83580708504		2.11939334869
2.83829808235		2.97188854218
2.8408010006		2.0838727951
2.84330701828		2.92114448547
2.84580302238		2.20058345795
2.84830188751		2.74354171753
2.85080194473		2.43400478363
2.85330200195		2.48474884033
2.85580205917		2.68772315979
2.8583009243		2.24117851257
2.86080002785		2.89577293396
2.86330103874		2.09402179718
2.86581087112		2.97696304321
2.86830306053		2.10416984558
2.87080597878		2.89069843292
2.87330389023		2.24625301361
2.87581396103		2.68772315979
2.87830400467		2.4898223877
2.88080692291		2.42893028259
2.88330388069		2.74354171753
2.88581705093		2.20058345795
2.88830590248		2.93129348755
2.89080500603		2.07879829407
2.8933069706		2.96681404114
2.8958170414		2.11939334869
2.89830708504		2.85517787933
2.90080595016		2.30714511871
2.90330791473		2.62683105469
2.90580701828		2.55071544647
2.90831208229		2.37311172485
2.91080594063		2.79428577423
2.91330695152		2.14983940125
2.91581702232		2.95666599274
2.91830992699		2.07879829407
2.92081594467		2.95666599274
2.92330908775		2.15491390228
2.92581486702		2.81458282471
2.92830991745		2.35281467438
2.93081307411		2.57101249695
2.93331193924		2.61160755157
2.93581390381		2.31221961975
2.93831300735		2.84502887726
2.94081091881		2.12446784973
2.94331288338		2.96681404114
2.94582009315		2.07879829407
2.94831299782		2.92621898651
2.95081186295		2.19043445587
2.95331406593		2.76383876801
2.95582294464		2.40863323212
2.95831394196		2.51012039185
2.96081590652		2.67250061035
2.96331691742		2.25640106201
2.9658229351		2.88055038452
2.96831893921		2.10416984558
2.97081899643		2.97696304321
2.97331786156		2.09402179718
2.97582387924		2.90592193604
2.97831702232		2.2310295105
2.98081707954		2.7029466629
2.98331904411		2.47459983826
2.98582601547		2.45430183411
2.98831987381		2.72831821442
2.99081993103		2.21580600739
2.99331903458		2.92114448547
2.99582695961		2.0838727951
2.99832391739		2.96681404114
3.00082206726		2.11431884766
3.00331902504		2.86532688141
3.00582790375		2.27669906616
3.0083220005		2.64712810516
3.01082205772		2.53549194336
3.01331996918		2.38833522797
3.01582407951		2.77906227112
3.01832103729		2.16506290436
3.02082490921		2.94651699066
3.02332186699		2.07879829407
3.02583193779		2.95666599274
3.0283229351		2.13969039917
3.03082489967		2.81965732574
3.03332400322		2.33759117126
3.03583288193		2.5913105011
3.03832507133		2.5913105011
3.04082393646		2.33251667023
3.04332399368		2.82980632782
3.04583501816		2.13969039917
3.04832792282		2.9617395401
3.05082702637		2.0838727951
3.05332708359		2.93129348755
3.05583405495		2.1701374054
3.05832791328		2.77398777008
3.06082892418		2.393409729
3.06332707405		2.53041744232
3.06583690643		2.6420545578
3.06832695007		2.27162456512
3.07082986832		2.87040138245
3.07332992554		2.10924434662
3.07583498955		2.97696304321
3.07833099365		2.09402179718
3.08082985878		2.91099643707
3.08333086967		2.21580600739
3.08583807945		2.72324466705
3.08833503723		2.44922733307
3.09083104134		2.46952533722
3.09332990646		2.70802116394
3.09583497047		2.22595500946
3.09833288193		2.91099643707
3.10083293915		2.08894729614
3.10333299637		2.97188854218
3.10583591461		2.10416984558
3.10833406448		2.87547588348
3.11083388329		2.26655006409
3.11333394051		2.66742610931
3.11584401131		2.50504589081
3.11833500862		2.40863323212
3.12083601952		2.75876522064
3.12333607674		2.1802854538
3.1258430481		2.93636798859
3.12833595276		2.07879829407
3.13083600998		2.9617395401
3.13333892822		2.12954235077
3.13584494591		2.8399553299
3.13833808899		2.31729412079
3.14083790779		2.60653305054
3.14333987236		2.57101249695
3.14584803581		2.35281467438
3.1483399868		2.81458282471
3.15084004402		2.14983940125
3.15334606171		2.9617395401
3.1558470726		2.07879829407
3.15834093094		2.94144248962
3.16084003448		2.15998840332
3.16334009171		2.78921127319
3.16584897041		2.37311172485
3.16834187508		2.55071544647
3.17084503174		2.61668205261
3.17348599434		2.35788917542
3.17608594894		2.76383876801
3.17859601974		2.18535995483
3.18109488487		2.94144248962
3.18359398842		2.0838727951
3.18613290787		2.96681404114
3.18872189522		2.10416984558
3.19122004509		2.88055038452
3.19371986389		2.25640106201
3.19623088837		2.67250061035
3.19871902466		2.50504589081
3.20122408867		2.41370677948
3.20372200012		2.75876522064
3.20622706413		2.18535995483
3.20872402191		2.94144248962
3.21122097969		2.07879829407
3.21372389793		2.9617395401
3.21622800827		2.12954235077
3.21872401237		2.84502887726
3.2212240696		2.31221961975
3.22372508049		2.61668205261
3.22622990608		2.56086444855
3.22872400284		2.35281467438
3.2312309742		2.79936027527
3.23372602463		2.14983940125
3.23623299599		2.95666599274
3.23872590065		2.07879829407
3.24122595787		2.94651699066
3.24372601509		2.15998840332
3.24623298645		2.80443382263
3.24872803688		2.36803817749
3.25122904778		2.55578994751
3.25372886658		2.62683105469
3.2562379837		2.30207061768
3.25872802734		2.8501033783
3.26122689247		2.11939334869
3.26373004913		2.96681404114
3.26623606682		2.0838727951
3.26873207092		2.92621898651
3.27123093605		2.20058345795
3.27373194695		2.74861621857
3.27623796463		2.42893028259
3.27872991562		2.49489688873
3.28123307228		2.67757511139
3.28373193741		2.24117851257
3.28623890877		2.88562393188
3.2887339592		2.09909534454
3.29123401642		2.97188854218
3.29373192787		2.09909534454
3.29624199867		2.89069843292
3.29873299599		2.24625301361
3.30123400688		2.68772315979
3.3037340641		2.48474884033
3.30624294281		2.44415378571
3.30873990059		2.73846721649
3.31123304367		2.20058345795
3.31373596191		2.92621898651
3.31624293327		2.0838727951
3.31873393059		2.96681404114
3.32123804092		2.11939334869
3.32373690605		2.85517787933
3.32624292374		2.2919216156
3.32873702049		2.63698005676
3.33123803139		2.54564094543
3.33374094963		2.37818622589
3.33625102043		2.78413677216
3.33873987198		2.15998840332
3.34123897552		2.9515914917
3.34373807907		2.07879829407
3.34624385834		2.9515914917
3.34873986244		2.14983940125
3.35123991966		2.81458282471
3.35374093056		2.34774017334
3.35625004768		2.58116149902
3.35874390602		2.60145950317
3.36124300957		2.31729412079
3.36374187469		2.83488082886
3.36625099182		2.12954235077
3.36874294281		2.96681404114
3.3712439537		2.0838727951
3.37374186516		2.93129348755
3.37625098228		2.18535995483
3.37874507904		2.76383876801
3.38124489784		2.40863323212
3.38374400139		2.52026939392
3.38626003265		2.6522026062
3.38874602318		2.26655006409
3.39124488831		2.88562393188
3.3937458992		2.09909534454
3.39625287056		2.97696304321
3.39874601364		2.08894729614
3.40124797821		2.90592193604
3.40374803543		2.22595500946
3.40625190735		2.71309566498
3.40874791145		2.46952533722
3.411247015		2.45430183411
3.41374897957		2.72324466705
3.41625905037		2.22088050842
3.41875290871		2.91607093811
3.42124986649		2.0838727951
3.42374992371		2.96681404114
3.42625594139		2.10416984558
3.42875003815		2.87040138245
3.43125104904		2.27669906616
3.43375205994		2.65727710724
3.4362590313		2.52534389496
3.43875193596		2.393409729
3.44125294685		2.77398777008
3.4437520504		2.1701374054
3.44626092911		2.94651699066
3.44875502586		2.07879829407
3.45125389099		2.9617395401
3.45375299454		2.13461589813
3.45626091957		2.82980632782
3.45875692368		2.32744312286
3.46125507355		2.59638500214
3.46376109123		2.58116149902
3.46626186371		2.3426656723
3.46875596046		2.82980632782
3.47125506401		2.13969039917
3.47375702858		2.9617395401
3.47626495361		2.07879829407
3.47875595093		2.93636798859
3.4812579155		2.1701374054
3.48375892639		2.78413677216
3.4862639904		2.38326072693
3.48875808716		2.53549194336
3.49125790596		2.6420545578
3.49375700951		2.27669906616
3.49626898766		2.86025238037
3.4987590313		2.10924434662
3.50125908852		2.96681404114
3.50375986099		2.08894729614
3.50627088547		2.91607093811
3.50876092911		2.21580600739
3.51126194		2.72831821442
3.51376104355		2.44415378571
3.51626205444		2.47967433929
3.51876306534		2.7029466629
3.52126288414		2.2310295105
3.52376389503		2.90592193604
3.52626395226		2.09402179718
3.52876400948		2.97188854218
3.5312628746		2.10416984558
3.5337638855		2.88055038452
3.53626489639		2.25640106201
3.53876399994		2.67250061035
3.54127001762		2.50504589081
3.54376387596		2.41370677948
3.54626989365		2.7536907196
3.54876589775		2.18535995483
3.55126690865		2.93636798859
3.55376696587		2.0838727951
3.55626988411		2.9617395401
3.55876803398		2.12954235077
3.56126999855		2.8399553299
3.56376886368		2.30714511871
3.56627202034		2.61668205261
3.56876897812		2.56086444855
3.57127094269		2.35788917542
3.57377099991		2.80950832367
3.57627701759		2.15491390228
3.57877206802		2.95666599274
3.58127403259		2.0838727951
3.58377194405		2.95666599274
3.58640909195		2.11939334869
3.58889698982		2.84502887726
3.59139895439		2.30714511871
3.59389805794		2.61668205261
3.59639906883		2.55578994751
3.59889888763		2.35788917542
3.60139894485		2.80443382263
3.60389995575		2.14983940125
3.60640096664		2.9617395401
3.60890007019		2.0838727951
3.61139893532		2.9515914917
3.61389994621		2.15998840332
3.61640286446		2.79936027527
3.61890602112		2.35788917542
3.62140393257		2.56086444855
3.62390089035		2.62175655365
3.62640404701		2.30207061768
3.62890195847		2.8501033783
3.63140201569		2.11939334869
3.63390088081		2.96681404114
3.63640499115		2.0838727951
3.63890385628		2.92621898651
3.64140200615		2.19550895691
3.64390206337		2.74861621857
3.64640593529		2.42385578156
3.64890503883		2.49997138977
3.65140485764		2.67757511139
3.65390586853		2.24625301361
3.65640807152		2.89069843292
3.6589050293		2.09909534454
3.66140604019		2.97188854218
3.66390705109		2.09909534454
3.66640996933		2.89577293396
3.66890597343		2.24625301361
3.671407938		2.69787216187
3.67390799522		2.48474884033
3.67641091347		2.43907928467
3.67890906334		2.73339271545
3.68141007423		2.20058345795
3.68390989304		2.92621898651
3.68641090393		2.0838727951
3.6889090538		2.96681404114
3.6914100647		2.11939334869
3.69391107559		2.86025238037
3.69641590118		2.2919216156
3.69891190529		2.6420545578
3.70141196251		2.54564094543
3.70391106606		2.37818622589
3.70641708374		2.78413677216
3.70891189575		2.15998840332
3.71141386032		2.9515914917
3.71391391754		2.07879829407
3.71641492844		2.95666599274
3.71891593933		2.14476490021
3.7214140892		2.81458282471
3.72391486168		2.34774017334
3.72641396523		2.57608699799
3.72891402245		2.60145950317
3.73141598701		2.31729412079
3.73391604424		2.8399553299
3.7364180088		2.12954235077
3.73891496658		2.9617395401
3.74141597748		2.0838727951
3.74391508102		2.93129348755
3.74641799927		2.18535995483
3.7489168644		2.76891326904
3.75141906738		2.40355873108
3.75391888618		2.52534389496
3.75642204285		2.65727710724
3.75891709328		2.26655006409
3.76141905785		2.87547588348
3.76392102242		2.10924434662
3.76642298698		2.97188854218
3.76891899109		2.09909534454
3.77142190933		2.90592193604
3.77393007278		2.22088050842
3.77642393112		2.71309566498
3.77892303467		2.45937633514
3.78142309189		2.45937633514
3.78392195702		2.72324466705
3.78642702103		2.22088050842
3.78892302513		2.91099643707
3.79142594337		2.08894729614
3.79392290115		2.96681404114
3.79642605782		2.10924434662
3.79892706871		2.87040138245
3.80142688751		2.27669906616
3.80392694473		2.66235160828
3.80642604828		2.52026939392
3.80892705917		2.39848423004
3.81142687798		2.76891326904
3.81392788887		2.17521095276
3.81642699242		2.94651699066
3.81892991066		2.07879829407
3.82142591476		2.9617395401
3.82392597198		2.13969039917
3.826431036		2.82980632782
3.8289270401		2.32744312286
3.83142805099		2.59638500214
3.8339278698		2.58623600006
3.83643198013		2.3426656723
3.83892989159		2.82473182678
3.84142708778		2.13969039917
3.84392905235		2.96681404114
3.84643292427		2.07879829407
3.84893107414		2.94144248962
3.85143709183		2.16506290436
3.85393190384		2.78413677216
3.85643291473		2.38833522797
3.85892987251		2.5405664444
3.86143088341		2.6420545578
3.8639330864		2.2817735672
3.86643505096		2.86532688141
3.86893296242		2.10924434662
3.87143301964		2.97188854218
3.87393403053		2.08894729614
3.87643504143		2.91607093811
3.87893295288		2.21073246002
3.88143396378		2.72831821442
3.88393592834		2.44415378571
3.88643789291		2.47967433929
3.88893508911		2.7029466629
3.89143705368		2.23610401154
3.89393401146		2.90592193604
3.89644193649		2.09402179718
3.8989379406		2.97188854218
3.90143704414		2.10416984558
3.90393686295		2.88055038452
3.9064450264		2.25132751465
3.90893697739		2.67250061035
3.91143798828		2.49997138977
3.91393995285		2.42385578156
3.91644406319		2.7536907196
3.91893792152		2.19043445587
3.92144203186		2.93129348755
3.92393898964		2.0838727951
3.92644286156		2.96681404114
3.92894697189		2.12446784973
3.93144106865		2.8399553299
3.93394088745		2.31221961975
3.93644309044		2.61668205261
3.93894100189		2.56086444855
3.94144201279		2.35788917542
3.94394207001		2.80443382263
3.94644403458		2.15491390228
3.9489428997		2.95666599274
3.95144295692		2.0838727951
3.95394396782		2.94651699066
3.95644402504		2.15491390228
3.95894289017		2.79936027527
3.96144509315		2.36296367645
3.96394586563		2.56086444855
3.96644687653		2.62175655365
3.96894788742		2.30207061768
3.97144794464		2.8501033783
3.97394704819		2.11431884766
3.97644805908		2.97188854218
3.97894597054		2.0838727951
3.9814479351		2.92621898651
3.98394799232		2.20058345795
3.98644900322		2.74861621857
3.98894786835		2.41878128052
3.99144887924		2.49997138977
3.99394893646		2.67757511139
3.99644994736		2.24625301361
3.9989490509		2.89577293396
4.0014500618		2.09909534454
4.00394892693		2.97188854218
4.00645899773		2.09402179718
4.00895404816		2.89069843292
4.01145100594		2.24117851257
4.01395106316		2.69787216187
4.01645588875		2.47967433929
4.01895308495		2.44415378571
4.02145290375		2.73339271545
4.02395391464		2.20058345795
4.02645587921		2.92621898651
4.02895307541		2.07879829407
4.03145194054		2.97188854218
4.03395390511		2.11939334869
4.03645706177		2.86025238037
4.03895998001		2.2919216156
4.04145908356		2.6420545578
4.04395389557		2.5405664444
4.04645895958		2.37818622589
4.04895687103		2.78413677216
4.05148506165		2.1701374054
4.05408287048		2.92114448547
4.05659008026		2.0838727951
4.05908489227		2.97188854218
4.06158208847		2.11431884766
4.06408286095		2.86025238037
4.06658387184		2.2919216156
4.06908297539		2.6420545578
4.07158398628		2.54564094543
4.07408499718		2.37818622589
4.07658600807		2.78413677216
4.07908391953		2.15998840332
4.08158588409		2.94651699066
4.08409285545		2.07879829407
4.08658790588		2.9617395401
4.0890879631		2.14476490021
4.09158706665		2.81458282471
4.09408688545		2.34774017334
4.0965950489		2.58623600006
4.09908890724		2.59638500214
4.10158896446		2.32236862183
4.10409808159		2.82980632782
4.1065928936		2.13461589813
4.10909104347		2.9617395401
4.11158895493		2.07879829407
4.11408901215		2.93129348755
4.11659193039		2.1802854538
4.11909103394		2.76891326904
4.12159109116		2.40355873108
4.12409090996		2.52534389496
4.12659287453		2.65727710724
4.1290910244		2.27162456512
4.13159203529		2.87547588348
4.13409090042		2.10416984558
4.13659286499		2.97188854218
4.13909387589		2.08894729614
4.14159297943		2.90592193604
4.14409589767		2.22595500946
4.1465959549		2.71817016602
4.14909291267		2.45937633514
4.15159392357		2.45937633514
4.15409588814		2.71309566498
4.15659809113		2.22088050842
4.1590950489		2.91607093811
4.16160202026		2.09402179718
4.16409707069		2.96681404114
4.16659903526		2.10416984558
4.16909790039		2.86532688141
4.17159700394		2.27162456512
4.17409801483		2.66235160828
4.17659902573		2.52026939392
4.17910003662		2.40355873108
4.18160104752		2.76891326904
4.18410587311		2.1802854538
4.18660306931		2.94144248962
4.18909907341		2.0838727951
4.1916000843		2.95666599274
4.19409799576		2.13969039917
4.19660186768		2.82980632782
4.19910001755		2.32236862183
4.20160198212		2.60145950317
4.20410108566		2.57608699799
4.20660805702		2.3426656723
4.20910286903		2.81965732574
4.21160292625		2.13969039917
4.21410298347		2.9617395401
4.21660399437		2.0838727951
4.2191028595		2.94144248962
4.22160196304		2.16506290436
4.22410702705		2.78413677216
4.22660493851		2.38326072693
4.22910499573		2.5405664444
4.23160505295		2.63698005676
4.23410391808		2.28684806824
4.23660802841		2.86532688141
4.2391140461		2.11431884766
4.24160599709		2.97188854218
4.24410486221		2.08894729614
4.2466070652		2.92114448547
4.24910593033		2.20565795898
4.2516078949		2.73846721649
4.25410795212		2.43907928467
4.25661087036		2.47967433929
4.25910902023		2.69279766083
4.26161003113		2.2310295105
4.26411485672		2.900847435
4.26661300659		2.09909534454
4.26911091805		2.97188854218
4.27161192894		2.09909534454
4.27410888672		2.88055038452
4.27661204338		2.25132751465
4.27910995483		2.68264961243
4.28161287308		2.49997138977
4.28411102295		2.42385578156
4.28661203384		2.7536907196
4.28911399841		2.19043445587
4.29161286354		2.93636798859
4.29411292076		2.07879829407
4.2966170311		2.96681404114
4.2991130352		2.12446784973
4.3016140461		2.8501033783
4.3041138649		2.30714511871
4.30662107468		2.62175655365
4.30911397934		2.56086444855
4.31161403656		2.35788917542
4.3141169548		2.80443382263
4.31662487984		2.15998840332
4.31911492348		2.9617395401
4.32161688805		2.07879829407
4.32411694527		2.94651699066
4.32661890984		2.15491390228
4.32911896706		2.79936027527
4.33161902428		2.36296367645
4.3341178894		2.56086444855
4.33662199974		2.61668205261
4.33911800385		2.30714511871
4.34161901474		2.8501033783
4.34412288666		2.11939334869
4.34662294388		2.97188854218
4.34911894798		2.0838727951
4.35162091255		2.93129348755
4.3541200161		2.19550895691
4.35662198067		2.7536907196
4.35911893845		2.42385578156
4.36162090302		2.49997138977
4.36412191391		2.67250061035
4.36662507057		2.25132751465
4.36912202835		2.89069843292
4.37162208557		2.09909534454
4.37412190437		2.97188854218
4.37662386894		2.09909534454
4.37912297249		2.89577293396
4.38162493706		2.24117851257
4.3841240406		2.69787216187
4.38662791252		2.47967433929
4.38912391663		2.44415378571
4.39162492752		2.73339271545
4.39412999153		2.20565795898
4.39662885666		2.92114448547
4.39912700653		2.07879829407
4.40162706375		2.9617395401
4.40412688255		2.11939334869
4.40662908554		2.86025238037
4.40912890434		2.2919216156
4.41162896156		2.6420545578
4.41412901878		2.54564094543
4.4166328907		2.38326072693
4.4191300869		2.78413677216
4.4216299057		2.16506290436
4.42413401604		2.94651699066
4.42663288116		2.07879829407
4.42913007736		2.9515914917
4.43163108826		2.14983940125
4.43413090706		2.81965732574
4.43663287163		2.3426656723
4.4391310215		2.58116149902
4.44163393974		2.60145950317
4.44413304329		2.32744312286
4.44663405418		2.83488082886
4.44913387299		2.13461589813
4.45163297653		2.96681404114
4.45413208008		2.0838727951
4.456635952		2.93636798859
4.45913791656		2.18535995483
4.46163487434		2.77398777008
4.46413493156		2.39848423004
4.46663808823		2.52534389496
4.46913599968		2.65727710724
4.47164106369		2.27162456512
4.4741358757		2.87547588348
4.47663903236		2.10924434662
4.47913789749		2.97188854218
4.48163795471		2.09402179718
4.48413586617		2.91099643707
4.48664093018		2.22088050842
4.48913908005		2.71309566498
4.49164009094		2.45937633514
4.49413704872		2.45937633514
4.49664092064		2.71309566498
4.49913692474		2.21580600739
4.50164008141		2.91607093811
4.50414705276		2.08894729614
4.50664687157		2.97188854218
4.50913906097		2.10924434662
4.51164007187		2.87040138245
4.51414108276		2.27162456512
4.51664400101		2.66235160828
4.51914191246		2.52026939392
4.52164196968		2.40355873108
4.52414608002		2.76891326904
4.52664709091		2.1802854538
4.5291428566		2.94144248962
4.53164291382		2.0838727951
4.53414392471		2.9617395401
4.53664493561		2.13461589813
4.5391459465		2.82980632782
4.54164505005		2.32236862183
4.54414701462		2.60653305054
4.54665088654		2.57608699799
4.54914498329		2.3426656723
4.55164194107		2.82473182678
4.5541369915		2.13969039917
4.5566470623		2.9617395401
4.55914497375		2.07879829407
4.56164503098		2.94144248962
4.56414604187		2.16506290436
4.56664800644		2.78921127319
4.56914806366		2.38326072693
4.57164692879		2.55578994751
4.57428193092		2.57101249695
4.57677698135		2.3426656723
4.57927298546		2.81458282471
4.58177399635		2.14476490021
4.5842769146		2.9617395401
4.58677792549		2.0838727951
4.58927702904		2.94651699066
4.59177708626		2.16506290436
4.59427499771		2.78413677216
4.59677886963		2.37818622589
4.59927797318		2.5405664444
4.6017780304		2.6420545578
4.60427689552		2.28684806824
4.60677790642		2.86025238037
4.60927891731		2.11431884766
4.61177802086		2.97188854218
4.61427807808		2.08894729614
4.61678099632		2.91607093811
4.61927890778		2.21073246002
4.62178087234		2.73846721649
4.62428092957		2.43400478363
4.62678599358		2.48474884033
4.62927889824		2.69787216187
4.63178086281		2.23610401154
4.6342818737		2.900847435
4.63678407669		2.09402179718
4.6392800808		2.97188854218
4.64178109169		2.09909534454
4.64428091049		2.88562393188
4.64678287506		2.25132751465
4.64928388596		2.68264961243
4.6517829895		2.49997138977
4.6542840004		2.42385578156
4.65678405762		2.7536907196
4.65928292274		2.19550895691
4.66178297997		2.93129348755
4.66428589821		2.07879829407
4.6667869091		2.96681404114
4.66928505898		2.11939334869
4.67178487778		2.8501033783
4.67428398132		2.30714511871
4.67678904533		2.62683105469
4.67928385735		2.56086444855
4.68178892136		2.36296367645
4.6842880249		2.79936027527
4.68678689003		2.14983940125
4.68928790092		2.95666599274
4.69178700447		2.07879829407
4.69428801537		2.9515914917
4.69679307938		2.15491390228
4.69929003716		2.79936027527
4.70178890228		2.36296367645
4.70429587364		2.56593894958
4.70679593086		2.61668205261
4.70929002762		2.30714511871
4.71179103851		2.8501033783
4.71429395676		2.11939334869
4.71679401398		2.96681404114
4.71929192543		2.0838727951
4.72179293633		2.92621898651
4.72429299355		2.19550895691
4.72679400444		2.75876522064
4.72929501534		2.41878128052
4.73179388046		2.50504589081
4.73429298401		2.67250061035
4.73681092262		2.26655006409
4.73942303658		2.8399553299
4.74192690849		2.12446784973
4.74442601204		2.97188854218
4.74692606926		2.0838727951
4.7494199276		2.93129348755
4.75191903114		2.19043445587
4.75442099571		2.7536907196
4.75692200661		2.41370677948
4.75942206383		2.50504589081
4.76192188263		2.67250061035
4.76442193985		2.25640106201
4.76692605019		2.88562393188
4.76942396164		2.09909534454
4.77192306519		2.97188854218
4.7744269371		2.09402179718
4.77692604065		2.89577293396
4.77942585945		2.23610401154
4.78192996979		2.7029466629
4.78442597389		2.47967433929
4.78692698479		2.44415378571
4.78942704201		2.72831821442
4.7919280529		2.20565795898
4.79442596436		2.92114448547
4.79693198204		2.0838727951
4.7994260788		2.96681404114
4.8019258976		2.11939334869
4.80442786217		2.86025238037
4.80692791939		2.2817735672
4.80942797661		2.6420545578
4.81192708015		2.53549194336
4.8144299984		2.38833522797
4.81693100929		2.77906227112
4.81942987442		2.1701374054
4.82192993164		2.94651699066
4.82443189621		2.07879829407
4.82693004608		2.9515914917
4.82943105698		2.13969039917
4.83193302155		2.82473182678
4.83443188667		2.33759117126
4.83693695068		2.58623600006
4.83943486214		2.5913105011
4.84193205833		2.32744312286
4.84443306923		2.82980632782
4.84693598747		2.13461589813
4.84943294525		2.96681404114
4.85193300247		2.0838727951
4.85443401337		2.93129348755
4.85693597794		2.17521095276
4.85944104195		2.77398777008
4.86193394661		2.393409729
4.86443591118		2.52534389496
4.86693692207		2.64712810516
4.86943387985		2.27162456512
4.87193608284		2.87040138245
4.87443709373		2.10416984558
4.87693786621		2.97188854218
4.87943601608		2.08894729614
4.8819360733		2.90592193604
4.88443803787		2.22088050842
4.88693904877		2.71817016602
4.88943886757		2.45430183411
4.89193892479		2.46445083618
4.89444088936		2.7029466629
4.89694309235		2.22088050842
4.89944195747		2.90592193604
4.90194201469		2.09402179718
4.90444397926		2.96681404114
4.90694594383		2.10416984558
4.90944004059		2.87547588348
4.91194200516		2.26147556305
4.91444206238		2.66235160828
4.91694402695		2.51519489288
4.91944408417		2.40355873108
4.92194199562		2.76383876801
4.92444205284		2.17521095276
4.9269490242		2.93636798859
4.92944693565		2.07372379303
4.93194508553		2.9617395401
4.93444490433		2.13461589813
4.93695306778		2.84502887726
4.93944501877		2.32236862183
4.94194602966		2.60653305054
4.94444489479		2.57608699799
4.94694685936		2.3426656723
4.94944596291		2.81458282471
4.95194506645		2.13969039917
4.95444703102		2.9617395401
4.95694994926		2.07372379303
4.95944690704		2.94651699066
4.96194601059		2.16506290436
4.96444988251		2.78921127319
4.96694898605		2.37311172485
4.96944904327		2.54564094543
4.97194695473		2.63698005676
4.9744489193		2.28684806824
4.97695207596		2.86025238037
4.97944903374		2.10924434662
4.98195099831		2.97188854218
4.98445391655		2.0838727951
4.98695206642		2.91607093811
4.98945093155		2.20565795898
4.99195098877		2.73846721649
4.99445199966		2.43907928467
4.99695301056		2.48474884033
4.99945092201		2.69279766083
