0.000124931335449		0.840649604797
0.0103747844696		1.73374080658
0.0207619667053		5.04730892181
0.0310068130493		-0.00169658660889
0.0412628650665		5.04730892181
0.0515148639679		3.69245052338
0.0617609024048		-0.00169658660889
0.0720119476318		5.04730892181
0.0823090076447		0.00845146179199
0.0926389694214		1.27704620361
0.102892875671		5.04730892181
0.113145828247		-0.00169658660889
0.1233959198		4.99149131775
0.133647918701		3.98676395416
0.143895864487		-0.00169658660889
0.154279947281		5.04730892181
0.164525985718		0.221575737
0.174784898758		0.937063217163
0.185029983521		5.04730892181
0.195283889771		-0.00169658660889
0.205559968948		4.78344154358
0.215904951096		4.57031822205
0.226163864136		-0.00169658660889
0.236409902573		5.04730892181
0.246659994125		0.505741119385
0.25691485405		0.622451782227
0.267169952393		5.04730892181
0.277412891388		-0.00169658660889
0.287663936615		4.56016921997
0.297915935516		4.6515083313
0.308165788651		-0.00169658660889
0.318418979645		5.04730892181
0.328669786453		0.5818567276
0.338926792145		0.551410675049
0.349164962769		5.04223537445
0.359423875809		-0.00169658660889
0.369678020477		4.47897911072
0.379925012589		4.72254943848
0.39017701149		-0.00169658660889
0.400427818298		5.04730892181
0.4106798172		0.668121337891
0.420930862427		0.480368614197
0.431180953979		5.04730892181
0.441434860229		-0.00677108764648
0.451684951782		4.39778900146
0.461935997009		4.80881404877
0.472187995911		-0.00169658660889
0.482445955276		5.04730892181
0.49269080162		0.754385948181
0.502942800522		0.394104957581
0.513192892075		5.04223537445
0.523449897766		-0.00677108764648
0.533696889877		4.31659889221
0.54397892952		4.90522670746
0.554332017899		-0.00169658660889
0.56457400322		5.04730892181
0.574826955795		1.06899738312
0.585083007812		0.135311126709
0.595320940018		5.04730892181
0.605584859848		-0.00169658660889
0.615830898285		4.00706195831
0.626087903976		5.0219373703
0.636332988739		-0.00169658660889
0.646583795547		5.04223537445
0.656840801239		1.16541004181
0.66709280014		0.0896415710449
0.677335977554		5.04730892181
0.687591791153		-0.00169658660889
0.697840929031		3.92079734802
0.708093881607		5.04223537445
0.718343019485		-0.00169658660889
0.728595018387		5.04223537445
0.738849878311		1.25674915314
0.749099969864		0.0541210174561
0.759347915649		5.04730892181
0.769598960876		-0.00169658660889
0.779851913452		3.84468173981
0.790102005005		5.04223537445
0.800354003906		-0.00169658660889
0.810604810715		5.04730892181
0.820855855942		1.31764125824
0.831107854843		0.0287494659424
0.841364860535		5.04223537445
0.85160779953		-0.00677108764648
0.861862897873		3.75841712952
0.8721139431		5.04223537445
0.882400989532		-0.00169658660889
0.892742872238		5.04730892181
0.902993917465		1.66269874573
0.913244009018		-0.00169658660889
0.923493862152		5.04223537445
0.933746814728		-0.00677108764648
0.94412279129		3.17993831635
0.954378843307		5.04730892181
0.964624881744		-0.00169658660889
0.974880933762		5.04730892181
0.985132932663		2.00268268585
0.99538397789		-0.00169658660889
1.00563001633		5.04730892181
1.01588201523		-0.00169658660889
1.02613687515		3.09367370605
1.03638482094		5.04730892181
1.04663491249		-0.00169658660889
1.05689287186		5.04730892181
1.06714487076		2.09402179718
1.07738900185		-0.00677108764648
1.0876429081		5.04223537445
1.09788680077		-0.00677108764648
1.10814285278		3.01755809784
1.11839485168		5.04730892181
1.12864589691		-0.00169658660889
1.1389029026		5.04730892181
1.14914894104		2.1802854538
1.15940785408		-0.00169658660889
1.1696498394		5.04730892181
1.1799018383		-0.00169658660889
1.19015192986		2.93636798859
1.20040488243		5.04223537445
1.21065688133		-0.00677108764648
1.22090697289		5.04730892181
1.23115897179		2.25640106201
1.24141001701		-0.00169658660889
1.25165987015		5.04730892181
1.26191186905		-0.00169658660889
1.27216291428		2.86025238037
1.28241896629		5.04730892181
1.2926659584		-0.00677108764648
1.30291891098		5.04730892181
1.31316900253		2.33759117126
1.32341980934		-0.00677108764648
1.33367085457		5.04730892181
1.34391283989		-0.00677108764648
1.35430788994		2.50504589081
1.3645529747		5.04223537445
1.37480783463		-0.00169658660889
1.38505792618		5.05238342285
1.39530992508		2.7029466629
1.40555596352		-0.00169658660889
1.41580700874		5.04223537445
1.42606282234		-0.00169658660889
1.4363079071		2.44922733307
1.44656085968		5.04223537445
1.4568169117		-0.00169658660889
1.46706795692		5.04223537445
1.47731995583		2.78413677216
1.48756790161		-0.00169658660889
1.49781799316		5.04730892181
1.50806879997		-0.00169658660889
1.5183198452		2.35788917542
1.52859091759		5.04730892181
1.53881597519		-0.00169658660889
1.54907393456		5.04730892181
1.55932497978		2.87040138245
1.56957578659		-0.00677108764648
1.57982587814		5.04730892181
1.59007978439		-0.00169658660889
1.60032391548		2.26655006409
1.61058092117		5.04730892181
1.6208319664		-0.00169658660889
1.6310839653		5.05238342285
1.6413359642		2.9617395401
1.65158700943		-0.00169658660889
1.66183686256		5.04223537445
1.67208886147		-0.00169658660889
1.68237495422		2.12446784973
1.6927177906		5.04730892181
1.70296883583		-0.00169658660889
1.71321988106		5.04223537445
1.72346901894		3.28649997711
1.73372101784		-0.00169658660889
1.7441008091		5.04223537445
1.75435686111		-0.00169658660889
1.76460385323		1.60688114166
1.77485895157		5.04730892181
1.7851088047		-0.00169658660889
1.79536890984		5.04730892181
1.80560588837		3.63663196564
1.81585693359		-0.00169658660889
1.82611393929		5.04730892181
1.83635997772		-0.00169658660889
1.84660387039		1.53076553345
1.85686898232		5.04730892181
1.86711883545		-0.00677108764648
1.87736487389		5.04730892181
1.88761687279		3.71782207489
1.89786791801		-0.00169658660889
1.90811800957		5.04730892181
1.91836881638		0.00337791442871
1.92862081528		1.45464992523
1.93887782097		5.04223537445
1.94912481308		-0.00677108764648
1.95937395096		5.03716087341
1.96962690353		3.80916118622
1.97987699509		-0.00169658660889
1.99012899399		5.04730892181
2.00038099289		0.0186004638672
2.01063084602		1.3633108139
2.02088284492		5.04730892181
2.03113389015		-0.00677108764648
2.04138493538		5.0219373703
2.05163598061		3.90050029755
2.06188797951		-0.00169658660889
2.0721449852		5.04730892181
2.0823969841		0.0388984680176
2.09263801575		1.29226970673
2.10289597511		5.04730892181
2.11316585541		-0.00169658660889
2.1233959198		5.00164031982
2.13364601135		3.97661590576
2.14389681816		-0.00169658660889
2.15428090096		5.04223537445
2.16452693939		0.206352233887
2.17478394508		0.947212219238
2.18503379822		5.05238342285
2.19528579712		-0.00677108764648
2.20553183556		4.83418560028
2.21578383446		4.32674789429
2.2260389328		-0.00169658660889
2.23628592491		5.05238342285
2.24653482437		0.267245292664
2.2567949295		0.85587310791
2.26704287529		5.04730892181
2.27728891373		-0.00169658660889
2.28754281998		4.7732925415
2.29779291153		4.39778900146
2.30804896355		-0.00169658660889
2.31829380989		5.05238342285
2.32854580879		0.338286399841
2.33880281448		0.78990650177
2.34904193878		5.04730892181
2.35930085182		-0.00169658660889
2.36955189705		4.70225143433
2.3798019886		4.47390460968
2.3900539875		-0.00169658660889
2.40031099319		5.04730892181
2.41055893898		0.434700012207
2.42080688477		0.718864440918
2.43106389046		5.04730892181
2.44130992889		-0.00169658660889
2.45156097412		4.62106132507
2.46181297302		4.57539176941
2.4720659256		-0.00169658660889
2.48239779472		5.04730892181
2.49269580841		0.749311447144
2.50294399261		0.394104957581
2.51319479942		5.04730892181
2.52344584465		-0.00169658660889
2.53369784355		4.32167339325
2.54397583008		4.92552471161
2.5543320179		-0.00169658660889
2.56457591057		5.04223537445
2.57483291626		1.07914543152
2.58508396149		0.140385627747
2.59532380104		5.04223537445
2.60558199883		-0.00169658660889
2.61583185196		3.99691295624
2.62608981133		5.0219373703
2.63633584976		-0.00169658660889
2.64658594131		5.04730892181
2.65684390068		1.16541004181
2.66709399223		0.0845680236816
2.67733979225		5.04223537445
2.68759298325		-0.00169658660889
2.69784283638		3.92587184906
2.7080988884		5.03716087341
2.71834492683		-0.00677108764648
2.72859692574		5.04730892181
2.73885393143		1.24660015106
2.74910497665		0.0490465164185
2.75935292244		5.04730892181
2.76960587502		-0.00169658660889
2.77985286713		3.84468173981
2.79010391235		5.04730892181
2.80035686493		-0.00169658660889
2.81060695648		5.04730892181
2.82086086273		1.32779026031
2.83111000061		0.0287494659424
2.84135985374		5.04730892181
2.85160684586		-0.00169658660889
2.86186289787		3.75334262848
2.87211489677		5.04223537445
2.88240289688		-0.00169658660889
2.89274501801		5.04223537445
2.90299582481		1.65255069733
2.91324400902		-0.00169658660889
2.92349696159		5.04223537445
2.93374896049		-0.00169658660889
2.94412493706		3.18501281738
2.95438194275		5.04730892181
2.96462678909		-0.00677108764648
2.97488498688		5.04730892181
2.98513293266		1.98745918274
2.99538588524		-0.00169658660889
3.00563192368		5.04730892181
3.0158829689		-0.00169658660889
3.02613997459		3.09874820709
3.03638601303		5.04223537445
3.04663586617		-0.00169658660889
3.0568959713		5.04730892181
3.06714987755		2.09909534454
3.07738900185		-0.00169658660889
3.08764481544		5.04223537445
3.09788799286		-0.00677108764648
3.10815000534		3.00740909576
3.11839294434		5.04730892181
3.12864780426		-0.00169658660889
3.13890385628		5.04730892181
3.14915180206		2.17521095276
3.15939998627		-0.00169658660889
3.1696498394		5.04730892181
3.17992281914		-0.00677108764648
3.19015479088		2.94144248962
3.20040583611		5.04730892181
3.21065688133		-0.00677108764648
3.22090983391		5.04730892181
3.23115897179		2.24625301361
3.24141097069		-0.00169658660889
3.25166296959		5.04730892181
3.26191186905		-0.00169658660889
3.27216386795		2.85517787933
3.28242087364		5.04730892181
3.29266786575		-0.00169658660889
3.30291891098		5.04730892181
3.31317186356		2.3426656723
3.32342195511		-0.00169658660889
3.33367300034		5.04730892181
3.34391689301		-0.00169658660889
3.35432696342		2.45430183411
3.36469578743		5.04730892181
3.37493681908		-0.00169658660889
3.38519287109		5.05238342285
3.39544081688		2.97188854218
3.40568494797		-0.00677108764648
3.41593599319		5.04730892181
3.42619490623		-0.00169658660889
3.43643784523		2.19043445587
3.44669079781		5.04223537445
3.45694899559		-0.00169658660889
3.46719884872		5.04223537445
3.47744393349		3.04292964935
3.48769783974		-0.00169658660889
3.49794697762		5.04730892181
3.50820493698		-0.00169658660889
3.5185739994		1.85552597046
3.52882599831		5.04730892181
3.53907680511		-0.00169658660889
3.54932880402		5.04730892181
3.55958080292		3.39813613892
3.5698299408		-0.00169658660889
3.58008098602		5.04730892181
3.59033298492		-0.00169658660889
3.60058093071		1.76926136017
3.61083698273		5.04223537445
3.62108778954		-0.00169658660889
3.63133883476		5.04730892181
3.64159178734		3.47932624817
3.65184187889		-0.00677108764648
3.66209292412		5.04730892181
3.67240786552		-0.00169658660889
3.68271994591		1.44957542419
3.69297099113		5.04730892181
3.7032289505		-0.00169658660889
3.71347379684		5.03716087341
3.7237238884		3.96646690369
3.73410797119		-0.00169658660889
3.74435281754		5.04730892181
3.75460791588		0.115014076233
3.76485800743		1.10959243774
3.77511286736		5.04223537445
3.78536295891		-0.00169658660889
3.79561901093		4.91537570953
3.80586099625		4.15929317474
3.81611180305		-0.00169658660889
3.82636499405		5.04730892181
3.83662796021		0.170831680298
3.84686493874		1.03855037689
3.85712194443		5.04730892181
3.86737179756		-0.00677108764648
3.87761878967		4.88492965698
3.88788890839		4.26585483551
3.89812088013		-0.00169658660889
3.90837287903		5.04730892181
3.91862392426		0.206352233887
3.92887496948		0.962434768677
3.93913078308		5.04730892181
3.94937801361		-0.00169658660889
3.95963096619		4.82911109924
3.96988201141		4.31659889221
3.98013091087		-0.00677108764648
3.99038290977		5.04223537445
4.00063490868		0.282468795776
4.0108859539		0.866022109985
4.02114200592		5.04223537445
4.03138899803		-0.00169658660889
4.04163789749		4.7732925415
4.05188798904		4.39778900146
4.06214094162		-0.00169658660889
4.07240080833		5.04730892181
4.0826458931		0.353509902954
4.09289884567		0.78990650177
4.10314679146		5.04730892181
4.11339879036		-0.00169658660889
4.12365078926		4.69717693329
4.13390088081		4.57539176941
4.14427781105		-0.00677108764648
4.15453696251		5.04730892181
4.16480278969		0.708716392517
4.17503786087		0.470220565796
4.1852889061		5.04730892181
4.19553995132		0.00337791442871
4.20578479767		4.38763999939
4.21603798866		4.80373954773
4.22629189491		-0.00169658660889
4.23654079437		5.04730892181
4.24678993225		0.739162445068
4.25704693794		0.389030456543
4.26729798317		5.04730892181
4.27754378319		-0.00169658660889
4.28779697418		4.31659889221
4.29804682732		4.86463165283
4.30830192566		-0.00169658660889
4.31867289543		5.04730892181
4.32892489433		1.05884838104
4.33919000626		0.130236625671
4.34942984581		5.04223537445
4.35968279839		-0.00677108764648
4.36993098259		4.00706195831
4.3801817894		5.02701187134
4.3904337883		-0.00169658660889
4.40068387985		5.04730892181
4.41093587875		1.15526103973
4.42118692398		0.0997905731201
4.43143796921		5.04223537445
4.44168996811		-0.00677108764648
4.45194196701		3.91572284698
4.46219396591		5.03716087341
4.47244882584		0.00337791442871
4.48269701004		5.04730892181
4.49294900894		1.24152565002
4.50319695473		0.0490465164185
4.51344895363		5.04223537445
4.52370095253		-0.00169658660889
4.53396081924		3.81423568726
4.54420495033		5.04223537445
4.55446195602		-0.00169658660889
4.56472086906		5.04223537445
4.57496094704		1.32779026031
4.58521294594		0.0287494659424
4.59545493126		5.04223537445
4.60571193695		-0.00677108764648
4.61596393585		3.74319458008
4.62621998787		5.04730892181
4.63646292686		-0.00169658660889
4.64671492577		5.04730892181
4.65697789192		1.43435192108
4.66722297668		0.00845146179199
4.67746782303		5.04730892181
4.68773698807		-0.00169658660889
4.69797086716		3.67215251923
4.70822787285		5.04223537445
4.71847486496		-0.00169658660889
4.72872591019		5.04223537445
4.73898291588		1.51554203033
4.74923491478		-0.00169658660889
4.75947999954		5.04223537445
4.76973199844		-0.00677108764648
4.77998280525		3.59096240997
4.79023694992		5.04223537445
4.80048489571		-0.00169658660889
4.81073498726		5.04223537445
4.82098793983		1.57643508911
4.83123898506		-0.00169658660889
4.84149098396		5.04223537445
4.85174393654		-0.00677108764648
4.86199188232		3.50469875336
4.8722949028		5.04223537445
4.88262200356		-0.00169658660889
4.89288687706		5.04730892181
4.90312290192		1.91641807556
4.91337394714		-0.00169658660889
4.92362689972		5.04730892181
4.93387579918		-0.00169658660889
4.94425582886		2.92621898651
4.9545109272		5.04223537445
4.96476888657		-0.00169658660889
4.97501683235		5.04223537445
4.98526382446		2.26147556305
4.99551486969		-0.00169658660889
