0.000128984451294		3.50469875336
0.00463795661926		1.82507896423
0.00802087783813		3.11397171021
0.0113880634308		2.10924434662
0.014760017395		2.76891326904
0.0181379318237		2.45937633514
0.0215120315552		2.40355873108
0.0248868465424		2.81458282471
0.0282590389252		2.05342674255
0.0316388607025		3.13426876068
0.0350120067596		1.76418685913
0.038388967514		3.36769008636
0.0417640209198		1.58150959015
0.045138835907		3.50977325439
0.0485520362854		1.54091453552
0.0518908500671		3.49962425232
0.0552649497986		1.62717819214
0.0586478710175		3.35246753693
0.0620150566101		1.84030246735
0.0653898715973		3.08859920502
0.0688128471375		2.20565795898
0.0721418857574		2.72831821442
0.0755178928375		2.50504589081
0.0788989067078		2.34774017334
0.0822699069977		2.86532688141
0.0856430530548		2.00268268585
0.0890319347382		3.17993831635
0.0924019813538		1.72866630554
0.0957789421082		3.40321063995
0.0991549491882		1.56628608704
0.102530002594		3.51484680176
0.105901956558		1.54091453552
0.109282970428		3.48440074921
0.112655878067		1.65255069733
0.116029024124		3.31694602966
0.119406938553		1.89104652405
0.122781991959		3.03278160095
0.126155853271		2.20565795898
0.129530906677		2.66235160828
0.132906913757		2.56593894958
0.136281013489		2.29699611664
0.139665842056		2.93129348755
0.143034934998		1.94686412811
0.146410942078		3.21545886993
0.149785041809		1.69314575195
0.153158903122		3.42858314514
0.156534910202		1.55106258392
0.159913063049		3.5199213028
0.163285017014		1.54598808289
0.166661977768		3.46917819977
0.170038938522		1.68299674988
0.173418998718		3.28142547607
0.176786899567		1.92656707764
0.180162906647		2.98203754425
0.183538913727		2.25640106201
0.186913967133		2.56593894958
0.190289974213		2.61668205261
0.193665027618		2.24117851257
0.197038888931		2.99726104736
0.200414896011		1.90626907349
0.203791856766		3.25097942352
0.207169055939		1.66269874573
0.210540056229		3.44888019562
0.213916063309		1.54091453552
0.217300891876		3.5199213028
0.22066783905		1.56628608704
0.224041938782		3.45395469666
0.227426052094		1.70836830139
0.230794906616		3.24590492249
0.234169960022		1.9722366333
0.237552881241		2.92114448547
0.240921020508		2.31221961975
0.244294881821		2.54564094543
0.247676849365		2.67757511139
0.251045942307		2.19043445587
0.254421949387		3.0124835968
0.257806062698		1.85552597046
0.261173963547		3.28649997711
0.264555931091		1.63225269318
0.267935037613		3.47425174713
0.271298885345		1.53584003448
0.2746758461		3.5199213028
0.278063058853		1.58150959015
0.281429052353		3.42858314514
0.284801959991		1.74388885498
0.288177967072		3.20530986786
0.291551828384		2.01790523529
0.294929027557		2.87547588348
0.298311948776		2.37311172485
0.301681041718		2.4898223877
0.305053949356		2.72831821442
0.30851483345		2.04835224152
0.311933040619		3.15456676483
0.315306901932		1.74388885498
0.318686962128		3.39306259155
0.322057008743		1.57136058807
0.325432062149		3.51484680176
0.328814029694		1.54091453552
0.332181930542		3.49454975128
0.335557937622		1.63732719421
0.338937044144		3.33216953278
0.342309951782		1.86059951782
0.345684051514		3.0632276535
0.349061965942		2.17521095276
0.352435827255		2.68772315979
0.355810880661		2.53549194336
0.359189033508		2.31221961975
0.362563848495		2.89577293396
0.365936040878		1.97731018066
0.369313955307		3.20023536682
0.372688055038		1.70836830139
0.376064062119		3.41335964203
0.379441976547		1.55613708496
0.382819890976		3.5199213028
0.386188983917		1.54598808289
0.38956785202		3.47932624817
0.3929438591		1.66269874573
0.396317005157		3.30172348022
0.399693012238		1.90119457245
0.403067827225		3.00740909576
0.40644288063		2.2310295105
0.409821987152		2.63190555573
0.413194894791		2.5913105011
0.416570901871		2.26655006409
0.419950008392		2.9515914917
0.423320055008		1.92656707764
0.426696062088		3.24083042145
0.430078029633		1.6728477478
0.433446884155		3.44380569458
0.436822891235		1.54598808289
0.440201044083		3.52499580383
0.443572998047		1.55613708496
0.446948051453		3.44888019562
0.450326919556		1.69314575195
0.453699827194		3.26620292664
0.45708489418		1.96208763123
0.460449934006		2.95666599274
0.463825941086		2.2817735672
0.46720790863		2.56593894958
0.470577001572		2.6522026062
0.473952054977		2.20565795898
0.477335929871		3.00233459473
0.480705022812		1.88089752197
0.48407793045		3.26620292664
0.487469911575		1.64240169525
0.490830898285		3.45902919769
0.494204998016		1.54091453552
0.49758887291		3.5199213028
0.500954866409		1.56628608704
0.504333019257		3.43873119354
0.507706880569		1.72866630554
0.511083841324		3.22053337097
0.51445889473		1.99760818481
0.517840862274		2.89069843292
0.521209955215		2.34774017334
0.524584054947		2.52026939392
0.527960062027		2.71817016602
0.531337022781		2.15491390228
0.534710884094		3.03785610199
0.538094997406		1.83522796631
0.54146194458		3.30172348022
0.544836997986		1.62717819214
0.548219919205		3.47932624817
0.55158996582		1.53584003448
0.554963827133		3.51484680176
0.558347940445		1.58658313751
0.561715841293		3.41335964203
0.565089941025		1.75911235809
0.568563938141		3.09874820709
0.571964979172		2.15491390228
0.575340986252		2.71309566498
0.578718900681		2.52026939392
0.582093000412		2.3426656723
0.585469961166		2.87547588348
0.588845968246		1.99253368378
0.592226028442		3.17993831635
0.595594882965		1.7235918045
0.598969936371		3.40321063995
0.602344036102		1.56628608704
0.605720996857		3.5199213028
0.609097003937		1.54091453552
0.61247086525		3.48947525024
0.61584687233		1.65255069733
0.619223833084		3.31694602966
0.622596979141		1.88089752197
0.62597489357		3.02263259888
0.629348039627		2.20565795898
0.632722854614		2.66742610931
0.636098861694		2.56593894958
0.639477968216		2.28684806824
0.642851829529		2.92114448547
0.646226882935		1.95701313019
0.649605035782		3.21545886993
0.652976036072		1.69822025299
0.656352043152		3.42858314514
0.659729003906		1.54598808289
0.663105964661		3.52499580383
0.666478872299		1.55106258392
0.669857025146		3.46917819977
0.673229932785		1.67792224884
0.676604032516		3.27635097504
0.680109977722		2.04835224152
0.683483839035		2.85517787933
0.686856985092		2.41878128052
0.690233945847		2.47459983826
0.693605899811		2.73846721649
0.697000980377		2.06357479095
0.700357913971		3.06830215454
0.703732967377		1.8200044632
0.70711183548		3.33216953278
0.710484981537		1.60688114166
0.713862895966		3.49454975128
0.717243909836		1.53076553345
0.72061085701		3.51484680176
0.723985910416		1.59673213959
0.72736287117		3.39306259155
0.730736970901		1.78448390961
0.734112977982		3.14949226379
0.737494945526		2.09402179718
0.740864038467		2.79936027527
0.744240999222		2.43400478363
0.747624874115		2.41370677948
0.75098991394		2.78921127319
0.754365921021		2.06864929199
0.757750988007		3.12411975861
0.761116981506		1.77433586121
0.764492034912		3.35754108429
0.767868041992		1.58150959015
0.771245002747		3.50977325439
0.774617910385		1.53584003448
0.778002977371		3.50469875336
0.781369924545		1.6119556427
0.784745931625		3.36261558533
0.788130044937		1.84030246735
0.791496992111		3.10382270813
0.794870853424		2.13461589813
0.798249959946		2.73846721649
0.801628828049		2.49489688873
0.804998874664		2.36803817749
0.808372974396		2.8501033783
0.811748027802		2.02297973633
0.815124034882		3.15456676483
0.818593978882		1.68299674988
0.822002887726		3.44888019562
0.825377941132		1.54091453552
0.828753948212		3.52499580383
0.83212685585		1.561211586
0.83550286293		3.45395469666
0.838880062103		1.70329380035
0.842253923416		3.25605392456
0.845630884171		1.96208763123
0.849004983902		2.93636798859
0.852378845215		2.29699611664
0.855754852295		2.56086444855
0.859132051468		2.66235160828
0.862504959106		2.20058345795
0.865880966187		3.00740909576
0.869258880615		1.8707485199
0.872637987137		3.28142547607
0.876005887985		1.64240169525
0.879384994507		3.47425174713
0.882760047913		1.53584003448
0.886133909225		3.5199213028
0.889513015747		1.57136058807
0.892885923386		3.4336566925
0.896260023117		1.73374080658
0.899637937546		3.21545886993
0.903010845184		2.00775718689
0.906394004822		2.88055038452
0.909767866135		2.38833522797
0.913141012192		2.49997138977
0.916514873505		2.71817016602
0.919890880585		2.13969039917
0.923264026642		3.04800415039
0.926638841629		1.83522796631
0.930146932602		3.38798809052
0.933517932892		1.57643508911
0.936894893646		3.5199213028
0.940269947052		1.53584003448
0.943640947342		3.49962425232
0.947017908096		1.65255069733
0.950394868851		3.34739303589
0.953768014908		1.86059951782
0.957152843475		3.05815315247
0.960518836975		2.1701374054
0.963893890381		2.7029466629
0.967272996902		2.52534389496
0.970645904541		2.33251667023
0.974021911621		2.88055038452
0.977407932281		1.9722366333
0.980772018433		3.18501281738
0.98414683342		1.71851730347
0.987530946732		3.41335964203
0.990900039673		1.55613708496
0.994272947311		3.5199213028
0.99765586853		1.54091453552
1.00102496147		3.47932624817
1.00440001488		1.66269874573
1.00777602196		3.30679798126
1.01115703583		1.90119457245
1.01452684402		3.0124835968
1.01791000366		2.2310295105
1.02127790451		2.6522026062
1.02465605736		2.58623600006
1.0280380249		2.26655006409
1.03140592575		2.93636798859
1.03478002548		1.93671607971
1.03816485405		3.23068237305
1.04153084755		1.68807125092
1.04490804672		3.4336566925
1.04828500748		1.54598808289
1.05165791512		3.5199213028
1.05503201485		1.55106258392
1.05840802193		3.46410369873
1.06178498268		1.68807125092
1.06515789032		3.27127742767
1.06855392456		1.95701313019
1.07190990448		2.96681404114
1.07528400421		2.27162456512
1.07866692543		2.58623600006
1.08203697205		2.63698005676
1.08541202545		2.21580600739
1.08878898621		2.98203754425
1.09216499329		1.89104652405
1.09553790092		3.26620292664
1.09891700745		1.64747619629
1.10228896141		3.45902919769
1.10566592216		1.53584003448
1.10904693604		3.5199213028
1.11241602898		1.56628608704
1.11579704285		3.44380569458
1.11916804314		1.71344280243
1.12254285812		3.22560787201
1.12591791153		1.98745918274
1.12929487228		2.91099643707
1.13266801834		2.33251667023
1.13604402542		2.53041744232
1.13942193985		2.69787216187
1.14279603958		2.16506290436
1.14617204666		3.03278160095
1.14954686165		1.84537696838
1.15292191505		3.29664897919
1.15629601479		1.62717819214
1.15967392921		3.47932624817
1.16304802895		1.53584003448
1.16642189026		3.5199213028
1.16980195045		1.58150959015
1.17317485809		3.4235086441
1.17654895782		1.74896335602
1.17992591858		3.18501281738
1.18330001831		2.03820323944
1.1866748333		2.85517787933
1.19005203247		2.38833522797
1.19342684746		2.47459983826
1.19680190086		2.74354171753
1.20018696785		2.10416984558
1.20355296135		3.07845020294
1.20692801476		1.78448390961
1.21030402184		3.33216953278
1.21367883682		1.60180664062
1.21713590622		3.50977325439
1.22056293488		1.54598808289
1.22392892838		3.48440074921
1.22731494904		1.64747619629
1.23068284988		3.3220205307
1.23405599594		1.88089752197
1.23743891716		3.03785610199
1.24080991745		2.19550895691
1.24418187141		2.67757511139
1.24756002426		2.55578994751
1.2509329319		2.30207061768
1.25430893898		2.91099643707
1.2576918602		1.95193862915
1.26106190681		3.20530986786
1.26443600655		1.69822025299
1.26782298088		3.4336566925
1.27118587494		1.55613708496
1.27456283569		3.51484680176
1.27794384956		1.54598808289
1.2813129425		3.47425174713
1.28468799591		1.6728477478
1.28806495667		3.29157447815
1.2914390564		1.9214925766
1.29481387138		2.98711204529
1.29819703102		2.25132751465
1.30156588554		2.61160755157
1.30494499207		2.61668205261
1.3083178997		2.24625301361
1.31169199944		2.9617395401
1.31506800652		1.91641807556
1.31853199005		3.30679798126
1.32194805145		1.6119556427
1.32532405853		3.49454975128
1.32870602608		1.53076553345
1.33206987381		3.51484680176
1.33544683456		1.59165763855
1.33882188797		3.39813613892
1.34219384193		1.77940940857
1.34557294846		3.15964031219
1.34894895554		2.07372379303
1.3523209095		2.81458282471
1.35569787025		2.41878128052
1.35907387733		2.43907928467
1.36244988441		2.78413677216
1.36582398415		2.07879829407
1.36920189857		3.12411975861
1.37258291245		1.77433586121
1.37595200539		3.35754108429
1.37932705879		1.59673213959
1.3827009201		3.50469875336
1.38607788086		1.53076553345
1.38945388794		3.50469875336
1.39282894135		1.61703014374
1.39620304108		3.37783908844
1.39957904816		1.81493091583
1.40295505524		3.11397171021
1.40632891655		2.11939334869
1.40970683098		2.7536907196
1.41308093071		2.47967433929
1.41645789146		2.37818622589
1.41983389854		2.8399553299
1.42320895195		2.0331287384
1.42658305168		3.14949226379
1.42997002602		1.73881530762
1.43333387375		3.38291358948
1.43670892715		1.57136058807
1.44008398056		3.50977325439
1.44345998764		1.53584003448
1.44683504105		3.48947525024
1.4502120018		1.63732719421
1.45358705521		3.33724403381
1.45696306229		1.89612102509
1.46033883095		3.0632276535
1.46371293068		2.17521095276
1.46709704399		2.69279766083
1.47046494484		2.53549194336
1.47384095192		2.32744312286
1.47722482681		2.89577293396
1.48058986664		1.9823846817
1.48396492004		3.19008731842
1.48734283447		1.71344280243
1.49071502686		3.40828514099
1.49409103394		1.55613708496
1.4974758625		3.5199213028
1.5008430481		1.54598808289
1.50421690941		3.47932624817
1.50759506226		1.65762519836
1.51096892357		3.30172348022
1.51434493065		1.90119457245
1.51772904396		3.00740909576
1.52109599113		2.22595500946
1.52447295189		2.63698005676
1.52784800529		2.58623600006
1.53122186661		2.27162456512
1.5346019268		2.94651699066
1.53798389435		1.92656707764
1.5413479805		3.23068237305
1.54472994804		1.67792224884
1.54811000824		3.44380569458
1.55147600174		1.54598808289
1.55484986305		3.52499580383
1.55823302269		1.55106258392
1.56160187721		3.46410369873
1.56498384476		1.68807125092
1.5683529377		3.27127742767
1.5717279911		1.94686412811
1.57510399818		2.9617395401
1.57852387428		2.31729412079
1.5818529129		2.58623600006
1.58523201942		2.6420545578
1.58861494064		2.20565795898
1.59197998047		2.98711204529
1.59535598755		1.89104652405
1.59873199463		3.26620292664
1.60210704803		1.65255069733
1.60548186302		3.45902919769
1.60886287689		1.54091453552
1.61223387718		3.5199213028
1.61560702324		1.56628608704
1.61898589134		3.44380569458
1.62236094475		1.7235918045
1.62573504448		3.23068237305
1.62911295891		1.99760818481
1.63248491287		2.90592193604
1.6358628273		2.33251667023
1.63924384117		2.51519489288
1.64261484146		2.69787216187
1.64598894119		2.16506290436
1.64936494827		3.03278160095
1.652739048		1.84537696838
1.65611290932		3.29664897919
1.65949106216		1.62717819214
1.66286492348		3.47932624817
1.66623997688		1.53584003448
1.66961693764		3.51484680176
1.67299389839		1.58150959015
1.67636585236		3.4235086441
1.67974305153		1.75403785706
1.68311691284		3.19008731842
1.68649291992		2.0331287384
1.68986988068		2.8501033783
1.69324398041		2.38833522797
1.69661998749		2.47459983826
1.70000290871		2.75876522064
1.70337200165		2.11431884766
1.70674705505		3.07845020294
1.71012687683		1.79970741272
1.71350002289		3.33724403381
1.71687293053		1.58150959015
1.72025084496		3.49454975128
1.72362399101		1.53584003448
1.72699785233		3.50977325439
1.73037695885		1.60180664062
1.73374891281		3.39306259155
1.7371339798		1.79463291168
1.74050092697		3.13934326172
1.74388098717		2.09402179718
1.74725985527		2.78413677216
1.75061893463		2.43400478363
1.75399589539		2.42385578156
1.75737285614		2.79936027527
1.76075387001		2.05850028992
1.76412892342		3.11397171021
1.76750397682		1.76926136017
1.7708799839		3.36261558533
1.77425289154		1.58150959015
1.77763795853		3.50469875336
1.78101491928		1.53584003448
1.78437995911		3.50469875336
1.78775691986		1.6221036911
1.79113197327		3.35754108429
1.79450702667		1.83015346527
1.79788994789		3.08859920502
1.80125999451		2.14476490021
1.80463600159		2.73846721649
1.8080098629		2.49489688873
1.81138586998		2.35788917542
1.81475996971		2.8501033783
1.81813693047		2.01283168793
1.82151603699		3.16978931427
1.8248898983		1.73374080658
1.82827305794		3.39813613892
1.83163690567		1.56628608704
1.83501386642		3.51484680176
1.83839392662		1.54598808289
1.84176492691		3.49454975128
1.84513783455		1.64240169525
1.84860301018		3.26620292664
1.85201692581		1.96716213226
1.85539102554		2.93129348755
1.8587679863		2.30714511871
1.86214089394		2.55578994751
1.86551690102		2.67250061035
1.86889505386		2.18535995483
1.87226891518		3.00740909576
1.87564396858		1.8707485199
1.87902188301		3.28142547607
1.88239383698		1.63732719421
1.88576984406		3.46917819977
1.88914895058		1.53584003448
1.89252090454		3.52499580383
1.89589691162		1.57136058807
1.89927196503		3.42858314514
1.90264797211		1.73881530762
1.90602302551		3.2103843689
1.90940189362		2.01790523529
1.91278004646		2.87040138245
1.91614890099		2.35788917542
1.91952705383		2.49489688873
1.9228990078		2.72324466705
1.92627596855		2.13461589813
1.92965292931		3.05815315247
1.93302702904		1.83015346527
1.93640398979		3.31694602966
1.9397778511		1.61703014374
1.94315290451		3.48440074921
1.94652891159		1.53584003448
1.94990587234		3.51484680176
1.9532828331		1.58658313751
1.95665383339		3.40828514099
1.96003389359		1.77940940857
1.9634039402		3.16471481323
1.96678090096		2.06357479095
1.97015690804		2.81965732574
1.97353196144		2.40863323212
1.97690796852		2.39848423004
1.98028302193		2.77906227112
1.98365688324		2.0838727951
1.98703384399		3.12919425964
1.99041104317		1.78448390961
1.99378299713		3.34739303589
1.99716687202		1.59165763855
2.00053501129		3.49962425232
2.00391197205		1.53584003448
2.00728583336		3.50977325439
2.01066303253		1.6119556427
2.01403784752		3.37783908844
2.01742386818		1.8200044632
2.02078986168		3.09874820709
2.02417993546		2.12954235077
2.0275478363		2.7536907196
2.03091597557		2.46952533722
2.03429102898		2.393409729
2.0376739502		2.8399553299
2.04104495049		2.02805423737
2.04441690445		3.13934326172
2.04779601097		1.74896335602
2.05116701126		3.37783908844
2.05454397202		1.57643508911
2.05793094635		3.51484680176
2.06129384041		1.53584003448
2.06466984749		3.49454975128
2.06804704666		1.63732719421
2.07142090797		3.34231853485
2.07479786873		1.85552597046
2.07817387581		3.05307865143
2.08155488968		2.1701374054
2.08492398262		2.7029466629
2.08829689026		2.53041744232
2.09167504311		2.33759117126
2.09504890442		2.87547588348
2.09855985641		1.8707485199
2.10192990303		3.27127742767
2.10530400276		1.65255069733
2.10868692398		3.46410369873
2.11205196381		1.53584003448
2.11542701721		3.5199213028
2.11880493164		1.56628608704
2.12217783928		3.44888019562
2.12555193901		1.7235918045
2.12893295288		3.22560787201
2.1323029995		1.99253368378
2.1356780529		2.90592193604
2.13906097412		2.34774017334
2.14243102074		2.52534389496
2.14580702782		2.69787216187
2.1491830349		2.15998840332
2.15255689621		3.03785610199
2.15593290329		1.84537696838
2.15930986404		3.30172348022
2.16268801689		1.6221036911
2.16605901718		3.47932624817
2.16943693161		1.53076553345
2.17280983925		3.5199213028
2.17618703842		1.58658313751
2.1795630455		3.41335964203
2.18293595314		1.75403785706
2.18631100655		3.18501281738
2.18968701363		2.04327774048
2.19306087494		2.85517787933
2.19643592834		2.38833522797
2.19981384277		2.46445083618
2.20318984985		2.74861621857
2.20656490326		2.10924434662
2.20994305611		3.08352470398
2.21331501007		1.80985641479
2.21669101715		3.33724403381
2.22006702423		1.60180664062
2.22344303131		3.49454975128
2.2268178463		1.53076553345
2.23019504547		3.50977325439
2.23356795311		1.60180664062
2.23694396019		3.36769008636
2.2403190136		1.79463291168
2.24369502068		3.13934326172
2.24710488319		2.12446784973
2.25044894218		2.78413677216
2.25382089615		2.44415378571
2.25720500946		2.40355873108
2.26057100296		2.80443382263
2.26394701004		2.05850028992
2.26732993126		3.12919425964
2.27069687843		1.76926136017
2.27407383919		3.36261558533
2.27744984627		1.58150959015
2.28082990646		3.50977325439
2.28420090675		1.53584003448
2.28757500648		3.50469875336
2.29095196724		1.6221036911
2.29432487488		3.35246753693
2.29774403572		1.87582302094
2.30111289024		3.05307865143
2.30445504189		2.14476490021
2.30782985687		2.72324466705
2.31120705605		2.50504589081
2.31458091736		2.35788917542
2.31795406342		2.86532688141
2.32133388519		2.00268268585
2.32470488548		3.15964031219
2.32808494568		1.72866630554
2.33145499229		3.39813613892
2.33483099937		1.56628608704
2.33821392059		3.5199213028
2.34158301353		1.54091453552
2.34495997429		3.48947525024
2.34834003448		1.64240169525
2.35170888901		3.32709503174
2.35508489609		1.87582302094
2.35850191116		3.00740909576
2.36183786392		2.20058345795
2.36521100998		2.67250061035
2.36859893799		2.57101249695
2.37196803093		2.29699611664
2.37533593178		2.900847435
2.37872099876		1.95701313019
2.38208794594		3.20530986786
2.38546204567		1.69822025299
2.38883900642		3.4235086441
2.3922150135		1.55106258392
2.39558887482		3.5199213028
2.39896702766		1.54598808289
2.40234184265		3.47425174713
2.40571594238		1.6728477478
2.4090950489		3.29157447815
2.4124648571		1.91641807556
2.41584205627		2.98711204529
2.4192199707		2.24625301361
2.42259192467		2.62175655365
2.42596793175		2.61160755157
2.4293448925		2.24625301361
2.43271899223		2.95666599274
2.43609595299		1.91134357452
2.43947005272		3.24590492249
2.4428460598		1.66777324677
2.44621992111		3.44888019562
2.44959998131		1.54091453552
2.45297193527		3.52499580383
2.45634794235		1.561211586
2.45972394943		3.45902919769
2.46309900284		1.70329380035
2.46647500992		3.24590492249
2.469851017		1.96208763123
2.47322893143		2.93636798859
2.47660589218		2.30714511871
2.47998285294		2.55071544647
2.48335289955		2.66742610931
2.48672699928		2.19550895691
2.49010491371		3.00740909576
2.49347686768		1.87582302094
2.4968559742		3.30172348022
2.50022983551		1.64240169525
2.50360298157		3.46410369873
2.50697898865		1.53584003448
2.51035904884		3.5199213028
2.51373004913		1.57136058807
2.5171148777		3.4336566925
2.52048397064		1.73374080658
2.5238609314		3.2103843689
2.52723789215		2.01283168793
2.53060889244		2.89069843292
2.5339820385		2.35281467438
2.53736805916		2.4898223877
2.54073190689		2.71817016602
2.54411005974		2.14476490021
2.54749488831		3.05815315247
2.55086183548		1.83015346527
2.55423688889		3.3118724823
2.55762004852		1.6119556427
2.56098890305		3.48440074921
2.56436085701		1.53584003448
2.56773900986		3.51484680176
2.57111597061		1.58658313751
2.57448792458		3.40828514099
2.57787394524		1.77433586121
2.5812458992		3.16978931427
2.58461785316		2.06357479095
2.58799791336		2.81965732574
2.5913670063		2.40863323212
2.59474205971		2.44922733307
2.59812688828		2.77906227112
2.6014919281		2.08894729614
2.60486888885		3.11397171021
2.60825204849		1.77940940857
2.61162090302		3.34739303589
2.61499404907		1.59673213959
2.61837887764		3.50469875336
2.62174606323		1.53584003448
2.62512087822		3.50977325439
2.6285970211		1.64747619629
2.63199687004		3.3118724823
2.63537192345		1.89612102509
2.63874983788		3.01755809784
2.64212203026		2.22088050842
2.64549994469		2.64712810516
2.64888095856		2.58623600006
2.6522500515		2.27669906616
2.65562701225		2.93636798859
2.65900182724		1.93671607971
2.66237401962		3.22053337097
2.66575193405		1.68299674988
2.66912984848		3.43873119354
2.67250394821		1.55106258392
2.67587804794		3.52499580383
2.6792550087		1.55613708496
2.68262887001		3.46410369873
2.68600893021		1.69314575195
2.68938183784		3.27127742767
2.6927549839		1.94178962708
2.69612884521		2.9617395401
2.69950795174		2.27162456512
2.7028799057		2.5913105011
2.70625686646		2.63698005676
2.70963788033		2.21580600739
2.71301484108		2.99218654633
2.71638298035		1.89104652405
2.71976089478		3.26620292664
2.72313284874		1.65762519836
2.72650885582		3.45902919769
2.72988796234		1.53584003448
2.73325991631		3.5199213028
2.73663496971		1.56628608704
2.74001693726		3.44380569458
2.74338889122		1.71851730347
2.74676299095		3.23068237305
2.75013804436		1.9823846817
2.75351285934		2.90592193604
2.75688695908		2.36803817749
2.76026701927		2.53041744232
2.76363897324		2.69279766083
2.76701688766		2.12954235077
2.77039003372		3.02770709991
2.77376699448		1.85045146942
2.77715206146		3.30172348022
2.78051590919		1.62717819214
2.78389406204		3.47932624817
2.78727698326		1.53584003448
2.7906498909		3.51484680176
2.79401898384		1.58150959015
2.79740190506		3.41843414307
2.80077004433		1.75403785706
2.80414485931		3.19008731842
2.80752205849		2.0331287384
2.81089687347		2.8501033783
2.81427001953		2.38326072693
2.81764888763		2.46952533722
2.82102394104		2.74861621857
2.82439994812		2.10924434662
2.82778096199		3.07845020294
2.83115196228		1.80985641479
2.83452987671		3.34231853485
2.83790397644		1.60180664062
2.84127783775		3.49454975128
2.84465098381		1.53076553345
2.84802699089		3.51484680176
2.85140395164		1.60180664062
2.85477590561		3.39813613892
2.85815405846		1.78955841064
2.86152696609		3.14949226379
2.86490488052		2.08894729614
2.86828494072		2.78921127319
2.87165498734		2.43907928467
2.87503004074		2.41878128052
2.87840485573		2.79428577423
2.88178086281		2.06357479095
2.88515806198		3.11904525757
2.88857102394		1.74896335602
2.89190602303		3.36261558533
2.89528989792		1.58150959015
2.89866805077		3.50977325439
2.90203404427		1.54091453552
2.90540790558		3.50469875336
2.90879297256		1.62717819214
2.91216182709		3.36261558533
2.91553592682		1.83015346527
2.91891288757		3.09367370605
2.92228484154		2.13461589813
2.92566299438		2.73846721649
2.92903995514		2.49489688873
2.93241286278		2.36803817749
2.93578791618		2.85517787933
2.93916487694		2.01790523529
2.94253802299		3.15456676483
2.94591593742		1.73374080658
2.94929099083		3.39306259155
2.95266699791		1.56628608704
2.95606684685		3.5199213028
2.95941901207		1.53584003448
2.96279382706		3.49454975128
2.96616697311		1.64240169525
2.96954488754		3.33216953278
2.97291898727		1.8707485199
2.97629499435		3.05307865143
2.97967100143		2.18535995483
2.98304605484		2.68264961243
2.98642086983		2.54564094543
2.98979783058		2.31221961975
2.99317002296		2.900847435
2.99654603004		1.96716213226
2.99992990494		3.20530986786
3.00329685211		1.70329380035
3.00667190552		3.4235086441
3.01004505157		1.55613708496
3.01341605186		3.5199213028
3.01679205894		1.54091453552
3.02017688751		3.47932624817
3.02354884148		1.6728477478
3.02692484856		3.27635097504
3.0303030014		1.91134357452
3.03367805481		2.99726104736
3.0370490551		2.27162456512
3.04042696953		2.62683105469
3.04380083084		2.60145950317
3.04718494415		2.25132751465
3.050552845		2.9515914917
3.05392694473		1.92656707764
3.05735492706		3.27127742767
3.06068086624		1.6728477478
3.06405687332		3.44888019562
3.06743597984		1.54091453552
3.07080602646		3.52499580383
3.07418203354		1.561211586
3.07756400108		3.45395469666
3.08093905449		1.69822025299
3.08430790901		3.25605392456
3.08768296242		1.95701313019
3.09106087685		2.94144248962
3.09443187714		2.2919216156
3.0978178978		2.56086444855
3.10118484497		2.65727710724
3.10456585884		2.19550895691
3.10793685913		3.00233459473
3.1113140583		1.87582302094
3.11468887329		3.27635097504
3.11806988716		1.64240169525
3.12143802643		3.46410369873
3.12481188774		1.53584003448
3.12818789482		3.5199213028
3.13156485558		1.57136058807
3.13493800163		3.43873119354
3.13831591606		1.73374080658
3.14169192314		3.21545886993
3.1450688839		2.00775718689
3.14848804474		2.84502887726
3.15181803703		2.34774017334
3.15519189835		2.51519489288
3.15857791901		2.71817016602
3.16194295883		2.14983940125
3.16531801224		3.04292964935
3.16870188713		1.83522796631
3.17206788063		3.3118724823
3.17544603348		1.6221036911
3.17882299423		3.48440074921
3.18219590187		1.53584003448
3.18557286263		3.5199213028
3.18894696236		1.58658313751
3.19232201576		3.41335964203
3.19569683075		1.76418685913
3.1990749836		3.16978931427
3.20244789124		2.05342674255
3.20582389832		2.8399553299
3.20921206474		2.41370677948
3.2125749588		2.45430183411
3.21595191956		2.76383876801
3.21932792664		2.09402179718
3.22270083427		3.09367370605
3.22607803345		1.79463291168
3.2294549942		3.34739303589
3.23282694817		1.60180664062
3.23620486259		3.49962425232
3.23958086967		1.54091453552
3.24295401573		3.51484680176
3.24633002281		1.60688114166
3.24970698357		3.37783908844
3.2530798912		1.79970741272
3.25645589828		3.12919425964
3.25983285904		2.09909534454
3.2632060051		2.77398777008
3.26658391953		2.45937633514
3.2699649334		2.38833522797
3.27333402634		2.81965732574
3.27670788765		2.04835224152
3.28008389473		3.13426876068
3.28346085548		1.75911235809
3.28683495522		3.39306259155
3.29021406174		1.58150959015
3.2935860157		3.51484680176
3.29696202278		1.54091453552
3.30033898354		3.49962425232
3.30371403694		1.62717819214
3.30709290504		3.35246753693
3.31046390533		1.84537696838
3.3138449192		3.07845020294
3.31721496582		2.15491390228
3.32059001923		2.71817016602
3.32396888733		2.51519489288
3.32734894753		2.33759117126
3.33071899414		2.87040138245
3.33409190178		2.00268268585
3.33747792244		3.17993831635
3.34084296227		1.7235918045
3.344217062		3.41335964203
3.34762191772		1.55613708496
3.35097002983		3.51484680176
3.35434484482		1.54091453552
3.3577299118		3.48440074921
3.36109805107		1.65255069733
3.36447095871		3.3220205307
3.36784601212		1.88089752197
3.3712220192		3.03785610199
3.37459802628		2.20565795898
3.37798094749		2.6522026062
3.38134789467		2.57101249695
3.38472294807		2.29699611664
3.38810706139		2.92621898651
3.39147400856		1.94686412811
3.39485287666		3.21545886993
3.39823698997		1.68807125092
3.40160298347		3.4336566925
3.40497684479		1.55106258392
3.40835189819		3.5199213028
3.4117269516		1.54598808289
3.41510295868		3.47425174713
3.41859388351		1.74388885498
3.42198085785		3.19516181946
3.42535400391		2.02805423737
3.42873287201		2.86025238037
3.4321038723		2.37818622589
3.43547987938		2.48474884033
3.43885684013		2.74354171753
3.44223189354		2.12446784973
3.44560694695		3.06830215454
3.44898986816		1.80985641479
3.45235586166		3.32709503174
3.45573401451		1.6119556427
3.45910787582		3.48947525024
3.4624838829		1.53584003448
3.46585988998		3.51484680176
3.46923589706		1.59673213959
3.47261095047		3.39813613892
3.47598600388		1.78448390961
3.47936201096		3.14949226379
3.48273706436		2.07372379303
3.48611497879		2.80443382263
3.4894900322		2.43400478363
3.49286389351		2.42893028259
3.49623894691		2.79428577423
3.49961686134		2.06864929199
3.50298786163		3.11397171021
3.50636506081		1.78448390961
3.50974583626		3.36261558533
3.51311898232		1.58658313751
3.5164899826		3.50469875336
3.51986885071		1.53584003448
3.52325105667		3.50977325439
3.52661800385		1.61703014374
3.53000283241		3.35246753693
3.53336906433		1.8200044632
3.53674197197		3.10382270813
3.54012084007		2.12954235077
3.5434949398		2.74861621857
3.54687094688		2.53041744232
3.55024504662		2.37311172485
3.5536210537		2.84502887726
3.55699586868		1.99253368378
3.56037187576		3.15456676483
3.56374597549		1.74388885498
3.56712388992		3.38798809052
3.57049894333		1.56628608704
3.57387399673		3.5199213028
3.57726097107		1.54091453552
3.58062601089		3.49962425232
3.58400392532		1.64240169525
3.58738398552		3.33216953278
3.59075188637		1.86567401886
3.59412693977		3.05815315247
3.59751105309		2.19043445587
3.60087895393		2.68772315979
3.60425496101		2.5405664444
3.60763001442		2.32236862183
3.61100482941		2.89577293396
3.61437702179		1.9823846817
3.61776590347		3.20530986786
3.62112998962		1.70836830139
3.6245059967		3.41843414307
3.62789297104		1.55613708496
3.63125705719		3.52499580383
3.63463306427		1.54598808289
3.63801598549		3.47932624817
3.64138484001		1.66777324677
3.64475893974		3.30679798126
3.64813494682		1.91134357452
3.65151000023		3.00233459473
3.65488505363		2.2310295105
3.65826892853		2.62175655365
3.66163682938		2.59638500214
3.66501283646		2.26147556305
3.66839385033		2.9515914917
3.67176389694		1.9214925766
3.67513895035		3.23068237305
3.67860102654		1.63225269318
3.68201684952		3.48947525024
3.68539094925		1.53584003448
3.68876600266		3.5199213028
3.69214200974		1.58658313751
3.69551706314		3.40828514099
3.69889187813		1.76926136017
3.70226788521		3.17486381531
3.70564293861		2.05850028992
3.70902085304		2.82980632782
3.7123939991		2.40355873108
3.71577000618		2.45430183411
3.71914601326		2.76891326904
3.72251987457		2.09402179718
3.7258939743		3.08859920502
3.7292740345		1.79463291168
3.73265194893		3.34739303589
3.73602199554		1.60180664062
3.7393989563		3.50469875336
3.74277305603		1.53076553345
3.74614906311		3.50977325439
3.74952602386		1.60688114166
3.75289988518		3.38291358948
3.75627493858		1.80478191376
3.75964999199		3.12919425964
3.76302504539		2.09909534454
3.76640200615		2.77398777008
3.76977801323		2.46445083618
3.77315402031		2.39848423004
3.77652597427		2.81965732574
3.77990293503		2.04327774048
3.78327989578		3.14441776276
3.78666901588		1.74896335602
3.79003691673		3.38798809052
3.79340600967		1.57643508911
3.79678106308		3.51484680176
3.80015587807		1.53076553345
3.80353093147		3.50469875336
3.8069050312		1.64747619629
3.81028389931		3.35246753693
3.81365704536		1.83522796631
3.81703805923		3.00740909576
3.82053804398		2.27669906616
3.82390904427		2.5913105011
3.82728505135		2.63698005676
3.83065986633		2.22595500946
3.83403682709		2.98203754425
3.83742403984		1.88597202301
3.84078788757		3.2611284256
3.84416103363		1.66269874573
3.84753799438		3.46410369873
3.8509118557		1.54091453552
3.85428595543		3.5199213028
3.85766792297		1.56628608704
3.86103796959		3.44888019562
3.86441493034		1.71851730347
3.86779904366		3.22560787201
3.87116503716		1.9823846817
3.87454104424		2.91607093811
3.87792491913		2.33759117126
3.88129496574		2.53549194336
3.88466501236		2.68264961243
3.88804292679		2.1701374054
3.89141702652		3.02770709991
3.8947930336		1.85552597046
3.89817786217		3.30679798126
3.90154290199		1.63225269318
3.90491890907		3.47425174713
3.90829586983		1.53076553345
3.91167283058		3.5199213028
3.91504597664		1.58150959015
3.91850805283		3.38291358948
3.92192482948		1.83015346527
3.92529702187		3.09367370605
3.9286839962		2.14983940125
3.93204903603		2.73339271545
3.93542504311		2.49997138977
3.93879985809		2.35788917542
3.94217896461		2.86025238037
3.94555091858		2.00775718689
3.94892787933		3.16978931427
3.9522998333		1.73374080658
3.9556748867		3.39306259155
3.95905303955		1.56628608704
3.96242785454		3.51484680176
3.96580290794		1.53584003448
3.96918296814		3.48947525024
3.97255301476		1.64240169525
3.97592902184		3.32709503174
3.97930502892		1.87582302094
3.982681036		3.04292964935
3.98605704308		2.19550895691
3.98943305016		2.67757511139
3.99280595779		2.55071544647
3.99618291855		2.30207061768
3.99955701828		2.90592193604
4.00293302536		1.96208763123
4.00630784035		3.20530986786
4.00968599319		1.70329380035
4.01305794716		3.4235086441
4.01643586159		1.55106258392
4.01981091499		3.52499580383
4.02318501472		1.55106258392
4.02655982971		3.47425174713
4.02994084358		1.6728477478
4.03331589699		3.28649997711
4.0366859436		1.91641807556
4.04006290436		2.99218654633
4.04343700409		2.24117851257
4.04681897163		2.61160755157
4.05019187927		2.61160755157
4.05356383324		2.25132751465
4.05693984032		2.99726104736
4.0603158474		1.91641807556
4.06368994713		3.24083042145
4.06709384918		1.65255069733
4.07044291496		3.44888019562
4.07381701469		1.54598808289
4.07720088959		3.5199213028
4.08056902885		1.55613708496
4.08394289017		3.45395469666
4.0873298645		1.70836830139
4.090695858		3.25097942352
4.09406900406		1.96208763123
4.09745383263		2.93129348755
4.10082006454		2.29699611664
4.10419797897		2.56086444855
4.10757184029		2.66742610931
4.11094999313		2.19550895691
4.11432290077		3.00233459473
4.11770606041		1.86567401886
4.12108302116		3.28649997711
4.12444901466		1.64240169525
4.12782502174		3.46917819977
4.13119983673		1.54091453552
4.13457489014		3.5199213028
4.13795304298		1.57643508911
4.14132905006		3.4336566925
4.14470505714		1.73374080658
4.14808392525		3.20530986786
4.15145897865		2.01283168793
4.15482997894		2.88055038452
4.15821385384		2.35788917542
4.16157889366		2.51012039185
4.16495299339		2.71309566498
4.16833090782		2.14476490021
4.17170500755		3.04800415039
4.17508196831		1.83015346527
4.17850494385		3.34739303589
4.18183088303		1.6221036911
4.18520998955		3.48440074921
4.18859100342		1.53076553345
4.19195795059		3.5199213028
4.19533085823		1.59165763855
4.19871997833		3.40828514099
4.20208501816		1.76926136017
4.20546102524		3.16978931427
4.20883798599		2.05850028992
4.21220993996		2.83488082886
4.21558594704		2.40355873108
4.21896386147		2.44922733307
4.22233700752		2.76891326904
4.22571206093		2.09402179718
4.22909188271		3.09874820709
4.232462883		1.79463291168
4.23583984375		3.34739303589
4.23921489716		1.59165763855
4.24258995056		3.49962425232
4.24596405029		1.53076553345
4.24934601784		3.51484680176
4.25271701813		1.60688114166
4.256098032		3.37783908844
4.25946903229		1.80478191376
4.2628428936		3.12411975861
4.26621794701		2.10416984558
4.26959586143		2.76891326904
4.27296900749		2.46445083618
4.27634501457		2.39848423004
4.27972793579		2.85517787933
4.28311395645		2.02297973633
4.28646993637		3.13934326172
4.2898478508		1.75403785706
4.29322290421		3.37783908844
4.29660201073		1.56628608704
4.30012488365		3.5199213028
4.30348706245		1.561211586
4.30685591698		3.44380569458
4.31023001671		1.68807125092
4.31360292435		3.27127742767
4.31697487831		2.07879829407
4.32048487663		2.83488082886
4.32385396957		2.393409729
4.32723689079		2.45430183411
4.33060383797		2.7536907196
4.33397698402		2.10416984558
4.33736300468		3.09367370605
4.34072804451		1.80478191376
4.34410405159		3.33724403381
4.34748888016		1.59673213959
4.35085582733		3.49454975128
4.35423398018		1.53076553345
4.35761404037		3.50977325439
4.36098694801		1.60180664062
4.36435890198		3.38291358948
4.36773300171		1.78955841064
4.37110590935		3.14441776276
4.37448406219		2.09909534454
4.37786602974		2.77398777008
4.38123393059		2.44415378571
4.38460898399		2.41370677948
4.38799190521		2.81458282471
4.39136099815		2.05850028992
4.39473700523		3.12411975861
4.39811897278		1.75911235809
4.40148901939		3.36769008636
4.40486192703		1.58150959015
4.40823984146		3.50977325439
4.41161489487		1.54091453552
4.41499090195		3.50469875336
4.41837286949		1.6221036911
4.42174005508		3.36261558533
4.42512083054		1.84030246735
4.42857599258		3.0124835968
4.43199205399		2.26147556305
4.43536806107		2.60145950317
4.43874382973		2.62683105469
4.44211983681		2.23610401154
4.44549298286		2.97188854218
4.44887089729		1.90626907349
4.45224499702		3.25097942352
4.45562005043		1.65762519836
4.45899486542		3.45395469666
4.4623708725		1.54598808289
4.46575188637		3.52499580383
4.46912288666		1.561211586
4.47249698639		3.45395469666
4.47587203979		1.70836830139
4.47924804688		3.24590492249
4.48262286186		1.9722366333
4.48599791527		2.92621898651
4.48937702179		2.31221961975
4.49274897575		2.54564094543
4.49612498283		2.67250061035
4.49950098991		2.18535995483
4.50287604332		3.01755809784
4.50624990463		1.86567401886
4.50963306427		3.29157447815
4.51300191879		1.63732719421
4.51637887955		3.47425174713
4.51975393295		1.53584003448
4.52312803268		3.5199213028
4.52650284767		1.57643508911
4.52988195419		3.4235086441
4.53325605392		1.74388885498
4.536632061		3.20023536682
4.54001188278		2.0331287384
4.5433819294		2.87040138245
4.54675889015		2.36803817749
4.55013298988		2.4898223877
4.55350804329		2.72831821442
4.5568819046		2.07879829407
4.56025791168		3.05815315247
4.56363391876		1.8200044632
4.56700801849		3.34231853485
4.57039499283		1.60688114166
4.57376098633		3.49454975128
4.57714605331		1.53076553345
4.58051085472		3.51484680176
4.58388590813		1.58658313751
4.58727192879		3.39813613892
4.59063887596		1.77940940857
4.59401297569		3.15964031219
4.59739685059		2.07879829407
4.60076498985		2.81458282471
4.60413885117		2.42385578156
4.60752487183		2.42893028259
4.61088991165		2.78413677216
4.61426496506		2.07879829407
4.61765098572		3.11397171021
4.62101793289		1.78448390961
4.62439203262		3.35246753693
4.62777590752		1.58658313751
4.63114500046		3.49962425232
4.63452005386		1.53076553345
4.63790082932		3.50977325439
4.6412730217		1.61703014374
4.64464402199		3.3727645874
4.64802289009		1.8200044632
4.65139698982		3.10889720917
4.65477204323		2.11939334869
4.65815496445		2.7536907196
4.6615228653		2.47459983826
4.66489696503		2.38326072693
4.66828203201		2.8399553299
4.67164897919		2.0331287384
4.67503094673		3.14949226379
4.67840003967		1.74388885498
4.68177700043		3.38291358948
4.68515086174		1.57136058807
4.68856596947		3.5199213028
4.69190096855		1.54091453552
4.69527482986		3.49962425232
4.69866204262		1.64240169525
4.70202803612		3.33724403381
4.7054040432		1.86059951782
4.70878791809		3.05307865143
4.71215391159		2.17521095276
4.71553087234		2.69787216187
4.71890497208		2.53041744232
4.72228002548		2.32744312286
4.72565484047		2.88562393188
4.72903203964		1.9823846817
4.73240685463		3.19008731842
4.73578190804		1.71344280243
4.73916006088		3.41335964203
4.74253296852		1.55613708496
4.74590802193		3.5199213028
4.74928498268		1.54598808289
4.75265884399		3.48440074921
4.75603485107		1.65762519836
4.75941205025		3.30172348022
4.76278495789		1.90119457245
4.76616001129		3.01755809784
4.76953792572		2.22595500946
4.77291083336		2.6420545578
4.77628684044		2.58623600006
4.77967095375		2.26147556305
4.78303790092		2.93636798859
4.786413908		1.93671607971
4.78979301453		3.22560787201
4.79317188263		1.67792224884
4.7965388298		3.43873119354
4.79991793633		1.54598808289
4.80329203606		3.52499580383
4.8066649437		1.55106258392
4.81004786491		3.45902919769
4.8134188652		1.69314575195
4.81679201126		3.27127742767
4.82017183304		1.95193862915
4.82354593277		2.95666599274
4.8269200325		2.33759117126
4.8302989006		2.58116149902
4.83367085457		2.6420545578
4.83704686165		2.14983940125
4.84043192863		2.99218654633
4.84379601479		1.89104652405
4.84718084335		3.27127742767
4.85054802895		1.65255069733
4.85392189026		3.45902919769
4.85730886459		1.54091453552
4.86067605019		3.5199213028
4.8640499115		1.561211586
4.86743402481		3.44380569458
4.87080001831		1.71851730347
4.87417697906		3.23068237305
4.87755894661		1.99760818481
4.88092803955		2.900847435
4.88430786133		2.33251667023
4.88768005371		2.53041744232
4.89105296135		2.69279766083
4.89442801476		2.16506290436
4.89781403542		3.03785610199
4.90117883682		1.84537696838
4.904556036		3.30172348022
4.90793085098		1.63225269318
4.91130900383		3.47932624817
4.91468095779		1.53076553345
4.91806602478		3.51484680176
4.9214348793		1.58150959015
4.92480683327		3.41843414307
4.92818498611		1.75403785706
4.93155884743		3.19008731842
4.93493485451		2.03820323944
4.93831896782		2.8399553299
4.94168591499		2.38833522797
4.94506001472		2.47459983826
4.94853591919		2.84502887726
4.95194005966		2.00268268585
4.95531201363		3.17486381531
4.95869588852		1.72866630554
4.96206188202		3.39813613892
4.96544289589		1.56628608704
4.96881604195		3.5199213028
4.97218990326		1.54091453552
4.97556495667		3.48947525024
4.97894096375		1.65255069733
4.98231506348		3.31694602966
4.98569202423		1.88089752197
4.98907399178		3.02770709991
4.99244189262		2.20058345795
4.99581694603		2.67250061035
4.99919390678		2.56593894958
