0.000127792358398		1.65762519836
0.00427985191345		3.02263259888
0.00729298591614		3.0124835968
0.0102798938751		1.17555904388
0.013279914856		4.29630184174
0.0162858963013		0.906617164612
0.0192809104919		3.47932624817
0.0222809314728		2.42893028259
0.0252850055695		1.65255069733
0.0282828807831		4.10854911804
0.0312819480896		0.764533996582
0.0342838764191		3.95631790161
0.0372848510742		1.85552597046
0.0402839183807		2.20565795898
0.0432817935944		3.74319458008
0.046413898468		0.901542663574
0.049409866333		4.2912273407
0.0524117946625		1.21107959747
0.0554130077362		3.00233459473
0.0584089756012		2.99726104736
0.0614459514618		1.2516746521
0.0644087791443		4.2912273407
0.0674109458923		0.891393661499
0.0704128742218		3.52499580383
0.073410987854		2.37818622589
0.0764110088348		1.68807125092
0.0794138908386		4.08317756653
0.0824120044708		0.764533996582
0.0854249000549		3.99691295624
0.0884218215942		1.80478191376
0.0914199352264		2.27162456512
0.0944287776947		3.6823015213
0.0974209308624		0.85587310791
0.100421905518		4.26585483551
0.103421926498		1.3024187088
0.106423854828		2.89069843292
0.109422922134		3.12411975861
0.11242389679		1.12988948822
0.115425825119		4.3013753891
0.118424892426		0.942137718201
0.121424913406		3.41843414307
0.124425888062		2.49489688873
0.127425909042		1.58658313751
0.130424976349		4.13899612427
0.133425951004		0.76960849762
0.136427879333		3.90557384491
0.13942694664		1.9214925766
0.142430782318		2.14983940125
0.145429849625		3.7837896347
0.148428916931		0.820352554321
0.151426792145		4.22018527985
0.15444278717		1.38360881805
0.157428979874		2.7536907196
0.160429000854		3.26620292664
0.163428783417		1.06392288208
0.16642999649		4.31152439117
0.169427871704		1.00810432434
0.172429800034		3.3118724823
0.17543387413		2.62683105469
0.178431987762		1.47494697571
0.181432008743		4.19481372833
0.184438943863		0.784832000732
0.187431812286		3.79901218414
0.190433979034		2.04835224152
0.193432807922		2.01283168793
0.19643497467		3.8802022934
0.199432849884		0.78990650177
0.202436923981		4.16944217682
0.205440998077		1.48509597778
0.208436965942		2.61668205261
0.211434841156		3.39306259155
0.214442968369		0.992880821228
0.217436790466		4.31152439117
0.220439910889		1.06899738312
0.223436832428		3.19008731842
0.226437807083		2.76891326904
0.229437828064		1.37345981598
0.23243689537		4.23540878296
0.2354388237		0.815278053284
0.238439798355		3.69245052338
0.241438865662		2.1701374054
0.244439840317		1.88597202301
0.247446775436		3.96139240265
0.250441789627		0.774682998657
0.253439903259		4.10854911804
0.256440877914		1.6119556427
0.25944185257		2.47967433929
0.262442827225		3.5199213028
0.265442848206		0.931988716125
0.268443822861		4.3013753891
0.271442890167		1.15526103973
0.274448871613		3.07845020294
0.277442932129		2.91099643707
0.280443906784		1.27704620361
0.283442974091		4.27600383759
0.286446809769		0.860947608948
0.289444923401		3.58588886261
0.292445898056		2.29699611664
0.295445919037		1.75911235809
0.298445940018		4.0425825119
0.301447868347		0.76960849762
0.304454803467		4.03750801086
0.307448863983		1.73374080658
0.31044793129		2.3426656723
0.313445806503		3.64170646667
0.316448926926		0.886319160461
0.319447994232		4.28107833862
0.322449922562		1.24152565002
0.325451850891		2.9515914917
0.328449964523		3.04292964935
0.331450939178		1.18063354492
0.334456920624		4.29630184174
0.33745098114		0.911691665649
0.340458869934		3.48947525024
0.343451976776		2.42385578156
0.346451997757		1.64747619629
0.349452972412		4.11362361908
0.352453947067		0.764533996582
0.355453968048		3.95124340057
0.358454942703		1.85552597046
0.36145401001		2.21073246002
0.364455938339		3.73812007904
0.367455005646		0.840649604797
0.370455980301		4.25063228607
0.373454809189		1.34808731079
0.376456975937		2.81965732574
0.379455804825		3.18501281738
0.382462978363		1.09944343567
0.385458946228		4.31152439117
0.388457775116		0.972583770752
0.39145898819		3.3727645874
0.394460916519		2.55071544647
0.397459983826		1.53584003448
0.400460958481		4.16944217682
0.403459787369		0.779757499695
0.406461000443		3.85990524292
0.409460783005		1.97731018066
0.412462949753		2.07879829407
0.415463924408		3.82945823669
0.418460845947		0.810203552246
0.421461820602		4.20496273041
0.424469947815		1.43435192108
0.427464008331		2.68772315979
0.430463790894		3.3220205307
0.433482885361		1.03855037689
0.436465978622		4.31152439117
0.43946480751		1.04362487793
0.442463874817		3.25097942352
0.445466995239		2.68772315979
0.448466777802		1.42420387268
0.451464891434		4.21511173248
0.454472780228		0.800054550171
0.457466840744		3.75841712952
0.460465908051		2.10416984558
0.46346783638		1.95701313019
0.466472864151		3.91064834595
0.469467878342		0.784832000732
0.472467899323		4.14914417267
0.475471973419		1.54598808289
0.478469848633		2.55578994751
0.481468915939		3.45395469666
0.484470844269		0.957360267639
0.487469911575		4.3013753891
0.49047088623		1.11466598511
0.493470907211		3.13934326172
0.496470928192		2.82980632782
0.499470949173		1.32271575928
0.502471923828		4.25063228607
0.505472898483		0.83557510376
0.508472919464		3.65185546875
0.511472940445		2.22595500946
0.51447892189		1.84030246735
0.517473936081		4.00198745728
0.520473957062		0.76960849762
0.523475885391		4.07810306549
0.526481866837		1.65255069733
0.529475927353		2.42385578156
0.532476902008		3.56559085846
0.535478830338		0.906617164612
0.53847694397		4.2912273407
0.541476964951		1.19585609436
0.544482946396		3.02770709991
0.547477960587		2.96681404114
0.550477981567		1.22630310059
0.553481817245		4.28615283966
0.556475877762		0.881244659424
0.559471845627		3.53514480591
0.562471866608		2.36803817749
0.565481901169		1.71851730347
0.568480968475		4.07302856445
0.571480989456		0.759459495544
0.574486970901		3.99691295624
0.577480792999		1.78448390961
0.58048081398		2.2817735672
0.583481788635		3.6823015213
0.586483001709		0.860947608948
0.589481830597		4.26585483551
0.592482805252		1.28212070465
0.595484972		2.89577293396
0.598483800888		3.11397171021
0.601483821869		1.1400384903
0.604486942291		4.30644989014
0.607487916946		0.931988716125
0.61048579216		3.42858314514
0.613485813141		2.40863323212
0.616487979889		1.60688114166
0.619500875473		4.12377262115
0.622488975525		0.764533996582
0.625487804413		3.90050029755
0.628487825394		1.91134357452
0.631488800049		2.15998840332
0.63449382782		3.77364063263
0.63748884201		0.825427055359
0.640488862991		4.23033428192
0.643488883972		1.37853431702
0.646498918533		2.78413677216
0.649491786957		3.25097942352
0.652489900589		1.06392288208
0.655491828918		4.31659889221
0.658490896225		0.997955322266
0.661492824554		3.31694602966
0.664500951767		2.60653305054
0.667492866516		1.48509597778
0.670491933823		4.18973922729
0.673494815826		0.779757499695
0.676495790482		3.80916118622
0.679495811462		2.0331287384
0.682494878769		2.02297973633
0.685496807098		3.86497974396
0.688496828079		0.800054550171
0.691495895386		4.17959117889
0.69450378418		1.48002147675
0.697496891022		2.62683105469
0.700496912003		3.36769008636
0.703497886658		1.02332782745
0.706499814987		4.31659889221
0.709498882294		1.07407093048
0.712503910065		3.2103843689
0.715500831604		2.74861621857
0.718499898911		1.37853431702
0.721498966217		4.23033428192
0.724500894547		0.815278053284
0.727500915527		3.70767402649
0.730499982834		2.15998840332
0.733500957489		1.94178962708
0.73650097847		3.95631790161
0.739502906799		0.779757499695
0.742501974106		4.11362361908
0.745503902435		1.60180664062
0.748503923416		2.49489688873
0.751503944397		3.49962425232
0.754510879517		0.937063217163
0.757502794266		4.3013753891
0.760505914688		1.1501865387
0.763504981995		3.18501281738
0.766633987427		2.69279766083
0.769630908966		1.42420387268
0.772630929947		4.21511173248
0.775633811951		0.800054550171
0.778631925583		3.75334262848
0.781632900238		2.10416984558
0.784638881683		1.95701313019
0.7876329422		3.92079734802
0.790632963181		0.784832000732
0.793632984161		4.16436767578
0.796636819839		1.55613708496
0.799634933472		2.55071544647
0.802634000778		3.45902919769
0.805643796921		0.967509269714
0.808636903763		4.30644989014
0.811637878418		1.11466598511
0.814642906189		3.14441776276
0.817636966705		2.83488082886
0.82063794136		1.31764125824
0.823637962341		4.23033428192
0.826637983322		0.830501556396
0.829638004303		3.64678096771
0.832638978958		2.2310295105
0.835640907288		1.82507896423
0.838638782501		3.99691295624
0.841639995575		0.76960849762
0.84464097023		4.07302856445
0.847640991211		1.6728477478
0.850641012192		2.42385578156
0.853642940521		3.45395469666
0.856767892838		0.982732772827
0.859766960144		4.30644989014
0.862768888474		1.08421993256
0.865769863129		3.19008731842
0.868766784668		2.77906227112
0.871768951416		1.3633108139
0.874804973602		4.22018527985
0.877769947052		0.815278053284
0.88076877594		3.69245052338
0.883776903152		2.1701374054
0.886770009995		1.88089752197
0.889771938324		3.97154140472
0.892771959305		0.774682998657
0.895771980286		4.103474617
0.898777961731		1.6119556427
0.901770830154		2.47459983826
0.904808998108		3.47932624817
0.907773971558		0.926914215088
0.910771846771		4.29630184174
0.913782835007		1.1501865387
0.916773796082		3.0632276535
0.919775009155		2.92114448547
0.922776937485		1.26689815521
0.925776958466		4.27092933655
0.928776979446		0.860947608948
0.931777000427		3.58588886261
0.934811830521		2.25640106201
0.93777680397		1.75911235809
0.940776824951		4.0425825119
0.943786859512		0.764533996582
0.946778774261		4.02228546143
0.949777841568		1.74388885498
0.952781915665		2.3426656723
0.955778837204		3.64170646667
0.958778858185		0.876170158386
0.961778879166		4.27600383759
0.964861869812		1.16033554077
0.967906951904		3.11397171021
0.970904827118		2.86025238037
0.97391295433		1.3125667572
0.976907968521		4.26078033447
0.979907989502		0.840649604797
0.982908964157		3.6315574646
0.985910892487		2.25640106201
0.988909959793		1.80985641479
0.991915941238		4.00706195831
0.994912862778		0.76960849762
0.997909784317		4.05780601501
1.00091195107		1.68807125092
1.00391077995		2.393409729
1.00690984726		3.59603691101
1.00991177559		0.896468162537
1.01291179657		4.28615283966
1.01591396332		1.21107959747
1.01891279221		2.99726104736
1.02191281319		2.99726104736
1.02491879463		1.21615409851
1.02791190147		4.28615283966
1.0309138298		0.886319160461
1.03391981125		3.52499580383
1.03691482544		2.37818622589
1.03991484642		1.68299674988
1.0429148674		4.08825206757
1.04591798782		0.764533996582
1.04891490936		3.97661590576
1.05191779137		1.80985641479
1.05492281914		2.26655006409
1.05791687965		3.70259952545
1.06091690063		0.85587310791
1.06392383575		4.26078033447
1.0669260025		1.29734420776
1.06991887093		2.86532688141
1.07291889191		3.13934326172
1.07592082024		1.12481498718
1.07891893387		4.31152439117
1.08191895485		0.952286720276
1.0849339962		3.4235086441
1.08792185783		2.49997138977
1.09092187881		1.57136058807
1.09392690659		4.14406967163
1.0969209671		0.76960849762
1.09992194176		3.88527679443
1.10292196274		1.93671607971
1.10592699051		2.12954235077
1.10892295837		3.79901218414
1.11192297935		0.820352554321
1.11492991447		4.22018527985
1.11792588234		1.40390586853
1.12092685699		2.73339271545
1.1239259243		3.27635097504
1.12692689896		1.04869937897
1.12992691994		4.31659889221
1.13292598724		1.01317882538
1.13592886925		3.29157447815
1.1389298439		2.6420545578
1.14192700386		1.45972442627
1.14493083954		4.19988822937
1.1479279995		0.794981002808
1.15092992783		3.78886318207
1.15393686295		2.05342674255
1.15692996979		1.99760818481
1.15992999077		3.88527679443
1.16293001175		0.794981002808
1.16593194008		4.17451667786
1.16893196106		1.5104675293
1.17193078995		2.60653305054
1.17493891716		3.39813613892
1.17793679237		0.982732772827
1.18093490601		4.31152439117
1.1839389801		1.07914543152
1.18693399429		3.19008731842
1.18993377686		2.77906227112
1.19293379784		1.35823631287
1.19593691826		4.240483284
1.19893479347		0.820352554321
1.20193481445		3.68737602234
1.20494389534		2.17521095276
1.20793795586		1.87582302094
1.21093583107		3.97154140472
1.21394395828		0.774682998657
1.21693778038		4.12377262115
1.21994590759		1.6119556427
1.22293782234		2.46952533722
1.22593998909		3.52499580383
1.22894001007		0.92183971405
1.23193883896		4.29630184174
1.23494887352		1.15526103973
1.23793888092		3.0632276535
1.24094080925		2.92114448547
1.24394083023		1.26182365417
1.24694085121		4.27092933655
1.24994087219		0.85587310791
1.25294184685		3.58081436157
1.25594377518		2.31221961975
1.25894284248		1.74896335602
1.26194286346		4.04765701294
1.26494884491		0.764533996582
1.26794481277		4.02228546143
1.27094984055		1.73374080658
1.27394986153		2.3426656723
1.27694487572		3.64170646667
1.2799448967		0.876170158386
1.28294587135		4.27600383759
1.28594684601		1.2516746521
1.28894686699		2.93636798859
1.2919459343		3.0632276535
1.29495096207		1.17555904388
1.29794788361		4.29630184174
1.30094885826		0.911691665649
1.30395483971		3.47932624817
1.30694890022		2.43907928467
1.3099489212		1.63732719421
1.31295084953		4.11362361908
1.31595087051		0.759459495544
1.31894993782		3.93602085114
1.32195186615		1.86567401886
1.32495689392		2.21073246002
1.32795190811		3.75334262848
1.33095097542		0.83557510376
1.33395791054		4.240483284
1.33695077896		1.34808731079
1.33995389938		2.81458282471
1.34295296669		3.20023536682
1.34595489502		1.08929443359
1.34895300865		4.30644989014
1.35195279121		0.97765827179
1.3549618721		3.36261558533
1.35795283318		2.57608699799
1.36095499992		1.52569103241
1.36396694183		4.15929317474
1.36696100235		0.774682998657
1.36995983124		3.84975624084
1.37295794487		1.98745918274
1.37596392632		2.07879829407
1.37895679474		3.84468173981
1.38195681572		0.805129051208
1.38500285149		4.22525978088
1.3879609108		1.43435192108
1.39096689224		2.68772315979
1.39396381378		3.32709503174
1.39695978165		1.02332782745
1.39995980263		4.31152439117
1.40296196938		1.04362487793
1.40596294403		3.24590492249
1.40896296501		2.69787216187
1.41196680069		1.42420387268
1.41496896744		4.21511173248
1.41796183586		0.805129051208
1.42096185684		3.73812007904
1.42396998405		2.10416984558
1.42696499825		1.94178962708
1.42996382713		3.92587184906
1.43296599388		0.784832000732
1.43596577644		4.13899612427
1.43896389008		1.561211586
1.44196391106		2.53549194336
1.44497179985		3.45395469666
1.44796586037		0.962434768677
1.45096588135		4.30644989014
1.45397400856		1.11466598511
1.45697283745		3.13426876068
1.45996689796		2.8399553299
1.46296787262		1.31764125824
1.46596980095		4.25570678711
1.46896886826		0.840649604797
1.47196888924		3.64170646667
1.47497582436		2.23610401154
1.4779689312		1.81493091583
1.48096990585		4.00706195831
1.48397183418		0.76960849762
1.48696994781		4.06795406342
1.48997282982		1.67792224884
1.49297380447		2.40863323212
1.49597477913		3.57573986053
1.49897384644		0.901542663574
1.50197291374		4.2912273407
1.50497984886		1.2009305954
1.5079729557		3.00740909576
1.51097488403		2.98203754425
1.5139799118		1.22122859955
1.51697778702		4.28107833862
1.51997494698		0.886319160461
1.52297496796		3.53007030487
1.52597784996		2.36296367645
1.52897596359		1.69822025299
1.53197693825		4.07302856445
1.53498196602		0.759459495544
1.53797793388		3.99691295624
1.54097795486		1.80478191376
1.54398393631		2.2817735672
1.54697084427		3.69752502441
1.54997992516		0.85587310791
1.55297398567		4.26078033447
1.55598497391		1.29226970673
1.55898094177		2.88055038452
1.56198000908		3.11904525757
1.56498789787		1.1400384903
1.56798100471		4.3013753891
1.57098078728		0.947212219238
1.57398796082		3.4336566925
1.57698297501		2.49489688873
1.57998180389		1.59673213959
1.58299088478		4.12884712219
1.58598589897		0.764533996582
1.58898282051		3.90050029755
1.59198379517		1.9214925766
1.59498786926		2.14983940125
1.59798884392		3.7837896347
1.60098481178		0.820352554321
1.60398578644		4.22018527985
1.60698580742		1.39883136749
1.6099858284		2.74861621857
1.61298680305		3.2611284256
1.6159889698		1.04869937897
1.61898899078		4.31152439117
1.62198781967		1.00810432434
1.62499380112		3.31694602966
1.62798786163		2.63190555573
1.63098883629		1.47494697571
1.6339969635		4.18973922729
1.63698983192		0.784832000732
1.63999080658		3.80408668518
1.64299583435		2.03820323944
1.64599680901		2.02297973633
1.6489918232		3.8802022934
1.6519908905		0.800054550171
1.6549987793		4.17451667786
1.65799283981		1.5003194809
1.66099190712		2.61668205261
1.66399884224		3.38798809052
1.66699290276		0.992880821228
1.66999387741		4.31152439117
1.67299485207		1.07407093048
1.67599797249		3.19516181946
1.6789958477		2.76891326904
1.68199491501		1.36838531494
1.68500185013		4.23540878296
1.68799686432		0.815278053284
1.69099783897		3.69752502441
1.69400382042		2.16506290436
1.69699692726		1.89104652405
1.69999790192		3.96646690369
1.7029979229		0.774682998657
1.70599985123		4.11362361908
1.70899796486		1.6119556427
1.71199893951		2.48474884033
1.71500587463		3.50977325439
1.71799993515		0.931988716125
1.72100090981		4.3013753891
1.72400593758		1.14511299133
1.72699999809		3.07337665558
1.73000097275		2.90592193604
1.73300290108		1.27197170258
1.73601198196		4.27092933655
1.73900294304		0.85587310791
1.74200391769		3.59096240997
1.74500989914		2.2919216156
1.74800491333		1.76418685913
1.75100398064		4.0425825119
1.75401186943		0.76960849762
1.75700378418		4.03243350983
1.76000499725		1.72866630554
1.76300477982		2.35281467438
1.76600694656		3.62648391724
1.76900577545		0.881244659424
1.77200579643		4.28107833862
1.77501177788		1.23645114899
1.77800679207		2.94651699066
1.78100800514		3.04292964935
1.78401398659		1.18570804596
1.78700995445		4.3013753891
1.79000997543		0.906617164612
1.79300785065		3.47425174713
1.79601097107		2.37311172485
1.79902482033		1.6728477478
1.80200982094		4.10854911804
1.80501890182		0.764533996582
1.80801081657		3.94616889954
1.81101083755		1.85552597046
1.81401801109		2.22088050842
1.81701278687		3.73812007904
1.82001280785		0.845724105835
1.82301187515		4.25063228607
1.82601594925		1.33793926239
1.82901787758		2.82980632782
1.83201479912		3.17993831635
1.83502078056		1.10451793671
1.83801579475		4.31152439117
1.84101486206		0.972583770752
1.84401679039		3.36769008636
1.84701681137		2.55071544647
1.85001587868		1.53076553345
1.85301685333		4.16944217682
1.85601997375		0.774682998657
1.85901689529		3.85483074188
1.86201786995		1.9823846817
1.86502480507		2.08894729614
1.86802101135		3.82438468933
1.87101984024		0.810203552246
1.87402677536		4.21003723145
1.87702083588		1.43942642212
1.88002300262		2.69279766083
1.88302183151		3.3118724823
1.88602280617		1.02332782745
1.88902187347		4.31659889221
1.89201998711		1.03855037689
1.89502382278		3.2611284256
1.89802193642		2.69279766083
1.90102291107		1.42420387268
1.90402984619		4.21003723145
1.90702486038		0.800054550171
1.91002297401		3.75334262848
1.91303181648		2.0838727951
1.9160349369		1.9823846817
1.91902780533		3.91572284698
1.92203092575		0.784832000732
1.92503499985		4.15421867371
1.92802596092		1.55106258392
1.93102693558		2.55071544647
1.93402981758		3.44380569458
1.93702888489		0.962434768677
1.94002795219		4.30644989014
1.94302988052		1.10451793671
1.94603085518		3.14949226379
1.94903087616		2.81965732574
1.95202898979		1.33286476135
1.95503091812		4.25063228607
1.95802998543		0.830501556396
1.96103191376		3.65185546875
1.96403193474		2.2310295105
1.96703100204		1.83015346527
1.97003078461		4.00198745728
1.9730348587		0.76960849762
1.97603297234		4.07810306549
1.97903299332		1.66777324677
1.98203277588		2.42385578156
1.98503494263		3.5706653595
1.98803496361		0.911691665649
1.99103593826		4.2912273407
1.99403786659		1.18570804596
1.99703598022		3.02770709991
2.00003480911		2.96681404114
2.00303483009		1.23137664795
2.00603699684		4.28107833862
2.00903582573		0.881244659424
2.01203584671		3.54529380798
2.01504683495		2.33251667023
2.01803898811		1.71344280243
2.021037817		4.07302856445
2.02404499054		0.759459495544
2.0270409584		3.99691295624
2.03003978729		1.78448390961
2.03304100037		2.2919216156
2.03604078293		3.6823015213
2.039041996		0.871096611023
2.04206395149		4.27600383759
2.04504394531		1.27704620361
2.0480427742		2.89577293396
2.05104184151		3.10382270813
2.05404782295		1.15526103973
2.05704379082		4.29630184174
2.0600438118		0.931988716125
2.0630428791		3.42858314514
2.06604385376		2.47967433929
2.06904578209		1.60180664062
2.07204389572		4.13392162323
2.07504677773		0.764533996582
2.07804489136		3.90557384491
2.08104681969		1.90626907349
2.08404684067		2.14983940125
2.08704590797		3.7837896347
2.09004592896		0.825427055359
2.09304785728		4.23033428192
2.09604978561		1.37853431702
2.0990459919		2.76383876801
2.10204792023		3.24590492249
2.10505080223		1.06899738312
2.10805487633		4.31659889221
2.11104893684		0.997955322266
2.11405587196		3.3220205307
2.11705183983		2.60653305054
2.12005186081		1.49017047882
2.12305188179		4.18973922729
2.12605285645		0.784832000732
2.12905192375		3.81423568726
2.13205480576		2.02297973633
2.13506293297		2.04327774048
2.13805294037		3.87005329132
2.14105296135		0.800054550171
2.14405488968		4.18466472626
2.14705395699		1.48509597778
2.15005493164		2.62683105469
2.15305280685		3.37783908844
2.15605688095		1.0030298233
2.15905594826		4.31152439117
2.16205382347		1.06899738312
2.16505599022		3.20023536682
2.16805696487		2.74354171753
2.17105579376		1.37853431702
2.17406487465		4.23540878296
2.17705893517		0.815278053284
2.18005681038		3.70767402649
2.18305778503		2.15491390228
2.18605995178		1.89612102509
2.18905878067		3.95631790161
2.19205880165		0.779757499695
2.1950609684		4.11869812012
2.19806098938		1.59673213959
2.20106697083		2.51012039185
2.20406293869		3.50469875336
2.207062006		0.937063217163
2.21006393433		4.3013753891
2.21306300163		1.1501865387
2.21606588364		3.08859920502
2.21906280518		2.89069843292
2.22206377983		1.28719520569
2.22506594658		4.26585483551
2.22806382179		0.85587310791
2.23106384277		3.60618591309
2.23407196999		2.27669906616
2.23706579208		1.77433586121
2.24006700516		4.03243350983
2.24306678772		0.764533996582
2.24606895447		4.04765701294
2.24906778336		1.71851730347
2.25206899643		2.36803817749
2.25507092476		3.61126041412
2.2580678463		0.881244659424
2.26106786728		4.28107833862
2.26407599449		1.22630310059
2.26707100868		2.96681404114
2.2700688839		3.02770709991
2.27307081223		1.18570804596
2.27607297897		4.2912273407
2.27907085419		0.906617164612
2.28207087517		3.49454975128
2.28507494926		2.40355873108
2.2880718708		1.65762519836
2.29107284546		4.09840106964
2.29408383369		0.759459495544
2.29707384109		3.96139240265
2.30007481575		1.84030246735
2.30307292938		2.2310295105
2.30607700348		3.72289657593
2.30907392502		0.840649604797
2.31207489967		4.25063228607
2.31507587433		1.29734420776
2.31808400154		2.8501033783
2.32107782364		3.16978931427
2.32407784462		1.10451793671
2.32707500458		4.3013753891
2.33007693291		0.962434768677
2.33307695389		3.38291358948
2.33607983589		2.5405664444
2.33907699585		1.55106258392
2.34207677841		4.15929317474
2.34507989883		0.76960849762
2.34807777405		3.86497974396
2.3510799408		1.9722366333
2.35408496857		2.10416984558
2.35708093643		3.81931018829
2.36008000374		0.815278053284
2.36308097839		4.20496273041
2.3660838604		1.41912937164
2.36908197403		2.70802116394
2.37208390236		3.30679798126
2.37508392334		1.03347587585
2.37808299065		4.31152439117
2.38108301163		1.02840232849
2.38409090042		3.27127742767
2.38708877563		2.66742610931
2.39008378983		1.43942642212
2.39308381081		4.21003723145
2.39608883858		0.78990650177
2.39908599854		3.76349163055
2.40208792686		2.08894729614
2.40508890152		1.97731018066
2.40808677673		3.90557384491
2.41108798981		0.78990650177
2.41409397125		4.14914417267
2.41709089279		1.53076553345
2.42008900642		2.57101249695
2.42308878899		3.43873119354
2.42609000206		0.967509269714
2.42908978462		4.31152439117
2.43208885193		1.09944343567
2.43509078026		3.15964031219
2.43809199333		2.81458282471
2.44109082222		1.34301376343
2.44409179688		4.25063228607
2.44709181786		0.825427055359
2.45009088516		3.65692996979
2.45309185982		2.21073246002
2.45609378815		1.84537696838
2.45909190178		3.9918384552
2.46209287643		0.774682998657
2.46509695053		4.08825206757
2.46809482574		1.64747619629
2.47109389305		2.43907928467
2.4740998745		3.55544185638
2.47709393501		0.916765213013
2.48010182381		4.29630184174
2.483096838		1.18063354492
2.48609781265		3.03278160095
2.48909687996		2.9515914917
2.49209785461		1.24152565002
2.4950978756		4.28107833862
2.49809885025		0.876170158386
2.50109791756		3.56051635742
2.50410699844		2.32236862183
2.50709891319		1.7235918045
2.51009893417		4.06287956238
2.51309895515		0.764533996582
2.51610183716		4.00198745728
2.51909995079		1.76926136017
2.52209997177		2.29699611664
2.52510285378		3.66707897186
2.52810192108		0.871096611023
2.53110098839		4.27092933655
2.53410887718		1.27197170258
2.53710389137		2.91099643707
2.54010391235		3.08859920502
2.54310178757		1.14511299133
2.54610395432		4.3013753891
2.54910492897		0.926914215088
2.55210399628		3.44888019562
2.55510687828		2.46445083618
2.55810499191		1.6119556427
2.56110477448		4.12884712219
2.56410694122		0.76960849762
2.5671069622		3.91572284698
2.57010793686		1.89612102509
2.5731139183		2.17521095276
2.5761089325		3.76349163055
2.57911086082		0.830501556396
2.58211278915		4.23540878296
2.58511090279		1.37345981598
2.58811092377		2.78413677216
2.59110999107		3.22560787201
2.5941119194		1.07914543152
2.59711098671		4.31152439117
2.60011196136		0.987807273865
2.60311079025		3.33724403381
2.60611200333		2.59638500214
2.60911297798		1.49524497986
2.61211299896		4.17959117889
2.61511492729		0.779757499695
2.61811590195		3.82438468933
2.62111496925		2.02297973633
2.6241209507		2.04835224152
2.62713599205		3.83453273773
2.6301138401		0.794981002808
2.6331179142		4.18466472626
2.63611793518		1.47494697571
2.63911700249		2.64712810516
2.64211678505		3.36261558533
2.64512491226		1.00810432434
2.64811778069		4.31152439117
2.65111780167		1.05884838104
2.65412688255		3.23068237305
2.6571199894		2.73339271545
2.66011881828		1.39375686646
2.66311979294		4.22525978088
2.66612696648		0.805129051208
2.66912078857		3.71782207489
2.67212080956		2.14476490021
2.6751229763		1.91641807556
2.67812085152		3.94616889954
2.68112182617		0.779757499695
2.68412184715		4.12377262115
2.68712282181		1.58658313751
2.69012284279		2.51519489288
2.69312286377		3.49454975128
2.69612598419		0.942137718201
2.69912385941		4.3013753891
2.70212483406		1.1400384903
2.70512580872		3.09874820709
2.7081258297		2.87547588348
2.71112585068		1.29226970673
2.7141327858		4.26078033447
2.71712899208		0.840649604797
2.72012686729		3.61633491516
2.72312784195		2.26655006409
2.7261300087		1.79970741272
2.72912788391		4.02228546143
2.73212695122		0.764533996582
2.73512983322		4.05273151398
2.73813199997		1.69822025299
2.74113082886		2.37818622589
2.74413585663		3.60111141205
2.74713087082		0.891393661499
2.75012993813		4.28615283966
2.75313091278		1.22122859955
2.75613188744		2.98203754425
2.75913691521		3.00233459473
2.7621319294		1.2009305954
2.76513195038		4.2912273407
2.76813292503		0.896468162537
2.77113389969		3.50469875336
2.77413892746		2.38833522797
2.77713394165		1.6728477478
2.78013396263		4.0933265686
2.78313493729		0.764533996582
2.78613686562		3.96646690369
2.78913497925		1.82507896423
2.79213500023		2.23610401154
2.79513978958		3.70767402649
2.79813694954		0.850798606873
2.80113577843		4.25063228607
2.80413794518		1.31764125824
2.80713796616		2.8501033783
2.81013798714		3.15456676483
2.81313800812		1.11466598511
2.8161418438		4.30644989014
2.81913995743		0.952286720276
2.82213878632		3.39813613892
2.82514095306		2.51519489288
2.82814097404		1.561211586
2.83113980293		4.15929317474
2.83414888382		0.76960849762
2.83714079857		3.8802022934
2.84014201164		1.95193862915
2.8431429863		2.11431884766
2.84614300728		3.80916118622
2.84914278984		0.810203552246
2.85214781761		4.21511173248
2.85514593124		1.41405487061
2.85814285278		2.71817016602
2.86114382744		3.28649997711
2.864153862		1.04869937897
2.86714577675		4.31152439117
2.87014579773		1.02332782745
2.87314581871		3.28142547607
2.87614679337		2.65727710724
2.879144907		1.44957542419
2.88214683533		4.20496273041
2.88514780998		0.794981002808
2.88814997673		3.78886318207
2.89114689827		2.07372379303
2.89414978027		1.9823846817
2.89714884758		3.90050029755
2.90014982224		0.784832000732
2.90314888954		4.16436767578
2.90615200996		1.52061653137
2.90915083885		2.58623600006
2.91215085983		3.41843414307
2.91515278816		0.97765827179
2.91815280914		4.31152439117
2.92115187645		1.09944343567
2.92415380478		3.16978931427
2.92715287209		2.78921127319
2.93015384674		1.34808731079
2.93315291405		4.25063228607
2.93615484238		0.825427055359
2.93915390968		3.67722702026
2.94215679169		2.19043445587
2.94516181946		1.86567401886
2.94815587997		3.97661590576
2.95115590096		0.774682998657
2.95416283607		4.103474617
2.95715880394		1.63732719421
2.96015787125		2.45430183411
2.96315789223		3.54021930695
2.96615791321		0.916765213013
2.96915793419		4.29630184174
2.97215890884		1.15526103973
2.97517895699		3.07845020294
2.97816181183		2.93129348755
2.98116087914		1.24660015106
2.98416781425		4.27600383759
2.98715877533		0.871096611023
2.99016284943		3.57573986053
2.99316096306		2.32236862183
2.99616384506		1.73881530762
2.99916291237		4.05273151398
3.00216197968		0.759459495544
3.005163908		4.01213645935
3.00816392899		1.75911235809
3.0111618042		2.31729412079
3.01417088509		3.64678096771
3.01716279984		0.871096611023
3.02016282082		4.27092933655
3.02316379547		1.26689815521
3.02616596222		2.92114448547
3.0291697979		3.06830215454
3.03216695786		1.16033554077
3.03516793251		4.29630184174
3.03817296028		0.916765213013
3.04116678238		3.45395469666
3.04416799545		2.45937633514
3.04716682434		1.6221036911
3.05016994476		4.11869812012
3.05316781998		0.759459495544
3.05617189407		3.93602085114
3.05917000771		1.88089752197
3.06216979027		2.19043445587
3.06517100334		3.75334262848
3.0681707859		0.83557510376
3.07116889954		4.23540878296
3.07417678833		1.34808731079
3.07717299461		2.80443382263
3.0801718235		3.22053337097
3.08317279816		1.07914543152
3.0861749649		4.30644989014
3.08917284012		0.97765827179
3.0921728611		3.33724403381
3.09517383575		2.58116149902
3.09817385674		1.51554203033
3.10117483139		4.17959117889
3.10418200493		0.774682998657
3.10717487335		3.82945823669
3.11017584801		2.00268268585
3.11317896843		2.06357479095
3.11617779732		3.84975624084
3.1191778183		0.805129051208
3.12217783928		4.19481372833
3.12517786026		1.45972442627
3.12817692757		2.66742610931
3.13118481636		3.34231853485
3.13418483734		1.01317882538
3.13717794418		4.31659889221
3.14017987251		1.05377388
3.14317989349		3.23068237305
3.14618182182		2.71817016602
3.14918088913		1.40390586853
3.15218186378		4.22525978088
3.15518283844		0.800054550171
3.15818095207		3.72797107697
3.16118192673		2.12954235077
3.16418385506		1.92656707764
3.16718196869		3.93602085114
3.17018079758		0.784832000732
3.17318296432		4.13392162323
3.17618584633		1.57643508911
3.17918395996		2.52534389496
3.18218493462		3.47932624817
3.18518686295		0.952286720276
3.18818593025		4.30644989014
3.19118499756		1.12481498718
3.19418787956		3.11397171021
3.19718694687		2.85517787933
3.20018482208		1.3024187088
3.20318698883		4.26078033447
3.20619392395		0.83557510376
3.20918798447		3.62648391724
3.21218895912		2.25132751465
3.2151889801		1.80478191376
3.21818780899		4.01213645935
3.22118997574		0.76960849762
3.22420191765		4.07302856445
3.22719192505		1.68807125092
3.23019099236		2.38833522797
3.23319077492		3.59096240997
3.23619198799		0.896468162537
3.23919296265		4.2912273407
3.24219298363		1.21615409851
3.24519395828		2.99218654633
3.24819397926		2.99218654633
3.25119280815		1.20600509644
3.25419783592		4.2912273407
3.25719380379		0.891393661499
3.26019382477		3.51484680176
3.26319384575		2.37818622589
3.26619696617		1.68807125092
3.26919484138		4.08317756653
3.27219700813		0.764533996582
3.27519798279		3.9816904068
3.27819681168		1.81493091583
3.28119778633		2.25640106201
3.2841989994		3.69752502441
3.28719782829		0.85587310791
3.29019784927		4.26078033447
3.29319882393		1.30749225616
3.29619979858		2.86025238037
3.29919886589		3.13934326172
3.30219984055		1.12481498718
3.30520200729		4.30644989014
3.30819988251		0.947212219238
3.31120085716		3.40828514099
3.31420683861		2.50504589081
3.31720590591		1.57643508911
3.32020378113		4.14406967163
3.32320284843		0.76960849762
3.32620382309		3.89035129547
3.3292028904		1.94178962708
3.33220601082		2.12954235077
3.33520483971		3.79901218414
3.33820295334		0.815278053284
3.34120392799		4.21511173248
3.34420990944		1.39883136749
3.34720492363		2.73846721649
3.35020589828		3.27635097504
3.35320591927		1.04362487793
3.35620689392		4.31152439117
3.3592069149		1.00810432434
3.36220979691		3.3118724823
3.36522293091		2.61668205261
3.36820888519		1.46479797363
3.37120890617		4.19988822937
3.37421679497		0.779757499695
3.37720894814		3.78886318207
3.38021087646		2.06357479095
3.3832089901		1.99760818481
3.38621282578		3.89035129547
3.38921093941		0.78990650177
3.39221096039		4.16436767578
3.39521598816		1.50539302826
3.39821386337		2.60145950317
3.40121388435		3.40321063995
3.40421295166		0.982732772827
3.40721392632		4.30644989014
3.41021895409		1.07407093048
3.41321587563		3.18501281738
3.41621494293		2.78413677216
3.41921401024		1.3633108139
3.42221689224		4.240483284
3.4252178669		0.815278053284
3.42821478844		3.68737602234
3.43121480942		2.19043445587
3.43422293663		1.87582302094
3.43721699715		3.97661590576
3.44021582603		0.774682998657
3.44321799278		4.09840106964
3.44621992111		1.61703014374
3.44921684265		2.46445083618
3.4522190094		3.53007030487
3.45521998405		0.926914215088
3.45821881294		4.29630184174
3.46121883392		1.16033554077
3.46422886848		3.07337665558
3.46722078323		2.92114448547
3.47022199631		1.26182365417
3.4732208252		4.27600383759
3.47622394562		0.860947608948
3.47922277451		3.57573986053
3.48222398758		2.30714511871
3.48522496223		1.75403785706
3.48822689056		4.04765701294
3.49122285843		0.764533996582
3.49422979355		4.03243350983
3.49722385406		1.73374080658
3.50022578239		2.33251667023
3.50322890282		3.63663196564
3.50622582436		0.871096611023
3.50922679901		4.27600383759
3.51222491264		1.25674915314
3.51522779465		2.94144248962
3.51822900772		3.05307865143
3.52122688293		1.17555904388
3.52422881126		4.29630184174
3.52722787857		0.916765213013
3.53022789955		3.46410369873
3.53322792053		2.43400478363
3.53622984886		1.63732719421
3.53922891617		4.11869812012
3.5422308445		0.76960849762
3.54523181915		3.94109535217
3.54823088646		1.86567401886
3.55123186111		2.20058345795
3.55423784256		3.74319458008
3.55722498894		0.83557510376
3.56022500992		4.23540878296
3.56322598457		1.35823631287
3.56623578072		2.80950832367
3.569231987		3.19516181946
3.57223296165		1.08929443359
3.57523488998		4.30644989014
3.57823395729		0.97765827179
3.58123397827		3.35754108429
3.58424186707		2.56086444855
3.58723592758		1.52061653137
3.59023499489		4.17451667786
3.59323692322		0.76960849762
3.59624385834		3.85483074188
3.59923887253		1.98745918274
3.60223484039		2.06357479095
3.60523891449		3.83960723877
3.6082367897		0.805129051208
3.61123681068		4.19481372833
3.6142449379		1.44450092316
3.61724090576		2.68264961243
3.62023997307		3.33216953278
3.62323880196		1.01317882538
3.6262409687		4.31152439117
3.62923979759		1.04869937897
3.63223981857		3.24083042145
3.63524198532		2.7029466629
3.6382420063		1.40898036957
3.64124178886		4.22018527985
3.64424300194		0.800054550171
3.6472427845		3.74319458008
3.65024399757		2.11939334869
3.65324282646		1.94178962708
3.65624499321		3.92079734802
3.6592438221		0.774682998657
3.66224384308		4.14406967163
3.66524481773		1.561211586
3.66824388504		2.5405664444
3.67124700546		3.45902919769
3.67425394058		0.957360267639
3.67724680901		4.30644989014
3.68024682999		1.11974048615
3.68324780464		3.12919425964
3.68624997139		2.8399553299
3.68925285339		1.3125667572
3.69224882126		4.25063228607
3.69525098801		0.840649604797
3.69824886322		3.64170646667
3.7012488842		2.24117851257
3.70425701141		1.83015346527
3.70724987984		4.00198745728
3.71025085449		0.764533996582
3.71325182915		4.06795406342
3.7162528038		1.6728477478
3.71925091743		2.40355873108
3.72225189209		3.58081436157
3.72525477409		0.901542663574
3.72825288773		4.28615283966
3.73125290871		1.20600509644
3.73426198959		3.0124835968
3.73725390434		2.98203754425
3.740254879		1.21615409851
3.74325680733		4.28615283966
3.74625897408		0.881244659424
3.74925589561		3.53007030487
3.7522559166		2.36803817749
3.75525689125		1.69822025299
3.75825786591		4.07810306549
3.76125788689		0.764533996582
3.76425790787		3.98676395416
3.76725792885		1.79970741272
3.77025794983		2.27162456512
3.77325797081		3.68737602234
3.77625989914		0.85587310791
3.77925992012		4.26078033447
3.78226494789		1.28719520569
3.78526186943		2.88055038452
3.78825998306		3.12919425964
3.79126095772		1.12988948822
3.79426193237		4.30644989014
3.79726099968		0.942137718201
3.80026292801		3.41335964203
3.80326080322		2.45937633514
3.80628299713		1.6119556427
3.80926394463		4.14406967163
3.81226396561		0.76960849762
3.81526589394		3.89542579651
3.81826400757		1.92656707764
3.82126498222		2.13969039917
3.82427287102		3.7837896347
3.82726478577		0.820352554321
3.83026695251		4.22525978088
3.8332669735		1.39375686646
3.83626699448		2.74354171753
3.83926677704		3.26620292664
3.84226679802		1.05884838104
3.84526801109		4.31152439117
3.84826779366		1.0030298233
3.85126900673		3.30172348022
3.85427498817		2.62175655365
3.85726881027		1.48002147675
3.86026883125		4.19481372833
3.86326980591		0.784832000732
3.86627697945		3.80408668518
3.86927294731		2.03820323944
3.8722717762		2.01283168793
3.87527894974		3.87512779236
3.87827181816		0.800054550171
3.88127279282		4.16944217682
3.8842728138		1.49524497986
3.88727283478		2.61668205261
3.89027380943		3.39306259155
3.89327383041		0.987807273865
3.89627599716		4.31152439117
3.8992729187		1.07914543152
3.90227484703		3.18501281738
3.90527677536		2.75876522064
3.90827584267		1.36838531494
3.91127586365		4.240483284
3.91428279877		0.815278053284
3.91727685928		3.69752502441
3.92027688026		2.1701374054
3.92327880859		1.88597202301
3.92627882957		3.96139240265
3.92927789688		0.774682998657
3.93227696419		4.10854911804
3.93527984619		1.60688114166
3.93827986717		2.47967433929
3.94127988815		3.51484680176
3.94428777695		0.931988716125
3.94727993011		4.3013753891
3.95028090477		1.15526103973
3.95328187943		3.07337665558
3.95629000664		2.89069843292
3.95928192139		1.27197170258
3.96228194237		4.27600383759
3.9652838707		0.860947608948
3.96828889847		3.60111141205
3.97128295898		2.29699611664
3.9742898941		1.76926136017
3.97728490829		4.03243350983
3.98028492928		0.764533996582
3.98328399658		4.03750801086
3.98628687859		1.72866630554
3.98928689957		2.3426656723
3.99228596687		3.6315574646
3.9952878952		0.876170158386
3.99828791618		4.28107833862
4.00128793716		1.24660015106
4.00428891182		2.95666599274
4.0072889328		3.03785610199
4.01028680801		1.17555904388
4.01328897476		4.2912273407
4.01629090309		0.906617164612
4.0192899704		3.48440074921
4.02228999138		2.42893028259
4.02529096603		1.64240169525
4.02828979492		4.103474617
4.031291008		0.764533996582
4.03429698944		3.95631790161
4.03729081154		1.86059951782
4.04029178619		2.21073246002
4.04329180717		3.733045578
4.04629588127		0.840649604797
4.0492939949		4.24555778503
4.05229282379		1.33793926239
4.05529499054		2.82473182678
4.05829381943		3.18501281738
4.06130099297		1.09944343567
4.0643029213		4.30644989014
4.06729388237		0.967509269714
4.07029700279		3.36769008636
4.07329583168		2.56086444855
4.07629680634		1.53584003448
4.07929778099		4.16436767578
4.08229780197		0.76960849762
4.08529877663		3.84975624084
4.08829689026		1.98745918274
4.09129786491		2.07879829407
4.09430599213		3.82438468933
4.09729886055		0.805129051208
4.10029888153		4.19988822937
4.10330080986		1.43942642212
4.10630178452		2.69279766083
4.10930085182		3.31694602966
4.11230397224		1.02332782745
4.11530399323		4.31152439117
4.11830186844		1.03347587585
4.12130284309		3.25605392456
4.12430381775		2.68772315979
4.12730383873		1.43435192108
4.13030290604		4.21511173248
4.13330292702		0.794981002808
4.13630700111		3.75841712952
4.13930392265		2.10416984558
4.14230680466		1.95193862915
4.14530682564		3.92079734802
4.14830589294		0.784832000732
4.15130496025		4.14406967163
4.15431785583		1.53584003448
4.15730881691		2.56086444855
4.16030693054		3.45395469666
4.16330695152		0.962434768677
4.1663069725		4.30644989014
4.16930890083		1.10959243774
4.17230677605		3.13934326172
4.17530989647		2.82473182678
4.17830896378		1.32779026031
4.18130993843		4.25570678711
4.18431591988		0.830501556396
4.18731188774		3.64678096771
4.19031190872		2.22595500946
4.19331097603		1.83015346527
4.19631385803		3.99691295624
4.19931292534		0.76960849762
4.20231389999		4.07810306549
4.205316782		1.65255069733
4.2083158493		2.42385578156
4.21131396294		3.5706653595
4.21432185173		0.911691665649
4.2173140049		4.2912273407
4.22031497955		1.19585609436
4.22331285477		3.0124835968
4.22631692886		2.9617395401
4.22931694984		1.23137664795
4.23231577873		4.28107833862
4.23531699181		0.881244659424
4.23831796646		3.54021930695
4.24131894112		2.3426656723
4.2443189621		1.71344280243
4.24732398987		4.06795406342
4.25031995773		0.764533996582
4.25331878662		3.99691295624
4.25632500648		1.77433586121
4.25931882858		2.28684806824
4.26231980324		3.6823015213
4.26532292366		0.866022109985
4.26832294464		4.26585483551
4.27132081985		1.28719520569
4.27432799339		2.900847435
4.27732181549		3.10382270813
4.28032183647		1.13496398926
4.28332281113		4.3013753891
4.28632378578		0.937063217163
4.28932499886		3.4336566925
4.29232192039		2.47967433929
4.29532599449		1.59673213959
4.29832482338		4.11362361908
4.30133485794		0.759459495544
4.30433297157		3.91572284698
4.30732584		1.91134357452
4.31032681465		2.14983940125
4.31332683563		3.77871513367
4.31632590294		0.820352554321
4.31932783127		4.23033428192
4.32232689857		1.38360881805
4.3253288269		2.75876522064
4.32832694054		3.25097942352
4.33132982254		1.06392288208
4.33433699608		4.31152439117
4.33732891083		0.997955322266
4.34033489227		3.32709503174
4.34333086014		2.61668205261
4.34633493423		1.49017047882
4.3493309021		4.18466472626
4.35233283043		0.779757499695
4.35533285141		3.81931018829
4.35833287239		2.0331287384
4.36133289337		2.02297973633
4.3643348217		3.86497974396
4.36733484268		0.794981002808
4.37033390999		4.17959117889
4.37333393097		1.49017047882
4.37633490562		2.62683105469
4.37933588028		3.3727645874
4.38233399391		0.992880821228
4.38533592224		4.31152439117
4.38833498955		1.07407093048
4.3913359642		3.20530986786
4.39433979988		2.74354171753
4.39733695984		1.37853431702
4.40033888817		4.23540878296
4.40333795547		0.810203552246
4.4063398838		3.71274757385
4.40934085846		2.15998840332
4.41233897209		1.90626907349
4.41534090042		3.95124340057
4.41833877563		0.774682998657
4.42134094238		4.11362361908
4.42434978485		1.59165763855
4.42734098434		2.49997138977
4.430341959		3.50469875336
4.43334698677		0.937063217163
4.43634295464		4.3013753891
4.43934178352		1.1501865387
4.4423418045		3.08859920502
4.44534492493		2.88562393188
4.44834399223		1.28212070465
4.45134496689		4.27092933655
4.45435190201		0.845724105835
4.45734596252		3.60618591309
4.46034479141		2.2817735672
4.46334481239		1.77433586121
4.46634984016		4.02228546143
4.46934485435		0.764533996582
4.47234797478		4.0425825119
4.47534680367		1.71851730347
4.47834682465		2.36296367645
4.48134684563		3.62648391724
4.48434782028		0.881244659424
4.48734784126		4.28107833862
4.49034690857		1.23645114899
4.49335098267		2.9617395401
4.49635100365		3.02770709991
4.49934983253		1.18570804596
4.50235080719		4.2912273407
4.50535297394		0.896468162537
4.50835084915		3.48947525024
4.51135087013		2.41370677948
4.51436090469		1.6728477478
4.51735281944		4.09840106964
4.52035188675		0.764533996582
4.52335190773		3.95631790161
4.52636194229		1.82507896423
4.52935290337		2.22595500946
4.53235292435		3.72797107697
4.53535485268		0.845724105835
4.53835391998		4.25063228607
4.54135489464		1.32271575928
4.54436278343		2.8399553299
4.54735589027		3.16978931427
4.55035686493		1.10959243774
4.55335593224		4.30644989014
4.55636000633		0.957360267639
4.55935788155		3.38291358948
4.56235790253		2.5405664444
4.56535887718		1.54598808289
4.56835794449		4.16436767578
4.57135891914		0.774682998657
4.57436394691		3.86497974396
4.57735991478		1.96208763123
4.58036088943		2.09402179718
4.58336091042		3.81931018829
4.58636188507		0.815278053284
4.58936285973		4.21003723145
4.59236192703		1.42420387268
4.59536290169		2.7029466629
4.59836196899		3.30679798126
4.60136294365		1.03347587585
4.6043639183		4.31659889221
4.60736298561		1.02332782745
4.61036300659		3.2611284256
4.6133658886		2.67250061035
4.61636590958		1.43942642212
4.61937093735		4.20496273041
4.62236595154		0.794981002808
4.62536597252		3.76349163055
4.6283659935		2.08894729614
4.63136577606		1.9722366333
4.63437390327		3.90050029755
4.63736796379		0.784832000732
4.64036798477		4.15421867371
4.64336895943		1.53584003448
4.6463739872		2.57608699799
4.64936995506		3.4336566925
4.65236878395		0.967509269714
4.65537285805		4.31152439117
4.65837097168		1.09944343567
4.66136980057		3.15456676483
4.66437792778		2.79428577423
4.6673719883		1.33793926239
4.67037296295		4.25063228607
4.67337179184		0.830501556396
4.67637395859		3.66200447083
4.67937278748		2.21580600739
4.68237280846		1.84030246735
4.68537592888		3.9918384552
4.68837285042		0.76960849762
4.6913728714		4.08825206757
4.69437885284		1.65255069733
4.69737482071		2.43400478363
4.70037579536		3.55544185638
4.70337581635		0.906617164612
4.706376791		4.29630184174
4.70937681198		1.18570804596
4.71238088608		3.04800415039
4.71537899971		2.94651699066
4.71837592125		1.24152565002
4.7213768959		4.28107833862
4.72437977791		0.876170158386
4.72737789154		3.55544185638
4.73037791252		2.3426656723
4.7333779335		1.7235918045
4.7363820076		4.06287956238
4.73938083649		0.764533996582
4.74238085747		4.00198745728
4.74538087845		1.77940940857
4.74838280678		2.30207061768
4.75137996674		3.67215251923
4.7543888092		0.866022109985
4.75738096237		4.26585483551
4.76038384438		1.27704620361
4.76338291168		2.90592193604
4.76638293266		3.09874820709
4.76938390732		1.14511299133
4.7723839283		4.3013753891
4.77538585663		0.926914215088
4.77838492393		3.44380569458
4.78138399124		2.46952533722
4.78439378738		1.6221036911
4.78738594055		4.12884712219
4.79038596153		0.764533996582
4.79338598251		3.91064834595
4.79638791084		1.89612102509
4.79938697815		2.16506290436
4.80238580704		3.76856613159
4.8053958416		0.830501556396
4.80838990211		4.23033428192
4.81138896942		1.37345981598
4.81439685822		2.78921127319
4.81739091873		3.23068237305
4.82038879395		1.06899738312
4.82339000702		4.31152439117
4.82638978958		0.987807273865
4.82939100266		3.32709503174
4.83239197731		2.59638500214
4.83539390564		1.5003194809
4.83839178085		4.18466472626
4.8413939476		0.779757499695
4.84439396858		3.81931018829
4.84739398956		2.01790523529
4.85039401054		2.03820323944
4.85339379311		3.86497974396
4.85639595985		0.800054550171
4.85942196846		4.19988822937
4.86239600182		1.46987247467
4.86540079117		2.6522026062
4.86839795113		3.36261558533
4.87139678001		1.00810432434
4.87440490723		4.31152439117
4.87739777565		1.05377388
4.88039684296		3.21545886993
4.88339781761		2.73339271545
4.88639783859		1.39375686646
4.88939785957		4.23033428192
4.89239788055		0.805129051208
4.89540100098		3.72289657593
4.89840483665		2.13969039917
4.90140080452		1.91134357452
4.90440797806		3.94616889954
4.90740084648		0.774682998657
4.91040182114		4.12377262115
4.91340184212		1.58150959015
4.91640281677		2.51012039185
4.91940379143		3.48947525024
4.92240381241		0.942137718201
4.92540478706		4.3013753891
4.92840480804		1.1400384903
4.93140387535		3.09367370605
4.93441081047		2.86532688141
4.93740677834		1.29734420776
4.94040584564		4.27092933655
4.9434068203		0.845724105835
4.9464058876		3.61126041412
4.94940686226		2.26655006409
4.95240592957		1.78448390961
4.95540785789		4.02735900879
4.95840787888		0.764533996582
4.96140789986		4.05273151398
4.96441078186		1.69822025299
4.96740889549		2.37818622589
4.97040987015		3.61633491516
4.97340989113		0.891393661499
4.97640895844		4.28615283966
4.97940993309		1.22630310059
4.98241186142		2.97188854218
4.9854118824		3.01755809784
4.98841190338		1.19585609436
4.9914188385		4.2912273407
4.99441385269		0.896468162537
4.99741482735		3.50977325439
