0.000128030776978		-0.00169658660889
0.00423288345337		5.03208637238
0.00836801528931		5.04730892181
0.0124800205231		0.0947160720825
0.0166079998016		-0.00677108764648
0.0207340717316		5.04730892181
0.0248579978943		5.04730892181
0.0289828777313		0.0186004638672
0.0331070423126		-0.00169658660889
0.0372369289398		5.04730892181
0.0413630008698		5.04730892181
0.0454878807068		-0.00169658660889
0.0496089458466		-0.00677108764648
0.0537359714508		5.04730892181
0.0578639507294		5.04223537445
0.0619869232178		-0.00169658660889
0.066113948822		-0.00169658660889
0.0702428817749		5.04730892181
0.0743629932404		5.04223537445
0.0784900188446		-0.00169658660889
0.0826480388641		-0.00677108764648
0.0867409706116		5.04730892181
0.0908670425415		5.04730892181
0.0950028896332		-0.00169658660889
0.0991230010986		-0.00169658660889
0.103250026703		5.04730892181
0.107378005981		5.04223537445
0.111500024796		-0.00169658660889
0.1156270504		-0.00169658660889
0.119750976562		5.04223537445
0.123877048492		5.04730892181
0.128001928329		-0.00169658660889
0.132127046585		-0.00677108764648
0.136252880096		5.04730892181
0.140377998352		5.04730892181
0.144541025162		-0.00169658660889
0.148632049561		-0.00169658660889
0.152754068375		5.04223537445
0.156883001328		5.04730892181
0.16100692749		-0.00169658660889
0.16513299942		-0.00677108764648
0.169260025024		5.04730892181
0.173389911652		5.04730892181
0.177509069443		-0.00169658660889
0.181632995605		-0.00169658660889
0.185760974884		5.04730892181
0.189885854721		5.04223537445
0.194019079208		-0.00677108764648
0.198137044907		-0.00169658660889
0.202260971069		5.04730892181
0.206388950348		5.03208637238
0.210520982742		-0.00677108764648
0.214644908905		0.03382396698
0.218762874603		5.04730892181
0.222897052765		4.98641681671
0.227015972137		-0.00169658660889
0.2311398983		0.115014076233
0.235267877579		5.04730892181
0.239390850067		4.89507770538
0.243526935577		-0.00169658660889
0.24764084816		0.257096290588
0.251769065857		5.04730892181
0.255894899368		4.74284648895
0.260020017624		-0.00677108764648
0.264144897461		0.470220565796
0.268270015717		5.04223537445
0.272402048111		4.53987121582
0.276524066925		-0.00169658660889
0.280647039413		0.64782333374
0.284776926041		5.04730892181
0.288897037506		4.3521194458
0.293030023575		-0.00677108764648
0.297150850296		0.866022109985
0.301276922226		5.04730892181
0.30540394783		4.13899612427
0.309525966644		-0.00169658660889
0.313657999039		1.08421993256
0.317780017853		5.04730892181
0.321900844574		3.94616889954
0.326027870178		-0.00677108764648
0.330152988434		1.28719520569
0.334285974503		5.04730892181
0.338408946991		3.72797107697
0.34253692627		-0.00677108764648
0.346653938293		1.49524497986
0.350780963898		5.04730892181
0.354907989502		3.53514480591
0.35903096199		-0.00169658660889
0.363163948059		1.73374080658
0.367284059525		5.04730892181
0.371408939362		3.3220205307
0.375535011292		-0.00169658660889
0.379658937454		1.9214925766
0.383790016174		5.04730892181
0.387911081314		3.11397171021
0.392035961151		-0.00677108764648
0.396159887314		2.13969039917
0.400285959244		5.04730892181
0.404413938522		2.89577293396
0.408536911011		-0.00169658660889
0.412667989731		2.37818622589
0.416787862778		5.04730892181
0.420916080475		2.69279766083
0.425040006638		-0.00169658660889
0.4291639328		2.58623600006
0.433296918869		5.04730892181
0.43741607666		2.48474884033
0.441542863846		-0.00169658660889
0.445667982101		2.80950832367
0.449792861938		5.04730892181
0.453925848007		2.26147556305
0.458042860031		-0.00169658660889
0.462169885635		3.24083042145
0.466428995132		5.04223537445
0.470546007156		1.8200044632
0.474678039551		-0.00169658660889
0.478796005249		3.48947525024
0.482928037643		5.04730892181
0.487048864365		1.60688114166
0.49117398262		-0.00169658660889
0.49530005455		3.72289657593
0.499423980713		5.04730892181
0.50354886055		1.39883136749
0.507675886154		-0.00169658660889
0.511800050735		3.9309463501
0.515928030014		5.04730892181
0.520051956177		1.18063354492
0.52418088913		-0.00169658660889
0.528301954269		4.15421867371
0.532433986664		5.04223537445
0.536555051804		0.972583770752
0.540682077408		-0.00169658660889
0.544805049896		4.36734294891
0.548928976059		5.04730892181
0.553063869476		0.749311447144
0.557182073593		-0.00677108764648
0.561305999756		4.58046627045
0.565433979034		5.04730892181
0.569556951523		0.566633224487
0.573688030243		-0.00169658660889
0.57780790329		4.78344154358
0.58193397522		5.03716087341
0.586066007614		0.353509902954
0.590185880661		-0.00677108764648
0.59432387352		4.95089626312
0.598438024521		5.04223537445
0.602570056915		0.180980682373
0.606687068939		-0.00169658660889
0.610815048218		5.01686286926
0.614959955215		5.04730892181
0.619065999985		0.0744190216064
0.623195886612		-0.00169658660889
0.627315044403		5.04730892181
0.63143992424		5.04730892181
0.635567903519		0.00845146179199
0.6396920681		-0.00169658660889
0.643822908401		5.05238342285
0.647942066193		5.04730892181
0.652067899704		-0.00169658660889
0.656194925308		-0.00169658660889
0.660318851471		5.05238342285
0.664447069168		5.04223537445
0.668570041656		-0.00169658660889
0.672702074051		-0.00169658660889
0.676820993423		5.04730892181
0.68094587326		5.04730892181
0.685075044632		-0.00169658660889
0.689198970795		-0.00169658660889
0.693328857422		5.04730892181
0.697452068329		5.04730892181
0.701575994492		-0.00169658660889
0.705702066422		-0.00169658660889
0.70982503891		5.04730892181
0.713958024979		5.04730892181
0.718080997467		-0.00677108764648
0.722207069397		-0.00677108764648
0.72633099556		5.05238342285
0.730453968048		5.04730892181
0.734614849091		-0.00169658660889
0.738703012466		-0.00677108764648
0.742836952209		5.05238342285
0.746954917908		5.04730892181
0.751080989838		-0.00169658660889
0.755205869675		-0.00169658660889
0.759332895279		5.04730892181
0.763463973999		5.04730892181
0.767582893372		-0.00677108764648
0.771708011627		-0.00169658660889
0.775835037231		5.04730892181
0.779958963394		5.04730892181
0.784090995789		-0.00169658660889
0.788210868835		-0.00169658660889
0.792335033417		5.04730892181
0.796587944031		5.02701187134
0.800713062286		-0.00169658660889
0.804837942123		0.0541210174561
0.808963060379		5.04730892181
0.813094854355		4.95597076416
0.817215919495		-0.00677108764648
0.821338891983		0.155609130859
0.825469017029		5.03716087341
0.829590082169		4.83926010132
0.833729028702		-0.00169658660889
0.83784198761		0.317989349365
0.841966867447		5.04223537445
0.846093893051		4.67687988281
0.850235939026		-0.00169658660889
0.854351997375		0.526038169861
0.858469963074		5.04730892181
0.862601041794		4.47897911072
0.866719961166		-0.00169658660889
0.870845079422		0.713790893555
0.874971866608		5.04730892181
0.879096984863		4.2912273407
0.883228063583		-0.00677108764648
0.88734793663		0.92183971405
0.89147400856		5.04730892181
0.89560008049		4.08825206757
0.899724960327		-0.00677108764648
0.903852939606		1.13496398926
0.907976865768		5.04730892181
0.912100076675		3.88527679443
0.916228055954		-0.00677108764648
0.920351982117		1.33793926239
0.924514055252		5.04730892181
0.928603887558		3.67215251923
0.932735919952		-0.00169658660889
0.936853885651		1.561211586
0.940980911255		5.04223537445
0.945106983185		3.47425174713
0.949229955673		-0.00169658660889
0.953364849091		1.78955841064
0.95748090744		5.04730892181
0.961608886719		3.24083042145
0.965739965439		-0.00169658660889
0.969860076904		2.00268268585
0.973989963531		5.04223537445
0.978116035461		3.03785610199
0.982235908508		-0.00169658660889
0.986487865448		2.48474884033
0.990612030029		5.04730892181
0.994745016098		2.57608699799
0.998862028122		-0.00677108764648
1.00299406052		2.70802116394
1.00711393356		5.04730892181
1.01124000549		2.37818622589
1.01536488533		-0.00169658660889
1.01949000359		2.91607093811
1.02362108231		5.04223537445
1.02774405479		2.16506290436
1.03186607361		-0.00169658660889
1.03599405289		3.14441776276
1.0401160717		5.04730892181
1.04424285889		1.95701313019
1.04836702347		-0.00169658660889
1.05249905586		3.3727645874
1.056609869		5.04730892181
1.06073594093		1.75911235809
1.06487298012		-0.00169658660889
1.06899595261		3.5706653595
1.07312893867		5.04223537445
1.0772459507		1.54091453552
1.08137392998		-0.00677108764648
1.08550000191		3.78886318207
1.08962488174		5.04730892181
1.09374904633		1.31764125824
1.09787607193		-0.00169658660889
1.10200095177		4.00706195831
1.10613298416		5.04730892181
1.1102540493		1.06392288208
1.11438989639		-0.00169658660889
1.11850404739		4.21511173248
1.12262892723		5.04730892181
1.12675189972		0.916765213013
1.130879879		-0.00169658660889
1.13500499725		4.43838405609
1.13912796974		5.04730892181
1.14325499535		0.708716392517
1.14737987518		-0.00677108764648
1.15150904655		4.64643383026
1.15563702583		5.04730892181
1.15975785255		0.505741119385
1.16388988495		-0.00677108764648
1.16800785065		4.83418560028
1.17213392258		5.04730892181
1.17626094818		0.30784034729
1.18038392067		-0.00169658660889
1.18454694748		4.99656581879
1.1886370182		5.04730892181
1.19276785851		0.145460128784
1.1968870163		-0.00677108764648
1.20101189613		5.03208637238
1.20513892174		5.04730892181
1.20926403999		0.0490465164185
1.21339488029		-0.00169658660889
1.21751403809		5.05238342285
1.22164297104		5.04223537445
1.22576594353		0.00337791442871
1.22989106178		-0.00677108764648
1.23402786255		5.04730892181
1.23814296722		5.04730892181
1.24226689339		-0.00169658660889
1.24639606476		-0.00677108764648
1.25051999092		5.04730892181
1.25464987755		5.04730892181
1.25876998901		-0.00169658660889
1.26289987564		-0.00169658660889
1.26701998711		5.04730892181
1.27114605904		5.04730892181
1.27527284622		-0.00677108764648
1.27941393852		-0.00169658660889
1.28353095055		5.04223537445
1.28764796257		5.04730892181
1.29177498817		-0.00169658660889
1.2959010601		-0.00169658660889
1.30002403259		5.04730892181
1.30415201187		5.04223537445
1.30827784538		-0.00169658660889
1.31240701675		-0.00169658660889
1.31652808189		5.04223537445
1.32065200806		5.04730892181
1.32477807999		-0.00169658660889
1.32890200615		-0.00169658660889
1.33303499222		5.04730892181
1.33715391159		5.04730892181
1.34127902985		-0.00169658660889
1.34540486336		-0.00677108764648
1.34952902794		5.04730892181
1.35366606712		5.04730892181
1.35778188705		-0.00169658660889
1.3619120121		-0.00677108764648
1.36603689194		5.04730892181
1.37015891075		5.04730892181
1.37429094315		-0.00169658660889
1.37841105461		-0.00169658660889
1.38254189491		5.04730892181
1.38666200638		5.04730892181
1.39078688622		-0.00169658660889
1.3949110508		0.00337791442871
1.3990380764		5.04730892181
1.40316295624		5.0219373703
1.40729093552		-0.00169658660889
1.411413908		0.0693445205688
1.41554188728		5.04730892181
1.4196639061		4.94582176208
1.42379403114		-0.00169658660889
1.42791485786		0.186055183411
1.43204092979		5.04730892181
1.43616604805		4.82403659821
1.44029188156		-0.00169658660889
1.44441890717		0.358584403992
1.44854402542		5.04223537445
1.45267891884		4.61598682404
1.45679497719		-0.00169658660889
1.46091890335		0.571707725525
1.46504807472		5.04730892181
1.46917200089		4.44853305817
1.47330307961		-0.00169658660889
1.47742199898		0.749311447144
1.48154997826		5.04730892181
1.48567485809		4.25063228607
1.48980307579		-0.00169658660889
1.49393105507		0.972583770752
1.49804997444		5.04730892181
1.50217485428		3.89035129547
1.50642895699		-0.00169658660889
1.5105509758		1.40898036957
1.51468491554		5.04730892181
1.51880288124		3.60618591309
1.52293395996		-0.00169658660889
1.52705287933		1.62717819214
1.53117895126		5.04730892181
1.53530693054		3.39813613892
1.53942990303		-0.00169658660889
1.54355597496		1.84537696838
1.5476808548		5.04730892181
1.55180692673		3.18501281738
1.55593299866		-0.00677108764648
1.56005692482		2.05850028992
1.56418395042		5.04730892181
1.56830787659		2.97696304321
1.57243895531		-0.00169658660889
1.57656002045		2.2817735672
1.58068394661		5.04730892181
1.58481001854		2.77398777008
1.58893585205		-0.00169658660889
1.59306788445		2.52026939392
1.59718585014		5.04730892181
1.60131287575		2.56086444855
1.605437994		-0.00169658660889
1.60956597328		2.73846721649
1.61369490623		5.04730892181
1.61781907082		2.33759117126
1.62194085121		-0.00169658660889
1.62606906891		2.96681404114
1.6301908493		5.04730892181
1.63432192802		2.11939334869
1.63844394684		-0.00169658660889
1.64257407188		3.19008731842
1.64669203758		5.04730892181
1.65081906319		1.91134357452
1.65494704247		-0.00169658660889
1.65907001495		3.39813613892
1.66320085526		5.04730892181
1.66732096672		1.70836830139
1.67144584656		-0.00169658660889
1.67557907104		3.63663196564
1.67969799042		5.04223537445
1.68383002281		1.48002147675
1.68794798851		-0.00169658660889
1.69207406044		3.83453273773
1.69619894028		5.04730892181
1.70032501221		1.28212070465
1.70445084572		-0.00169658660889
1.70857596397		4.05273151398
1.71270895004		5.04730892181
1.71682691574		1.07407093048
1.720952034		-0.00169658660889
1.7250790596		4.26585483551
1.72920298576		5.04730892181
1.73333597183		0.860947608948
1.73745584488		-0.00169658660889
1.74158096313		4.47390460968
1.74571299553		5.04730892181
1.74983096123		0.668121337891
1.75396084785		-0.00169658660889
1.75808191299		4.68195438385
1.76220798492		5.04223537445
1.76646184921		0.24187374115
1.77058386803		-0.00677108764648
1.7747168541		4.99656581879
1.77883386612		5.04730892181
1.78296494484		0.104865074158
1.78708696365		-0.00677108764648
1.79121088982		5.04223537445
1.79533696175		5.04730892181
1.79946208		0.03382396698
1.80359387398		-0.00169658660889
1.80771303177		5.04730892181
1.81183886528		5.04223537445
1.81596589088		-0.00169658660889
1.82009196281		-0.00169658660889
1.82422304153		5.04730892181
1.82834196091		5.04730892181
1.83247303963		-0.00169658660889
1.836591959		-0.00677108764648
1.8407189846		5.04730892181
1.84484505653		5.04730892181
1.84896993637		-0.00169658660889
1.85310101509		-0.00677108764648
1.85721898079		5.04730892181
1.86134791374		5.04730892181
1.86547493935		-0.00677108764648
1.86959600449		-0.00169658660889
1.87373304367		5.04730892181
1.87784790993		5.04730892181
1.88197302818		-0.00169658660889
1.88610100746		-0.00169658660889
1.89022493362		5.04730892181
1.89435696602		5.05238342285
1.89847493172		-0.00169658660889
1.90260696411		-0.00677108764648
1.90672588348		5.04223537445
1.91085791588		5.04730892181
1.91497707367		-0.00169658660889
1.91910290718		-0.00169658660889
1.9232339859		5.04223537445
1.9273519516		5.05238342285
1.93147993088		-0.00169658660889
1.93560600281		-0.00169658660889
1.93973088264		5.04223537445
1.94385695457		5.04730892181
1.94798088074		-0.00169658660889
1.95210695267		-0.00169658660889
1.95623397827		5.04730892181
1.96035885811		5.04730892181
1.9645190239		-0.00169658660889
1.96860790253		-0.00677108764648
1.9727408886		5.04730892181
1.97685885429		5.04223537445
1.9809858799		-0.00169658660889
1.9851129055		0.0236749649048
1.98923707008		5.04223537445
1.99336886406		5.00164031982
1.99748802185		-0.00169658660889
2.00161790848		0.109939575195
2.00573992729		5.04730892181
2.00986504555		4.9103012085
2.01399588585		-0.00169658660889
2.01811504364		0.231724739075
2.0222389698		5.04730892181
2.0263710022		4.7631444931
2.03049302101		-0.00169658660889
2.03465199471		0.480368614197
2.0387430191		5.04730892181
2.0428750515		4.56524372101
2.0469930172		-0.00169658660889
2.05111885071		0.617377281189
2.05524301529		5.04730892181
2.05936193466		4.39778900146
2.06349086761		-0.00169658660889
2.06762194633		0.830501556396
2.07174801826		5.04730892181
2.0758728981		4.17959117889
2.07999587059		-0.00169658660889
2.08412504196		1.03855037689
2.08824801445		5.04730892181
2.09237599373		3.97154140472
2.09650087357		-0.00169658660889
2.10062503815		1.23645114899
2.10475206375		5.04223537445
2.10887598991		3.77364063263
2.11300802231		-0.00169658660889
2.11712598801		1.45464992523
2.12125205994		5.04730892181
2.12537884712		3.56559085846
2.12950801849		-0.00169658660889
2.1336350441		1.67792224884
2.13775491714		5.04730892181
2.14187908173		3.36769008636
2.14600801468		-0.00169658660889
2.15013003349		1.88597202301
2.1542570591		5.04730892181
2.15838694572		3.14441776276
2.16251587868		-0.00169658660889
2.16663384438		2.10924434662
2.17075991631		5.04730892181
2.17491197586		2.87547588348
2.1790099144		-0.00169658660889
2.18313694		2.33251667023
2.18725991249		5.04730892181
2.19138598442		2.73339271545
2.19551587105		-0.00169658660889
2.19963598251		2.5405664444
2.20376992226		5.04730892181
2.20788908005		2.52026939392
2.21201395988		-0.00169658660889
2.21613907814		2.76891326904
2.22026586533		5.04730892181
2.22439789772		2.30207061768
2.22851586342		-0.00169658660889
2.23264789581		2.99726104736
2.23676896095		5.04730892181
2.24089288712		2.09909534454
2.24501991272		-0.00169658660889
2.24914193153		3.20530986786
2.25327587128		5.04730892181
2.25740003586		1.8707485199
2.26152086258		-0.00677108764648
2.26565003395		3.44380569458
2.26977300644		5.04730892181
2.27390289307		1.66777324677
2.27802491188		-0.00169658660889
2.28214788437		3.82438468933
2.28640294075		5.04730892181
2.29052591324		1.21107959747
2.29465484619		-0.00169658660889
2.29877591133		4.12377262115
2.30290293694		5.04730892181
2.3070268631		1.00810432434
2.31115198135		-0.00169658660889
2.31527686119		4.33689689636
2.31940197945		5.04223537445
2.32353496552		0.78990650177
2.32765293121		-0.00677108764648
2.33177900314		4.5500202179
2.33590602875		5.04730892181
2.34003090858		0.592005729675
2.34415698051		-0.00169658660889
2.34828186035		4.7631444931
2.35241699219		5.04223537445
2.35653305054		0.394104957581
2.3606569767		-0.00169658660889
2.3647840023		4.9103012085
2.36890888214		5.04730892181
2.37304091454		0.201278686523
2.37715792656		-0.00169658660889
2.38128590584		5.00671482086
2.38541793823		5.04730892181
2.38953590393		0.0896415710449
2.39366889		-0.00677108764648
2.3977868557		5.04223537445
2.40191197395		5.03716087341
2.40604305267		0.0135259628296
2.41016697884		-0.00677108764648
2.41429495811		5.04730892181
2.41841387749		5.04223537445
2.42254686356		-0.00169658660889
2.42666602135		-0.00169658660889
2.43079090118		5.04730892181
2.43491888046		5.04730892181
2.43904185295		-0.00169658660889
2.44317293167		-0.00677108764648
2.44729304314		5.04730892181
2.45141887665		5.04730892181
2.45554804802		-0.00677108764648
2.45967006683		-0.00677108764648
2.46380090714		5.04730892181
2.46791887283		5.04730892181
2.47205090523		-0.00677108764648
2.47617197037		-0.00169658660889
2.4802980423		5.05238342285
2.48442387581		5.04730892181
2.48854899406		-0.00169658660889
2.49268007278		-0.00677108764648
2.49679899216		5.04730892181
2.50092601776		5.04223537445
2.50505304337		-0.00677108764648
2.50917506218		-0.00169658660889
2.51331305504		5.04730892181
2.51742887497		5.04223537445
2.5215549469		-0.00169658660889
2.52568006516		-0.00169658660889
2.52980184555		5.04730892181
2.53393697739		5.04730892181
2.53805398941		-0.00169658660889
2.54217886925		-0.00169658660889
2.54630589485		5.04730892181
2.55043292046		5.04223537445
2.55462098122		-0.00169658660889
2.55882191658		0.00337791442871
2.56294202805		5.04730892181
2.56705999374		5.02701187134
2.57118797302		-0.00169658660889
2.57531404495		0.0439729690552
2.57943797112		5.04730892181
2.58356595039		4.9711933136
2.58768701553		-0.00677108764648
2.59181499481		0.145460128784
2.59593987465		5.04730892181
2.60006403923		4.86463165283
2.60419201851		-0.00169658660889
2.60831689835		0.292616844177
2.61244893074		5.04223537445
2.61656594276		4.70225143433
2.62069296837		-0.00169658660889
2.62481999397		0.490517616272
2.62894201279		5.04730892181
2.63307404518		4.49927616119
2.637196064		-0.00677108764648
2.64132499695		0.698567390442
2.64544701576		5.04223537445
2.64958906174		4.28615283966
2.6536989212		-0.00677108764648
2.65782189369		0.891393661499
2.66194605827		5.04223537445
2.6660759449		4.10854911804
2.67019796371		-0.00169658660889
2.67432904243		1.10451793671
2.67846488953		5.04730892181
2.68258190155		3.89542579651
2.68670105934		-0.00169658660889
2.69082593918		1.3125667572
2.69495391846		5.04730892181
2.69907784462		3.70767402649
2.70320487022		-0.00169658660889
2.70732903481		1.53076553345
2.71145606041		5.04730892181
2.71558189392		3.49962425232
2.71970391273		-0.00169658660889
2.72383785248		1.76418685913
2.72795701027		5.04730892181
2.73208189011		3.23068237305
2.73621106148		-0.00169658660889
2.7403318882		1.96716213226
2.74445796013		5.04730892181
2.74858307838		3.07845020294
2.75271391869		-0.00169658660889
2.75683307648		2.19043445587
2.76095890999		5.04730892181
2.76508593559		2.86025238037
2.76923203468		-0.00169658660889
2.77334284782		2.43400478363
2.77746605873		5.04730892181
2.78158593178		2.65727710724
2.78571486473		-0.00169658660889
2.78983688354		2.63698005676
2.79397106171		5.05238342285
2.79808998108		2.43907928467
2.80221605301		-0.00169658660889
2.80649185181		3.16471481323
2.81059193611		5.04730892181
2.81472492218		1.96716213226
2.81884694099		-0.00169658660889
2.8229739666		3.3727645874
2.82709407806		5.05238342285
2.8312189579		1.77433586121
2.83534789085		-0.00169658660889
2.83946895599		3.53514480591
2.84360289574		5.04730892181
2.84772205353		1.561211586
2.85184788704		-0.00169658660889
2.85597395897		3.76856613159
2.8601000309		5.04223537445
2.86422991753		1.34301376343
2.86834788322		-0.00677108764648
2.87247991562		3.9918384552
2.87659788132		5.04730892181
2.8807258606		1.1501865387
2.8848528862		-0.00169658660889
2.88897585869		4.19481372833
2.89310693741		5.04730892181
2.89723396301		0.931988716125
2.90135288239		-0.00169658660889
2.90548300743		4.41808605194
2.90960288048		5.04730892181
2.91373586655		0.729013442993
2.91785407066		-0.00169658660889
2.92198204994		4.62106132507
2.92610692978		5.04730892181
2.93023300171		0.536187171936
2.93437886238		-0.00169658660889
2.9384829998		4.80881404877
2.94262003899		5.04730892181
2.94673299789		0.338286399841
2.9508600235		-0.00169658660889
2.95498585701		4.94582176208
2.95910906792		5.04730892181
2.96324086189		0.155609130859
2.96736192703		-0.00169658660889
2.9714858532		5.02701187134
2.97561407089		5.04730892181
2.97973704338		0.0642700195312
2.98386406898		-0.00169658660889
2.98798894882		5.04730892181
2.99215698242		5.04730892181
2.99636793137		-0.00169658660889
3.00049090385		-0.00169658660889
3.00465106964		5.04223537445
3.00874090195		5.04730892181
3.01287198067		-0.00169658660889
3.01699304581		-0.00169658660889
3.02111697197		5.05238342285
3.02525305748		5.04730892181
3.02936887741		-0.00169658660889
3.03350400925		-0.00169658660889
3.03762197495		5.04730892181
3.04174804688		5.04730892181
3.04587388039		-0.00169658660889
3.04999685287		-0.00169658660889
3.05412888527		5.04730892181
3.05824995041		5.04223537445
3.06239390373		-0.00169658660889
3.0664999485		-0.00169658660889
3.07062888145		5.04730892181
3.07475805283		5.04730892181
3.0788769722		-0.00169658660889
3.08300995827		-0.00169658660889
3.08712887764		5.04730892181
3.0912539959		5.04223537445
3.09538292885		-0.00169658660889
3.09950494766		-0.00169658660889
3.10363101959		5.04730892181
3.10775589943		5.04730892181
3.11188387871		-0.00169658660889
3.1160068512		-0.00677108764648
3.12013196945		5.04730892181
3.12425804138		5.04730892181
3.12838292122		-0.00169658660889
3.13251495361		-0.00169658660889
3.13663387299		5.04730892181
3.14075899124		5.04730892181
3.1448829174		-0.00677108764648
3.1490020752		0.00337791442871
3.15315103531		5.05238342285
3.15726399422		5.01686286926
3.16140389442		-0.00169658660889
3.16551303864		0.0693445205688
3.16963791847		5.04730892181
3.17376899719		4.93059825897
3.17788887024		-0.00169658660889
3.18201208115		0.211426734924
3.18614196777		5.04730892181
3.19026494026		4.81388759613
3.19439888		-0.00169658660889
3.19853186607		0.389030456543
3.2026488781		5.04730892181
3.20676708221		4.63628482819
3.21089601517		-0.00169658660889
3.215020895		0.56155872345
3.21914601326		5.04730892181
3.22326993942		4.40793800354
3.22739505768		-0.00169658660889
3.23151993752		0.764533996582
3.23564696312		5.04730892181
3.23977088928		4.23540878296
3.24390387535		-0.00169658660889
3.24802303314		0.967509269714
3.25214791298		5.04730892181
3.25640201569		3.79901218414
3.2605240345		-0.00169658660889
3.26465606689		1.43435192108
3.26877403259		5.04730892181
3.27290797234		3.59096240997
3.27702903748		-0.00169658660889
3.28115701675		1.64747619629
3.28527808189		5.04730892181
3.28941988945		3.35754108429
3.29353499413		-0.00169658660889
3.29765295982		1.85045146942
3.30177998543		5.04223537445
3.30590796471		3.17993831635
3.31002998352		-0.00169658660889
3.31415605545		2.06864929199
3.31828403473		5.04730892181
3.32241392136		2.9617395401
3.32654690742		-0.00169658660889
3.33065700531		2.28684806824
3.33478498459		5.04730892181
3.33890986443		2.76891326904
3.34303998947		-0.00169658660889
3.34715890884		2.51012039185
3.35128688812		5.04730892181
3.35541296005		2.56086444855
3.35953688622		-0.00169658660889
3.36366891861		2.7536907196
3.3677880764		5.04730892181
3.37191295624		2.3426656723
3.37604308128		-0.00169658660889
3.380163908		3.0124835968
3.38429307938		5.04730892181
3.38841485977		2.12954235077
3.39254784584		-0.00169658660889
3.39666604996		3.17993831635
3.40079402924		5.04223537445
3.40491700172		1.91641807556
3.40905094147		-0.00169658660889
3.41316890717		3.40321063995
3.41729187965		5.04223537445
3.42141699791		1.69822025299
3.42554688454		-0.00169658660889
3.42966985703		3.61633491516
3.43380403519		5.04730892181
3.43792104721		1.49524497986
3.44204688072		-0.00169658660889
3.44617199898		3.84468173981
3.45029807091		5.04730892181
3.45444297791		1.24152565002
3.45854902267		-0.00169658660889
3.46268391609		4.07302856445
3.46679902077		5.04730892181
3.47092795372		1.06899738312
3.47505187988		-0.00169658660889
3.47917604446		4.3013753891
3.48330903053		5.04730892181
3.48742794991		0.860947608948
3.49155187607		-0.00677108764648
3.49567985535		4.48912811279
3.49980592728		5.04730892181
3.50393104553		0.663046836853
3.50805497169		-0.00169658660889
3.51217985153		4.78344154358
3.51630806923		5.04730892181
3.52043390274		0.465146064758
3.52459192276		-0.00169658660889
3.52868390083		4.86970615387
3.53280901909		5.04223537445
3.53694200516		0.257096290588
3.54105901718		-0.00169658660889
3.54518699646		4.98134231567
3.54930996895		5.04730892181
3.55344295502		0.120088577271
3.55756187439		-0.00169658660889
3.56170487404		5.04223537445
3.56581401825		5.04730892181
3.56993794441		0.0388984680176
3.57406306267		-0.00169658660889
3.57818889618		5.04730892181
3.58231306076		5.04223537445
3.58656907082		-0.00169658660889
3.59069299698		-0.00169658660889
3.59481787682		5.04730892181
3.59894299507		5.04223537445
3.6030728817		-0.00169658660889
3.60719299316		-0.00169658660889
3.61134004593		5.04730892181
3.61544585228		5.04223537445
3.61957001686		-0.00169658660889
3.62369394302		-0.00169658660889
3.62782001495		5.04730892181
3.63194704056		5.04223537445
3.63607406616		-0.00169658660889
3.64019489288		-0.00169658660889
3.64432287216		5.04730892181
3.64844799042		5.04730892181
3.65257406235		-0.00169658660889
3.65669894218		-0.00169658660889
3.66082406044		5.05238342285
3.66495800018		5.04730892181
3.66907501221		-0.00169658660889
3.6732070446		-0.00169658660889
3.67732596397		5.04730892181
3.68145298958		5.04223537445
3.68557786942		-0.00169658660889
3.68971896172		-0.00169658660889
3.69383096695		5.05238342285
3.69795393944		5.04730892181
3.70207905769		-0.00169658660889
3.70620703697		-0.00677108764648
3.71033096313		5.05238342285
3.71446299553		5.04730892181
3.71859693527		-0.00169658660889
3.72271490097		-0.00677108764648
3.72683405876		5.05238342285
3.7309589386		5.04223537445
3.7350859642		-0.00169658660889
3.73920798302		0.0236749649048
3.74334192276		5.04730892181
3.74745988846		5.00164031982
3.75158596039		-0.00169658660889
3.75571107864		0.0997905731201
3.75983786583		5.04730892181
3.76396894455		4.9103012085
3.76808786392		-0.00169658660889
3.77221298218		0.434700012207
3.77646684647		5.05238342285
3.78059101105		4.5500202179
3.78472399712		-0.00169658660889
3.78884100914		0.642748832703
3.79297804832		5.05238342285
3.79709291458		4.3521194458
3.80121707916		-0.00677108764648
3.805341959		0.85587310791
3.8094689846		5.04730892181
3.81359291077		4.14914417267
3.81773686409		-0.00169658660889
3.82184195518		1.05884838104
3.82597208023		5.04730892181
3.83009505272		3.94616889954
3.83422803879		-0.00169658660889
3.83834600449		1.28212070465
3.84247994423		5.04730892181
3.8466129303		3.71274757385
3.85072398186		-0.00677108764648
3.85485196114		1.49524497986
3.85897493362		5.04223537445
3.86310505867		3.48947525024
3.86722588539		-0.00169658660889
3.871352911		1.70836830139
3.87547802925		5.04730892181
3.87960004807		3.3220205307
3.88373494148		-0.00169658660889
3.88785386086		1.92656707764
3.89197802544		5.04223537445
3.89610695839		3.10382270813
3.90022993088		-0.00169658660889
3.90435695648		2.15491390228
3.90847992897		5.04730892181
3.91261100769		2.89069843292
3.91672992706		-0.00169658660889
3.92086195946		2.38326072693
3.9249830246		5.04730892181
3.92910885811		2.69279766083
3.93323302269		-0.00169658660889
3.93735790253		2.58623600006
3.94148397446		5.05238342285
3.94561600685		2.46952533722
3.9497358799		-0.00677108764648
3.95386791229		2.82473182678
3.95798707008		5.04223537445
3.96211290359		2.27669906616
3.96624207497		-0.00169658660889
3.97036290169		3.02770709991
3.97453904152		5.04730892181
3.97861504555		2.05850028992
3.98274898529		-0.00677108764648
3.98686599731		3.25097942352
3.99099302292		5.04223537445
3.99511790276		1.85552597046
3.99924206734		-0.00169658660889
4.00337386131		3.47932624817
4.00749397278		5.04730892181
4.01161885262		1.64240169525
4.01574587822		-0.00169658660889
4.01987099648		3.68737602234
4.02399587631		5.04730892181
4.02812290192		1.39375686646
4.03224492073		-0.00677108764648
4.03637194633		3.9309463501
4.04049801826		5.04730892181
4.04465699196		1.1501865387
4.04875588417		-0.00169658660889
4.05287384987		4.12377262115
4.05699896812		5.04223537445
4.06112384796		1.01317882538
4.06525707245		-0.00677108764648
4.06937599182		4.34197044373
4.07352590561		5.04730892181
4.07762694359		0.810203552246
4.08175301552		-0.00677108764648
4.08587789536		4.6007642746
4.09002399445		5.04730892181
4.09412884712		0.592005729675
4.09825587273		-0.00677108764648
4.10238099098		4.7631444931
4.10650587082		5.04730892181
4.11064791679		0.368732452393
4.11476397514		-0.00169658660889
4.11888098717		4.91537570953
4.12301492691		5.04223537445
4.12713289261		0.216501235962
4.13125801086		-0.00169658660889
4.13538503647		5.01686286926
4.13951086998		5.04730892181
4.14364290237		0.0845680236816
4.14775204659		-0.00677108764648
4.15187907219		5.03716087341
4.15601396561		5.04223537445
4.16013598442		0.0135259628296
4.16426897049		-0.00169658660889
4.16838788986		5.04730892181
4.17251396179		5.04730892181
4.17664504051		-0.00169658660889
4.18076491356		-0.00169658660889
4.18489289284		5.04730892181
4.18901586533		5.04730892181
4.19314789772		-0.00169658660889
4.19726586342		-0.00677108764648
4.20139098167		5.04223537445
4.20551896095		5.04730892181
4.20964407921		-0.00169658660889
4.21376991272		-0.00169658660889
4.21789884567		5.04730892181
4.22201991081		5.04223537445
4.22614598274		-0.00677108764648
4.23026990891		-0.00169658660889
4.23440289497		5.04730892181
4.23853588104		5.04223537445
4.24265289307		-0.00169658660889
4.24677491188		-0.00677108764648
4.25089788437		5.04730892181
4.25502586365		5.04730892181
4.2591509819		-0.00677108764648
4.26328086853		-0.00677108764648
4.26740098		5.04730892181
4.27152585983		5.04730892181
4.27565407753		-0.00677108764648
4.27977705002		-0.00169658660889
4.28390884399		5.04730892181
4.28802800179		5.04730892181
4.29215407372		-0.00169658660889
4.29640603065		-0.00169658660889
4.30052900314		5.04223537445
4.30466794968		5.04730892181
4.30877995491		-0.00169658660889
4.31291389465		0.00337791442871
4.31703186035		5.04730892181
4.32115697861		5.03208637238
4.32528400421		-0.00169658660889
4.3294069767		0.0439729690552
4.33353495598		5.04223537445
4.33765888214		4.9711933136
4.34178590775		-0.00169658660889
4.34591388702		0.140385627747
4.35003685951		5.04730892181
4.35417103767		4.85448265076
4.3582868576		-0.00169658660889
4.36241889		0.297691345215
4.36655402184		5.04730892181
4.37066292763		4.71747493744
4.37479400635		-0.00677108764648
4.37891507149		0.480368614197
4.38304686546		5.04730892181
4.38716602325		4.51957416534
4.39129185677		-0.00169658660889
4.3954179287		0.688418388367
4.39954090118		5.04730892181
4.40367007256		4.31659889221
4.40779304504		-0.00677108764648
4.41191887856		0.886319160461
4.41616988182		5.04730892181
4.42029500008		3.83453273773
4.42442202568		-0.00169658660889
4.42854499817		1.34301376343
4.43268299103		5.04730892181
4.43679690361		3.6823015213
4.44092297554		-0.00677108764648
4.44504904747		1.55613708496
4.44917297363		5.04730892181
4.45330190659		3.46410369873
4.45742201805		-0.00677108764648
4.461550951		1.76926136017
4.46567797661		5.04730892181
4.4698009491		3.27127742767
4.47393488884		-0.00677108764648
4.47805094719		1.99253368378
4.48217606544		5.04730892181
4.48642992973		2.79936027527
4.49055504799		-0.00169658660889
4.49470090866		2.51519489288
4.49880599976		5.04223537445
4.50293207169		2.5913105011
4.50705599785		-0.00169658660889
4.51118087769		2.68772315979
4.51530790329		5.04730892181
4.51943206787		2.35281467438
4.52356505394		-0.00677108764648
4.52768492699		2.91099643707
4.53180885315		5.04730892181
4.53593587875		2.15998840332
4.54005885124		-0.00169658660889
4.54419207573		3.14441776276
4.54831004143		5.04730892181
4.5524430275		1.94686412811
4.55656290054		-0.00169658660889
4.56069302559		3.36769008636
4.56481289864		5.04223537445
4.56893706322		1.74896335602
4.5730638504		-0.00169658660889
4.57718896866		3.5706653595
4.58131194115		5.04730892181
4.58544301987		1.52569103241
4.58956599236		-0.00169658660889
4.59369802475		3.79901218414
4.59781599045		5.04223537445
4.60194802284		1.3125667572
4.60619807243		-0.00169658660889
4.61031794548		4.25570678711
4.61444401741		5.04730892181
4.61857104301		0.881244659424
4.62271690369		-0.00169658660889
4.62683486938		4.49927616119
4.63094687462		5.04223537445
4.63507294655		0.683343887329
4.63919687271		-0.00169658660889
4.64332795143		4.68702888489
4.64745092392		5.04730892181
4.65157485008		0.480368614197
4.65570306778		-0.00169658660889
4.6598238945		4.84940910339
4.66394996643		5.04730892181
4.66807389259		0.292616844177
4.67220187187		-0.00169658660889
4.67645406723		5.04223537445
4.68057894707		5.04730892181
4.68471002579		0.0236749649048
4.6888358593		-0.00169658660889
4.69295501709		5.04730892181
4.6970808506		5.04223537445
4.70120406151		-0.00169658660889
4.70533204079		-0.00169658660889
4.70945596695		5.05238342285
4.71360492706		5.04730892181
4.71770691872		-0.00677108764648
4.72183299065		-0.00169658660889
4.72595906258		5.04730892181
4.73008298874		5.04223537445
4.73421001434		-0.00169658660889
4.73833394051		-0.00169658660889
4.7424659729		5.04730892181
4.74658584595		5.04730892181
4.75072789192		-0.00169658660889
4.75483798981		-0.00169658660889
4.75896286964		5.04730892181
4.76309299469		5.04223537445
4.76721286774		-0.00169658660889
4.77133703232		-0.00169658660889
4.7754650116		5.04730892181
4.77958989143		5.04730892181
4.7837228775		-0.00169658660889
4.78784203529		-0.00169658660889
4.79196596146		5.04223537445
4.79622101784		5.04730892181
4.80034399033		-0.00169658660889
4.80446791649		-0.00677108764648
4.80859494209		5.04223537445
4.81272006035		5.04730892181
4.81684994698		-0.00169658660889
4.82096886635		-0.00169658660889
4.82509589195		5.04730892181
4.82922101021		5.04730892181
4.83335185051		-0.00169658660889
4.83747005463		-0.00677108764648
4.84161400795		5.04730892181
4.84572291374		5.04223537445
4.84984898567		-0.00677108764648
4.85397386551		0.0287494659424
4.85809898376		5.04223537445
4.8622238636		4.92045021057
4.86647796631		-0.00677108764648
4.87061691284		0.302765846252
4.87473392487		5.04730892181
4.87885403633		4.72254943848
4.88298392296		-0.00169658660889
4.88710308075		0.470220565796
4.89122986794		5.04223537445
4.89535593987		4.52464866638
4.89948105812		-0.00169658660889
4.90360689163		0.713790893555
4.90773105621		5.04730892181
4.91185593605		4.33182239532
4.915984869		-0.00677108764648
4.92010807991		0.881244659424
4.92423987389		5.04730892181
4.928358078		4.12884712219
4.93248486519		-0.00169658660889
4.9366080761		1.08929443359
4.94073390961		5.04730892181
4.94486904144		3.90050029755
4.94898486137		-0.00677108764648
4.95311689377		1.31764125824
4.95723605156		5.04730892181
4.96136403084		3.71782207489
4.96548891068		-0.00677108764648
4.96963095665		1.55106258392
4.97373890877		5.04223537445
4.97786402702		3.51484680176
4.98198986053		-0.00169658660889
4.98624396324		1.99253368378
4.99036502838		5.04730892181
4.99452805519		2.98203754425
4.99863195419		-0.00677108764648
