0.000128984451294		1.06392288208
0.0084490776062		1.11466598511
0.0168390274048		5.0219373703
0.0252041816711		-0.00169658660889
0.0335772037506		5.04730892181
0.041953086853		-0.00169658660889
0.0503301620483		5.04730892181
0.0587019920349		-0.00169658660889
0.067085981369		4.37241744995
0.0754702091217		2.39848423004
0.0838401317596		0.916765213013
0.0922181606293		5.04730892181
0.100592136383		-0.00677108764648
0.108968019485		5.04223537445
0.117343187332		-0.00169658660889
0.125722169876		5.04730892181
0.134102106094		-0.00677108764648
0.142472982407		4.22525978088
0.150850057602		2.53041744232
0.15922498703		0.779757499695
0.167634010315		5.04730892181
0.175981998444		-0.00677108764648
0.184359073639		5.04223537445
0.192728042603		-0.00169658660889
0.201110124588		5.05238342285
0.209480047226		-0.00169658660889
0.21785902977		4.08317756653
0.226240158081		2.64712810516
0.234613180161		0.663046836853
0.242984056473		5.05238342285
0.251360177994		-0.00169658660889
0.259741067886		5.04730892181
0.268113136292		-0.00169658660889
0.276489019394		5.04730892181
0.284867048264		0.0186004638672
0.293246984482		3.95124340057
0.301621198654		2.77906227112
0.309993028641		0.526038169861
0.318368196487		5.04730892181
0.326745986938		-0.00169658660889
0.335125207901		5.04730892181
0.343502998352		-0.00169658660889
0.351871013641		5.04730892181
0.360249042511		0.0642700195312
0.368625164032		3.79393768311
0.377002000809		2.90592193604
0.385384082794		0.414402008057
0.393760204315		5.04730892181
0.402127981186		-0.00169658660889
0.410507202148		5.04730892181
0.418887138367		-0.00169658660889
0.427268981934		5.04730892181
0.43563914299		0.120088577271
0.444010019302		3.65185546875
0.452383995056		3.04292964935
0.460766077042		0.28754234314
0.469139099121		5.04730892181
0.477516174316		-0.00169658660889
0.485891103745		5.04730892181
0.49427318573		-0.00169658660889
0.502643108368		5.04223537445
0.51101899147		0.216501235962
0.51939702034		3.51484680176
0.527770996094		3.16471481323
0.53614616394		0.170831680298
0.544528007507		5.04223537445
0.552896022797		-0.00677108764648
0.561273097992		5.04730892181
0.569744110107		-0.00169658660889
0.578160047531		5.04730892181
0.586533069611		0.170831680298
0.594909191132		3.57573986053
0.603286027908		3.08859920502
0.611658096313		0.216501235962
0.620033025742		5.04730892181
0.628407001495		-0.00677108764648
0.636784076691		5.04730892181
0.645159006119		-0.00169658660889
0.653544187546		5.04223537445
0.661913156509		0.282468795776
0.670288085938		3.4235086441
0.678665161133		3.23575687408
0.687045097351		0.120088577271
0.695419073105		5.04730892181
0.703798055649		-0.00677108764648
0.712167024612		5.04730892181
0.720548152924		-0.00169658660889
0.728921175003		5.04730892181
0.73730301857		0.378881454468
0.74568104744		3.29664897919
0.754054069519		3.35246753693
0.762423992157		0.0541210174561
0.770805120468		5.04730892181
0.779177188873		-0.00169658660889
0.78755903244		5.04730892181
0.795929193497		-0.00169658660889
0.804305076599		5.05238342285
0.81268119812		0.505741119385
0.821058034897		3.13934326172
0.829435110092		3.47932624817
0.83781003952		0.0135259628296
0.846186161041		5.04730892181
0.854568004608		-0.00677108764648
0.862936973572		5.04223537445
0.871321201324		-0.00169658660889
0.879723072052		5.04730892181
0.888066053391		0.617377281189
0.896450042725		2.99726104736
0.904823064804		3.60111141205
0.913222074509		-0.00169658660889
0.921570062637		5.04730892181
0.929946184158		-0.00169658660889
0.938326120377		5.04730892181
0.946709156036		-0.00169658660889
0.955080032349		5.04730892181
0.963459014893		0.729013442993
0.971826076508		2.83488082886
0.980202198029		3.733045578
0.98857998848		-0.00169658660889
0.996955156326		5.04730892181
1.00533103943		-0.00169658660889
1.01370811462		5.04730892181
1.02208209038		-0.00169658660889
1.03046107292		5.04223537445
1.03883600235		0.85587310791
1.04721212387		2.7029466629
1.05559110641		3.84468173981
1.06397008896		-0.00169658660889
1.0723400116		5.04730892181
1.08071613312		-0.00169658660889
1.08909320831		5.05238342285
1.09746813774		-0.00169658660889
1.10584402084		5.04730892181
1.11422014236		0.972583770752
1.12259697914		2.55578994751
1.13097214699		3.96646690369
1.13935303688		-0.00169658660889
1.14773011208		5.04730892181
1.15609908104		-0.00169658660889
1.16447710991		5.04730892181
1.17285203934		-0.00677108764648
1.18122911453		5.04730892181
1.18969702721		0.962434768677
1.19810819626		2.61160755157
1.2064871788		3.91064834595
1.21486401558		-0.00169658660889
1.22323417664		5.05238342285
1.23160910606		-0.00169658660889
1.23998713493		5.04730892181
1.2483830452		-0.00169658660889
1.25673913956		5.04730892181
1.26511502266		1.04362487793
1.27349615097		2.46952533722
1.28186511993		4.0425825119
1.29024219513		-0.00169658660889
1.29862618446		5.04730892181
1.30699300766		-0.00169658660889
1.31537008286		5.04730892181
1.32375216484		-0.00677108764648
1.33212018013		5.04730892181
1.34049606323		1.16033554077
1.3488740921		2.32236862183
1.35724902153		4.15929317474
1.36562919617		-0.00169658660889
1.37400698662		5.04730892181
1.38237905502		-0.00169658660889
1.39075708389		5.03716087341
1.39913010597		-0.00169658660889
1.40750718117		5.04730892181
1.4158821106		1.27704620361
1.42426514626		2.20058345795
1.43263506889		4.27092933655
1.44101119041		-0.00677108764648
1.44938898087		5.04730892181
1.45776510239		-0.00677108764648
1.46614718437		5.04730892181
1.47452497482		-0.00677108764648
1.48289108276		5.04730892181
1.49126601219		1.40898036957
1.49972701073		2.1802854538
1.50814414024		4.23033428192
1.51652216911		-0.00169658660889
1.52489614487		5.04730892181
1.53327703476		-0.00169658660889
1.54165220261		5.04730892181
1.55002617836		-0.00169658660889
1.55840015411		5.04223537445
1.56677699089		1.35823631287
1.57515311241		2.08894729614
1.58353304863		4.33689689636
1.59190511703		-0.00169658660889
1.60028100014		5.04730892181
1.60865902901		-0.00677108764648
1.61703920364		5.04730892181
1.62541007996		-0.00169658660889
1.63379120827		5.04730892181
1.64216017723		1.47494697571
1.65053915977		1.95701313019
1.6589140892		4.4536075592
1.6672949791		-0.00677108764648
1.67566299438		5.05238342285
1.68404316902		-0.00169658660889
1.69242310524		5.04730892181
1.70079398155		-0.00169658660889
1.70916819572		5.03716087341
1.71754407883		1.59673213959
1.72594213486		1.84537696838
1.7342979908		4.56016921997
1.74267411232		-0.00169658660889
1.75104808807		5.04223537445
1.75942420959		-0.00169658660889
1.76780104637		5.04223537445
1.77618312836		-0.00169658660889
1.78455305099		4.99656581879
1.79292917252		1.72866630554
1.80130505562		1.66269874573
1.80972003937		4.63121032715
1.81805801392		-0.00169658660889
1.82644104958		5.05238342285
1.83481502533		-0.00677108764648
1.84321904182		5.04730892181
1.85156106949		-0.00169658660889
1.85993814468		4.93567276001
1.86831498146		1.85045146942
1.87669110298		1.52061653137
1.88506817818		4.79359054565
1.89344716072		-0.00169658660889
1.9018201828		5.04730892181
1.91019415855		-0.00677108764648
1.91856908798		5.04730892181
1.92694711685		-0.00169658660889
1.93532800674		4.84433460236
1.94369912148		1.96716213226
1.95207309723		1.39883136749
1.96045708656		4.88492965698
1.96882820129		-0.00169658660889
1.9772040844		5.04730892181
1.9855890274		-0.00677108764648
1.99396109581		5.04730892181
2.0023291111		-0.00169658660889
2.01070809364		4.7124004364
2.01908302307		2.09402179718
2.02745914459		1.2516746521
2.03584098816		4.95597076416
2.04421210289		-0.00169658660889
2.05258703232		5.04223537445
2.06096315384		-0.00677108764648
2.06933999062		5.04730892181
2.07771801949		-0.00169658660889
2.08609104156		4.56524372101
2.0944750309		2.21580600739
2.10284304619		1.10959243774
2.11121702194		5.01178836823
2.11968302727		-0.00169658660889
2.12809705734		5.04223537445
2.13647317886		-0.00169658660889
2.14485502243		5.04730892181
2.15323019028		-0.00677108764648
2.16160011292		4.62613582611
2.16997814178		2.1701374054
2.17835998535		1.18063354492
2.18673110008		4.99149131775
2.19511008263		-0.00169658660889
2.20348715782		5.04730892181
2.21185612679		-0.00169658660889
2.22023510933		5.04730892181
2.22861003876		-0.00169658660889
2.23698616028		4.49927616119
2.24536800385		2.2817735672
2.25374317169		1.08929443359
2.26211810112		5.03208637238
2.2704911232		-0.00169658660889
2.27886605263		5.04730892181
2.28724217415		-0.00169658660889
2.29561710358		5.04730892181
2.30400013924		-0.00169658660889
2.3123691082		4.35719394684
2.32074904442		2.40355873108
2.32912302017		0.906617164612
2.33750200272		5.04730892181
2.34587407112		-0.00169658660889
2.35425710678		5.05238342285
2.36262607574		-0.00677108764648
2.37100315094		5.04730892181
2.37937808037		-0.00169658660889
2.38776016235		4.22525978088
2.39613008499		2.55071544647
2.40450501442		0.764533996582
2.41288113594		5.04730892181
2.42125797272		-0.00169658660889
2.42972517014		5.04730892181
2.43813800812		-0.00169658660889
2.44651198387		5.04223537445
2.45488715172		-0.00169658660889
2.46326804161		4.28615283966
2.47163915634		2.4898223877
2.48001718521		0.830501556396
2.48839306831		5.04730892181
2.49677300453		-0.00169658660889
2.5051510334		5.04730892181
2.51353001595		-0.00169658660889
2.52204918861		5.05238342285
2.53040003777		-0.00169658660889
2.53877615929		4.34197044373
2.54715514183		2.42893028259
2.55552911758		0.891393661499
2.56390619278		5.04730892181
2.57227802277		-0.00169658660889
2.58065199852		5.04730892181
2.58902812004		-0.00677108764648
2.5974240303		5.04223537445
2.60578298569		-0.00169658660889
2.61416220665		4.19988822937
2.62253117561		2.56086444855
2.63091111183		0.754385948181
2.63928318024		5.04730892181
2.64766001701		-0.00169658660889
2.656042099		5.05238342285
2.66441297531		-0.00677108764648
2.67278718948		5.04223537445
2.68120098114		-0.00169658660889
2.68955111504		4.07810306549
2.69792413712		2.67250061035
2.70630407333		0.637675285339
2.71469116211		5.04223537445
2.72305202484		-0.00169658660889
2.73142719269		5.04730892181
2.73980903625		-0.00169658660889
2.74817800522		5.04730892181
2.75655603409		0.0186004638672
2.76493215561		3.93602085114
2.77331113815		2.78921127319
2.78168320656		0.505741119385
2.79005813599		5.04730892181
2.79843211174		-0.00169658660889
2.80680918694		5.05238342285
2.8151910305		-0.00169658660889
2.82356214523		5.04730892181
2.83193707466		0.0642700195312
2.84031414986		3.77871513367
2.84869003296		2.92114448547
2.85706710815		0.378881454468
2.86544513702		5.04730892181
2.87382507324		-0.00169658660889
2.88219618797		5.04730892181
2.8905851841		-0.00169658660889
2.89895510674		5.04223537445
2.90732312202		0.130236625671
2.91570019722		3.63663196564
2.92408204079		2.99726104736
2.93245100975		0.257096290588
2.94082808495		5.04730892181
2.9492020607		-0.00169658660889
2.95759701729		5.04223537445
2.965955019		-0.00169658660889
2.97433900833		5.04223537445
2.98270606995		0.226650238037
2.99108409882		3.49454975128
2.99946117401		3.17486381531
3.00783514977		0.150534629822
3.01621103287		5.04730892181
3.02459812164		-0.00169658660889
3.03296399117		5.04730892181
3.04134011269		-0.00169658660889
3.0497200489		5.04730892181
3.05814003944		0.267245292664
3.06647109985		3.36261558533
3.07485413551		3.28649997711
3.08322715759		0.0845680236816
3.09159708023		5.04223537445
3.09997415543		-0.00169658660889
3.10834813118		5.04730892181
3.11672401428		-0.00169658660889
3.12510108948		5.04730892181
3.13348197937		0.439774513245
3.1418530941		3.20023536682
3.1502289772		3.42858314514
3.15860700607		0.0287494659424
3.16698098183		5.04730892181
3.17535710335		-0.00677108764648
3.18373918533		5.04730892181
3.1921081543		-0.00169658660889
3.20048618317		5.04730892181
3.20886301994		0.56155872345
3.21724319458		3.0632276535
3.22561311722		3.55544185638
3.23399400711		0.00337791442871
3.24236416817		5.04730892181
3.25075912476		-0.00169658660889
3.25911808014		5.04730892181
3.26749515533		-0.00677108764648
3.27587509155		5.04730892181
3.28425216675		0.657972335815
3.29262018204		2.900847435
3.30099797249		3.67215251923
3.30937409401		-0.00169658660889
3.31774997711		5.04223537445
3.32612919807		-0.00169658660889
3.33450508118		5.04223537445
3.34287810326		-0.00169658660889
3.35125398636		5.04730892181
3.35968112946		0.723938941956
3.36800599098		2.75876522064
3.37638807297		3.78886318207
3.38476014137		-0.00169658660889
3.39313411713		5.04730892181
3.40164613724		-0.00169658660889
3.41001415253		5.04730892181
3.41838812828		-0.00169658660889
3.42678499222		5.04730892181
3.43514609337		0.734087944031
3.4435210228		2.83488082886
3.45189118385		3.74319458008
3.46027207375		-0.00169658660889
3.46864509583		5.04730892181
3.47702217102		-0.00677108764648
3.48539710045		5.04223537445
3.49377799034		-0.00169658660889
3.50214719772		5.04223537445
3.51052713394		0.85587310791
3.5189011097		2.68772315979
3.52727818489		3.83960723877
3.53565716743		-0.00169658660889
3.54403614998		5.04223537445
3.55240416527		-0.00169658660889
3.56078219414		5.04223537445
3.56915712357		-0.00169658660889
3.57753300667		5.04223537445
3.58591604233		0.972583770752
3.59428906441		2.5405664444
3.60267615318		3.96646690369
3.61103701591		-0.00169658660889
3.6194190979		5.04730892181
3.62779402733		-0.00169658660889
3.63617110252		5.04730892181
3.64454007149		-0.00169658660889
3.65291619301		5.04730892181
3.66129302979		1.10451793671
3.66975903511		2.5405664444
3.67817211151		3.92587184906
3.68654608727		-0.00169658660889
3.69493103027		5.04223537445
3.70329713821		-0.00169658660889
3.71167516708		5.04730892181
3.72005105019		-0.00169658660889
3.72842597961		5.04730892181
3.73680305481		1.04362487793
3.74518299103		2.45430183411
3.75356197357		4.03243350983
3.76192116737		-0.00677108764648
3.77030801773		5.04730892181
3.77870416641		-0.00169658660889
3.78706002235		5.04730892181
3.79544115067		-0.00169658660889
3.80382108688		5.04223537445
3.8121881485		1.12988948822
3.82056498528		2.30207061768
3.82894015312		4.16944217682
3.83731603622		-0.00169658660889
3.84569215775		5.04730892181
3.85407805443		-0.00169658660889
3.86244320869		5.04730892181
3.87082219124		-0.00169658660889
3.87920117378		5.04223537445
3.88757205009		1.29226970673
3.89594697952		2.15491390228
3.90433001518		4.28615283966
3.91269803047		-0.00169658660889
3.92108106613		5.04730892181
3.92945313454		-0.00169658660889
3.93783211708		5.04223537445
3.94620418549		-0.00169658660889
3.95458507538		5.04223537445
3.96295905113		1.3024187088
3.97145915031		2.2310295105
3.97984004021		4.22525978088
3.98821520805		-0.00169658660889
3.99658703804		5.04730892181
4.00496101379		-0.00677108764648
4.01333618164		5.04730892181
4.02171301842		-0.00169658660889
4.0300951004		5.04730892181
4.03846502304		1.3633108139
4.04684114456		2.0838727951
4.05522108078		4.33182239532
4.06360507011		-0.00169658660889
4.07196998596		5.04730892181
4.08034706116		-0.00677108764648
4.08872199059		5.04730892181
4.09710812569		-0.00677108764648
4.10547399521		5.04223537445
4.1138510704		1.49017047882
4.12222504616		1.93164157867
4.1306040287		4.47390460968
4.13898015022		-0.00169658660889
4.14736199379		5.04730892181
4.15573716164		-0.00169658660889
4.16411304474		5.04730892181
4.1724832058		-0.00677108764648
4.18085813522		5.03208637238
4.18923401833		1.6119556427
4.19761013985		1.78448390961
4.20600199699		4.57539176941
4.21436810493		-0.00169658660889
4.2227370739		5.04223537445
4.23111915588		-0.00677108764648
4.23949217796		5.04730892181
4.24786615372		-0.00169658660889
4.25624799728		5.00671482086
4.26461911201		1.73374080658
4.27299618721		1.84537696838
4.281509161		4.50942516327
4.28987908363		-0.00169658660889
4.29824900627		5.04730892181
4.30662918091		-0.00169658660889
4.31500220299		5.04730892181
4.32338905334		-0.00169658660889
4.33175516129		5.0219373703
4.34013104439		1.65762519836
4.34850502014		1.70836830139
4.35688018799		4.6515083313
4.36525917053		-0.00677108764648
4.37363910675		5.04730892181
4.38202214241		-0.00169658660889
4.39038610458		5.04730892181
4.39876103401		-0.00169658660889
4.40713715553		4.97626781464
4.41554617882		1.75911235809
4.42388916016		1.57136058807
4.43226408958		4.76821899414
4.44064211845		-0.00677108764648
4.44901919365		5.04730892181
4.45739507675		-0.00169658660889
4.46577715874		5.04730892181
4.47415208817		-0.00169658660889
4.48252010345		4.87478065491
4.49091410637		1.90626907349
4.49927902222		1.43435192108
4.50765109062		4.86463165283
4.51602697372		-0.00677108764648
4.52440309525		5.04730892181
4.532777071		-0.00169658660889
4.54115605354		5.04223537445
4.5495300293		-0.00677108764648
4.55790805817		4.7631444931
4.56628417969		2.04835224152
4.57466220856		1.3024187088
4.58303809166		4.86463165283
4.59153604507		-0.00677108764648
4.5999121666		5.04730892181
4.6082880497		-0.00677108764648
4.61666202545		5.04730892181
4.62504410744		-0.00677108764648
4.63342118263		4.81896209717
4.64180517197		1.98745918274
4.65016913414		1.35823631287
4.65855002403		4.90522670746
4.66693615913		-0.00169658660889
4.67530107498		5.04730892181
4.6836771965		-0.00677108764648
4.69204807281		5.04223537445
4.70042300224		-0.00169658660889
4.7088201046		4.73777198792
4.71718120575		2.10924434662
4.72555208206		1.21615409851
4.73393201828		4.97626781464
4.74230718613		-0.00169658660889
4.7506840229		5.04730892181
4.75905203819		-0.00169658660889
4.76743006706		5.04730892181
4.77581214905		-0.00677108764648
4.78418707848		4.55509471893
4.79256105423		2.24625301361
4.80093717575		1.07407093048
4.80931401253		5.0219373703
4.81769514084		-0.00169658660889
4.82606506348		5.04730892181
4.83444714546		-0.00169658660889
4.84283709526		5.04223537445
4.85119605064		-0.00169658660889
4.85960316658		4.46883010864
4.86795210838		2.36296367645
4.87632703781		0.997955322266
4.88469719887		5.04223537445
4.8930721283		-0.00677108764648
4.90157604218		5.04223537445
4.90995311737		-0.00169658660889
4.91832613945		5.04223537445
4.92670416832		-0.00169658660889
4.93508410454		4.47390460968
4.94345998764		2.31221961975
4.9518301487		1.0030298233
4.96020817757		5.03716087341
4.96858310699		-0.00169658660889
4.97696399689		5.04730892181
4.98533606529		-0.00169658660889
4.9937171936		5.04730892181
