0.000125885009766		2.61668205261
0.00388479232788		2.57101249695
0.00663089752197		2.67250061035
0.00924777984619		2.35788917542
0.011873960495		2.77398777008
0.0145008563995		2.58623600006
0.0171267986298		2.52534389496
0.0197479724884		2.67757511139
0.0224409103394		2.35281467438
0.0251297950745		2.77906227112
0.0277497768402		2.62175655365
0.0303769111633		2.4898223877
0.0330028533936		2.68772315979
0.0356278419495		2.37818622589
0.0382518768311		2.7536907196
0.0408778190613		2.6522026062
0.0435049533844		2.42893028259
0.0461328029633		2.71309566498
0.048752784729		2.42385578156
0.0513768196106		2.7029466629
0.0540518760681		2.66235160828
0.056765794754		2.40355873108
0.059387922287		2.73339271545
0.0620138645172		2.45937633514
0.0646369457245		2.6522026062
0.0672647953033		2.66742610931
0.0698919296265		2.37818622589
0.0725238323212		2.76383876801
0.0751388072968		2.53041744232
0.0777649879456		2.57101249695
0.0803899765015		2.67250061035
0.0830228328705		2.35788917542
0.0856409072876		2.77906227112
0.0882668495178		2.59638500214
0.0908908843994		2.51012039185
0.093517780304		2.67757511139
0.0961439609528		2.36296367645
0.0987708568573		2.76383876801
0.101391792297		2.6420545578
0.10401892662		2.44922733307
0.106645822525		2.7029466629
0.109268903732		2.39848423004
0.111894845963		2.71817016602
0.114519834518		2.65727710724
0.117146968842		2.40355873108
0.119772911072		2.73846721649
0.122437953949		2.44922733307
0.125147819519		2.67250061035
0.127770900726		2.66235160828
0.130395889282		2.37818622589
0.133022785187		2.7536907196
0.135657787323		2.50504589081
0.138271808624		2.60653305054
0.140895843506		2.66742610931
0.143526792526		2.35788917542
0.146149873734		2.77398777008
0.148772954941		2.57101249695
0.151399850845		2.53041744232
0.154030799866		2.67250061035
0.156652927399		2.35788917542
0.159274816513		2.77398777008
0.161907911301		2.62683105469
0.164524793625		2.46445083618
0.167149782181		2.69279766083
0.169777870178		2.38326072693
0.172441959381		2.74861621857
0.175150871277		2.64712810516
0.177778959274		2.43907928467
0.180401802063		2.70802116394
0.18302989006		2.40863323212
0.185656785965		2.70802116394
0.188278913498		2.65727710724
0.190905809402		2.393409729
0.193531990051		2.74861621857
0.19615483284		2.47967433929
0.198779821396		2.62175655365
0.201406002045		2.66742610931
0.204033851624		2.36296367645
0.206654787064		2.76891326904
0.209283828735		2.55071544647
0.211915969849		2.56593894958
0.21452999115		2.66742610931
0.217164993286		2.35281467438
0.219783782959		2.77906227112
0.222443819046		2.60653305054
0.225031852722		2.4898223877
0.227660894394		2.68772315979
0.230284929276		2.37311172485
0.23291182518		2.75876522064
0.235535860062		2.64712810516
0.238161802292		2.43400478363
0.240787982941		2.71309566498
0.243413925171		2.41878128052
0.246035814285		2.7029466629
0.248662948608		2.66235160828
0.251284837723		2.38833522797
0.253914833069		2.74354171753
0.256537914276		2.47967433929
0.259161949158		2.62175655365
0.261794805527		2.66742610931
0.264412879944		2.36296367645
0.267036914825		2.76891326904
0.269662857056		2.55578994751
0.272323846817		2.56086444855
0.274916887283		2.67250061035
0.277538776398		2.35788917542
0.280164957047		2.78413677216
0.282799005508		2.62175655365
0.285417795181		2.48474884033
0.288041830063		2.68772315979
0.290667772293		2.36803817749
0.293292999268		2.75876522064
0.295921802521		2.6522026062
0.298548936844		2.43400478363
0.301169872284		2.71309566498
0.303795814514		2.41878128052
0.306417942047		2.69279766083
0.309043884277		2.65727710724
0.311677932739		2.393409729
0.314292907715		2.74861621857
0.316919803619		2.4898223877
0.319543838501		2.62175655365
0.322176933289		2.66742610931
0.324794769287		2.35788917542
0.327420949936		2.77398777008
0.330045938492		2.56086444855
0.332671880722		2.55071544647
0.335297822952		2.67250061035
0.337919950485		2.35281467438
0.340548992157		2.77906227112
0.343176841736		2.62175655365
0.345798969269		2.47967433929
0.348423957825		2.68772315979
0.351048946381		2.38326072693
0.353677988052		2.7536907196
0.356298923492		2.6522026062
0.358925819397		2.42385578156
0.36155295372		2.7029466629
0.364303827286		2.39848423004
0.366926908493		2.72324466705
0.369553804398		2.66235160828
0.372185945511		2.40355873108
0.374801874161		2.73339271545
0.377425909042		2.45937633514
0.38005900383		2.64712810516
0.382678985596		2.66742610931
0.385301828384		2.36803817749
0.38792681694		2.76383876801
0.390553951263		2.53549194336
0.393199920654		2.57608699799
0.39580488205		2.67250061035
0.398428916931		2.35281467438
0.401057004929		2.78413677216
0.403681993484		2.60653305054
0.406305789948		2.50504589081
0.408931970596		2.68264961243
0.411556005478		2.36296367645
0.414181947708		2.76891326904
0.416811943054		2.6420545578
0.41943192482		2.44922733307
0.422066926956		2.7029466629
0.42468380928		2.40355873108
0.427309989929		2.71817016602
0.429934978485		2.65727710724
0.432565927505		2.39848423004
0.435185909271		2.73846721649
0.437810897827		2.46952533722
0.440434932709		2.6420545578
0.443060874939		2.66235160828
0.445684909821		2.36803817749
0.448311805725		2.76891326904
0.450937986374		2.5405664444
0.453563928604		2.56593894958
0.456187963486		2.67250061035
0.458813905716		2.35281467438
0.461443901062		2.77906227112
0.464192867279		2.58116149902
0.466813802719		2.52534389496
0.469440937042		2.67757511139
0.472063779831		2.36296367645
0.474692821503		2.77398777008
0.477313995361		2.63698005676
0.479939937592		2.46445083618
0.482574939728		2.69279766083
0.485191822052		2.38326072693
0.487815856934		2.73846721649
0.490442991257		2.65727710724
0.493068933487		2.41878128052
0.495693922043		2.72831821442
0.49831700325		2.43907928467
0.500940799713		2.66742610931
0.503568887711		2.66235160828
0.506192922592		2.37311172485
0.508817911148		2.75876522064
0.511445999146		2.51012039185
0.514071941376		2.59638500214
0.516692876816		2.66742610931
0.519325971603		2.35281467438
0.521950006485		2.77906227112
0.524570941925		2.58116149902
0.52719783783		2.52534389496
0.529820919037		2.67757511139
0.532552957535		2.35281467438
0.535198926926		2.77906227112
0.537826776505		2.61668205261
0.540453910828		2.4898223877
0.543096780777		2.68772315979
0.545698881149		2.37818622589
0.548323869705		2.75876522064
0.550948858261		2.6522026062
0.553579807281		2.43400478363
0.556201934814		2.71817016602
0.558825969696		2.42385578156
0.561450958252		2.71309566498
0.564201831818		2.65727710724
0.566825866699		2.40863323212
0.569451808929		2.73339271545
0.572083950043		2.44922733307
0.574700832367		2.64712810516
0.577326774597		2.66235160828
0.57995390892		2.36803817749
0.582587003708		2.76383876801
0.585201978683		2.53549194336
0.587829828262		2.57608699799
0.590453863144		2.67250061035
0.593079805374		2.35281467438
0.595702886581		2.77906227112
0.598330974579		2.60145950317
0.600954771042		2.51012039185
0.603583812714		2.68264961243
0.606206893921		2.35788917542
0.608834981918		2.76891326904
0.611457824707		2.63698005676
0.614207983017		2.47459983826
0.616839885712		2.69279766083
0.619459867477		2.38833522797
0.622089862823		2.74861621857
0.624713897705		2.6522026062
0.627333879471		2.41370677948
0.629957914352		2.72324466705
0.632590770721		2.43400478363
0.635208845139		2.68264961243
0.637833833694		2.66235160828
0.640459775925		2.37818622589
0.643085956573		2.7536907196
0.645708799362		2.49997138977
0.648335933685		2.60145950317
0.650960922241		2.66742610931
0.653586864471		2.35788917542
0.656213998795		2.77906227112
0.658834934235		2.57608699799
0.661462783813		2.55071544647
0.664207935333		2.67250061035
0.666830778122		2.35281467438
0.669458866119		2.78413677216
0.67208480835		2.61160755157
0.674717903137		2.4898223877
0.677339792252		2.68264961243
0.679966926575		2.36296367645
0.682600975037		2.76383876801
0.685216903687		2.6522026062
0.687840938568		2.43907928467
0.69046497345		2.70802116394
0.693091869354		2.41370677948
0.69571685791		2.7029466629
0.698341846466		2.65727710724
0.700964927673		2.38833522797
0.703605890274		2.74354171753
0.70622587204		2.47967433929
0.708845853806		2.63698005676
0.711478948593		2.66742610931
0.714221000671		2.37311172485
0.716845989227		2.76383876801
0.719468832016		2.52026939392
0.722101926804		2.5913105011
0.724720001221		2.67250061035
0.727344989777		2.35788917542
0.729970932007		2.77906227112
0.732596874237		2.5913105011
0.735222816467		2.51519489288
0.737846851349		2.67757511139
0.740472793579		2.36296367645
0.743097782135		2.77398777008
0.745724916458		2.6420545578
0.748347997665		2.44922733307
0.750973939896		2.69787216187
0.753608942032		2.393409729
0.756225824356		2.72831821442
0.758849859238		2.65727710724
0.761477947235		2.41878128052
0.764226913452		2.71817016602
0.766849994659		2.42893028259
0.769476890564		2.68772315979
0.772107839584		2.66235160828
0.774728775024		2.38326072693
0.777351856232		2.7536907196
0.779978990555		2.49997138977
0.782604932785		2.61160755157
0.785229921341		2.67250061035
0.787858963013		2.35788917542
0.790478944778		2.77398777008
0.793113946915		2.57101249695
0.795732975006		2.5405664444
0.79835486412		2.67250061035
0.800979852676		2.35281467438
0.803605794907		2.77398777008
0.806229829788		2.62683105469
0.80885887146		2.46952533722
0.811482906342		2.68772315979
0.814231872559		2.36803817749
0.81688284874		2.76891326904
0.819483995438		2.64712810516
0.822115898132		2.44415378571
0.824733972549		2.7029466629
0.827358961105		2.40355873108
0.829983949661		2.72324466705
0.83261179924		2.65727710724
0.835233926773		2.393409729
0.837859869003		2.74354171753
0.840482950211		2.46952533722
0.843110799789		2.63698005676
0.845735788345		2.66742610931
0.848360776901		2.36803817749
0.850984811783		2.76891326904
0.853614807129		2.5405664444
0.856239795685		2.56086444855
0.858862876892		2.66742610931
0.861488819122		2.35788917542
0.864241838455		2.77906227112
0.866865873337		2.58623600006
0.869497776031		2.52534389496
0.872116804123		2.67757511139
0.874740839005		2.35281467438
0.877364873886		2.77398777008
0.879989862442		2.63190555573
0.88262295723		2.46445083618
0.885240793228		2.69279766083
0.887868881226		2.38833522797
0.890491962433		2.73846721649
0.893117904663		2.65727710724
0.895741939545		2.41370677948
0.898366928101		2.72831821442
0.900991916656		2.44415378571
0.903622865677		2.66742610931
0.906243801117		2.65727710724
0.908866882324		2.36803817749
0.911493778229		2.7536907196
0.914246797562		2.48474884033
0.916869878769		2.62175655365
0.919494867325		2.66742610931
0.922129869461		2.36296367645
0.924745798111		2.77398777008
0.92737197876		2.55071544647
0.92999792099		2.55071544647
0.932624816895		2.67757511139
0.935248851776		2.35281467438
0.937872886658		2.77906227112
0.940497875214		2.62175655365
0.943125963211		2.47967433929
0.945748806		2.68772315979
0.948373794556		2.37311172485
0.951003789902		2.75876522064
0.953627824783		2.6522026062
0.956248998642		2.42893028259
0.958873987198		2.71309566498
0.961499929428		2.39848423004
0.964258909225		2.72324466705
0.966877937317		2.65727710724
0.969501972198		2.40863323212
0.972134828568		2.73339271545
0.97475194931		2.45937633514
0.977377891541		2.64712810516
0.980004787445		2.66235160828
0.982632875443		2.36803817749
0.985253810883		2.76383876801
0.987877845764		2.53549194336
0.990505933762		2.57608699799
0.993130922318		2.67250061035
0.995755910873		2.34774017334
0.998381853104		2.77906227112
1.00100493431		2.60145950317
1.00363183022		2.51012039185
1.0062558651		2.68264961243
1.00888681412		2.36803817749
1.01150584221		2.77398777008
1.01413297653		2.64712810516
1.01675581932		2.43907928467
1.01938199997		2.7029466629
1.02201485634		2.39848423004
1.02463293076		2.71817016602
1.02726078033		2.65727710724
1.02988481522		2.39848423004
1.03252077103		2.73846721649
1.03513479233		2.45937633514
1.03775978088		2.6420545578
1.04038596153		2.66235160828
1.04301381111		2.36803817749
1.04563784599		2.76383876801
1.0482609272		2.53549194336
1.05088877678		2.57101249695
1.05351400375		2.66742610931
1.05613899231		2.35281467438
1.05876088142		2.77906227112
1.06138896942		2.60653305054
1.06402182579		2.50504589081
1.06663894653		2.67757511139
1.06927084923		2.36296367645
1.07189679146		2.76383876801
1.0745139122		2.64712810516
1.07714080811		2.44415378571
1.07977080345		2.7029466629
1.08242583275		2.39848423004
1.08501791954		2.71817016602
1.08764195442		2.65727710724
1.09026479721		2.393409729
1.09289288521		2.74354171753
1.09551787376		2.46952533722
1.09814286232		2.6420545578
1.1007668972		2.66235160828
1.10339593887		2.36296367645
1.10601997375		2.76891326904
1.10864377022		2.5405664444
1.11126995087		2.56593894958
1.113904953		2.67250061035
1.11651778221		2.35281467438
1.11914491653		2.77906227112
1.12177681923		2.60653305054
1.12439680099		2.49489688873
1.12702083588		2.68264961243
1.1296479702		2.37311172485
1.13227677345		2.76891326904
1.13489699364		2.64712810516
1.13752198219		2.43400478363
1.14014792442		2.70802116394
1.142775774		2.40863323212
1.14539790154		2.71309566498
1.14802384377		2.65727710724
1.15064883232		2.393409729
1.15327596664		2.73846721649
1.15590286255		2.46952533722
1.15852594376		2.63190555573
1.16115093231		2.66235160828
1.16377592087		2.36803817749
1.16640090942		2.76891326904
1.16902589798		2.55071544647
1.1717338562		2.58116149902
1.17440581322		2.66742610931
1.1770298481		2.35281467438
1.17965388298		2.77906227112
1.18227791786		2.5913105011
1.18490600586		2.52534389496
1.18752980232		2.67757511139
1.19015288353		2.35281467438
1.19278383255		2.77398777008
1.19541192055		2.63190555573
1.19802999496		2.45430183411
1.20065379143		2.69787216187
1.20328378677		2.393409729
1.20590591431		2.73339271545
1.20852994919		2.65727710724
1.21115899086		2.40863323212
1.21378087997		2.72831821442
1.2164068222		2.44922733307
1.21903896332		2.66235160828
1.22169589996		2.66235160828
1.22428584099		2.37311172485
1.2269089222		2.76383876801
1.2295358181		2.52026939392
1.23215889931		2.58116149902
1.2347869873		2.67250061035
1.23740792274		2.35788917542
1.24004077911		2.77906227112
1.24266195297		2.5913105011
1.24528694153		2.51519489288
1.24791097641		2.67757511139
1.25053691864		2.36296367645
1.25316381454		2.76891326904
1.25579094887		2.63698005676
1.25841283798		2.45430183411
1.26103687286		2.69787216187
1.26366782188		2.393409729
1.26628780365		2.72831821442
1.26891279221		2.65727710724
1.27153897285		2.41370677948
1.27416491508		2.73339271545
1.27679681778		2.44922733307
1.2794148922		2.6522026062
1.28204298019		2.66235160828
1.28466892242		2.36803817749
1.28729081154		2.75876522064
1.28991794586		2.53041744232
1.29255390167		2.58623600006
1.29516887665		2.67250061035
1.29779100418		2.35281467438
1.30041885376		2.77906227112
1.30304479599		2.59638500214
1.30566883087		2.51519489288
1.3082947731		2.67757511139
1.31091880798		2.36296367645
1.31354498863		2.76891326904
1.3161687851		2.6420545578
1.31879377365		2.44415378571
1.32141900063		2.69787216187
1.32404899597		2.40355873108
1.32667088509		2.72831821442
1.32929682732		2.65727710724
1.33192896843		2.40355873108
1.33454680443		2.73339271545
1.33717298508		2.45430183411
1.33979797363		2.64712810516
1.34245991707		2.66742610931
1.34504890442		2.37311172485
1.34767484665		2.76383876801
1.35029888153		2.53041744232
1.35292887688		2.57608699799
1.35555100441		2.66742610931
1.35818099976		2.35281467438
1.36080384254		2.77906227112
1.36342787743		2.60145950317
1.36605286598		2.50504589081
1.36867594719		2.68264961243
1.37130284309		2.35788917542
1.37393093109		2.76891326904
1.37655496597		2.64712810516
1.37917900085		2.44415378571
1.38180994987		2.7029466629
1.38442897797		2.39848423004
1.38707780838		2.72324466705
1.3896818161		2.6522026062
1.39234495163		2.40355873108
1.39505386353		2.72324466705
1.39768099785		2.43907928467
1.4003059864		2.67757511139
1.40293288231		2.66235160828
1.40555477142		2.37311172485
1.4081799984		2.75876522064
1.4108068943		2.50504589081
1.41343593597		2.60653305054
1.4160618782		2.67250061035
1.41868281364		2.35788917542
1.4213078022		2.77906227112
1.42393684387		2.57101249695
1.42656087875		2.53041744232
1.42918682098		2.67757511139
1.43181180954		2.35788917542
1.4344367981		2.77906227112
1.43705892563		2.63190555573
1.43969392776		2.46445083618
1.44235777855		2.68772315979
1.4450609684		2.36803817749
1.4476878643		2.76383876801
1.45031189919		2.6522026062
1.45293998718		2.43907928467
1.45556092262		2.71309566498
1.45818996429		2.40863323212
1.46081185341		2.7029466629
1.46344089508		2.66235160828
1.46606278419		2.393409729
1.46868991852		2.74861621857
1.47131299973		2.47967433929
1.47394585609		2.62683105469
1.47656488419		2.66742610931
1.47919082642		2.36296367645
1.48181891441		2.76891326904
1.48444390297		2.55578994751
1.48706793785		2.55578994751
1.48969197273		2.67250061035
1.49235486984		2.34774017334
1.49494290352		2.77906227112
1.49756789207		2.61668205261
1.50019288063		2.48474884033
1.50281882286		2.68772315979
1.50544500351		2.37311172485
1.5080678463		2.76383876801
1.5106959343		2.6522026062
1.51332187653		2.42893028259
1.51594591141		2.71309566498
1.51857089996		2.41878128052
1.52120089531		2.70802116394
1.52382493019		2.65727710724
1.52644681931		2.38833522797
1.52907180786		2.74861621857
1.53170490265		2.47967433929
1.53432297707		2.62175655365
1.53695178032		2.66742610931
1.53957295418		2.36296367645
1.5422039032		2.76891326904
1.54482483864		2.55578994751
1.54745078087		2.55071544647
1.55007386208		2.67250061035
1.55270195007		2.35281467438
1.55532383919		2.77906227112
1.55795097351		2.62175655365
1.56057691574		2.48474884033
1.56320381165		2.69279766083
1.56582593918		2.37311172485
1.56845188141		2.75876522064
1.57107496262		2.6522026062
1.57370281219		2.42893028259
1.57633090019		2.71817016602
1.5789539814		2.41370677948
1.58157777786		2.70802116394
1.5843307972		2.66235160828
1.5869538784		2.39848423004
1.58957982063		2.73846721649
1.59220600128		2.45937633514
1.59483098984		2.64712810516
1.59745383263		2.66235160828
1.60007977486		2.36296367645
1.60271596909		2.76383876801
1.60533595085		2.53041744232
1.60795783997		2.58116149902
1.6105837822		2.67250061035
1.61320781708		2.35281467438
1.61583399773		2.77906227112
1.61845684052		2.59638500214
1.62108492851		2.50504589081
1.6237077713		2.68264961243
1.6263358593		2.36296367645
1.62895798683		2.76891326904
1.63158392906		2.63698005676
1.63420987129		2.44415378571
1.63683390617		2.69787216187
1.63945889473		2.39848423004
1.64209294319		2.71817016602
1.64470887184		2.65727710724
1.64733695984		2.39848423004
1.64996099472		2.73846721649
1.65258979797		2.45937633514
1.65520191193		2.6420545578
1.65782999992		2.66742610931
1.66045498848		2.36803817749
1.66309380531		2.76891326904
1.6657128334		2.5405664444
1.66833996773		2.57101249695
1.67096400261		2.67250061035
1.67359089851		2.34774017334
1.67621588707		2.78413677216
1.67883896828		2.60653305054
1.68146395683		2.51012039185
1.68410181999		2.67757511139
1.68671679497		2.36296367645
1.68934297562		2.76383876801
1.69196796417		2.6420545578
1.69459295273		2.44415378571
1.69721579552		2.7029466629
1.69984197617		2.40355873108
1.70247793198		2.71817016602
1.7050948143		2.65727710724
1.70771789551		2.393409729
1.7103497982		2.73846721649
1.71297287941		2.46952533722
1.71559500694		2.6420545578
1.71822094917		2.66742610931
1.72084593773		2.36296367645
1.72347688675		2.76383876801
1.72609686852		2.5405664444
1.72872185707		2.56593894958
1.73134589195		2.67757511139
1.73397088051		2.35788917542
1.73659896851		2.77906227112
1.73922300339		2.60653305054
1.74185800552		2.49489688873
1.7444729805		2.68264961243
1.74710083008		2.36296367645
1.74972295761		2.76383876801
1.75243377686		2.6420545578
1.7551009655		2.46445083618
1.75772690773		2.69279766083
1.76034879684		2.38326072693
1.76297783852		2.73846721649
1.76561999321		2.65727710724
1.76822781563		2.41370677948
1.77085089684		2.72831821442
1.77348089218		2.44415378571
1.77610492706		2.66235160828
1.77872896194		2.66235160828
1.78135490417		2.37311172485
1.78397893906		2.75876522064
1.78660488129		2.51519489288
1.78923892975		2.59638500214
1.79186177254		2.67250061035
1.7944829464		2.35281467438
1.79710578918		2.77906227112
1.79972982407		2.58623600006
1.80239892006		2.53041744232
1.80510592461		2.67250061035
1.80773186684		2.35281467438
1.81035780907		2.77906227112
1.81298494339		2.62175655365
1.81560587883		2.47967433929
1.81823182106		2.68772315979
1.82085800171		2.37311172485
1.82348585129		2.75876522064
1.82610797882		2.6522026062
1.82873177528		2.42385578156
1.83135795593		2.71817016602
1.83398485184		2.41878128052
1.83660984039		2.69787216187
1.83923697472		2.66235160828
1.84187078476		2.38833522797
1.84448480606		2.74861621857
1.84711480141		2.4898223877
1.84973692894		2.61668205261
1.85244894028		2.66742610931
1.85511493683		2.37311172485
1.85773777962		2.76383876801
1.86036586761		2.53041744232
1.86299085617		2.57101249695
1.86561393738		2.66742610931
1.86823678017		2.35281467438
1.87086582184		2.77906227112
1.87349081039		2.60145950317
1.87611484528		2.50504589081
1.87874078751		2.68264961243
1.88136696815		2.35788917542
1.88399386406		2.76891326904
1.88661599159		2.6420545578
1.8892428875		2.44415378571
1.89187383652		2.7029466629
1.89449095726		2.40355873108
1.89711999893		2.72324466705
1.89974284172		2.65727710724
1.90240979195		2.40355873108
1.90511989594		2.72324466705
1.90774679184		2.43400478363
1.91036987305		2.67757511139
1.91299891472		2.66235160828
1.91561985016		2.37818622589
1.91824483871		2.7536907196
1.92086982727		2.50504589081
1.92349791527		2.60145950317
1.92612099648		2.66742610931
1.92875385284		2.35788917542
1.93137192726		2.77906227112
1.93399882317		2.57608699799
1.93662285805		2.52534389496
1.9392478466		2.67250061035
1.94188094139		2.35788917542
1.94449996948		2.77906227112
1.94712400436		2.63190555573
1.94974780083		2.45937633514
1.95246577263		2.68772315979
1.95512700081		2.36803817749
1.9577498436		2.75876522064
1.96037483215		2.64712810516
1.96300196648		2.43400478363
1.96562480927		2.71309566498
1.96825098991		2.41370677948
1.97087478638		2.69787216187
1.97350287437		2.65727710724
1.97613096237		2.38833522797
1.97875285149		2.74861621857
1.98137593269		2.48474884033
1.9840028286		2.62683105469
1.98662996292		2.66742610931
1.9892539978		2.35788917542
1.99189090729		2.76891326904
1.99450492859		2.55071544647
1.99713182449		2.55578994751
1.9997549057		2.67757511139
2.0024189949		2.35281467438
2.00500679016		2.77906227112
2.00763177872		2.61160755157
2.01027488708		2.4898223877
2.0128839016		2.68772315979
2.0155069828		2.37311172485
2.01813292503		2.75876522064
2.02075695992		2.6522026062
2.02338600159		2.42893028259
2.02600884438		2.71309566498
2.0286359787		2.40863323212
2.03126192093		2.69787216187
2.03388690948		2.66235160828
2.03650999069		2.38833522797
2.03913593292		2.74861621857
2.04176998138		2.48474884033
2.04438996315		2.62175655365
2.04701280594		2.66742610931
2.04963779449		2.35788917542
2.05226993561		2.77398777008
2.05488777161		2.56086444855
2.05751299858		2.55071544647
2.06013798714		2.67250061035
2.06276583672		2.35281467438
2.0653898716		2.77906227112
2.06801390648		2.62175655365
2.07063984871		2.48474884033
2.07326579094		2.68772315979
2.0758907795		2.36803817749
2.07851600647		2.7536907196
2.08114099503		2.6522026062
2.08377385139		2.42893028259
2.08639097214		2.71309566498
2.08901882172		2.42385578156
2.09168696404		2.7029466629
2.09439492226		2.65727710724
2.09702181816		2.39848423004
2.09964394569		2.73339271545
2.10227680206		2.45937633514
2.10489583015		2.64712810516
2.10751891136		2.66742610931
2.11014699936		2.36803817749
2.11277294159		2.76383876801
2.1153948307		2.53041744232
2.11802196503		2.57101249695
2.12064695358		2.66742610931
2.12327194214		2.35788917542
2.12589788437		2.77906227112
2.12852287292		2.60145950317
2.13114595413		2.50504589081
2.13377285004		2.68264961243
2.13639879227		2.36296367645
2.13902187347		2.76891326904
2.14168477058		2.6420545578
2.14427280426		2.44415378571
2.14689993858		2.7029466629
2.1495218277		2.39848423004
2.15215682983		2.71817016602
2.15477395058		2.65727710724
2.15740299225		2.39848423004
2.16002392769		2.73846721649
2.16265392303		2.46445083618
2.16527795792		2.6420545578
2.16790294647		2.66235160828
2.17052388191		2.36296367645
2.17316293716		2.76383876801
2.17577886581		2.5405664444
2.1784029007		2.57101249695
2.18102788925		2.67250061035
2.18365693092		2.35281467438
2.18627882004		2.77906227112
2.18890500069		2.60653305054
2.19152998924		2.52026939392
2.19430184364		2.67250061035
2.19691085815		2.35788917542
2.19953489304		2.77398777008
2.2021689415		2.63190555573
2.20478487015		2.46445083618
2.20741081238		2.69279766083
2.21003699303		2.38326072693
2.21266388893		2.74354171753
2.21528697014		2.6522026062
2.21791195869		2.41370677948
2.22053790092		2.72324466705
2.22316598892		2.43400478363
2.22578978539		2.67250061035
2.22841191292		2.66235160828
2.23103785515		2.37818622589
2.23366880417		2.7536907196
2.23628997803		2.51012039185
2.23891496658		2.5913105011
2.24153995514		2.67250061035
2.2442908287		2.36296367645
2.2469189167		2.76891326904
2.24953985214		2.55071544647
2.25216698647		2.55578994751
2.25479578972		2.67250061035
2.25741577148		2.34774017334
2.26004290581		2.78413677216
2.26266980171		2.61668205261
2.26529097557		2.48474884033
2.26791882515		2.68772315979
2.27054381371		2.37311172485
2.27316689491		2.7536907196
2.27578496933		2.64712810516
2.27841377258		2.42385578156
2.28103780746		2.71309566498
2.28367686272		2.41878128052
2.28629589081		2.7029466629
2.28893899918		2.65727710724
2.29154896736		2.38833522797
2.29429793358		2.73339271545
2.29693698883		2.44922733307
2.29954791069		2.65727710724
2.30220198631		2.66742610931
2.3048119545		2.37311172485
2.30742287636		2.76383876801
2.31004786491		2.53041744232
2.31267595291		2.58116149902
2.3152987957		2.67250061035
2.31792283058		2.35788917542
2.32055187225		2.77906227112
2.32317590714		2.59638500214
2.32579994202		2.50504589081
2.3284239769		2.67757511139
2.3310508728		2.36296367645
2.3336789608		2.76891326904
2.33630681038		2.6420545578
2.33892679214		2.44415378571
2.34155297279		2.69787216187
2.34430480003		2.37818622589
2.34692788124		2.7536907196
2.3495528698		2.6522026062
2.35217881203		2.42385578156
2.35480499268		2.71817016602
2.35742998123		2.43400478363
2.36007094383		2.69279766083
2.36280679703		2.65727710724
2.36543083191		2.393409729
2.36805582047		2.74354171753
2.37068200111		2.47459983826
2.37330698967		2.63698005676
2.37593388557		2.66235160828
2.37855696678		2.36296367645
2.38118290901		2.76891326904
2.38380694389		2.5405664444
2.38643288612		2.56086444855
2.38905692101		2.67250061035
2.39169287682		2.35281467438
2.39431285858		2.77398777008
2.39693593979		2.60653305054
2.3995578289		2.4898223877
2.40219378471		2.68264961243
2.40481090546		2.37311172485
2.40743494034		2.76891326904
2.41005992889		2.64712810516
2.41268897057		2.43400478363
2.41531085968		2.70802116394
2.41794300079		2.40863323212
2.42056298256		2.70802116394
2.42318797112		2.65727710724
2.42581295967		2.393409729
2.42843794823		2.74354171753
2.43106389046		2.47459983826
2.43369579315		2.63190555573
2.43631386757		2.66742610931
2.4389398098		2.36296367645
2.44156479836		2.76383876801
2.44431781769		2.52026939392
2.44693994522		2.58623600006
2.44956588745		2.66742610931
2.45219993591		2.35281467438
2.45481777191		2.77398777008
2.45744490623		2.58623600006
2.46006679535		2.52026939392
2.46269392967		2.67757511139
2.46531677246		2.35788917542
2.46794390678		2.76891326904
2.47056698799		2.63698005676
2.47319293022		2.45430183411
2.47580981255		2.69787216187
2.47843694687		2.39848423004
2.48106479645		2.73339271545
2.48370480537		2.65727710724
2.48632097244		2.40355873108
2.48896098137		2.72831821442
2.49157094955		2.43907928467
2.49432086945		2.69279766083
2.49696278572		2.66235160828
2.49957799911		2.38833522797
2.5022008419		2.74861621857
2.50483584404		2.48474884033
2.50744700432		2.61160755157
2.51007199287		2.66742610931
2.51270198822		2.35788917542
2.51532292366		2.77398777008
2.51794981956		2.56593894958
2.5205719471		2.5405664444
2.52320384979		2.67250061035
2.52582597733		2.35281467438
2.52844977379		2.77906227112
2.53107595444		2.62683105469
2.53370285034		2.47459983826
2.53632593155		2.68772315979
2.53895497322		2.37311172485
2.54157590866		2.7536907196
2.54432892799		2.6420545578
2.54695296288		2.44415378571
2.54957699776		2.7029466629
2.55220580101		2.39848423004
2.55482983589		2.71817016602
2.5574529171		2.65727710724
2.560079813		2.39848423004
2.562707901		2.74354171753
2.56532788277		2.46952533722
2.56795883179		2.64712810516
2.57058191299		2.66742610931
2.57321000099		2.36296367645
2.57583189011		2.76891326904
2.57845783234		2.53549194336
2.58108687401		2.57101249695
2.58370995522		2.67250061035
2.58633089066		2.35788917542
2.58895993233		2.77906227112
2.59158277512		2.58623600006
2.59433984756		2.52534389496
2.59695887566		2.67757511139
2.59958386421		2.35788917542
2.60221886635		2.77906227112
2.60483598709		2.63190555573
2.60747981071		2.46445083618
2.61008691788		2.68772315979
2.61271286011		2.38326072693
2.61533594131		2.74354171753
2.61796283722		2.65727710724
2.62058782578		2.41370677948
2.6232149601		2.72324466705
2.62583780289		2.43907928467
2.62846398354		2.66742610931
2.63108897209		2.66235160828
2.633715868		2.37818622589
2.63633799553		2.75876522064
2.63896393776		2.51519489288
2.64159083366		2.60145950317
2.64433979988		2.66235160828
2.64696478844		2.35788917542
2.64959192276		2.76891326904
2.65222382545		2.55578994751
2.65484285355		2.55071544647
2.65746879578		2.67250061035
2.66009283066		2.35281467438
2.66272497177		2.77906227112
2.66534280777		2.61668205261
2.66796994209		2.47967433929
2.67059183121		2.68772315979
2.67321681976		2.37818622589
2.67583584785		2.75876522064
2.67846179008		2.64712810516
2.68108797073		2.42385578156
2.68372678757		2.71309566498
2.68634796143		2.41878128052
2.68898892403		2.70802116394
2.69159579277		2.65727710724
2.6943488121		2.40355873108
2.69698691368		2.72831821442
2.69959688187		2.45430183411
2.70222878456		2.65727710724
2.704859972		2.66742610931
2.70746994019		2.36803817749
2.71010780334		2.76383876801
2.71272492409		2.53041744232
2.71535181999		2.57608699799
2.71797394753		2.67250061035
2.72059893608		2.35281467438
2.72322678566		2.77906227112
2.72585082054		2.59638500214
2.72847485542		2.51012039185
2.73110079765		2.67757511139
2.73372888565		2.35788917542
2.73635196686		2.76891326904
2.73897695541		2.64712810516
2.74160194397		2.45430183411
2.74435186386		2.69279766083
2.74697089195		2.38326072693
2.74959492683		2.74354171753
2.75222492218		2.6522026062
2.75485897064		2.41878128052
2.75747799873		2.72324466705
2.76012587547		2.42385578156
2.76285886765		2.71309566498
2.76547980309		2.66235160828
2.76810693741		2.393409729
2.77073192596		2.73846721649
2.77335882187		2.46445083618
2.77598500252		2.63698005676
2.77860784531		2.66742610931
2.78123283386		2.36296367645
2.78385782242		2.76891326904
2.78648495674		2.5405664444
2.78910899162		2.55578994751
2.79174184799		2.66742610931
2.79435896873		2.34774017334
2.79698491096		2.78413677216
2.7996108532		2.61160755157
2.80224299431		2.49489688873
2.80486178398		2.68264961243
2.80748581886		2.36296367645
2.81010985374		2.76383876801
2.81273794174		2.64712810516
2.81535983086		2.43907928467
2.81798696518		2.70802116394
2.82061100006		2.40863323212
2.82323980331		2.70802116394
2.82586884499		2.66235160828
2.82848978043		2.393409729
2.83111381531		2.74354171753
2.83374190331		2.47967433929
2.83636379242		2.63190555573
2.83898997307		2.66235160828
2.84161496162		2.35788917542
2.84436893463		2.75876522064
2.84699082375		2.52026939392
2.84961700439		2.58623600006
2.85224986076		2.67250061035
2.85486483574		2.34774017334
2.85749292374		2.77398777008
2.86011695862		2.58623600006
2.86274600029		2.51519489288
2.8653678894		2.67757511139
2.86799287796		2.36296367645
2.87061691284		2.77398777008
2.87324380875		2.6420545578
2.87587690353		2.44922733307
2.87848496437		2.69787216187
2.88111281395		2.393409729
2.88375377655		2.73339271545
2.88636994362		2.65727710724
2.88901185989		2.40863323212
2.89162182808		2.72324466705
2.89437294006		2.41878128052
2.89701294899		2.69279766083
2.8996219635		2.66235160828
2.9022538662		2.38326072693
2.90488600731		2.74861621857
2.90750384331		2.49489688873
2.91012191772		2.61160755157
2.91275000572		2.66235160828
2.91537284851		2.35788917542
2.91799998283		2.77398777008
2.92062282562		2.56593894958
2.92325091362		2.5405664444
2.9258749485		2.67250061035
2.92849898338		2.35281467438
2.93112683296		2.77398777008
2.93375396729		2.62683105469
2.93637490273		2.47459983826
2.93900084496		2.69279766083
2.94162583351		2.37311172485
2.9443769455		2.76383876801
2.9470038414		2.6420545578
2.9496409893		2.43907928467
2.95225787163		2.7029466629
2.95487880707		2.40355873108
2.95750379562		2.71817016602
2.96012997627		2.65727710724
2.96275997162		2.393409729
2.96537899971		2.73846721649
2.96800780296		2.45937633514
2.97063088417		2.6420545578
2.97325778008		2.66742610931
2.97588181496		2.36803817749
2.9785118103		2.76383876801
2.98113179207		2.5405664444
2.98376178741		2.56593894958
2.98638391495		2.67250061035
2.98901486397		2.35281467438
2.99163389206		2.77906227112
2.99438285828		2.58623600006
2.99700880051		2.52534389496
2.99963378906		2.67757511139
3.00226187706		2.35281467438
3.00488400459		2.77398777008
3.00750994682		2.63190555573
3.01013684273		2.46445083618
3.01276397705		2.69279766083
3.01538586617		2.38833522797
3.0180118084		2.73339271545
3.02063798904		2.6522026062
3.0232629776		2.40863323212
3.02588796616		2.72831821442
3.02851390839		2.44415378571
3.03113794327		2.67250061035
3.03376579285		2.66235160828
3.0363919735		2.36803817749
3.03905892372		2.75876522064
3.0417778492		2.47967433929
3.04439091682		2.62175655365
3.04701685905		2.66742610931
3.04964089394		2.35788917542
3.05227398872		2.76891326904
3.05489182472		2.55578994751
3.05751800537		2.54564094543
3.06014299393		2.67250061035
3.06276988983		2.35281467438
3.06539392471		2.77906227112
3.06801891327		2.61668205261
3.07064890862		2.47967433929
3.07326579094		2.68772315979
3.07588577271		2.37818622589
3.07850980759		2.7536907196
3.08113789558		2.6522026062
3.08377981186		2.42893028259
3.08639788628		2.71309566498
3.08903980255		2.41370677948
3.09168386459		2.7029466629
3.09439897537		2.65727710724
3.09703779221		2.40355873108
3.09964680672		2.73339271545
3.1022799015		2.45430183411
3.10491585732		2.6522026062
3.10752296448		2.66235160828
3.11014795303		2.36296367645
3.11277580261		2.76891326904
3.11539983749		2.53549194336
3.11802387238		2.57608699799
3.12064981461		2.66742610931
3.1232779026		2.34774017334
3.12589979172		2.77906227112
3.12852478027		2.60145950317
3.13115096092		2.51519489288
3.13378000259		2.68264961243
3.13640499115		2.36296367645
3.13902878761		2.76383876801
3.14169096947		2.63190555573
3.14440488815		2.46445083618
3.14702892303		2.68772315979
3.14965486526		2.38326072693
3.15228581429		2.7536907196
3.15490794182		2.6522026062
3.15752887726		2.41370677948
3.1601729393		2.71817016602
3.16290688515		2.40355873108
3.16553092003		2.70802116394
3.16815781593		2.65727710724
3.17078399658		2.38833522797
3.17340683937		2.74354171753
3.1760327816		2.46952533722
3.17865896225		2.62683105469
3.18128180504		2.66235160828
3.18390989304		2.36296367645
3.18653392792		2.77398777008
3.18915891647		2.54564094543
3.19178986549		2.56086444855
3.19440984726		2.67250061035
3.19703578949		2.35281467438
3.1996588707		2.77906227112
3.20228481293		2.61160755157
3.20491099358		2.4898223877
3.20753383636		2.68264961243
3.21016383171		2.36296367645
3.21279096603		2.75876522064
3.2154109478		2.64712810516
3.2180378437		2.42893028259
3.22066378593		2.70802116394
3.22328877449		2.40863323212
3.22591495514		2.7029466629
3.22853779793		2.6522026062
3.23116278648		2.38833522797
3.23379778862		2.74354171753
3.23641490936		2.47967433929
3.23904085159		2.63190555573
3.24167180061		2.66742610931
3.24428987503		2.35788917542
3.24691796303		2.76891326904
3.24954199791		2.55071544647
3.25216698647		2.55071544647
3.25478982925		2.67757511139
3.25741791725		2.35281467438
3.26004195213		2.77906227112
3.2626709938		2.61668205261
3.26529383659		2.47967433929
3.2679169178		2.68264961243
3.27054381371		2.37311172485
3.27316784859		2.75876522064
3.27578687668		2.6522026062
3.27841186523		2.42893028259
3.28105092049		2.71309566498
3.28367877007		2.40863323212
3.28629398346		2.69787216187
3.28893685341		2.65727710724
3.29154777527		2.393409729
3.2942969799		2.73339271545
3.29693698883		2.45430183411
3.29954695702		2.6522026062
3.30218195915		2.66235160828
3.3047978878		2.36803817749
3.30742383003		2.75876522064
3.31004786491		2.52534389496
3.31267595291		2.58116149902
3.31530499458		2.67250061035
3.31792378426		2.34774017334
3.32054877281		2.77906227112
3.32317781448		2.59638500214
3.32579898834		2.50504589081
3.32842993736		2.68264961243
3.3310508728		2.36296367645
3.33367991447		2.76891326904
3.33632397652		2.63698005676
3.33905482292		2.46952533722
3.34168577194		2.69279766083
3.34430289268		2.37818622589
3.34692788124		2.74861621857
3.34955382347		2.6522026062
3.35220479965		2.42893028259
3.35492992401		2.7029466629
3.35755491257		2.40355873108
3.3601808548		2.72324466705
3.36280894279		2.65727710724
3.36542987823		2.393409729
3.36805891991		2.73339271545
3.37068200111		2.46445083618
3.37330794334		2.63698005676
3.37593078613		2.66235160828
3.37855696678		2.36803817749
3.38118195534		2.76891326904
3.38381195068		2.54564094543
3.38643288612		2.56086444855
3.38905882835		2.67250061035
3.39169287682		2.34774017334
3.39430880547		2.77906227112
3.3969399929		2.60653305054
3.39956283569		2.49489688873
3.40219283104		2.68264961243
3.40481090546		2.36296367645
3.40743589401		2.75876522064
3.41006278992		2.64712810516
3.41268587112		2.43400478363
3.41531181335		2.7029466629
3.41793680191		2.41370677948
3.42056298256		2.71309566498
3.42319178581		2.65727710724
3.42581295967		2.38833522797
3.42843794823		2.74354171753
3.43106389046		2.46952533722
3.43369698524		2.6420545578
3.43631386757		2.66742610931
3.43893885612		2.36296367645
3.44161987305		2.75876522064
3.44431877136		2.51519489288
3.44694185257		2.58623600006
3.44956588745		2.67250061035
3.45219993591		2.35281467438
3.45481586456		2.77906227112
3.45744299889		2.5913105011
3.46006798744		2.51519489288
3.46269583702		2.67757511139
3.4653198719		2.35281467438
3.46794295311		2.77906227112
3.47056984901		2.63698005676
3.47319793701		2.45430183411
3.47580885887		2.69787216187
3.47844481468		2.38833522797
3.4810769558		2.73339271545
3.48370480537		2.65727710724
3.48631978035		2.41370677948
3.48896098137		2.72831821442
3.4915728569		2.43907928467
3.49432396889		2.68772315979
3.49696087837		2.65727710724
3.49957299232		2.37818622589
3.5022008419		2.74861621857
3.50482177734		2.4898223877
3.50744700432		2.61668205261
3.51007390022		2.67250061035
3.51269984245		2.35281467438
3.51532483101		2.76891326904
3.51795077324		2.56086444855
3.52057385445		2.54564094543
3.52320194244		2.67757511139
3.52582597733		2.35281467438
3.52845191956		2.77906227112
3.53107786179		2.62175655365
3.53370380402		2.46952533722
3.53632879257		2.68772315979
3.53895282745		2.38326072693
3.54157996178		2.75876522064
3.54433393478		2.64712810516
3.54695296288		2.43907928467
3.54957985878		2.7029466629
3.55221199989		2.393409729
3.55495381355		2.74354171753
3.55757784843		2.6522026062
3.56023097038		2.42385578156
3.56295681		2.70802116394
3.5655798912		2.40863323212
3.56820583344		2.70802116394
3.57083177567		2.66235160828
3.57345795631		2.393409729
3.57608485222		2.74354171753
3.5787088871		2.47967433929
3.58133387566		2.63190555573
3.58395981789		2.66235160828
3.58658385277		2.35788917542
3.58920884132		2.76891326904
3.59184288979		2.54564094543
3.59445881844		2.55578994751
3.59708690643		2.67250061035
3.59970998764		2.35281467438
3.60242795944		2.77906227112
3.60508799553		2.58623600006
3.60771298409		2.51012039185
3.61033582687		2.67757511139
3.6129629612		2.36296367645
3.61558699608		2.77398777008
3.61821293831		2.63698005676
3.62083983421		2.44922733307
3.62346386909		2.69787216187
3.62608981133		2.393409729
3.62871479988		2.73339271545
3.63133788109		2.65727710724
3.63396477699		2.40355873108
3.63659000397		2.72831821442
3.63921499252		2.44415378571
3.64185380936		2.66235160828
3.64446783066		2.66235160828
3.64709091187		2.36803817749
3.64971899986		2.75876522064
3.65241980553		2.49997138977
3.65509486198		2.61668205261
3.65771794319		2.66742610931
3.66034388542		2.35281467438
3.66296887398		2.77398777008
3.66559481621		2.56593894958
3.66821885109		2.53549194336
3.67084383965		2.67250061035
3.67347097397		2.34774017334
3.67608690262		2.77906227112
3.67871189117		2.62683105469
3.68133592606		2.46952533722
3.68397498131		2.68772315979
3.68659377098		2.37818622589
3.68922495842		2.74861621857
3.69185185432		2.6522026062
3.69446992874		2.41878128052
3.69711399078		2.71817016602
3.69972085953		2.42893028259
3.70238399506		2.69279766083
3.70498681068		2.65727710724
3.7075958252		2.37818622589
3.71023082733		2.74861621857
3.71284985542		2.49489688873
3.71547484398		2.60653305054
3.71810078621		2.66742610931
3.72072482109		2.35788917542
3.72335886955		2.77398777008
3.72597694397		2.56086444855
3.72859978676		2.53549194336
3.73122596741		2.67757511139
3.73385286331		2.35281467438
3.73647785187		2.77906227112
3.7391037941		2.62683105469
3.74173688889		2.46952533722
3.7443459034		2.68772315979
3.74696993828		2.37818622589
3.74959588051		2.74861621857
3.75224399567		2.6522026062
3.75498390198		2.43400478363
3.75760579109		2.70802116394
3.76022982597		2.39848423004
3.7628569603		2.70802116394
3.76547980309		2.65727710724
3.76810693741		2.39848423004
3.77088284492		2.72324466705
3.77348589897		2.43907928467
3.77610683441		2.67250061035
3.77873587608		2.66235160828
3.78135991096		2.37311172485
3.78400278091		2.75876522064
3.78661084175		2.51519489288
3.78923296928		2.59638500214
3.79186582565		2.66742610931
3.79448580742		2.35281467438
3.79711079597		2.77906227112
3.79973578453		2.58116149902
3.80240392685		2.53041744232
3.80511879921		2.67250061035
3.80773687363		2.35281467438
3.81036186218		2.77906227112
3.81298899651		2.61668205261
3.81561183929		2.47967433929
3.81823897362		2.68772315979
3.82086277008		2.36803817749
3.8234899044		2.75876522064
3.82611584663		2.64712810516
3.82873892784		2.42385578156
3.8313639164		2.71309566498
3.83398890495		2.41370677948
3.83661580086		2.69279766083
3.83924293518		2.66235160828
3.84187197685		2.38833522797
3.84449195862		2.74861621857
3.84711694717		2.48474884033
3.84974384308		2.61668205261
3.85245680809		2.66742610931
3.85512089729		2.36803817749
3.85774278641		2.76383876801
3.86036682129		2.53041744232
3.86299586296		2.57608699799
3.86561894417		2.67250061035
3.86824393272		2.34774017334
3.87086892128		2.77906227112
3.87349200249		2.60145950317
3.87611293793		2.49997138977
3.87873482704		2.68264961243
3.88136196136		2.36296367645
3.8840007782		2.76891326904
3.8866288662		2.6420545578
3.88924789429		2.43907928467
3.89187884331		2.7029466629
3.89449596405		2.40355873108
3.897138834		2.72831821442
3.89974689484		2.65727710724
3.90241289139		2.40355873108
3.90513777733		2.71817016602
3.90774893761		2.42385578156
3.91037297249		2.67757511139
3.91301679611		2.66235160828
3.91562390327		2.37311172485
3.9182498455		2.75876522064
3.92087578773		2.49997138977
3.92350387573		2.60145950317
3.92612600327		2.66742610931
3.92875099182		2.35788917542
3.93137598038		2.77398777008
3.93400287628		2.57608699799
3.93662595749		2.53041744232
3.93925285339		2.67757511139
3.94188499451		2.35281467438
3.94450283051		2.77398777008
3.9471309185		2.63190555573
3.94975399971		2.46445083618
3.95247483253		2.68772315979
3.95513391495		2.36296367645
3.95775699615		2.7536907196
3.96038293839		2.64712810516
3.96300983429		2.43400478363
3.96563076973		2.71309566498
3.96826791763		2.40863323212
3.97100782394		2.73339271545
3.97363400459		2.6522026062
3.97627592087		2.40863323212
3.97900891304		2.71817016602
3.98163485527		2.41370677948
3.98438286781		2.73339271545
3.98700881004		2.65727710724
3.98963499069		2.39848423004
3.99227595329		2.72324466705
3.99501180649		2.42385578156
3.9976348877		2.68264961243
4.0002617836		2.66235160828
4.00288677216		2.38326072693
4.00551199913		2.7536907196
4.00813889503		2.49489688873
4.01076388359		2.60145950317
4.01338887215		2.66742610931
4.0160138607		2.35281467438
4.01863789558		2.77906227112
4.02126383781		2.57608699799
4.02388882637		2.53041744232
4.02651882172		2.67757511139
4.02913880348		2.35281467438
4.0317709446		2.77398777008
4.03439188004		2.63190555573
4.03701591492		2.46952533722
4.03964090347		2.69279766083
4.04227399826		2.38326072693
4.04489278793		2.74354171753
4.04751682281		2.6522026062
4.05014896393		2.41370677948
4.05276894569		2.72324466705
4.05539178848		2.43400478363
4.05801987648		2.67757511139
4.06064200401		2.66235160828
4.06326985359		2.37311172485
4.0658929348		2.7536907196
4.06851792336		2.50504589081
4.07114386559		2.60145950317
4.07376885414		2.66742610931
4.07638597488		2.35788917542
4.07901287079		2.77398777008
4.081635952		2.55578994751
4.08439993858		2.55578994751
4.0870218277		2.67757511139
4.08964896202		2.35281467438
4.09227895737		2.78413677216
4.09489798546		2.61160755157
4.09752082825		2.48474884033
4.10014891624		2.68264961243
4.10277581215		2.36296367645
4.10539984703		2.75876522064
4.10802483559		2.6522026062
4.11065077782		2.43400478363
4.11327981949		2.70802116394
4.11590099335		2.40863323212
4.11852478981		2.69787216187
4.1211669445		2.65727710724
4.12377786636		2.38833522797
4.12640094757		2.74861621857
4.1290409565		2.48474884033
4.13169288635		2.6420545578
4.13440394402		2.66235160828
4.13704395294		2.36803817749
4.13965392113		2.76383876801
4.14227890968		2.52534389496
4.14490389824		2.58623600006
4.1475288868		2.67250061035
4.15015387535		2.34774017334
4.15278077126		2.77398777008
4.15540385246		2.5913105011
4.15803098679		2.51012039185
4.16065692902		2.68264961243
4.16328191757		2.36296367645
4.16590690613		2.76891326904
4.16853189468		2.63698005676
4.17115998268		2.44415378571
4.17378377914		2.69787216187
4.17640781403		2.393409729
4.17903280258		2.72831821442
4.18173480034		2.65727710724
4.18441390991		2.41878128052
4.18703699112		2.71817016602
4.18965888023		2.42385578156
4.19228386879		2.69279766083
4.19491100311		2.65727710724
4.19753599167		2.38326072693
4.20016098022		2.74861621857
4.20278978348		2.49489688873
4.20541286469		2.60653305054
4.20803689957		2.66742610931
4.21066379547		2.35281467438
4.21329379082		2.77398777008
4.21591281891		2.57101249695
4.21853685379		2.53549194336
4.22116279602		2.67250061035
4.22379183769		2.34774017334
4.2264149189		2.77398777008
4.22903895378		2.62683105469
4.23167181015		2.47459983826
4.23429179192		2.69279766083
4.2369158268		2.37818622589
4.23953986168		2.74354171753
4.24217391014		2.6522026062
4.24479198456		2.41370677948
4.24741482735		2.72324466705
4.25004386902		2.43400478363
4.25266981125		2.68264961243
4.25529193878		2.65727710724
4.25791883469		2.37818622589
4.26054596901		2.7536907196
4.26317095757		2.49997138977
4.26579380035		2.60145950317
4.26841878891		2.66742610931
4.27104496956		2.35788917542
4.273665905		2.77398777008
4.27628588676		2.57608699799
4.27891278267		2.52534389496
4.28153777122		2.67757511139
4.28430294991		2.35281467438
4.28692388535		2.77906227112
4.2895488739		2.61160755157
4.29218196869		2.4898223877
4.2948038578		2.68264961243
4.29742288589		2.36296367645
4.3000497818		2.76383876801
4.30267596245		2.6522026062
4.30530190468		2.43400478363
4.30792593956		2.70802116394
4.31055092812		2.40863323212
4.31319189072		2.70802116394
4.31579899788		2.65727710724
4.31842684746		2.38833522797
4.32106494904		2.74354171753
4.32367897034		2.47459983826
4.32629990578		2.62683105469
4.32892799377		2.66742610931
4.33155083656		2.36296367645
4.33430600166		2.76383876801
4.33692884445		2.52026939392
4.33955287933		2.58623600006
4.34218478203		2.66742610931
4.34480381012		2.34774017334
4.34742879868		2.77906227112
4.35005283356		2.5913105011
4.35267996788		2.51519489288
4.35530591011		2.68264961243
4.35792994499		2.35788917542
4.36055588722		2.77398777008
4.36318278313		2.63698005676
4.36580586433		2.44922733307
4.36843180656		2.69279766083
4.37105679512		2.393409729
4.37368297577		2.73339271545
4.37633490562		2.6522026062
4.37905979156		2.42385578156
4.38168883324		2.71817016602
4.38430786133		2.41370677948
4.38693284988		2.69279766083
4.38955783844		2.66235160828
4.39219594002		2.38833522797
4.39481282234		2.74861621857
4.39743494987		2.4898223877
4.40006089211		2.60653305054
4.4026889801		2.66742610931
4.40531086922		2.35788917542
4.40793800354		2.77398777008
4.4105629921		2.56593894958
4.41318893433		2.5405664444
4.41581392288		2.67250061035
4.41843795776		2.34774017334
4.42106389999		2.77906227112
4.42368888855		2.62175655365
4.42631483078		2.46952533722
4.42893981934		2.69279766083
4.43156385422		2.36296367645
4.43432688713		2.76383876801
4.43694186211		2.64712810516
4.43956494331		2.43907928467
4.44220089912		2.70802116394
4.44481682777		2.40863323212
4.44744181633		2.72324466705
4.45006680489		2.65727710724
4.45269489288		2.393409729
4.455316782		2.73339271545
4.45795083046		2.46445083618
4.46056890488		2.6420545578
4.46319484711		2.66742610931
4.46581697464		2.36803817749
4.46844482422		2.76891326904
4.4710688591		2.5405664444
4.47369480133		2.56086444855
4.47630977631		2.67250061035
4.47893500328		2.35281467438
4.48156094551		2.77906227112
4.48432683945		2.57608699799
4.48694586754		2.52534389496
4.48957395554		2.67757511139
4.49220490456		2.35281467438
4.49482297897		2.77398777008
4.4974489212		2.63698005676
4.50007486343		2.45937633514
4.50269985199		2.69279766083
4.50532579422		2.38833522797
4.50794792175		2.73846721649
4.51057386398		2.65727710724
4.51321792603		2.41370677948
4.51582288742		2.72831821442
4.51845097542		2.44415378571
4.52108979225		2.67250061035
4.5237019062		2.66235160828
4.52632689476		2.36803817749
4.52894997597		2.75876522064
4.53157782555		2.50504589081
4.53432893753		2.62683105469
4.53695178032		2.66742610931
4.53958392143		2.35788917542
4.54221177101		2.76891326904
4.54482984543		2.55071544647
4.54745388031		2.54564094543
4.55007886887		2.67757511139
4.55270600319		2.35281467438
4.55533099174		2.77906227112
4.55795478821		2.61668205261
4.56058096886		2.47967433929
4.56320691109		2.68772315979
4.56583094597		2.37311172485
4.56846094131		2.76383876801
4.5710849762		2.6522026062
4.57370686531		2.42385578156
4.57633399963		2.71309566498
4.5789577961		2.41370677948
4.58158278465		2.71309566498
4.58435177803		2.65727710724
4.58708381653		2.42385578156
4.58970785141		2.71817016602
4.59237289429		2.41370677948
4.59508490562		2.71309566498
4.59771180153		2.66235160828
4.60035181046		2.39848423004
4.60309100151		2.72324466705
4.60571289062		2.44415378571
4.60833692551		2.68264961243
4.61096286774		2.66235160828
4.61359095573		2.36803817749
4.61621499062		2.7536907196
4.61884093285		2.51012039185
4.62147188187		2.61160755157
4.62421679497		2.66235160828
4.62684082985		2.35788917542
4.62946581841		2.76891326904
4.63211488724		2.5405664444
4.63471579552		2.55071544647
4.63734197617		2.67757511139
4.6399679184		2.35281467438
4.64260196686		2.77906227112
4.64521694183		2.61668205261
4.64784097672		2.47967433929
4.65046691895		2.68772315979
4.65309500694		2.36803817749
4.65572094917		2.75876522064
4.65834379196		2.6522026062
4.66096782684		2.42893028259
4.66359496117		2.70802116394
4.66621994972		2.41370677948
4.66884493828		2.69279766083
4.67147088051		2.65727710724
4.67421293259		2.39848423004
4.67683696747		2.73339271545
4.67946386337		2.44922733307
4.68208885193		2.65727710724
4.68472385406		2.66235160828
4.6873459816		2.36296367645
4.68997097015		2.75876522064
4.69260382652		2.53041744232
4.69522094727		2.58116149902
4.69784593582		2.66742610931
4.70047283173		2.35281467438
4.70310592651		2.77398777008
4.70572185516		2.59638500214
4.70834589005		2.51012039185
4.71100378036		2.67757511139
4.71372294426		2.35281467438
4.71634078026		2.77398777008
4.71896696091		2.62683105469
4.72159194946		2.47459983826
4.7243437767		2.68772315979
4.72696781158		2.36803817749
4.72959399223		2.76891326904
4.73222088814		2.64712810516
4.73485684395		2.43907928467
4.73747992516		2.7029466629
4.74010300636		2.39848423004
4.74272799492		2.71817016602
4.74534988403		2.65727710724
4.7479698658		2.39848423004
4.75059700012		2.74354171753
4.75325298309		2.45937633514
4.75585484505		2.63698005676
4.75847887993		2.66235160828
4.7611207962		2.36296367645
4.76373386383		2.76891326904
4.76635789871		2.54564094543
4.7691218853		2.60145950317
4.77179193497		2.66742610931
4.77449393272		2.35788917542
4.77710795403		2.76891326904
4.77973294258		2.55578994751
4.78242278099		2.57101249695
4.78511500359		2.67250061035
4.78773093224		2.34774017334
4.79035592079		2.77906227112
4.79298591614		2.5913105011
4.79560899734		2.51012039185
4.79823279381		2.68264961243
4.80086088181		2.35788917542
4.80348777771		2.76891326904
4.80610990524		2.6420545578
4.80873394012		2.45430183411
4.81140184402		2.69787216187
4.81411385536		2.37818622589
4.8167347908		2.7536907196
4.81936097145		2.6522026062
4.82199192047		2.41878128052
4.82461094856		2.71817016602
4.82723593712		2.42385578156
4.829859972		2.67757511139
4.83249282837		2.66235160828
4.83511400223		2.38326072693
4.83773684502		2.75876522064
4.84036183357		2.49997138977
4.84299087524		2.60653305054
4.84561300278		2.66742610931
4.84823894501		2.35788917542
4.85086393356		2.77906227112
4.85349178314		2.57608699799
4.85611391068		2.53549194336
4.85873794556		2.67757511139
4.86136388779		2.34774017334
4.86398887634		2.77398777008
4.86662197113		2.63190555573
4.86924386024		2.46952533722
4.87186598778		2.69787216187
4.87449383736		2.37818622589
4.87711381912		2.74861621857
4.87974286079		2.6522026062
4.88245892525		2.42893028259
4.88512086868		2.70802116394
4.88774394989		2.41370677948
4.89037084579		2.71309566498
4.89299678802		2.66235160828
4.89561891556		2.38833522797
4.89824581146		2.74354171753
4.90087199211		2.46952533722
4.90349793434		2.63190555573
4.90611982346		2.66742610931
4.90874481201		2.36296367645
4.91137099266		2.76891326904
4.91399693489		2.5405664444
4.91662192345		2.55578994751
4.919246912		2.67250061035
4.92188000679		2.35281467438
4.92449784279		2.78413677216
4.92712497711		2.61160755157
4.92974686623		2.48474884033
4.93241381645		2.68264961243
4.93499994278		2.36296367645
4.93762683868		2.76383876801
4.94025087357		2.6522026062
4.94287586212		2.43400478363
4.94550085068		2.70802116394
4.9481317997		2.40863323212
4.95075082779		2.69787216187
4.95338082314		2.65727710724
4.95600295067		2.38833522797
4.95862793922		2.74354171753
4.96125292778		2.47967433929
4.96388483047		2.63190555573
4.96650481224		2.66235160828
4.9691298008		2.35788917542
4.97176384926		2.76891326904
4.97437977791		2.55578994751
4.97700381279		2.55578994751
4.97962999344		2.67757511139
4.98226284981		2.35281467438
4.9848818779		2.77906227112
4.98750495911		2.61160755157
4.99012994766		2.48474884033
4.99275898933		2.68264961243
4.99538087845		2.37311172485
4.998005867		2.75876522064
