0.000128030776978		2.55071544647
0.0025691986084		2.52026939392
0.00520920753479		2.6420545578
0.00770306587219		2.51012039185
0.010204076767		2.66235160828
0.0127010345459		2.51012039185
0.0151979923248		2.6522026062
0.0177001953125		2.5405664444
0.0202159881592		2.61668205261
0.0228271484375		2.57101249695
0.025327205658		2.58623600006
0.0278279781342		2.61160755157
0.0303301811218		2.53041744232
0.0328280925751		2.63698005676
0.0353281497955		2.49489688873
0.0378301143646		2.65727710724
0.0403301715851		2.51012039185
0.042829990387		2.66235160828
0.0453259944916		2.54564094543
0.0478851795197		2.63190555573
0.0505001544952		2.56593894958
0.0530800819397		2.5913105011
0.0555779933929		2.59638500214
0.0580801963806		2.5405664444
0.060583114624		2.63698005676
0.063080072403		2.51012039185
0.0655841827393		2.65727710724
0.0680801868439		2.49997138977
0.0705840587616		2.6522026062
0.0730831623077		2.52534389496
0.0755820274353		2.63190555573
0.0780811309814		2.57101249695
0.0806000232697		2.59638500214
0.0832161903381		2.59638500214
0.0857141017914		2.53549194336
0.0882151126862		2.62683105469
0.0907270908356		2.50504589081
0.0932199954987		2.65727710724
0.0957181453705		2.51012039185
0.0982201099396		2.66742610931
0.100723028183		2.53041744232
0.103219985962		2.63190555573
0.105717182159		2.56086444855
0.108218193054		2.58116149902
0.110723018646		2.60653305054
0.113218069077		2.53549194336
0.11572098732		2.6420545578
0.11822104454		2.49997138977
0.120723009109		2.65727710724
0.123220205307		2.49997138977
0.125720024109		2.6522026062
0.128228187561		2.5405664444
0.130726099014		2.63190555573
0.133221149445		2.58116149902
0.135726213455		2.57101249695
0.138223171234		2.61668205261
0.140724182129		2.52026939392
0.143221139908		2.6420545578
0.145724058151		2.49997138977
0.14822602272		2.66742610931
0.150729179382		2.52026939392
0.153225183487		2.6522026062
0.155725002289		2.54564094543
0.158225059509		2.61160755157
0.160726070404		2.58116149902
0.16322517395		2.56086444855
0.165726184845		2.62683105469
0.168224096298		2.52026939392
0.170727014542		2.6522026062
0.173230171204		2.49997138977
0.175726175308		2.65727710724
0.178230047226		2.51519489288
0.180731058121		2.6420545578
0.183232069016		2.55578994751
0.18572807312		2.60145950317
0.188230037689		2.59638500214
0.190731048584		2.54564094543
0.193229198456		2.62683105469
0.195729017258		2.50504589081
0.198230028152		2.6522026062
0.200731992722		2.50504589081
0.203230142593		2.66742610931
0.205736160278		2.53041744232
0.208233118057		2.63190555573
0.210733175278		2.56086444855
0.21323299408		2.58623600006
0.215735197067		2.60145950317
0.218233108521		2.5405664444
0.220743179321		2.6420545578
0.22323513031		2.51012039185
0.225735187531		2.65727710724
0.228234052658		2.50504589081
0.230735063553		2.65727710724
0.233235120773		2.53549194336
0.235735177994		2.62683105469
0.238234996796		2.57608699799
0.240739107132		2.58116149902
0.243236064911		2.61160755157
0.245736122131		2.52026939392
0.248234987259		2.6420545578
0.250738143921		2.49489688873
0.253236055374		2.66235160828
0.25573515892		2.51519489288
0.258237123489		2.65727710724
0.260740041733		2.54564094543
0.263238191605		2.61668205261
0.265739202499		2.57608699799
0.268238067627		2.56086444855
0.27074098587		2.61668205261
0.273240089417		2.52026939392
0.275741100311		2.65727710724
0.278241157532		2.50504589081
0.280743122101		2.65727710724
0.283246040344		2.51012039185
0.285741090775		2.6420545578
0.288241147995		2.55578994751
0.290743112564		2.61160755157
0.293241977692		2.59638500214
0.295744180679		2.55071544647
0.298243045807		2.62175655365
0.300745010376		2.50504589081
0.303242206573		2.64712810516
0.305747032166		2.50504589081
0.308245182037		2.66235160828
0.310746192932		2.53041744232
0.313244104385		2.6420545578
0.315743207932		2.56086444855
0.318245172501		2.58623600006
0.320749044418		2.59638500214
0.323245048523		2.5405664444
0.325747013092		2.6420545578
0.328245162964		2.51012039185
0.330751180649		2.65727710724
0.333245992661		2.50504589081
0.335748195648		2.6522026062
0.338247060776		2.52534389496
0.340751171112		2.62683105469
0.343250989914		2.57101249695
0.345749139786		2.58623600006
0.348249197006		2.61160755157
0.350751161575		2.52534389496
0.353250026703		2.63698005676
0.355750083923		2.49997138977
0.358251094818		2.66235160828
0.360757112503		2.51519489288
0.363249063492		2.65727710724
0.365751028061		2.54564094543
0.368249177933		2.61668205261
0.37075304985		2.57608699799
0.373269081116		2.56593894958
0.375878095627		2.60653305054
0.378379106522		2.53549194336
0.380879163742		2.64712810516
0.38337802887		2.50504589081
0.38587808609		2.65727710724
0.388380050659		2.50504589081
0.39088010788		2.6522026062
0.393378019333		2.5405664444
0.395879983902		2.62683105469
0.398379087448		2.58116149902
0.400882005692		2.57101249695
0.403382062912		2.61668205261
0.405880212784		2.51519489288
0.40838098526		2.6420545578
0.410881996155		2.49997138977
0.413382053375		2.66235160828
0.415882110596		2.52026939392
0.418380975723		2.6522026062
0.420889139175		2.55071544647
0.423384189606		2.60653305054
0.425882101059		2.58623600006
0.428384065628		2.55578994751
0.430888175964		2.62683105469
0.433387041092		2.51519489288
0.435885190964		2.6522026062
0.438390016556		2.49997138977
0.440887212753		2.65727710724
0.443386077881		2.52026939392
0.44588303566		2.63698005676
0.448387145996		2.55578994751
0.450887203217		2.60145950317
0.453387022018		2.60145950317
0.455887079239		2.54564094543
0.458387136459		2.62683105469
0.460890054703		2.50504589081
0.463387012482		2.65727710724
0.465888023376		2.50504589081
0.468389034271		2.66235160828
0.470890045166		2.53549194336
0.473389148712		2.63698005676
0.475890159607		2.56593894958
0.478389978409		2.58116149902
0.480890989304		2.60145950317
0.483389139175		2.53041744232
0.485891103745		2.6420545578
0.488394975662		2.50504589081
0.490894079208		2.66235160828
0.493391990662		2.50504589081
0.495892047882		2.6522026062
0.498394012451		2.53549194336
0.500894069672		2.62175655365
0.503394126892		2.57608699799
0.505900144577		2.57608699799
0.508394002914		2.61668205261
0.510896205902		2.52026939392
0.513394117355		2.64712810516
0.515915155411		2.49489688873
0.518519163132		2.66235160828
0.521023035049		2.51012039185
0.523519992828		2.66235160828
0.526022195816		2.5405664444
0.528523206711		2.62175655365
0.53102517128		2.57101249695
0.533523082733		2.56593894958
0.536022186279		2.61160755157
0.538522005081		2.52534389496
0.541024208069		2.6522026062
0.543523073196		2.49997138977
0.546023130417		2.65727710724
0.548525094986		2.51012039185
0.551026105881		2.64712810516
0.553525209427		2.54564094543
0.556025028229		2.61668205261
0.558526039124		2.5913105011
0.561028003693		2.56593894958
0.563526153564		2.62175655365
0.566026210785		2.50504589081
0.568526983261		2.64712810516
0.571030139923		2.49489688873
0.573527097702		2.66742610931
0.576027154922		2.52534389496
0.578530073166		2.64712810516
0.581027984619		2.55578994751
0.583532094955		2.59638500214
0.586034059525		2.5913105011
0.588531017303		2.54564094543
0.591032028198		2.63190555573
0.59353518486		2.51519489288
0.596029996872		2.65727710724
0.59853219986		2.50504589081
0.601033210754		2.65727710724
0.603531122208		2.52534389496
0.606033086777		2.63190555573
0.60853099823		2.56593894958
0.611035108566		2.59638500214
0.613532066345		2.60653305054
0.616032123566		2.53549194336
0.618530035019		2.63698005676
0.62104010582		2.49997138977
0.62353515625		2.65727710724
0.626034021378		2.51012039185
0.628534078598		2.66235160828
0.631036043167		2.5405664444
0.633538007736		2.62683105469
0.636033058167		2.57101249695
0.638535022736		2.57101249695
0.641036987305		2.61160755157
0.643537044525		2.53041744232
0.646035194397		2.64712810516
0.64853811264		2.50504589081
0.651039123535		2.66235160828
0.653539180756		2.51012039185
0.656038045883		2.64712810516
0.658538103104		2.54564094543
0.661040067673		2.62175655365
0.663542032242		2.58623600006
0.666038990021		2.57101249695
0.668538093567		2.61668205261
0.671047210693		2.51012039185
0.673541069031		2.6420545578
0.676172018051		2.49997138977
0.678664207458		2.66235160828
0.681167125702		2.51519489288
0.683665037155		2.65727710724
0.68616604805		2.5405664444
0.688668012619		2.61160755157
0.691171169281		2.57608699799
0.693665981293		2.56086444855
0.696166992188		2.62175655365
0.698668003082		2.52026939392
0.701168060303		2.6522026062
0.703667163849		2.49997138977
0.706170082092		2.65727710724
0.708670139313		2.51519489288
0.711171150208		2.64712810516
0.713672161102		2.55071544647
0.716171979904		2.61668205261
0.718670129776		2.59638500214
0.721171140671		2.55578994751
0.723672151566		2.62683105469
0.726170063019		2.50504589081
0.728672981262		2.6522026062
0.73117518425		2.49997138977
0.733672142029		2.66742610931
0.736171007156		2.53041744232
0.738676071167		2.6420545578
0.741176128387		2.56086444855
0.743674993515		2.5913105011
0.746175050735		2.59638500214
0.748680114746		2.5405664444
0.751175165176		2.63698005676
0.753674983978		2.51012039185
0.756175041199		2.65727710724
0.758675098419		2.50504589081
0.761179208755		2.65727710724
0.76367521286		2.53041744232
0.766175031662		2.62683105469
0.768678188324		2.57101249695
0.771177053452		2.58623600006
0.773677110672		2.61160755157
0.776193141937		2.52534389496
0.778680086136		2.63698005676
0.781179189682		2.49489688873
0.78367805481		2.65727710724
0.78617811203		2.51519489288
0.788680076599		2.65727710724
0.791187047958		2.54564094543
0.79368019104		2.61668205261
0.796181201935		2.57608699799
0.798679113388		2.56593894958
0.801181077957		2.61160755157
0.803681135178		2.52026939392
0.806181192398		2.6522026062
0.808682203293		2.50504589081
0.81118106842		2.65727710724
0.813682079315		2.51519489288
0.816184043884		2.6420545578
0.818681001663		2.54564094543
0.821189165115		2.61160755157
0.823686122894		2.5913105011
0.826189041138		2.56086444855
0.828683137894		2.62683105469
0.831186056137		2.50504589081
0.833685159683		2.64712810516
0.836184024811		2.49997138977
0.838685035706		2.66235160828
0.841189146042		2.53041744232
0.843687057495		2.64712810516
0.846186161041		2.55578994751
0.848690986633		2.5913105011
0.851189136505		2.5913105011
0.853687047958		2.5405664444
0.856186151505		2.63698005676
0.858690977097		2.51012039185
0.861189126968		2.65727710724
0.863686084747		2.50504589081
0.866189002991		2.6522026062
0.868689060211		2.52026939392
0.87119102478		2.62683105469
0.873691082001		2.56593894958
0.876191139221		2.5913105011
0.878691196442		2.60653305054
0.881192207336		2.53041744232
0.883688211441		2.63698005676
0.886191129684		2.49997138977
0.888695001602		2.65727710724
0.891193151474		2.51012039185
0.893693208694		2.66235160828
0.896193027496		2.54564094543
0.898692131042		2.63190555573
0.901194095612		2.57101249695
0.903699159622		2.56593894958
0.906194210052		2.60653305054
0.908694028854		2.52026939392
0.911197185516		2.6522026062
0.91369509697		2.51012039185
0.91619515419		2.66235160828
0.918695211411		2.51012039185
0.921198129654		2.64712810516
0.923696041107		2.5405664444
0.926196098328		2.61668205261
0.928699016571		2.58623600006
0.93120098114		2.56593894958
0.933696985245		2.62175655365
0.93619799614		2.51012039185
0.93869805336		2.64712810516
0.941200017929		2.49489688873
0.943699121475		2.66235160828
0.94620013237		2.52534389496
0.94870018959		2.64712810516
0.951201200485		2.56086444855
0.953700065613		2.59638500214
0.956199169159		2.58623600006
0.958700180054		2.5405664444
0.961202144623		2.63190555573
0.963702201843		2.51012039185
0.966203212738		2.65727710724
0.968701124191		2.50504589081
0.97120308876		2.66235160828
0.973702192307		2.52534389496
0.976203203201		2.63190555573
0.978703022003		2.56593894958
0.981208086014		2.5913105011
0.983705043793		2.60653305054
0.986204147339		2.53549194336
0.988702058792		2.63698005676
0.991203069687		2.49997138977
0.993699073792		2.65727710724
0.99619603157		2.50504589081
0.99869799614		2.66235160828
1.00120306015		2.5405664444
1.00369906425		2.63190555573
1.00619602203		2.57101249695
1.00870108604		2.57101249695
1.01121115685		2.60653305054
1.01370716095		2.52534389496
1.01621413231		2.64712810516
1.01870799065		2.50504589081
1.02121305466		2.66235160828
1.02371001244		2.51519489288
1.02621102333		2.64712810516
1.0287091732		2.5405664444
1.03121209145		2.61668205261
1.03371214867		2.58116149902
1.03621006012		2.56593894958
1.03871202469		2.62175655365
1.04121208191		2.51519489288
1.04371213913		2.64712810516
1.04621219635		2.49489688873
1.04872012138		2.66235160828
1.0513381958		2.51012039185
1.0538392067		2.65727710724
1.0563390255		2.54564094543
1.05884599686		2.62175655365
1.06134104729		2.57608699799
1.06384015083		2.56593894958
1.06633901596		2.61668205261
1.06883716583		2.52026939392
1.07134199142		2.6522026062
1.0738401413		2.50504589081
1.07633900642		2.65727710724
1.07883906364		2.51519489288
1.08134102821		2.6420545578
1.08384108543		2.55071544647
1.08634018898		2.60653305054
1.08884000778		2.5913105011
1.09134817123		2.55578994751
1.09384417534		2.62683105469
1.09634113312		2.50504589081
1.09884405136		2.64712810516
1.10134506226		2.49997138977
1.10384321213		2.65727710724
1.1063451767		2.53041744232
1.1088449955		2.6420545578
1.11134600639		2.56086444855
1.11384510994		2.5913105011
1.11634516716		2.5913105011
1.11884498596		2.53549194336
1.12134718895		2.63698005676
1.1238451004		2.51012039185
1.12634706497		2.66235160828
1.12884807587		2.51012039185
1.13134813309		2.65727710724
1.13384699821		2.52534389496
1.13635206223		2.63190555573
1.13884711266		2.56593894958
1.14134812355		2.58623600006
1.14385104179		2.61160755157
1.14634799957		2.53041744232
1.14884805679		2.6420545578
1.15135002136		2.49489688873
1.15385103226		2.6522026062
1.15635108948		2.51012039185
1.15885710716		2.66235160828
1.16135311127		2.54564094543
1.16385102272		2.62683105469
1.16635012627		2.57608699799
1.16885209084		2.56086444855
1.17135500908		2.60653305054
1.17385220528		2.52026939392
1.17635297775		2.64712810516
1.17885017395		2.50504589081
1.18135619164		2.66742610931
1.18385314941		2.51519489288
1.18635511398		2.6420545578
1.1888551712		2.5405664444
1.1913561821		2.61160755157
1.19385504723		2.5913105011
1.19635510445		2.56086444855
1.19885516167		2.63190555573
1.20135712624		2.51012039185
1.20385503769		2.64712810516
1.20635604858		2.49489688873
1.20885705948		2.65727710724
1.21135807037		2.52534389496
1.21386313438		2.64712810516
1.21635913849		2.56086444855
1.21885800362		2.59638500214
1.22136521339		2.5913105011
1.22386097908		2.5405664444
1.22635912895		2.63190555573
1.22885918617		2.51012039185
1.23136210442		2.66235160828
1.23386001587		2.51012039185
1.23636102676		2.65727710724
1.23886108398		2.52534389496
1.24136400223		2.62683105469
1.24386119843		2.56593894958
1.24636101723		2.58623600006
1.24886202812		2.60653305054
1.25136518478		2.5405664444
1.25386214256		2.63698005676
1.25636100769		2.49997138977
1.25886201859		2.6522026062
1.26136612892		2.50504589081
1.26386404037		2.65727710724
1.26636314392		2.5405664444
1.26886415482		2.62683105469
1.27136707306		2.57608699799
1.27386713028		2.57101249695
1.27636408806		2.60653305054
1.27886605263		2.51519489288
1.2813680172		2.64712810516
1.28386712074		2.50504589081
1.28636598587		2.66235160828
1.28886604309		2.51519489288
1.29137516022		2.64712810516
1.29386806488		2.5405664444
1.29636502266		2.61160755157
1.29886817932		2.58116149902
1.30137014389		2.56593894958
1.30387020111		2.62175655365
1.30636811256		2.51519489288
1.30886816978		2.64712810516
1.31137108803		2.49489688873
1.31387019157		2.65727710724
1.31637001038		2.52026939392
1.31889414787		2.64712810516
1.32149505615		2.55071544647
1.32399606705		2.62175655365
1.32649707794		2.58116149902
1.32899713516		2.55578994751
1.33149909973		2.61668205261
1.33399701118		2.51519489288
1.33649802208		2.6522026062
1.33899903297		2.50504589081
1.34150004387		2.66235160828
1.34399914742		2.51519489288
1.34650111198		2.64712810516
1.34899997711		2.55071544647
1.35149812698		2.60145950317
1.35399913788		2.59638500214
1.35650420189		2.55578994751
1.35900115967		2.63190555573
1.36150097847		2.50504589081
1.36400198936		2.6522026062
1.36650109291		2.49997138977
1.3690071106		2.66235160828
1.37150406837		2.53041744232
1.37400197983		2.64712810516
1.37650418282		2.56593894958
1.37900304794		2.5913105011
1.38150405884		2.60145950317
1.38400316238		2.53041744232
1.38650417328		2.63698005676
1.38900303841		2.50504589081
1.3915040493		2.66235160828
1.39400410652		2.50504589081
1.39650416374		2.65727710724
1.39900708199		2.52534389496
1.40150618553		2.62175655365
1.40400505066		2.57101249695
1.40650415421		2.58116149902
1.40900802612		2.61668205261
1.41150903702		2.53041744232
1.41400909424		2.6420545578
1.41650915146		2.49489688873
1.41900801659		2.6522026062
1.42151498795		2.51012039185
1.4240090847		2.6522026062
1.42650914192		2.55071544647
1.42900800705		2.62175655365
1.43151021004		2.58116149902
1.43401002884		2.56086444855
1.43650913239		2.61160755157
1.43901109695		2.51012039185
1.44151115417		2.6522026062
1.44401311874		2.50504589081
1.44651699066		2.66742610931
1.44901299477		2.51519489288
1.45151305199		2.6420545578
1.45401620865		2.54564094543
1.45651316643		2.60145950317
1.45901298523		2.5913105011
1.46151614189		2.56086444855
1.46401500702		2.63190555573
1.46651506424		2.51012039185
1.46901512146		2.64712810516
1.47151517868		2.49489688873
1.47401618958		2.65727710724
1.4765150547		2.53041744232
1.47901511192		2.64712810516
1.48151707649		2.56593894958
1.48401618004		2.59638500214
1.48651599884		2.59638500214
1.48901605606		2.53549194336
1.4915201664		2.63190555573
1.49401712418		2.51012039185
1.49651813507		2.66235160828
1.49902105331		2.51012039185
1.50152015686		2.65727710724
1.50401997566		2.53041744232
1.50651907921		2.62175655365
1.5090200901		2.56593894958
1.51151919365		2.58623600006
1.51402020454		2.61160755157
1.51652002335		2.53549194336
1.51902008057		2.63698005676
1.52152299881		2.49489688873
1.52402615547		2.65727710724
1.52652215958		2.51012039185
1.52902317047		2.65727710724
1.53152298927		2.54564094543
1.53402209282		2.62683105469
1.53652310371		2.57608699799
1.53902411461		2.56593894958
1.54152297974		2.61160755157
1.54402399063		2.51519489288
1.54652500153		2.64712810516
1.54902505875		2.50504589081
1.55152511597		2.66235160828
1.55402398109		2.51519489288
1.55652308464		2.64712810516
1.55902504921		2.54564094543
1.56152701378		2.60653305054
1.56402611732		2.58623600006
1.56652712822		2.56086444855
1.56902599335		2.62683105469
1.57152700424		2.51519489288
1.57402706146		2.6522026062
1.57652807236		2.49489688873
1.57902812958		2.65727710724
1.5815281868		2.52026939392
1.5840280056		2.64712810516
1.58653116226		2.56086444855
1.58902907372		2.60145950317
1.59153008461		2.5913105011
1.5940310955		2.5405664444
1.59653019905		2.62683105469
1.59903120995		2.50504589081
1.60153698921		2.65727710724
1.60403203964		2.51012039185
1.60653209686		2.66235160828
1.60903215408		2.53041744232
1.6115322113		2.63190555573
1.61403298378		2.56086444855
1.61653518677		2.58623600006
1.61903309822		2.60145950317
1.62153601646		2.5405664444
1.62403512001		2.64712810516
1.62653517723		2.50504589081
1.62903404236		2.65727710724
1.63153505325		2.50504589081
1.63403511047		2.6522026062
1.63653707504		2.5405664444
1.63903617859		2.63190555573
1.64153814316		2.57608699799
1.64403700829		2.57101249695
1.64653921127		2.60653305054
1.64903712273		2.51519489288
1.65153813362		2.64712810516
1.65403699875		2.49997138977
1.65653920174		2.66742610931
1.65903806686		2.52026939392
1.66154003143		2.6522026062
1.66403913498		2.5405664444
1.66654014587		2.61160755157
1.669039011		2.58116149902
1.67154097557		2.56086444855
1.67404103279		2.62683105469
1.67654013634		2.51519489288
1.67905807495		2.6522026062
1.68166899681		2.49489688873
1.68416619301		2.65727710724
1.68666601181		2.51012039185
1.68916916847		2.65727710724
1.69179415703		2.5405664444
1.69429302216		2.63190555573
1.69679498672		2.57101249695
1.69929409027		2.57608699799
1.70192718506		2.59638500214
1.70441913605		2.53041744232
1.70692110062		2.6420545578
1.70942616463		2.50504589081
1.71191811562		2.66235160828
1.71442198753		2.51012039185
1.71692204475		2.6522026062
1.71942806244		2.52534389496
1.72192215919		2.62175655365
1.724421978		2.57101249695
1.72692108154		2.58116149902
1.72943115234		2.61160755157
1.73192119598		2.52534389496
1.73442220688		2.6420545578
1.73692297935		2.4898223877
1.73942899704		2.65727710724
1.74192500114		2.51012039185
1.74442315102		2.65727710724
1.74692320824		2.55071544647
1.74943113327		2.62175655365
1.75192713737		2.58116149902
1.75442409515		2.55578994751
1.75693011284		2.61668205261
1.75943207741		2.51519489288
1.76192712784		2.6522026062
1.76442599297		2.50504589081
1.76692605019		2.66235160828
1.76943516731		2.51519489288
1.77192902565		2.6420545578
1.77442908287		2.55071544647
1.77693009377		2.60653305054
1.77943706512		2.59638500214
1.78193020821		2.55578994751
1.78442811966		2.63190555573
1.78692698479		2.50504589081
1.7894320488		2.64712810516
1.79193210602		2.49489688873
1.79443001747		2.66235160828
1.79693102837		2.53041744232
1.79944014549		2.64712810516
1.80193114281		2.56593894958
1.80443000793		2.58623600006
1.80693221092		2.59638500214
1.80944299698		2.53549194336
1.81193208694		2.63698005676
1.81443405151		2.51012039185
1.81693410873		2.66235160828
1.81943416595		2.50504589081
1.82193517685		2.65727710724
1.82443499565		2.53041744232
1.82693505287		2.62175655365
1.82944297791		2.57101249695
1.83193898201		2.58116149902
1.8344399929		2.61160755157
1.83693313599		2.52534389496
1.83943605423		2.63698005676
1.84193706512		2.49489688873
1.84443712234		2.6522026062
1.84693813324		2.51012039185
1.84944319725		2.65727710724
1.85193800926		2.54564094543
1.85443806648		2.62175655365
1.85693907738		2.57608699799
1.85944700241		2.56086444855
1.86193919182		2.61160755157
1.86443901062		2.51519489288
1.86694002151		2.6522026062
1.86944508553		2.50504589081
1.87193918228		2.66235160828
1.87444019318		2.51519489288
1.87694001198		2.6420545578
1.87944698334		2.54564094543
1.88194108009		2.60653305054
1.88444018364		2.5913105011
1.88694119453		2.55578994751
1.88945007324		2.62683105469
1.89194297791		2.51012039185
1.89444303513		2.6522026062
1.89694499969		2.49997138977
1.89944911003		2.65727710724
1.90194416046		2.52534389496
1.90444517136		2.6420545578
1.90694499016		2.56086444855
1.90945100784		2.59638500214
1.91196918488		2.59638500214
1.91457104683		2.55071544647
1.9170691967		2.62683105469
1.91957712173		2.51012039185
1.9220700264		2.6522026062
1.92457008362		2.50504589081
1.92707014084		2.66235160828
1.92957901955		2.52026939392
1.93219900131		2.6420545578
1.93469619751		2.54564094543
1.93720006943		2.60653305054
1.93970513344		2.5913105011
1.94220018387		2.55578994751
1.94470000267		2.62683105469
1.94719910622		2.50504589081
1.94970703125		2.6522026062
1.95220017433		2.49997138977
1.95469999313		2.66235160828
1.95720100403		2.52534389496
1.95971107483		2.64712810516
1.96220111847		2.56086444855
1.9646999836		2.5913105011
1.96720004082		2.5913105011
1.96970915794		2.5405664444
1.97220301628		2.63190555573
1.97470116615		2.51012039185
1.97720503807		2.65727710724
1.97971010208		2.50504589081
1.98220515251		2.65727710724
1.98470306396		2.52534389496
1.98720598221		2.63190555573
1.98971700668		2.56086444855
1.99219608307		2.58623600006
1.99470019341		2.61160755157
1.99719715118		2.53549194336
1.99970316887		2.63698005676
2.00220918655		2.49489688873
2.00470614433		2.6522026062
2.00720715523		2.50504589081
2.00971508026		2.66235160828
2.01220607758		2.5405664444
2.01470708847		2.62683105469
2.01720714569		2.57608699799
2.01970815659		2.56593894958
2.02221107483		2.60653305054
2.02471208572		2.52026939392
2.02721118927		2.64712810516
2.0297191143		2.50504589081
2.03221106529		2.66235160828
2.03471016884		2.51012039185
2.03721117973		2.64712810516
2.03972101212		2.5405664444
2.04221105576		2.61160755157
2.04471206665		2.5913105011
2.04721212387		2.56593894958
2.04972100258		2.62175655365
2.05221319199		2.51012039185
2.05471301079		2.64712810516
2.05721402168		2.49489688873
2.05972003937		2.65727710724
2.06221199036		2.52534389496
2.06471204758		2.64712810516
2.06722021103		2.55578994751
2.06972002983		2.59638500214
2.07221317291		2.58623600006
2.07471513748		2.5405664444
2.07721614838		2.62683105469
2.07972216606		2.51519489288
2.08221507072		2.66235160828
2.08471608162		2.50504589081
2.08721804619		2.66235160828
2.08971810341		2.52026939392
2.09222102165		2.63190555573
2.09471917152		2.56593894958
2.0972161293		2.59638500214
2.09972500801		2.60653305054
2.10221815109		2.5405664444
2.10472011566		2.63698005676
2.10721802711		2.49997138977
2.10972714424		2.6522026062
2.11222314835		2.50504589081
2.11472010612		2.65727710724
2.11721920967		2.5405664444
2.11972904205		2.63190555573
2.12222218513		2.57101249695
2.12472105026		2.57608699799
2.12722206116		2.60653305054
2.12972903252		2.52026939392
2.13222098351		2.64712810516
2.13472104073		2.50504589081
2.13722300529		2.66235160828
2.13973212242		2.51519489288
2.14222311974		2.6522026062
2.14472818375		2.5405664444
2.14722418785		2.61160755157
2.14973211288		2.58116149902
2.15222406387		2.56593894958
2.15472602844		2.62175655365
2.15722608566		2.52026939392
2.15973520279		2.64712810516
2.16222906113		2.49489688873
2.164727211		2.66235160828
2.16722798347		2.52026939392
2.16973614693		2.64712810516
2.1722240448		2.55578994751
2.17472815514		2.60653305054
2.17722702026		2.58623600006
2.17973518372		2.54564094543
2.18222808838		2.62175655365
2.18473005295		2.51012039185
2.18723106384		2.65727710724
2.18975806236		2.50504589081
2.19235515594		2.65727710724
2.19485521317		2.51519489288
2.19735407829		2.6420545578
2.19995498657		2.5405664444
2.20248317719		2.61668205261
2.20498108864		2.58116149902
2.20748209953		2.56593894958
2.21001410484		2.61668205261
2.21260809898		2.52534389496
2.21510720253		2.6420545578
2.21760702133		2.49489688873
2.22011804581		2.66235160828
2.22261500359		2.51519489288
2.22511005402		2.65727710724
2.2276070118		2.54564094543
2.2301170826		2.61668205261
2.23260998726		2.57608699799
2.23510813713		2.56086444855
2.23760914803		2.61160755157
2.24011611938		2.52026939392
2.24261116982		2.65727710724
2.24511003494		2.49997138977
2.2476131916		2.66235160828
2.2501180172		2.51012039185
2.25261306763		2.64712810516
2.25511097908		2.55071544647
2.25761508942		2.61160755157
2.26011919975		2.59638500214
2.26261305809		2.55578994751
2.26511406898		2.62683105469
2.26761317253		2.50504589081
2.27012109756		2.64712810516
2.27261304855		2.49997138977
2.27511620522		2.66235160828
2.27761411667		2.53549194336
2.28012299538		2.6420545578
2.28261709213		2.56086444855
2.28511619568		2.58623600006
2.28761506081		2.5913105011
2.29012417793		2.53549194336
2.2926170826		2.63698005676
2.29511904716		2.51012039185
2.29761910439		2.66742610931
2.30013203621		2.50504589081
2.30261707306		2.6522026062
2.30511903763		2.52534389496
2.3076171875		2.62683105469
2.31012511253		2.57101249695
2.31261920929		2.58623600006
2.31511902809		2.61160755157
2.31761908531		2.52534389496
2.32012605667		2.63698005676
2.32262206078		2.49489688873
2.32512021065		2.65727710724
2.32762098312		2.51012039185
2.33012914658		2.66235160828
2.33262109756		2.54564094543
2.33512210846		2.62175655365
2.33762407303		2.57101249695
2.3401260376		2.56086444855
2.34262299538		2.61668205261
2.34512519836		2.52026939392
2.34762501717		2.6522026062
2.35013103485		2.50504589081
2.35262417793		2.65727710724
2.35512518883		2.51012039185
2.35762619972		2.6420545578
2.36013317108		2.54564094543
2.36262512207		2.61160755157
2.36512517929		2.5913105011
2.36762499809		2.56086444855
2.37013316154		2.62175655365
2.37262606621		2.51012039185
2.37512612343		2.6522026062
2.37763214111		2.49997138977
2.38013410568		2.66235160828
2.38262915611		2.52534389496
2.38512802124		2.64712810516
2.38762807846		2.55578994751
2.39013409615		2.59638500214
2.39262914658		2.5913105011
2.3951292038		2.54564094543
2.3976290226		2.63698005676
2.40013718605		2.51012039185
2.40263009071		2.65727710724
2.40512919426		2.50504589081
2.40763020515		2.65727710724
2.41014003754		2.52534389496
2.41263103485		2.63190555573
2.41513109207		2.56593894958
2.41763305664		2.58623600006
2.42014408112		2.60653305054
2.42263507843		2.53041744232
2.42513513565		2.63698005676
2.42763519287		2.49489688873
2.43014216423		2.65727710724
2.43263411522		2.50504589081
2.43513512611		2.66235160828
2.43763518333		2.5405664444
2.44014120102		2.62683105469
2.44263505936		2.57101249695
2.44513511658		2.56593894958
2.4476351738		2.61160755157
2.45014214516		2.52026939392
2.45263719559		2.64712810516
2.45514321327		2.50504589081
2.45763897896		2.66235160828
2.46014499664		2.51012039185
2.46263599396		2.64712810516
2.46514105797		2.5405664444
2.46763801575		2.61160755157
2.47014713287		2.58623600006
2.47264003754		2.56086444855
2.47514104843		2.62683105469
2.47764110565		2.51519489288
2.4801671505		2.64712810516
2.48276805878		2.49489688873
2.48526501656		2.65727710724
2.48777008057		2.51519489288
2.49026799202		2.65727710724
2.49276900291		2.55071544647
2.49526810646		2.61160755157
2.49776816368		2.58116149902
2.50027298927		2.55578994751
2.50276899338		2.62175655365
2.50526809692		2.52026939392
2.50776720047		2.65727710724
2.51027107239		2.50504589081
2.51277017593		2.66235160828
2.51526904106		2.51519489288
2.51777005196		2.6420545578
2.52027106285		2.55071544647
2.52277112007		2.60145950317
2.52527308464		2.60145950317
2.52777314186		2.55071544647
2.53027510643		2.62683105469
2.53278017044		2.50504589081
2.53527212143		2.64712810516
2.53777313232		2.49489688873
2.54027414322		2.66235160828
2.54277300835		2.53041744232
2.54527401924		2.6420545578
2.54777407646		2.56086444855
2.55027318001		2.58623600006
2.5527741909		2.59638500214
2.55527806282		2.53041744232
2.5577750206		2.63698005676
2.56027698517		2.51012039185
2.56277799606		2.66235160828
2.56527805328		2.50504589081
2.5677781105		2.6522026062
2.57027816772		2.52534389496
2.57277917862		2.62683105469
2.57527804375		2.57101249695
2.57777810097		2.58116149902
2.58028006554		2.61160755157
2.58277797699		2.52534389496
2.58527898788		2.6420545578
2.58777999878		2.49489688873
2.59028100967		2.65727710724
2.59278011322		2.51012039185
2.59528112411		2.65727710724
2.59777998924		2.55071544647
2.6002831459		2.62175655365
2.60278105736		2.57608699799
2.60528111458		2.56086444855
2.60778307915		2.61668205261
2.61029100418		2.52026939392
2.61278104782		2.6522026062
2.61528301239		2.50504589081
2.61778306961		2.66235160828
2.62029004097		2.51012039185
2.62278318405		2.63698005676
2.62528419495		2.54564094543
2.62778520584		2.60653305054
2.63028717041		2.59638500214
2.63278412819		2.55578994751
2.63528513908		2.62683105469
2.6377851963		2.50504589081
2.6402900219		2.6522026062
2.64278697968		2.49489688873
2.64528608322		2.66235160828
2.64778900146		2.53041744232
2.65028905869		2.64712810516
2.65278720856		2.55578994751
2.65528798103		2.59638500214
2.65779018402		2.59638500214
2.66028904915		2.53549194336
2.66278815269		2.63190555573
2.66528606415		2.51012039185
2.66778802872		2.66235160828
2.67029118538		2.50504589081
2.67279100418		2.65727710724
2.67528915405		2.52534389496
2.67778921127		2.62683105469
2.68029403687		2.57101249695
2.68279099464		2.58623600006
2.68529105186		2.61160755157
2.68779802322		2.53041744232
2.69029402733		2.6420545578
2.69279313087		2.49489688873
2.69529104233		2.65727710724
2.6977930069		2.51012039185
2.70029520988		2.66235160828
2.70279502869		2.5405664444
2.70529317856		2.62175655365
2.70779514313		2.57608699799
2.71029400826		2.56593894958
2.71279501915		2.61160755157
2.7152941227		2.51519489288
2.71779513359		2.6522026062
2.72029709816		2.50504589081
2.72279715538		2.66235160828
2.72529602051		2.51519489288
2.72779798508		2.64712810516
2.7302980423		2.54564094543
2.73279809952		2.60653305054
2.73529815674		2.5913105011
2.73780012131		2.56086444855
2.74030017853		2.62175655365
2.74279904366		2.51012039185
2.74530005455		2.6522026062
2.74780011177		2.49489688873
2.75030207634		2.65727710724
2.75279998779		2.52534389496
2.75530004501		2.64712810516
2.75780010223		2.56086444855
2.76030302048		2.59638500214
2.76279997826		2.5913105011
2.76530718803		2.5405664444
2.76780104637		2.63190555573
2.77030611038		2.50504589081
2.77280306816		2.65727710724
2.77530217171		2.51012039185
2.77780413628		2.66235160828
2.78030514717		2.52534389496
2.7828040123		2.63190555573
2.78530406952		2.56086444855
2.78780508041		2.58623600006
2.79031419754		2.60653305054
2.7928071022		2.5405664444
2.79530501366		2.6420545578
2.79780602455		2.49997138977
2.80030703545		2.6522026062
2.80280709267		2.50504589081
2.80532097816		2.65727710724
2.80781006813		2.5405664444
2.81031012535		2.62683105469
2.81280612946		2.57608699799
2.81530714035		2.57101249695
2.81780815125		2.60653305054
2.8203151226		2.51519489288
2.82280898094		2.6420545578
2.82530903816		2.50504589081
2.82780909538		2.66742610931
2.83031010628		2.51519489288
2.83281111717		2.6522026062
2.8353099823		2.53549194336
2.83781313896		2.60653305054
2.84031319618		2.58116149902
2.84282398224		2.56593894958
2.84545111656		2.61668205261
2.84806513786		2.53549194336
2.85056209564		2.63698005676
2.85306310654		2.49489688873
2.85556316376		2.6522026062
2.85806298256		2.50504589081
2.86056518555		2.66235160828
2.86306619644		2.54564094543
2.86556506157		2.63190555573
2.86806607246		2.57101249695
2.87056708336		2.57101249695
2.87306404114		2.60653305054
2.87556409836		2.52026939392
2.8780632019		2.64712810516
2.8805680275		2.50504589081
2.88306498528		2.66742610931
2.88556599617		2.50504589081
2.88807010651		2.64712810516
2.89056801796		2.5405664444
2.89306712151		2.61668205261
2.89556717873		2.58623600006
2.8980691433		2.56593894958
2.90057110786		2.62175655365
2.90307021141		2.51519489288
2.90557003021		2.64712810516
2.90807199478		2.49489688873
2.91057109833		2.66235160828
2.91307020187		2.52534389496
2.91557121277		2.6522026062
2.91806912422		2.55578994751
2.92057704926		2.60145950317
2.92307114601		2.58623600006
2.92557120323		2.5405664444
2.92807102203		2.63190555573
2.93057608604		2.51012039185
2.93307304382		2.66235160828
2.93557214737		2.50504589081
2.93807220459		2.65727710724
2.94057512283		2.52026939392
2.94307303429		2.63698005676
2.94557499886		2.56086444855
2.94807505608		2.5913105011
2.95057702065		2.60653305054
2.95307612419		2.5405664444
2.95557403564		2.63698005676
2.95807504654		2.49997138977
2.96057915688		2.6522026062
2.96307611465		2.50504589081
2.96557497978		2.66235160828
2.96807909012		2.5405664444
2.97057914734		2.63190555573
2.97307705879		2.57101249695
2.97557711601		2.57101249695
2.97807908058		2.60653305054
2.9805791378		2.52534389496
2.9830801487		2.64712810516
2.98557901382		2.50504589081
2.98808002472		2.66235160828
2.99058103561		2.51012039185
2.99308013916		2.6522026062
2.99558019638		2.5405664444
2.99808502197		2.61160755157
3.00058317184		2.58116149902
3.0030810833		2.57101249695
3.00558114052		2.62175655365
3.00808215141		2.52026939392
3.01058316231		2.64712810516
3.0130841732		2.49489688873
3.01558303833		2.65727710724
3.01808309555		2.51519489288
3.02059221268		2.6522026062
3.02308607101		2.55071544647
3.02558708191		2.60653305054
3.02808618546		2.58623600006
3.03058815002		2.55071544647
3.03308701515		2.62175655365
3.03558707237		2.51012039185
3.03808617592		2.65727710724
3.04058909416		2.50504589081
3.04308915138		2.66742610931
3.0455892086		2.52026939392
3.04809808731		2.63698005676
3.05059599876		2.55578994751
3.05309104919		2.59638500214
3.05559206009		2.60145950317
3.05808806419		2.54564094543
3.0606071949		2.63698005676
3.06321406364		2.51012039185
3.06571507454		2.6522026062
3.06821417809		2.49489688873
3.07071709633		2.66235160828
3.07321500778		2.52534389496
3.07572317123		2.64712810516
3.07821702957		2.56086444855
3.08072018623		2.59638500214
3.08321809769		2.5913105011
3.08571720123		2.53549194336
3.08822011948		2.62683105469
3.09072518349		2.50504589081
3.09322214127		2.66235160828
3.09571909904		2.50504589081
3.09822106361		2.65727710724
3.10072207451		2.52534389496
3.10321903229		2.63190555573
3.10572314262		2.56593894958
3.1082201004		2.58116149902
3.11072301865		2.61160755157
3.11322116852		2.53549194336
3.11572098732		2.6420545578
3.11822104454		2.49489688873
3.1207242012		2.6522026062
3.12322616577		2.49997138977
3.12572717667		2.65727710724
3.12822413445		2.54564094543
3.13073801994		2.63190555573
3.13335108757		2.56593894958
3.13584804535		2.58116149902
3.13835000992		2.60145950317
3.1408560276		2.53041744232
3.14335513115		2.64712810516
3.1458530426		2.50504589081
3.14835214615		2.66235160828
3.1508641243		2.49997138977
3.15348410606		2.65727710724
3.15597701073		2.52534389496
3.15847802162		2.63190555573
3.16098117828		2.57101249695
3.16347908974		2.5913105011
3.16597700119		2.61160755157
3.16847610474		2.52534389496
3.17098808289		2.63190555573
3.1736240387		2.49997138977
3.17623209953		2.6522026062
3.17873120308		2.50504589081
3.18123316765		2.66742610931
3.18372917175		2.52534389496
3.18623018265		2.63698005676
3.18873119354		2.55071544647
3.19124102592		2.59638500214
3.19385814667		2.58623600006
3.19635605812		2.56086444855
3.19885802269		2.62683105469
3.20135807991		2.51519489288
3.20385408401		2.6522026062
3.20635819435		2.49489688873
3.20886015892		2.65727710724
3.21136307716		2.52026939392
3.21385812759		2.64712810516
3.21636009216		2.56086444855
3.21886014938		2.59638500214
3.2213640213		2.59638500214
3.22386097908		2.5405664444
3.22636198997		2.63190555573
3.22886109352		2.49997138977
3.23136901855		2.65727710724
3.23386216164		2.50504589081
3.23636007309		2.66235160828
3.23886203766		2.53041744232
3.24136614799		2.63190555573
3.2438621521		2.56593894958
3.24636220932		2.58116149902
3.24886417389		2.60653305054
3.25136518478		2.53549194336
3.25386214256		2.6420545578
3.25636410713		2.49997138977
3.2588660717		2.65727710724
3.26136398315		2.50504589081
3.26386499405		2.65727710724
3.26636505127		2.5405664444
3.26886606216		2.62683105469
3.27136707306		2.57608699799
3.27386808395		2.57608699799
3.27636599541		2.61160755157
3.27886819839		2.52026939392
3.28137207031		2.64712810516
3.28386998177		2.49997138977
3.28636908531		2.66235160828
3.28887009621		2.51519489288
3.29137015343		2.65727710724
3.29386901855		2.54564094543
3.29636907578		2.61160755157
3.29887008667		2.57608699799
3.30137205124		2.56086444855
3.30387306213		2.62683105469
3.30637216568		2.51519489288
3.30887508392		2.64712810516
3.31138014793		2.49997138977
3.3138730526		2.65727710724
3.31637215614		2.51519489288
3.3188700676		2.64712810516
3.32137608528		2.55578994751
3.32387208939		2.60145950317
3.32637214661		2.59638500214
3.32887411118		2.55071544647
3.33137917519		2.62683105469
3.33387303352		2.49997138977
3.33637213707		2.65727710724
3.33887219429		2.50504589081
3.34137606621		2.66742610931
3.34387397766		2.53041744232
3.34637403488		2.63698005676
3.34887599945		2.56086444855
3.35137701035		2.58623600006
3.35387706757		2.60145950317
3.35637807846		2.53549194336
3.35887813568		2.64712810516
3.3613781929		2.50504589081
3.36387610435		2.65727710724
3.36637711525		2.49997138977
3.36887907982		2.6522026062
3.37137913704		2.53041744232
3.37387800217		2.62683105469
3.37637901306		2.58116149902
3.37888002396		2.57608699799
3.38138103485		2.61160755157
3.38388204575		2.52026939392
3.38638806343		2.63698005676
3.38888120651		2.49997138977
3.3913860321		2.66235160828
3.39388203621		2.51519489288
3.39638209343		2.65727710724
3.39888215065		2.5405664444
3.40138506889		2.61160755157
3.40388512611		2.57608699799
3.40638518333		2.56086444855
3.40888404846		2.62683105469
3.41138601303		2.52534389496
3.4138841629		2.65727710724
3.4163839817		2.49489688873
3.41888308525		2.65727710724
3.42139101028		2.51012039185
3.42388820648		2.6420545578
3.42638611794		2.55578994751
3.42888617516		2.61160755157
3.4313890934		2.59638500214
3.4338850975		2.55578994751
3.4363861084		2.62175655365
3.43888616562		2.50504589081
3.44138813019		2.64712810516
3.44388699532		2.50504589081
3.44638800621		2.66742610931
3.4488902092		2.53041744232
3.45139098167		2.6420545578
3.45388698578		2.55578994751
3.45639014244		2.5913105011
3.45889019966		2.59638500214
3.46139121056		2.5405664444
3.46389913559		2.6420545578
3.46639418602		2.51012039185
3.46889019012		2.65727710724
3.47139310837		2.49997138977
3.47389221191		2.65727710724
3.47639417648		2.52534389496
3.47889304161		2.63698005676
3.48139500618		2.57101249695
3.48389315605		2.58623600006
3.48639321327		2.60653305054
3.48889613152		2.52534389496
3.49139904976		2.63698005676
3.49389314651		2.49997138977
3.49639320374		2.66235160828
3.4988951683		2.51519489288
3.5013961792		2.66235160828
3.503895998		2.54564094543
3.50639605522		2.62175655365
3.50889611244		2.57101249695
3.51139807701		2.56593894958
3.51389598846		2.61668205261
3.51639604568		2.52026939392
3.51889514923		2.6522026062
3.52140021324		2.49997138977
3.52389907837		2.65727710724
3.52639603615		2.51012039185
3.52890014648		2.6522026062
3.53140211105		2.54564094543
3.53389906883		2.61668205261
3.53640007973		2.58623600006
3.53889918327		2.56086444855
3.54140901566		2.62683105469
3.54390406609		2.51012039185
3.54640102386		2.6522026062
3.54890203476		2.49997138977
3.55140209198		2.66742610931
3.55390119553		2.52534389496
3.55640101433		2.6420545578
3.55890107155		2.56086444855
3.56140708923		2.59638500214
3.56390404701		2.5913105011
3.56640219688		2.54564094543
3.56890416145		2.63698005676
3.57140398026		2.51012039185
3.57390499115		2.66235160828
3.5764040947		2.50504589081
3.57890319824		2.65727710724
3.58140611649		2.52534389496
3.58390307426		2.63698005676
3.58655309677		2.55578994751
3.58915400505		2.62175655365
3.59178304672		2.57608699799
3.59428405762		2.57101249695
3.59678220749		2.61160755157
3.59928202629		2.51519489288
3.60190916061		2.6420545578
3.60440802574		2.50504589081
3.60690712929		2.66235160828
3.60941720009		2.51012039185
3.61190915108		2.6522026062
3.6144080162		2.53549194336
3.61690998077		2.61668205261
3.61941719055		2.57101249695
3.62191605568		2.57608699799
3.62441015244		2.61668205261
3.62691116333		2.52534389496
3.62942004204		2.64712810516
3.63191103935		2.49997138977
3.63440918922		2.65727710724
3.63691115379		2.51012039185
3.6394200325		2.6522026062
3.64191102982		2.55578994751
3.64441108704		2.62175655365
3.64691209793		2.58623600006
3.64942312241		2.55071544647
3.65191316605		2.62175655365
3.65441417694		2.51012039185
3.65691518784		2.6522026062
3.6594171524		2.50504589081
3.66191506386		2.66742610931
3.6644141674		2.52534389496
3.6669151783		2.63698005676
3.66942214966		2.55071544647
3.67191720009		2.5913105011
3.67441821098		2.59638500214
3.67691707611		2.55071544647
3.6794230938		2.63698005676
3.68191719055		2.51012039185
3.68441820145		2.6522026062
3.68691706657		2.49997138977
3.6894261837		2.6522026062
3.69191908836		2.53041744232
3.69441819191		2.63698005676
3.69692611694		2.57101249695
3.69942712784		2.5913105011
3.70192098618		2.60145950317
3.70442008972		2.52534389496
3.70691919327		2.63190555573
3.70942616463		2.50504589081
3.71192097664		2.66235160828
3.71442103386		2.51012039185
3.71692109108		2.66235160828
3.71943020821		2.53041744232
3.72192120552		2.62175655365
3.72442102432		2.57101249695
3.72692298889		2.57608699799
3.72943210602		2.61668205261
3.73192310333		2.52534389496
3.73442316055		2.64712810516
3.73692512512		2.49489688873
3.73943114281		2.65727710724
3.74192500114		2.51012039185
3.74442410469		2.6522026062
3.74692702293		2.55578994751
3.74943304062		2.61668205261
3.75192809105		2.58116149902
3.7544260025		2.56086444855
3.75692820549		2.61668205261
3.75943303108		2.51012039185
3.76192903519		2.65727710724
3.76442599297		2.50504589081
3.76692819595		2.66742610931
3.76943707466		2.52026939392
3.77192902565		2.6420545578
3.77443504333		2.55071544647
3.77693200111		2.60145950317
3.77943921089		2.5913105011
3.78193116188		2.55071544647
3.78443002701		2.63698005676
3.7869310379		2.51012039185
3.78943514824		2.65727710724
3.79193210602		2.49489688873
3.79443216324		2.66235160828
3.79693198204		2.52534389496
3.79944014549		2.6420545578
3.80193400383		2.56593894958
3.8044321537		2.59638500214
3.8069331646		2.60145950317
3.80944299698		2.53549194336
3.81193208694		2.63190555573
3.81443214417		2.49997138977
3.81693720818		2.66235160828
3.8194360733		2.51012039185
3.8219370842		2.65727710724
3.82443618774		2.53549194336
3.82693505287		2.62683105469
3.82944417		2.56593894958
3.83194112778		2.57608699799
3.83443617821		2.61160755157
3.83693599701		2.53041744232
3.83943915367		2.64712810516
3.84193706512		2.49997138977
3.84443616867		2.65727710724
3.84693908691		2.50504589081
3.84944701195		2.6522026062
3.85194420815		2.5405664444
3.85444116592		2.62175655365
3.85694098473		2.58623600006
3.8594481945		2.56593894958
3.86194014549		2.61668205261
3.86444020271		2.51519489288
3.86694002151		2.64712810516
3.86944818497		2.49997138977
3.87194013596		2.66235160828
3.8744430542		2.52026939392
3.87694120407		2.64712810516
3.87945103645		2.55071544647
3.88194108009		2.60653305054
3.88444304466		2.58623600006
3.88694405556		2.55578994751
3.88945102692		2.62683105469
3.89194417		2.51519489288
3.89444518089		2.65727710724
3.89694499969		2.49997138977
3.89945316315		2.65727710724
3.90194511414		2.52026939392
3.90444612503		2.6420545578
3.90694499016		2.56086444855
3.90945506096		2.60145950317
3.91194915771		2.59638500214
3.91444706917		2.53549194336
3.91694712639		2.63190555573
3.91945409775		2.49997138977
3.92194700241		2.65727710724
3.92444705963		2.51012039185
3.92694807053		2.66742610931
3.92946100235		2.52534389496
3.93194818497		2.63190555573
3.93444800377		2.56086444855
3.93695116043		2.58116149902
3.93945813179		2.60653305054
3.94195103645		2.53549194336
3.94445014		2.64712810516
3.94695115089		2.50504589081
3.94945812225		2.65727710724
3.95195198059		2.49997138977
3.95445203781		2.6522026062
3.95695304871		2.5405664444
3.95945906639		2.62683105469
3.96195411682		2.58116149902
3.96445202827		2.57101249695
3.96695399284		2.61668205261
3.96946120262		2.51519489288
3.97195410728		2.6420545578
3.97445416451		2.49997138977
3.9769551754		2.66235160828
3.97946214676		2.52026939392
3.9819560051		2.6522026062
3.98445606232		2.54564094543
3.98695707321		2.61160755157
3.9894630909		2.58116149902
3.99195814133		2.55578994751
3.99445414543		2.62683105469
3.99695611		2.52026939392
3.99946308136		2.65727710724
4.00194811821		2.49997138977
4.00444817543		2.6522026062
4.00695419312		2.51519489288
4.00945520401		2.6420545578
4.0119600296		2.56086444855
4.01445698738		2.60145950317
4.01695919037		2.59638500214
4.01946020126		2.5405664444
4.02196216583		2.62683105469
4.02445912361		2.49997138977
4.02696108818		2.65727710724
4.02947211266		2.50504589081
4.03196406364		2.66742610931
4.03445911407		2.53041744232
4.03696298599		2.63190555573
4.03946900368		2.56086444855
4.04196214676		2.58623600006
4.04446220398		2.60653305054
4.04696297646		2.5405664444
4.04947304726		2.6420545578
4.05208897591		2.50504589081
4.05458903313		2.65727710724
4.05709004402		2.49997138977
4.05959606171		2.65727710724
4.06208920479		2.53041744232
4.06458902359		2.6420545578
4.06708908081		2.57101249695
4.06959700584		2.5913105011
4.07209610939		2.60145950317
4.07459020615		2.52534389496
4.07708907127		2.63698005676
4.07960009575		2.49997138977
4.08209300041		2.65727710724
4.08459711075		2.51012039185
4.08709406853		2.66235160828
4.0895960331		2.53549194336
4.09209418297		2.62175655365
4.0945930481		2.56593894958
4.09709620476		2.57101249695
4.09960317612		2.61160755157
4.10209417343		2.53041744232
4.10459399223		2.64712810516
4.10709500313		2.49997138977
4.10960316658		2.66235160828
4.11209511757		2.50504589081
4.11459708214		2.64712810516
4.11709713936		2.54564094543
4.11959815025		2.62175655365
4.12210011482		2.58623600006
4.1245970726		2.56593894958
4.1270980835		2.61160755157
4.12960505486		2.51012039185
4.13209915161		2.64712810516
4.13459920883		2.49997138977
4.13709902763		2.66235160828
4.13960599899		2.52534389496
4.14210009575		2.64712810516
4.14460110664		2.55578994751
4.1470990181		2.60145950317
4.14960813522		2.58623600006
4.15210103989		2.55071544647
4.15460205078		2.63190555573
4.15709805489		2.51012039185
4.15961003304		2.65727710724
4.16210913658		2.49997138977
4.16460204124		2.65727710724
4.16710114479		2.52026939392
4.16960906982		2.6420545578
4.1721060276		2.56086444855
4.17460298538		2.59638500214
4.1771030426		2.60653305054
4.17961215973		2.53549194336
4.18210506439		2.63190555573
4.18460416794		2.49997138977
4.18710517883		2.65727710724
4.18961215019		2.50504589081
4.19210505486		2.66235160828
4.19460606575		2.53549194336
4.1971051693		2.62683105469
4.19960808754		2.56593894958
4.20210909843		2.57101249695
4.20460700989		2.60653305054
4.20710706711		2.53041744232
4.20961499214		2.64712810516
4.21210813522		2.50504589081
4.21460914612		2.66235160828
4.21711421013		2.50504589081
4.21961307526		2.6522026062
4.22226119041		2.52534389496
4.22486519814		2.6420545578
4.22736310959		2.56593894958
4.22991514206		2.59638500214
4.23248815536		2.58623600006
4.23498606682		2.55071544647
4.23749518394		2.61668205261
4.24003005028		2.50504589081
4.242634058		2.6522026062
4.24523806572		2.50504589081
4.24773716927		2.66235160828
4.25024104118		2.51012039185
4.25273919106		2.64712810516
4.25523900986		2.53549194336
4.25773906708		2.61160755157
4.2602391243		2.58116149902
4.26273918152		2.56593894958
4.26524019241		2.62175655365
4.26774120331		2.51519489288
4.27024316788		2.6420545578
4.27274298668		2.48474884033
4.27523803711		2.65727710724
4.27774310112		2.52026939392
4.28024816513		2.6522026062
4.28274297714		2.55578994751
4.28524208069		2.60145950317
4.28774404526		2.58116149902
4.29024505615		2.54564094543
4.29274320602		2.62683105469
4.29524612427		2.51012039185
4.29774308205		2.65727710724
4.30024600029		2.50504589081
4.30274510384		2.65727710724
4.30524802208		2.51519489288
4.30774497986		2.63698005676
4.31024813652		2.55578994751
4.31274604797		2.59638500214
4.31524610519		2.60145950317
4.3177511692		2.54564094543
4.32024812698		2.63190555573
4.32274913788		2.49997138977
4.32524800301		2.6522026062
4.32774806023		2.49997138977
4.33025097847		2.65727710724
4.33274698257		2.53549194336
4.33524703979		2.63190555573
4.33774805069		2.57101249695
4.3402531147		2.57608699799
4.34275007248		2.60145950317
4.34525203705		2.52026939392
4.34774899483		2.6420545578
4.35025119781		2.50504589081
4.35275101662		2.66235160828
4.35525012016		2.50504589081
4.35775113106		2.6522026062
4.36025619507		2.53041744232
4.36275315285		2.62175655365
4.36525416374		2.57608699799
4.3677520752		2.57101249695
4.37025499344		2.62175655365
4.37275409698		2.51519489288
4.37525415421		2.6420545578
4.37775301933		2.49489688873
4.38025712967		2.65727710724
4.38275408745		2.51012039185
4.38525414467		2.6522026062
4.38775706291		2.55071544647
4.39025712013		2.61668205261
4.39275717735		2.58116149902
4.39526319504		2.55578994751
4.39775705338		2.61668205261
4.40025901794		2.51012039185
4.40275812149		2.6522026062
4.40525913239		2.49997138977
4.40775799751		2.66235160828
4.4102602005		2.51519489288
4.4127600193		2.63698005676
4.41526007652		2.55071544647
4.41775918007		2.59638500214
4.42026901245		2.60145950317
4.42275905609		2.54564094543
4.42526221275		2.63698005676
4.42776012421		2.50504589081
4.43026399612		2.6522026062
4.43276000023		2.49489688873
4.43526101112		2.65727710724
4.43776202202		2.52534389496
4.44026708603		2.63698005676
4.44276213646		2.57101249695
4.44526314735		2.5913105011
4.44776320457		2.60145950317
4.45026397705		2.52534389496
4.4527630806		2.63698005676
4.45526409149		2.49997138977
4.45776414871		2.66235160828
4.46026706696		2.51012039185
4.46276402473		2.6522026062
4.46526408195		2.53041744232
4.46776509285		2.61668205261
4.47026610374		2.57608699799
4.4727730751		2.57101249695
4.47526597977		2.61668205261
4.47776699066		2.52534389496
4.48026919365		2.64712810516
4.48276615143		2.4898223877
4.48526716232		2.65727710724
4.48776698112		2.51012039185
4.49027299881		2.6522026062
4.49276804924		2.55071544647
4.49526906013		2.61668205261
4.49776911736		2.58623600006
4.50027108192		2.56086444855
4.50277018547		2.61668205261
4.50527000427		2.51012039185
4.50777006149		2.6522026062
4.51027107239		2.50504589081
4.51277303696		2.66235160828
4.5152721405		2.52026939392
4.51777100563		2.6420545578
4.52027511597		2.55071544647
4.52277398109		2.59638500214
4.52527499199		2.5913105011
4.52777218819		2.55071544647
4.53027701378		2.63698005676
4.53277420998		2.50504589081
4.5352730751		2.64712810516
4.53777503967		2.49489688873
4.54027700424		2.6522026062
4.54277515411		2.53041744232
4.54527521133		2.6420545578
4.54777503014		2.56593894958
4.55028319359		2.5913105011
4.55277609825		2.59638500214
4.55527710915		2.52534389496
4.55777907372		2.63190555573
4.56028008461		2.50504589081
4.56277799606		2.66235160828
4.56527709961		2.51012039185
4.56777715683		2.65727710724
4.5702791214		2.53041744232
4.57277917862		2.62175655365
4.57544207573		2.55578994751
4.57803106308		2.60653305054
4.58053302765		2.59638500214
4.58302903175		2.55071544647
4.58552908897		2.63190555573
4.58802914619		2.50504589081
4.59053516388		2.6522026062
4.59303116798		2.49997138977
4.59553003311		2.66235160828
4.59803009033		2.53041744232
4.60053420067		2.64712810516
4.6030330658		2.56086444855
4.60553407669		2.58623600006
4.60803318024		2.59638500214
4.61053609848		2.53041744232
4.61303305626		2.6420545578
4.61553502083		2.50504589081
4.61803412437		2.66235160828
4.62054109573		2.50504589081
4.62303614616		2.65727710724
4.62553501129		2.53041744232
4.6280400753		2.62175655365
4.63053703308		2.57101249695
4.63303613663		2.58116149902
4.63553619385		2.61160755157
4.63803505898		2.52534389496
4.64053797722		2.6420545578
4.64303612709		2.49489688873
4.64553809166		2.65727710724
4.648042202		2.51012039185
4.65054106712		2.65727710724
4.6530380249		2.54564094543
4.65554213524		2.62175655365
4.65804100037		2.57608699799
4.66054105759		2.56086444855
4.66304111481		2.61668205261
4.66554117203		2.51519489288
4.66804003716		2.6522026062
4.67054200172		2.51012039185
4.67304110527		2.66235160828
4.67554116249		2.51519489288
4.67804098129		2.6420545578
4.68054199219		2.54564094543
4.68304514885		2.61160755157
4.68554115295		2.5913105011
4.68804311752		2.55578994751
4.69054698944		2.63190555573
4.69304299355		2.50504589081
4.69554615021		2.6522026062
4.69804406166		2.49489688873
4.70054507256		2.66235160828
4.70304203033		2.52534389496
4.70555019379		2.64712810516
4.7080450058		2.56593894958
4.71054720879		2.59638500214
4.71304798126		2.59638500214
4.71554517746		2.53549194336
4.7180480957		2.63698005676
4.72055101395		2.50504589081
4.72304916382		2.66235160828
4.72554707527		2.50504589081
4.72804999352		2.66235160828
4.73055005074		2.52534389496
4.73304700851		2.62683105469
4.7355492115		2.57101249695
4.73804998398		2.58623600006
4.74055218697		2.61160755157
4.74304914474		2.53041744232
4.74555015564		2.6420545578
4.74805021286		2.49997138977
4.75055217743		2.65727710724
4.75305104256		2.50504589081
4.7555501461		2.65727710724
4.75805211067		2.5405664444
4.76055407524		2.62683105469
4.76305007935		2.57608699799
4.76555418968		2.57101249695
4.76805305481		2.61160755157
4.77055621147		2.51519489288
4.77305603027		2.6522026062
4.77555799484		2.49997138977
4.77805614471		2.66742610931
4.78055715561		2.51519489288
4.78305912018		2.64712810516
4.78555607796		2.5405664444
4.78805613518		2.61160755157
4.790569067		2.58116149902
4.79318499565		2.57608699799
4.79568314552		2.62175655365
4.79818105698		2.52026939392
4.80068302155		2.64712810516
4.80318403244		2.4898223877
4.80568099022		2.66235160828
4.80818319321		2.51519489288
4.81068515778		2.6522026062
4.81318497658		2.55578994751
4.81568408012		2.61668205261
4.81818413734		2.58116149902
4.82069420815		2.55071544647
4.82318401337		2.62175655365
4.82568717003		2.51012039185
4.82818508148		2.65727710724
4.83069014549		2.51012039185
4.83318710327		2.66742610931
4.83568716049		2.51519489288
4.83818602562		2.6420545578
4.84069013596		2.55071544647
4.84318900108		2.60145950317
4.84568619728		2.59638500214
4.8481900692		2.55071544647
4.85069012642		2.63698005676
4.85318899155		2.49997138977
4.85568904877		2.64712810516
4.85819411278		2.49489688873
4.8606979847		2.65727710724
4.8631901741		2.53549194336
4.86568903923		2.6420545578
4.86818909645		2.56593894958
4.87069416046		2.58623600006
4.87319397926		2.59638500214
4.87569308281		2.52534389496
4.87819099426		2.63698005676
4.88069415092		2.50504589081
4.88319301605		2.66742610931
4.88569402695		2.51012039185
4.88819408417		2.6522026062
4.89069700241		2.53041744232
4.89319419861		2.61668205261
4.89569306374		2.57608699799
4.89819407463		2.57608699799
4.9006960392		2.62175655365
4.90319514275		2.52534389496
4.90569400787		2.64712810516
4.90819501877		2.4898223877
4.91069698334		2.65727710724
4.91319799423		2.51012039185
4.91569709778		2.65727710724
4.91819500923		2.55071544647
4.92070007324		2.61668205261
4.92319703102		2.58116149902
4.92569899559		2.55578994751
4.92819905281		2.61668205261
4.93070006371		2.51519489288
4.93319916725		2.65727710724
4.93569803238		2.50504589081
4.93820500374		2.66235160828
4.94070219994		2.51519489288
4.94319915771		2.6420545578
4.94569897652		2.55071544647
4.94820213318		2.60653305054
4.95070099831		2.5913105011
4.95320320129		2.55071544647
4.9557030201		2.63190555573
4.9581990242		2.50504589081
4.96070408821		2.6522026062
4.96320319176		2.49997138977
4.96570420265		2.65727710724
4.96820116043		2.52534389496
4.97070503235		2.64712810516
4.97320508957		2.56593894958
4.97570610046		2.5913105011
4.97820401192		2.60145950317
4.98070502281		2.53549194336
4.98320508003		2.63698005676
4.98570609093		2.50504589081
4.98820614815		2.65727710724
4.99070715904		2.51012039185
4.99321007729		2.65727710724
4.99570512772		2.53041744232
4.99820613861		2.62175655365
