0.000128030776978		2.57608699799
0.00382304191589		2.61160755157
0.00645112991333		2.55071544647
0.00893902778625		2.59638500214
0.0114371776581		2.56086444855
0.0139410495758		2.5913105011
0.0164391994476		2.57608699799
0.0189390182495		2.58116149902
0.0214381217957		2.5913105011
0.0239441394806		2.56593894958
0.0264420509338		2.5913105011
0.02894115448		2.55578994751
0.0314421653748		2.61160755157
0.0339450836182		2.55578994751
0.0364410877228		2.62683105469
0.0389401912689		2.54564094543
0.0414412021637		2.62175655365
0.0439460277557		2.53041744232
0.0464429855347		2.63190555573
0.0489420890808		2.53041744232
0.0514731407166		2.6420545578
0.0539469718933		2.53549194336
0.0564460754395		2.6420545578
0.0589430332184		2.52534389496
0.0614461898804		2.63190555573
0.0639460086823		2.53041744232
0.0664460659027		2.63698005676
0.0689430236816		2.54564094543
0.0714471340179		2.62175655365
0.0739560127258		2.54564094543
0.0764541625977		2.61160755157
0.0789530277252		2.55071544647
0.0814530849457		2.59638500214
0.0839631557465		2.56593894958
0.0864582061768		2.5913105011
0.0889580249786		2.58116149902
0.0914599895477		2.57608699799
0.0939571857452		2.58623600006
0.09645819664		2.56593894958
0.0989561080933		2.59638500214
0.101456165314		2.56086444855
0.103959083557		2.61160755157
0.106455087662		2.55071544647
0.108956098557		2.62175655365
0.111458063126		2.5405664444
0.113963127136		2.62683105469
0.116456985474		2.53549194336
0.118964195251		2.63698005676
0.121460199356		2.53549194336
0.123962163925		2.6420545578
0.126459121704		2.53549194336
0.128967046738		2.63698005676
0.131458997726		2.52534389496
0.133962154388		2.63698005676
0.13646197319		2.53549194336
0.138962030411		2.63190555573
0.141460180283		2.5405664444
0.143961191177		2.62175655365
0.146462202072		2.54564094543
0.148965120316		2.60145950317
0.151465177536		2.55071544647
0.153966188431		2.5913105011
0.156462192535		2.57101249695
0.15896320343		2.58623600006
0.161463022232		2.58116149902
0.163964033127		2.57608699799
0.166462182999		2.58623600006
0.168966054916		2.56086444855
0.171464204788		2.60145950317
0.173966169357		2.55578994751
0.176465988159		2.61160755157
0.178966999054		2.55071544647
0.1814661026		2.62175655365
0.183974981308		2.5405664444
0.186469078064		2.62683105469
0.188966989517		2.53549194336
0.191466093063		2.63698005676
0.193967103958		2.53549194336
0.196467161179		2.6420545578
0.198969125748		2.53549194336
0.201469182968		2.63698005676
0.20396900177		2.53041744232
0.206475973129		2.63190555573
0.208970069885		2.53549194336
0.21147108078		2.63698005676
0.213973045349		2.54564094543
0.216471195221		2.61668205261
0.218974113464		2.54564094543
0.221472024918		2.60145950317
0.223973989487		2.55578994751
0.226473093033		2.5913105011
0.228972196579		2.56593894958
0.231476068497		2.58623600006
0.233976125717		2.57608699799
0.23647403717		2.56593894958
0.238974094391		2.58623600006
0.241474151611		2.56086444855
0.243974208832		2.60145950317
0.246477127075		2.55578994751
0.248975992203		2.61668205261
0.251475095749		2.54564094543
0.253977060318		2.61668205261
0.256476163864		2.53549194336
0.258977174759		2.62683105469
0.261475086212		2.53549194336
0.263978004456		2.6420545578
0.266477108002		2.53549194336
0.268977165222		2.6420545578
0.271476984024		2.53041744232
0.27398109436		2.63698005676
0.276478052139		2.53041744232
0.278977155685		2.63190555573
0.281476974487		2.5405664444
0.283992052078		2.63190555573
0.286481142044		2.54564094543
0.288981199265		2.61668205261
0.291481971741		2.5405664444
0.293980121613		2.60145950317
0.296481132507		2.56086444855
0.298981189728		2.59638500214
0.30148100853		2.57101249695
0.304108142853		2.5913105011
0.306606054306		2.57608699799
0.309108018875		2.57101249695
0.311608076096		2.57608699799
0.314110994339		2.56593894958
0.316608190536		2.60145950317
0.319110155106		2.56593894958
0.321609020233		2.61160755157
0.324110984802		2.54564094543
0.326609134674		2.61160755157
0.329110145569		2.5405664444
0.331609010696		2.62683105469
0.334110021591		2.5405664444
0.336613178253		2.63698005676
0.339111089706		2.53549194336
0.341612100601		2.63698005676
0.34411406517		2.52534389496
0.346611022949		2.63698005676
0.34911108017		2.52534389496
0.35161113739		2.6420545578
0.354113101959		2.53549194336
0.356612205505		2.63190555573
0.359112977982		2.53549194336
0.361620187759		2.62175655365
0.364242076874		2.53041744232
0.36674118042		2.62175655365
0.369242191315		2.55071544647
0.371749162674		2.61160755157
0.374258041382		2.56086444855
0.37673997879		2.5913105011
0.379242181778		2.56593894958
0.381749153137		2.58116149902
0.384375095367		2.57101249695
0.386868000031		2.58116149902
0.389368057251		2.5913105011
0.391868114471		2.57101249695
0.394368171692		2.5913105011
0.396867990494		2.56086444855
0.399370193481		2.60145950317
0.401880025864		2.55071544647
0.404370069504		2.61160755157
0.406870126724		2.55071544647
0.409373044968		2.62683105469
0.411877155304		2.5405664444
0.414370059967		2.63190555573
0.416871070862		2.52534389496
0.419371128082		2.63698005676
0.421877145767		2.53041744232
0.424374103546		2.6420545578
0.426872014999		2.53041744232
0.429373979568		2.6420545578
0.431873083115		2.53041744232
0.434374094009		2.63190555573
0.43687415123		2.53549194336
0.439380168915		2.62175655365
0.441883087158		2.54564094543
0.444374084473		2.61668205261
0.446874141693		2.55578994751
0.449374198914		2.60145950317
0.451882123947		2.56086444855
0.454375982285		2.58623600006
0.456876993179		2.57101249695
0.459376096725		2.58116149902
0.461883068085		2.58623600006
0.464375019073		2.56593894958
0.466876029968		2.59638500214
0.469377040863		2.55578994751
0.471880197525		2.60145950317
0.474378108978		2.55071544647
0.476876974106		2.62175655365
0.479381084442		2.55071544647
0.481888055801		2.62683105469
0.48438000679		2.5405664444
0.486878156662		2.63190555573
0.489381074905		2.53041744232
0.491888046265		2.6420545578
0.494381189346		2.53041744232
0.496881008148		2.6420545578
0.499380111694		2.53041744232
0.501887083054		2.63698005676
0.50438117981		2.53041744232
0.506890058517		2.62683105469
0.509381055832		2.53549194336
0.511883974075		2.62683105469
0.514384031296		2.55071544647
0.516900062561		2.61668205261
0.519384145737		2.55578994751
0.521893978119		2.59638500214
0.524384021759		2.56086444855
0.526884078979		2.58623600006
0.529386043549		2.57608699799
0.531895160675		2.58116149902
0.53438615799		2.58623600006
0.536887168884		2.57101249695
0.539386034012		2.59638500214
0.541894197464		2.55578994751
0.544386148453		2.60653305054
0.546886205673		2.55578994751
0.549386024475		2.62175655365
0.551890134811		2.55071544647
0.554388046265		2.62683105469
0.556888103485		2.53041744232
0.559390068054		2.62683105469
0.561896085739		2.53041744232
0.564392089844		2.6420545578
0.566889047623		2.53549194336
0.569391012192		2.64712810516
0.571897983551		2.53041744232
0.574392080307		2.63190555573
0.576889038086		2.52534389496
0.579391002655		2.62683105469
0.581897974014		2.5405664444
0.58439207077		2.62683105469
0.586897134781		2.55071544647
0.589393138885		2.61160755157
0.591896057129		2.55071544647
0.594397068024		2.59638500214
0.596893072128		2.56593894958
0.599394083023		2.5913105011
0.601902008057		2.58116149902
0.604393005371		2.57608699799
0.606896162033		2.58623600006
0.609395027161		2.56086444855
0.61190199852		2.59638500214
0.614396095276		2.55578994751
0.616895198822		2.61668205261
0.619395017624		2.55578994751
0.621901988983		2.62683105469
0.624397039413		2.5405664444
0.62689614296		2.62175655365
0.629397153854		2.53041744232
0.631900072098		2.63190555573
0.634399175644		2.53549194336
0.636900186539		2.6420545578
0.639398097992		2.53041744232
0.641908168793		2.63698005676
0.644400119781		2.52534389496
0.646898984909		2.63190555573
0.649402141571		2.53041744232
0.651910066605		2.63190555573
0.654401063919		2.5405664444
0.65690112114		2.62683105469
0.659402132034		2.54564094543
0.661910057068		2.60145950317
0.66440320015		2.55578994751
0.666901111603		2.59638500214
0.669404029846		2.57101249695
0.671908140182		2.58623600006
0.674408197403		2.58116149902
0.676910161972		2.57101249695
0.679404020309		2.58623600006
0.681915044785		2.56086444855
0.684405088425		2.59638500214
0.686905145645		2.55578994751
0.689405202866		2.61160755157
0.691910982132		2.55071544647
0.694405078888		2.62683105469
0.696906089783		2.5405664444
0.699406147003		2.62683105469
0.701913118362		2.53549194336
0.704408168793		2.63698005676
0.706907987595		2.53549194336
0.709407091141		2.64712810516
0.711911201477		2.53041744232
0.714413166046		2.63698005676
0.716907978058		2.53041744232
0.719407081604		2.63190555573
0.721918106079		2.53549194336
0.724409103394		2.63190555573
0.72690820694		2.5405664444
0.729413986206		2.62175655365
0.731920003891		2.54564094543
0.734411001205		2.60145950317
0.736911058426		2.55071544647
0.739411115646		2.5913105011
0.741921186447		2.57101249695
0.744410991669		2.58623600006
0.746912002563		2.58116149902
0.749418973923		2.57101249695
0.751914024353		2.58623600006
0.754415035248		2.56086444855
0.756914138794		2.59638500214
0.759414196014		2.55578994751
0.761922121048		2.61668205261
0.764414072037		2.55071544647
0.766914129257		2.62175655365
0.769414186478		2.5405664444
0.771921157837		2.62175655365
0.774415016174		2.53041744232
0.776934146881		2.63698005676
0.779417037964		2.53549194336
0.781925201416		2.6420545578
0.784417152405		2.53041744232
0.786917209625		2.63190555573
0.789417982101		2.52534389496
0.791918039322		2.63698005676
0.794419050217		2.5405664444
0.796919107437		2.63190555573
0.799419164658		2.54564094543
0.801927089691		2.61668205261
0.804419994354		2.55071544647
0.806921005249		2.60145950317
0.809421062469		2.55578994751
0.811928033829		2.59638500214
0.81442117691		2.57608699799
0.816922187805		2.58623600006
0.8194231987		2.58116149902
0.821930170059		2.56593894958
0.824423074722		2.58623600006
0.826928138733		2.55578994751
0.82942199707		2.60653305054
0.831923007965		2.56086444855
0.83442401886		2.62175655365
0.836923122406		2.54564094543
0.839425086975		2.62175655365
0.84193110466		2.53549194336
0.844423055649		2.62683105469
0.846923112869		2.53549194336
0.849425077438		2.6420545578
0.851932048798		2.53549194336
0.854425191879		2.63698005676
0.856927156448		2.52534389496
0.85942697525		2.63190555573
0.861932992935		2.52534389496
0.864427089691		2.63698005676
0.866927146912		2.5405664444
0.869427204132		2.62683105469
0.871927976608		2.54564094543
0.874430179596		2.61160755157
0.876929044724		2.54564094543
0.879430055618		2.60145950317
0.881930112839		2.56593894958
0.884430170059		2.59638500214
0.886929988861		2.57608699799
0.889433145523		2.58116149902
0.891938209534		2.58116149902
0.894430160522		2.56086444855
0.896932125092		2.59638500214
0.899430990219		2.56086444855
0.901939153671		2.61160755157
0.904438972473		2.55578994751
0.906932115555		2.61668205261
0.909432172775		2.5405664444
0.911934137344		2.61668205261
0.914437055588		2.53549194336
0.916934013367		2.63190555573
0.919434070587		2.53549194336
0.921941995621		2.6420545578
0.924436092377		2.53041744232
0.926935195923		2.63698005676
0.929435014725		2.52026939392
0.931943178177		2.63698005676
0.934437036514		2.53549194336
0.936937093735		2.63190555573
0.939439058304		2.5405664444
0.941944122314		2.62683105469
0.944437026978		2.5405664444
0.946937084198		2.60653305054
0.949439048767		2.55578994751
0.951939105988		2.59638500214
0.954439163208		2.56593894958
0.956941127777		2.59638500214
0.959438085556		2.57608699799
0.961948156357		2.57608699799
0.964439153671		2.58116149902
0.966940164566		2.56593894958
0.969439029694		2.59638500214
0.971947193146		2.56086444855
0.974440097809		2.61160755157
0.976941108704		2.55578994751
0.979442119598		2.61668205261
0.981954097748		2.5405664444
0.984443187714		2.62175655365
0.986943006516		2.53549194336
0.989443063736		2.63190555573
0.991943120956		2.53549194336
0.994443178177		2.64712810516
0.996942996979		2.53041744232
0.999444007874		2.63698005676
1.00195097923		2.52534389496
1.00444507599		2.63698005676
1.00694417953		2.53549194336
1.0094461441		2.63698005676
1.01195216179		2.5405664444
1.01444506645		2.62683105469
1.01695299149		2.54564094543
1.01944708824		2.60653305054
1.0219540596		2.55071544647
1.02444505692		2.60145950317
1.02694702148		2.57101249695
1.02944803238		2.5913105011
1.03194904327		2.58116149902
1.03444910049		2.57101249695
1.03694820404		2.58116149902
1.03944897652		2.56086444855
1.0419549942		2.60145950317
1.04445004463		2.56086444855
1.04694914818		2.61668205261
1.0494492054		2.55071544647
1.05195903778		2.61160755157
1.05445313454		2.53549194336
1.05695104599		2.62683105469
1.05945706367		2.5405664444
1.06195902824		2.63698005676
1.06445217133		2.53549194336
1.06695318222		2.6420545578
1.06945300102		2.52534389496
1.07195401192		2.63698005676
1.07445406914		2.52534389496
1.07695412636		2.63190555573
1.07945203781		2.53549194336
1.08195400238		2.63190555573
1.08445620537		2.5405664444
1.08695602417		2.62175655365
1.08945512772		2.53549194336
1.09196519852		2.60653305054
1.09445619583		2.55578994751
1.09695720673		2.60145950317
1.09945607185		2.57608699799
1.10196805		2.58623600006
1.10445809364		2.57608699799
1.10695910454		2.56593894958
1.10946011543		2.58116149902
1.11195898056		2.56086444855
1.11445999146		2.60145950317
1.11695814133		2.56086444855
1.1194601059		2.61668205261
1.12196707726		2.55071544647
1.12445998192		2.61668205261
1.12695813179		2.53549194336
1.12945914268		2.62683105469
1.13196110725		2.5405664444
1.13446116447		2.6420545578
1.13696718216		2.53549194336
1.1394610405		2.63698005676
1.14196705818		2.52534389496
1.14446210861		2.63190555573
1.14696097374		2.53041744232
1.14946198463		2.63698005676
1.1519651413		2.5405664444
1.15446519852		2.63190555573
1.15696501732		2.5405664444
1.159471035		2.61160755157
1.16197109222		2.54564094543
1.16446399689		2.60653305054
1.16696405411		2.56086444855
1.16946411133		2.60145950317
1.17197299004		2.57101249695
1.17446708679		2.57608699799
1.17696619034		2.57608699799
1.17946720123		2.56593894958
1.18197202682		2.5913105011
1.18446612358		2.56593894958
1.1869661808		2.60653305054
1.18946814537		2.55578994751
1.19196915627		2.61160755157
1.19446802139		2.5405664444
1.19696903229		2.61668205261
1.19947099686		2.53549194336
1.20197606087		2.63698005676
1.20446801186		2.5405664444
1.20696997643		2.6420545578
1.20947098732		2.53041744232
1.211977005		2.63698005676
1.21447610855		2.52534389496
1.21697115898		2.63698005676
1.21947097778		2.53041744232
1.22197914124		2.6420545578
1.22447109222		2.5405664444
1.22697305679		2.62175655365
1.22947502136		2.5405664444
1.23197507858		2.61160755157
1.2344751358		2.55071544647
1.23697304726		2.60653305054
1.23947405815		2.56593894958
1.24198007584		2.59638500214
1.24447417259		2.57101249695
1.24697518349		2.58116149902
1.24947404861		2.58116149902
1.25198316574		2.56593894958
1.25447511673		2.5913105011
1.2569770813		2.56086444855
1.25947713852		2.60653305054
1.26198410988		2.55071544647
1.26447701454		2.61668205261
1.26697802544		2.54564094543
1.26947712898		2.62175655365
1.27197909355		2.5405664444
1.27448010445		2.63190555573
1.27697706223		2.53549194336
1.27947998047		2.6420545578
1.28198599815		2.53041744232
1.28447318077		2.63698005676
1.28697109222		2.52534389496
1.28947210312		2.63698005676
1.29198408127		2.53549194336
1.29448199272		2.63190555573
1.29698109627		2.5405664444
1.29948210716		2.62175655365
1.30198907852		2.5405664444
1.30448317528		2.61160755157
1.30698204041		2.55578994751
1.30948519707		2.60653305054
1.31198501587		2.56086444855
1.31448411942		2.59638500214
1.31698203087		2.57101249695
1.31950807571		2.57608699799
1.32198619843		2.58116149902
1.32448410988		2.57101249695
1.32698512077		2.59638500214
1.32948517799		2.56086444855
1.33199310303		2.60653305054
1.33448505402		2.55071544647
1.33698701859		2.61160755157
1.33948707581		2.5405664444
1.3419880867		2.62175655365
1.34448814392		2.5405664444
1.34698915482		2.63190555573
1.34948611259		2.53549194336
1.35198807716		2.63698005676
1.35449004173		2.52534389496
1.35698914528		2.63698005676
1.35948801041		2.53041744232
1.36199903488		2.6420545578
1.3644900322		2.53041744232
1.36699104309		2.63698005676
1.36949515343		2.53549194336
1.37199807167		2.62175655365
1.37449097633		2.5405664444
1.37699198723		2.61160755157
1.37949109077		2.55578994751
1.38199400902		2.60653305054
1.38449597359		2.56593894958
1.38699412346		2.58623600006
1.38949298859		2.57101249695
1.39199399948		2.57101249695
1.39449214935		2.58116149902
1.39699411392		2.57101249695
1.39949512482		2.60653305054
1.40200209618		2.56086444855
1.40449619293		2.61160755157
1.40699505806		2.54564094543
1.40949606895		2.61160755157
1.41200304031		2.53549194336
1.4144961834		2.63190555573
1.4169960022		2.5405664444
1.41950011253		2.6420545578
1.42200398445		2.53549194336
1.42449712753		2.63190555573
1.42699599266		2.52534389496
1.42949914932		2.63190555573
1.43200111389		2.53041744232
1.43449902534		2.6420545578
1.43700003624		2.53549194336
1.43950009346		2.63190555573
1.44200801849		2.53549194336
1.4445002079		2.61160755157
1.44700503349		2.54564094543
1.44950199127		2.61160755157
1.45200705528		2.56593894958
1.45450115204		2.60145950317
1.45700120926		2.56593894958
1.45950102806		2.58116149902
1.46200799942		2.57101249695
1.46450209618		2.57101249695
1.46700310707		2.5913105011
1.4695019722		2.57101249695
1.47200417519		2.60653305054
1.47450399399		2.56086444855
1.47700405121		2.60653305054
1.4795050621		2.54564094543
1.4820151329		2.61668205261
1.48450517654		2.54564094543
1.48700499535		2.62683105469
1.48950600624		2.5405664444
1.4920129776		2.63190555573
1.49450397491		2.53041744232
1.49700713158		2.63698005676
1.49950814247		2.52534389496
1.5020160675		2.6420545578
1.50450706482		2.53549194336
1.50701403618		2.6420545578
1.50950908661		2.53041744232
1.51201605797		2.62683105469
1.51451706886		2.53549194336
1.51701116562		2.61668205261
1.51951098442		2.55071544647
1.52201104164		2.61668205261
1.52452015877		2.56086444855
1.52701020241		2.59638500214
1.52951216698		2.56593894958
1.53202009201		2.57608699799
1.534512043		2.57101249695
1.53701400757		2.57101249695
1.53951215744		2.5913105011
1.54202008247		2.56593894958
1.54451203346		2.60145950317
1.54701304436		2.55578994751
1.54951310158		2.61160755157
1.55201411247		2.54564094543
1.5545129776		2.62175655365
1.55701303482		2.5405664444
1.55951619148		2.63190555573
1.56202316284		2.53549194336
1.56451511383		2.63190555573
1.56701397896		2.53041744232
1.56951618195		2.63190555573
1.57202315331		2.53041744232
1.57451605797		2.6420545578
1.57701611519		2.53549194336
1.57951617241		2.6420545578
1.58202409744		2.53549194336
1.58451700211		2.62175655365
1.58701705933		2.5405664444
1.5895190239		2.61160755157
1.59201908112		2.55071544647
1.59451818466		2.61160755157
1.59701800346		2.56086444855
1.59951806068		2.5913105011
1.60203409195		2.56593894958
1.60452103615		2.58116149902
1.60702109337		2.58116149902
1.60952115059		2.57101249695
1.61202907562		2.59638500214
1.61452102661		2.56593894958
1.61702203751		2.60653305054
1.6195230484		2.55071544647
1.62203001976		2.61160755157
1.62452316284		2.54564094543
1.62702202797		2.62175655365
1.62952208519		2.54564094543
1.63202619553		2.63698005676
1.63452410698		2.53549194336
1.63702297211		2.63698005676
1.63952517509		2.52534389496
1.64203214645		2.63698005676
1.64452505112		2.53041744232
1.64702510834		2.6420545578
1.64952516556		2.5405664444
1.65203499794		2.63698005676
1.65452814102		2.53549194336
1.65702700615		2.62175655365
1.65952801704		2.53549194336
1.6620349884		2.61668205261
1.66452813148		2.55071544647
1.66702914238		2.60653305054
1.6695291996		2.56086444855
1.67203211784		2.5913105011
1.67452907562		2.56593894958
1.67702817917		2.57608699799
1.67954707146		2.58116149902
1.6820371151		2.57101249695
1.68453097343		2.60145950317
1.68703103065		2.56086444855
1.68953299522		2.60145950317
1.692040205		2.54564094543
1.69453120232		2.61160755157
1.69703102112		2.54564094543
1.69953203201		2.62683105469
1.70204806328		2.54564094543
1.70453310013		2.63698005676
1.70703315735		2.53041744232
1.70953202248		2.63190555573
1.71203303337		2.52534389496
1.71453499794		2.63698005676
1.71703410149		2.53549194336
1.71953320503		2.6420545578
1.72204303741		2.53549194336
1.7245349884		2.63190555573
1.72703313828		2.53041744232
1.72953701019		2.62175655365
1.73204517365		2.54564094543
1.73453807831		2.61668205261
1.73703718185		2.55578994751
1.73953700066		2.60145950317
1.74204897881		2.56086444855
1.7445371151		2.58116149902
1.74703598022		2.57101249695
1.74953818321		2.58116149902
1.75203919411		2.5913105011
1.75453901291		2.57101249695
1.75704312325		2.60145950317
1.75953698158		2.55578994751
1.76204705238		2.60145950317
1.7645380497		2.54564094543
1.76704001427		2.61668205261
1.76954102516		2.54564094543
1.77204799652		2.62683105469
1.77454018593		2.5405664444
1.77704310417		2.63190555573
1.77954316139		2.53041744232
1.78204917908		2.63698005676
1.78454303741		2.53041744232
1.78704214096		2.6420545578
1.7895450592		2.53549194336
1.79204511642		2.6420545578
1.79454302788		2.53041744232
1.79704713821		2.62683105469
1.79954314232		2.53041744232
1.80205106735		2.62175655365
1.80454516411		2.54564094543
1.80704498291		2.61160755157
1.8095471859		2.56086444855
1.81205201149		2.60145950317
1.81454801559		2.56086444855
1.81704711914		2.58116149902
1.81954598427		2.57101249695
1.82205414772		2.57608699799
1.82454919815		2.5913105011
1.82704901695		2.56593894958
1.82954907417		2.60145950317
1.83204913139		2.55578994751
1.83455514908		2.60145950317
1.83704805374		2.54564094543
1.83955001831		2.61668205261
1.84206008911		2.54564094543
1.84454917908		2.63190555573
1.84704899788		2.5405664444
1.84955000877		2.62683105469
1.85206103325		2.53041744232
1.85455107689		2.63190555573
1.85705208778		2.53041744232
1.85955309868		2.6420545578
1.86206102371		2.53549194336
1.8645529747		2.6420545578
1.8670539856		2.52534389496
1.86955404282		2.62683105469
1.87205410004		2.53549194336
1.87455511093		2.61668205261
1.87705302238		2.55071544647
1.87955617905		2.61160755157
1.88205599785		2.55578994751
1.88455414772		2.59638500214
1.88705515862		2.56593894958
1.88955616951		2.58623600006
1.89206504822		2.57608699799
1.89455699921		2.57608699799
1.89705920219		2.5913105011
1.89955711365		2.56593894958
1.90206503868		2.60145950317
1.90455818176		2.55071544647
1.90705919266		2.60653305054
1.90955805779		2.54564094543
1.91207814217		2.62175655365
1.91456198692		2.55071544647
1.91705918312		2.63190555573
1.91955900192		2.53549194336
1.92206597328		2.63190555573
1.92456102371		2.52534389496
1.92706012726		2.63190555573
1.92956018448		2.53041744232
1.93207406998		2.64712810516
1.93456506729		2.53041744232
1.93706297874		2.63698005676
1.93956208229		2.52534389496
1.94206905365		2.62683105469
1.94456219673		2.53549194336
1.94706320763		2.61668205261
1.9495639801		2.55071544647
1.95206403732		2.61160755157
1.95456409454		2.55578994751
1.95706415176		2.5913105011
1.95956516266		2.56593894958
1.96207213402		2.58116149902
1.96456408501		2.57608699799
1.9670650959		2.57608699799
1.96956515312		2.59638500214
1.97207117081		2.56593894958
1.97456598282		2.59638500214
1.97706604004		2.55071544647
1.97957015038		2.60653305054
1.98207712173		2.55071544647
1.9845700264		2.62683105469
1.98707008362		2.55071544647
1.98957419395		2.63190555573
1.99206900597		2.53041744232
1.99457001686		2.62683105469
1.99707007408		2.53041744232
1.99957108498		2.63698005676
2.00207710266		2.53549194336
2.00456905365		2.6420545578
2.00707006454		2.53041744232
2.00957107544		2.63190555573
2.01207613945		2.52534389496
2.01457309723		2.62683105469
2.01707005501		2.5405664444
2.0195710659		2.62175655365
2.02208018303		2.55071544647
2.02457404137		2.60653305054
2.02707219124		2.55578994751
2.02957320213		2.5913105011
2.0320751667		2.56593894958
2.03457403183		2.58116149902
2.03707313538		2.58116149902
2.03957414627		2.57101249695
2.04208016396		2.5913105011
2.04457616806		2.56086444855
2.04707407951		2.60145950317
2.04957509041		2.55071544647
2.05208420753		2.61160755157
2.05457520485		2.55071544647
2.05707597733		2.62683105469
2.05957818031		2.5405664444
2.062084198		2.62683105469
2.06457805634		2.53041744232
2.06708312035		2.63190555573
2.06957912445		2.53041744232
2.07207798958		2.6420545578
2.07458114624		2.53549194336
2.07708001137		2.63698005676
2.07958006859		2.53041744232
2.08208012581		2.63190555573
2.08458614349		2.53041744232
2.08708000183		2.62175655365
2.08958220482		2.5405664444
2.09209108353		2.62175655365
2.09458303452		2.55071544647
2.09708213806		2.60145950317
2.09958314896		2.56086444855
2.10209202766		2.58623600006
2.10458302498		2.56593894958
2.1070830822		2.58116149902
2.10958313942		2.58623600006
2.11208510399		2.57608699799
2.11458516121		2.59638500214
2.11708402634		2.56086444855
2.11958408356		2.60145950317
2.12209320068		2.55071544647
2.12458515167		2.61668205261
2.12708616257		2.54564094543
2.12958598137		2.62683105469
2.13208603859		2.53549194336
2.13458609581		2.62683105469
2.13708615303		2.53041744232
2.13958716393		2.63698005676
2.14209413528		2.53041744232
2.14459300041		2.6420545578
2.14708805084		2.53549194336
2.14958810806		2.6420545578
2.15209007263		2.52534389496
2.15458917618		2.62683105469
2.15709018707		2.53041744232
2.1595890522		2.62683105469
2.16209697723		2.54564094543
2.16459012032		2.62175655365
2.16709017754		2.55578994751
2.16959214211		2.59638500214
2.17209720612		2.55578994751
2.17459201813		2.58623600006
2.17709207535		2.57101249695
2.17959213257		2.58116149902
2.1821000576		2.58623600006
2.18459200859		2.57101249695
2.18709206581		2.5913105011
2.18961310387		2.55578994751
2.19209599495		2.60145950317
2.19459414482		2.55071544647
2.19709420204		2.62175655365
2.19959497452		2.55071544647
2.20210313797		2.62683105469
2.20459604263		2.53041744232
2.20709609985		2.62683105469
2.20959711075		2.53041744232
2.21210503578		2.63698005676
2.21459698677		2.53549194336
2.21709799767		2.6420545578
2.21959614754		2.53041744232
2.22211003304		2.63698005676
2.22459697723		2.52534389496
2.22709798813		2.63190555573
2.22960114479		2.53549194336
2.23209905624		2.62683105469
2.23459911346		2.55071544647
2.23710012436		2.61160755157
2.23960113525		2.55071544647
2.24210810661		2.59638500214
2.24460101128		2.56086444855
2.2471010685		2.58623600006
2.24960303307		2.58116149902
2.25210809708		2.58116149902
2.25460219383		2.58623600006
2.25710320473		2.56593894958
2.25960302353		2.5913105011
2.26211118698		2.55578994751
2.26460599899		2.61160755157
2.26710319519		2.55071544647
2.26960301399		2.62175655365
2.27210307121		2.54564094543
2.27460598946		2.62175655365
2.27710413933		2.53041744232
2.2796061039		2.62683105469
2.28211307526		2.53041744232
2.28460502625		2.6420545578
2.28710412979		2.53549194336
2.28960609436		2.6420545578
2.29211211205		2.52534389496
2.29459905624		2.63190555573
2.29709720612		2.53041744232
2.29960513115		2.63190555573
2.30210518837		2.5405664444
2.30460906029		2.62175655365
2.30711007118		2.55071544647
2.30960702896		2.60653305054
2.31211209297		2.55071544647
2.31461000443		2.59638500214
2.31710910797		2.57101249695
2.31961011887		2.58623600006
2.3221180439		2.57608699799
2.32460999489		2.57101249695
2.32711005211		2.58623600006
2.32961320877		2.56086444855
2.33211612701		2.59638500214
2.33460998535		2.55578994751
2.33711004257		2.61160755157
2.33961510658		2.55071544647
2.34212112427		2.61668205261
2.34461307526		2.53549194336
2.34711503983		2.62683105469
2.3496119976		2.53041744232
2.3521130085		2.63190555573
2.35461497307		2.53549194336
2.35711312294		2.6420545578
2.35961413383		2.53041744232
2.36212301254		2.63190555573
2.3646171093		2.52534389496
2.36711597443		2.63190555573
2.36961603165		2.53041744232
2.37212300301		2.63190555573
2.37461614609		2.54564094543
2.37712216377		2.62683105469
2.37961506844		2.54564094543
2.38212013245		2.60145950317
2.38462209702		2.55578994751
2.38711905479		2.5913105011
2.38961911201		2.56593894958
2.39212203026		2.58623600006
2.39461898804		2.57608699799
2.39712119102		2.57101249695
2.39962005615		2.58623600006
2.40213012695		2.56086444855
2.4046189785		2.59638500214
2.4071199894		2.55578994751
2.40962219238		2.61160755157
2.41212916374		2.55071544647
2.41462206841		2.62175655365
2.4171230793		2.5405664444
2.41962313652		2.62175655365
2.42212915421		2.53041744232
2.42462301254		2.63698005676
2.42712306976		2.53549194336
2.42962002754		2.6420545578
2.43212413788		2.53041744232
2.43462514877		2.63698005676
2.43712306023		2.52026939392
2.43962216377		2.63190555573
2.44213104248		2.53041744232
2.44462513924		2.63190555573
2.44712615013		2.54564094543
2.44962620735		2.62175655365
2.45213413239		2.54564094543
2.45463299751		2.60145950317
2.45712709427		2.55578994751
2.45962905884		2.5913105011
2.46213197708		2.57101249695
2.46462702751		2.58623600006
2.46712803841		2.58116149902
2.46962618828		2.57101249695
2.47212719917		2.58623600006
2.47462916374		2.55578994751
2.47712802887		2.60145950317
2.47964811325		2.55578994751
2.48214006424		2.61668205261
2.48463010788		2.54564094543
2.48712897301		2.62175655365
2.4896299839		2.53549194336
2.49213910103		2.62683105469
2.49463105202		2.53041744232
2.49713110924		2.63698005676
2.49963307381		2.53549194336
2.50213909149		2.6420545578
2.50463318825		2.53041744232
2.50713205338		2.63698005676
2.5096321106		2.52534389496
2.51213502884		2.63190555573
2.51463508606		2.5405664444
2.51713299751		2.63190555573
2.51963615417		2.54564094543
2.52214407921		2.61668205261
2.5246360302		2.54564094543
2.52713608742		2.59638500214
2.52963399887		2.56086444855
2.53214907646		2.59638500214
2.53463506699		2.57608699799
2.53713798523		2.58623600006
2.53963804245		2.58116149902
2.54214406013		2.56086444855
2.54463720322		2.58623600006
2.54713797569		2.55578994751
2.54963707924		2.60653305054
2.55213809013		2.55578994751
2.55463910103		2.61668205261
2.55713820457		2.54564094543
2.55963897705		2.62175655365
2.5621471405		2.53041744232
2.56464004517		2.62683105469
2.56713819504		2.53549194336
2.56963920593		2.6420545578
2.57214713097		2.53041744232
2.5746409893		2.6420545578
2.57714009285		2.52534389496
2.57964301109		2.63190555573
2.58215117455		2.52534389496
2.58464312553		2.63698005676
2.58714199066		2.5405664444
2.58964109421		2.62683105469
2.59214401245		2.54564094543
2.59464406967		2.61160755157
2.59714317322		2.54564094543
2.59964609146		2.60145950317
2.60215210915		2.56086444855
2.6046462059		2.5913105011
2.60714507103		2.57101249695
2.60965204239		2.57608699799
2.61215400696		2.58116149902
2.61464810371		2.56593894958
2.61714720726		2.5913105011
2.61964607239		2.56086444855
2.62215399742		2.60653305054
2.6246471405		2.55578994751
2.62714719772		2.61160755157
2.62964606285		2.5405664444
2.63214898109		2.61668205261
2.63464999199		2.53549194336
2.63714814186		2.63190555573
2.63964915276		2.53549194336
2.64215898514		2.63698005676
2.64464998245		2.53041744232
2.64715003967		2.63698005676
2.64965105057		2.52534389496
2.6521589756		2.63698005676
2.65465307236		2.53041744232
2.65715312958		2.63698005676
2.65965104103		2.5405664444
2.66216015816		2.62175655365
2.66465401649		2.54564094543
2.66715216637		2.60653305054
2.66965198517		2.55071544647
2.67215418816		2.60145950317
2.67465305328		2.56593894958
2.6771531105		2.58623600006
2.67965507507		2.57608699799
2.68216109276		2.57101249695
2.68465518951		2.58116149902
2.68716001511		2.56086444855
2.68965601921		2.59638500214
2.69216609001		2.56086444855
2.69465613365		2.61160755157
2.6971590519		2.55578994751
2.69965720177		2.61668205261
2.70216417313		2.5405664444
2.70465707779		2.61668205261
2.70715808868		2.53549194336
2.7096581459		2.63190555573
2.7121591568		2.53549194336
2.71466112137		2.63698005676
2.71715903282		2.53041744232
2.71965813637		2.63698005676
2.72216820717		2.52534389496
2.72465920448		2.63698005676
2.72715902328		2.53041744232
2.72965908051		2.63698005676
2.73216819763		2.5405664444
2.73466205597		2.62175655365
2.73716211319		2.5405664444
2.73966002464		2.60145950317
2.74216914177		2.55578994751
2.74466300011		2.60145950317
2.74716210365		2.57101249695
2.74966216087		2.5913105011
2.75216507912		2.57608699799
2.75466418266		2.56593894958
2.75716400146		2.58116149902
2.75966310501		2.56593894958
2.76217103004		2.60145950317
2.76467204094		2.56086444855
2.76716518402		2.61160755157
2.76966500282		2.55071544647
2.77217411995		2.61668205261
2.77466702461		2.53549194336
2.77716898918		2.62175655365
2.7796690464		2.53549194336
2.78217601776		2.6420545578
2.78466820717		2.53549194336
2.78716897964		2.6420545578
2.78966903687		2.53041744232
2.79217004776		2.63190555573
2.79466915131		2.52534389496
2.79716920853		2.63698005676
2.799669981		2.53549194336
2.80217599869		2.63698005676
2.80468416214		2.53549194336
2.80717015266		2.61668205261
2.80967307091		2.5405664444
2.81217908859		2.60653305054
2.81467199326		2.55578994751
2.81717300415		2.60145950317
2.8196721077		2.57608699799
2.82218003273		2.58623600006
2.82467412949		2.57608699799
2.82717299461		2.56593894958
2.82967209816		2.58623600006
2.8321750164		2.56086444855
2.83467507362		2.60653305054
2.83717417717		2.56086444855
2.83967399597		2.61160755157
2.84218597412		2.54564094543
2.84467506409		2.61160755157
2.84717512131		2.5405664444
2.8496761322		2.63190555573
2.85218501091		2.5405664444
2.85467720032		2.63698005676
2.85717701912		2.53041744232
2.85968017578		2.63190555573
2.86218619347		2.52534389496
2.86467909813		2.63698005676
2.86717820168		2.53041744232
2.86967897415		2.63698005676
2.87218117714		2.53549194336
2.87467813492		2.63190555573
2.87717700005		2.53549194336
2.87968015671		2.61160755157
2.8821811676		2.54564094543
2.8846809864		2.60653305054
2.88718104362		2.56593894958
2.88968110085		2.59638500214
2.8921880722		2.56593894958
2.89468002319		2.57608699799
2.89718317986		2.57608699799
2.89968299866		2.56593894958
2.90219211578		2.5913105011
2.90468597412		2.56593894958
2.90718412399		2.60653305054
2.90968418121		2.55578994751
2.91218519211		2.61160755157
2.91468501091		2.5405664444
2.91718506813		2.61668205261
2.91969013214		2.5405664444
2.92219305038		2.62683105469
2.92468500137		2.53549194336
2.92718505859		2.63190555573
2.92968606949		2.53041744232
2.93219614029		2.63698005676
2.93468618393		2.53041744232
2.9371881485		2.63698005676
2.93968820572		2.53041744232
2.94219517708		2.63698005676
2.94468808174		2.53549194336
2.94718813896		2.62683105469
2.94968819618		2.5405664444
2.95219111443		2.61160755157
2.95468997955		2.54564094543
2.95718812943		2.60145950317
2.95969009399		2.56086444855
2.96219801903		2.59638500214
2.96469020844		2.56593894958
2.96719002724		2.57608699799
2.96969413757		2.57608699799
2.97219705582		2.56593894958
2.97469115257		2.5913105011
2.9771900177		2.56593894958
2.97969007492		2.60145950317
2.98220014572		2.55578994751
2.98469305038		2.61160755157
2.98719406128		2.5405664444
2.98969197273		2.61668205261
2.99219417572		2.5405664444
2.99469399452		2.63190555573
2.9972012043		2.5405664444
2.99969601631		2.63698005676
3.00220298767		2.53041744232
3.0046980381		2.63190555573
3.00719618797		2.52534389496
3.00969600677		2.63698005676
3.01220417023		2.53041744232
3.01469707489		2.63190555573
3.01719808578		2.53549194336
3.01969814301		2.62175655365
3.02220702171		2.53549194336
3.02469706535		2.61160755157
3.02719807625		2.55071544647
3.02970218658		2.60145950317
3.03220415115		2.56593894958
3.03470015526		2.5913105011
3.03719902039		2.57101249695
3.03970003128		2.57101249695
3.04220819473		2.58116149902
3.04470014572		2.56593894958
3.04719805717		2.59638500214
3.04970407486		2.56086444855
3.05220913887		2.60653305054
3.05470204353		2.55071544647
3.0572040081		2.61160755157
3.05970215797		2.53549194336
3.06220912933		2.62175655365
3.06470417976		2.5405664444
3.06720304489		2.63698005676
3.06970310211		2.53549194336
3.07220411301		2.63698005676
3.07471013069		2.52026939392
3.07720518112		2.63698005676
3.07970619202		2.53041744232
3.08220815659		2.6420545578
3.08470606804		2.53549194336
3.08720612526		2.63698005676
3.08970618248		2.53549194336
3.09221506119		2.61668205261
3.0947060585		2.53549194336
3.09720611572		2.60653305054
3.09970498085		2.55578994751
3.10221719742		2.60653305054
3.10470819473		2.56593894958
3.1072101593		2.58623600006
3.10970902443		2.57101249695
3.11221003532		2.57101249695
3.11471104622		2.58116149902
3.11721014977		2.57101249695
3.11971020699		2.60145950317
3.1222140789		2.56086444855
3.12471103668		2.61160755157
3.12720918655		2.5405664444
3.12971019745		2.61160755157
3.13221216202		2.5405664444
3.13471102715		2.63190555573
3.13721203804		2.5405664444
3.13971304893		2.63190555573
3.14222002029		2.52534389496
3.14471101761		2.63190555573
3.14721298218		2.52534389496
3.14971613884		2.63698005676
3.15222001076		2.53549194336
3.15471601486		2.64712810516
3.15721607208		2.53549194336
3.15971517563		2.63190555573
3.16221618652		2.53041744232
3.16471815109		2.61668205261
3.16721701622		2.54564094543
3.16971611977		2.61668205261
3.17227220535		2.55578994751
3.17484307289		2.60653305054
3.17734503746		2.55578994751
3.17984199524		2.5913105011
3.18242716789		2.56086444855
3.18497204781		2.58623600006
3.18746805191		2.57608699799
3.18997001648		2.58623600006
3.19247913361		2.58116149902
3.19497013092		2.56593894958
3.19746899605		2.59638500214
3.19997000694		2.55578994751
3.20247912407		2.60145950317
3.20497202873		2.55071544647
3.20747113228		2.62175655365
3.2099711895		2.54564094543
3.21248102188		2.62175655365
3.2149720192		2.53041744232
3.21747207642		2.62683105469
3.21997213364		2.53041744232
3.22248005867		2.63698005676
3.2249751091		2.53041744232
3.22747302055		2.6420545578
3.22997808456		2.52534389496
3.23248004913		2.63698005676
3.23497700691		2.52534389496
3.23747515678		2.62683105469
3.23997616768		2.53041744232
3.24248218536		2.63190555573
3.24497509003		2.55071544647
3.24747514725		2.61160755157
3.24997711182		2.55071544647
3.25248408318		2.59638500214
3.25497603416		2.56086444855
3.25747799873		2.58623600006
3.25997710228		2.57608699799
3.26248407364		2.58116149902
3.26497912407		2.58623600006
3.2674779892		2.56086444855
3.26997804642		2.5913105011
3.27248620987		2.55071544647
3.27498006821		2.60653305054
3.27747797966		2.55071544647
3.27998113632		2.61668205261
3.28248500824		2.54564094543
3.28498315811		2.62683105469
3.28748106956		2.53041744232
3.28998208046		2.62683105469
3.29248809814		2.53041744232
3.2949821949		2.6420545578
3.29748106003		2.53549194336
3.2999830246		2.63698005676
3.30248808861		2.52534389496
3.30498504639		2.63190555573
3.3074901104		2.52534389496
3.30998301506		2.62683105469
3.31249213219		2.5405664444
3.31498718262		2.62683105469
3.31748509407		2.54564094543
3.31998705864		2.61160755157
3.32249498367		2.55071544647
3.32498598099		2.5913105011
3.32748603821		2.56086444855
3.32998800278		2.58623600006
3.33249402046		2.58116149902
3.33498716354		2.58116149902
3.33748698235		2.58623600006
3.33999419212		2.56086444855
3.34249711037		2.5913105011
3.3449921608		2.55071544647
3.34748911858		2.61160755157
3.34999203682		2.55071544647
3.35249614716		2.61668205261
3.35499000549		2.5405664444
3.35749220848		2.62175655365
3.35998916626		2.53041744232
3.36249709129		2.62683105469
3.36498904228		2.53041744232
3.36749100685		2.64712810516
3.36999106407		2.53549194336
3.37249803543		2.6420545578
3.37499117851		2.52534389496
3.37749099731		2.63190555573
3.37999200821		2.53041744232
3.38250303268		2.63190555573
3.38500404358		2.54564094543
3.38749504089		2.62683105469
3.38999199867		2.54564094543
3.39250206947		2.60653305054
3.39499402046		2.55071544647
3.39749407768		2.5913105011
3.39999508858		2.56593894958
3.40250301361		2.5913105011
3.40499711037		2.57608699799
3.40749716759		2.57608699799
3.40999603271		2.58623600006
3.41250419617		2.56086444855
3.41499710083		2.59638500214
3.41749620438		2.55578994751
3.41999912262		2.61160755157
3.42250418663		2.55071544647
3.42500305176		2.62175655365
3.42749905586		2.53549194336
3.43000102043		2.62175655365
3.43250608444		2.53041744232
3.43499898911		2.63190555573
3.43749809265		2.53549194336
3.44000101089		2.6420545578
3.44250702858		2.53041744232
3.44500112534		2.63698005676
3.44750118256		2.52026939392
3.45000219345		2.62683105469
3.45251107216		2.53549194336
3.4550011158		2.63190555573
3.45750212669		2.54564094543
3.46000218391		2.61160755157
3.46251511574		2.54564094543
3.4650080204		2.60145950317
3.46750402451		2.55578994751
3.47000408173		2.59638500214
3.47251200676		2.57101249695
3.47500610352		2.58623600006
3.47750210762		2.57608699799
3.48000597954		2.56593894958
3.48251104355		2.58623600006
3.4850051403		2.56086444855
3.48750710487		2.60145950317
3.49000501633		2.55578994751
3.49251508713		2.61668205261
3.49500799179		2.54564094543
3.49750804901		2.62175655365
3.50000619888		2.53549194336
3.50251317024		2.62175655365
3.50500917435		2.53549194336
3.50750803947		2.63698005676
3.51000714302		2.53549194336
3.5125169754		2.6420545578
3.51501011848		2.52534389496
3.5175101757		2.63190555573
3.5200111866		2.52534389496
3.52252006531		2.62683105469
3.5250120163		2.53041744232
3.52751016617		2.62683105469
3.53001213074		2.54564094543
3.5325191021		2.61668205261
3.53501319885		2.54564094543
3.53751301765		2.60145950317
3.54001808167		2.55578994751
3.54252099991		2.5913105011
3.54501700401		2.57101249695
3.54751420021		2.58116149902
3.55001306534		2.58116149902
3.55252099037		2.56593894958
3.55501317978		2.5913105011
3.55751419067		2.56086444855
3.56001615524		2.60653305054
3.56252002716		2.55578994751
3.56501698494		2.61668205261
3.56751418114		2.54564094543
3.57001900673		2.61668205261
3.57252407074		2.53549194336
3.57501602173		2.62683105469
3.57751703262		2.53549194336
3.58001613617		2.63698005676
3.58252501488		2.53549194336
3.58503913879		2.63698005676
3.58752012253		2.52534389496
3.59001803398		2.63190555573
3.59252619743		2.53041744232
3.59502005577		2.63698005676
3.59752011299		2.53549194336
3.60001897812		2.62683105469
3.6025261879		2.5405664444
3.60502314568		2.61160755157
3.60752105713		2.54564094543
3.6100230217		2.60145950317
3.61252999306		2.56086444855
3.61502218246		2.5913105011
3.61752700806		2.57608699799
3.62002301216		2.57608699799
3.62252902985		2.58116149902
3.62502503395		2.56086444855
3.62752199173		2.5913105011
3.63002419472		2.55578994751
3.63252615929		2.60653305054
3.63502597809		2.55578994751
3.63752508163		2.61668205261
3.64002513885		2.5405664444
3.64253211021		2.62175655365
3.64502620697		2.53041744232
3.6475250721		2.63190555573
3.65002703667		2.53549194336
3.65253520012		2.6420545578
3.65502715111		2.53041744232
3.65752911568		2.63698005676
3.66002702713		2.52534389496
3.66253399849		2.63190555573
3.66503119469		2.53041744232
3.66753101349		2.63698005676
3.67003107071		2.5405664444
3.67253708839		2.62683105469
3.67502808571		2.5405664444
3.67753005028		2.60653305054
3.68003201485		2.54564094543
3.68254113197		2.59638500214
3.68502998352		2.56593894958
3.68753099442		2.5913105011
3.6900331974		2.57608699799
3.69253897667		2.57608699799
3.69503808022		2.58116149902
3.69753098488		2.56593894958
3.70003199577		2.5913105011
3.70253515244		2.56086444855
3.70503520966		2.61160755157
3.70753312111		2.54564094543
3.710034132		2.61160755157
3.71254205704		2.53549194336
3.71503520012		2.62175655365
3.7175359726		2.5405664444
3.72003602982		2.63698005676
3.72253704071		2.53549194336
3.72503805161		2.63698005676
3.72753500938		2.52534389496
3.73003816605		2.63190555573
3.73253798485		2.52534389496
3.73503804207		2.63698005676
3.73753809929		2.53549194336
3.74003815651		2.63698005676
3.7425391674		2.5405664444
3.74504113197		2.61668205261
3.74753808975		2.5405664444
3.7500371933		2.60653305054
3.75254106522		2.55578994751
3.75504016876		2.59638500214
3.75753903389		2.57101249695
3.76004099846		2.58623600006
3.76254415512		2.57101249695
3.7650411129		2.57101249695
3.76754117012		2.58116149902
3.77004098892		2.56593894958
3.77255010605		2.60145950317
3.77504110336		2.56086444855
3.77754116058		2.61160755157
3.7800450325		2.54564094543
3.78254818916		2.61668205261
3.78504610062		2.5405664444
3.78754401207		2.62683105469
3.79004502296		2.53549194336
3.7925491333		2.63190555573
3.79504418373		2.53549194336
3.79754304886		2.63698005676
3.80004501343		2.52534389496
3.80254817009		2.63698005676
3.80504512787		2.52534389496
3.80754518509		2.6420545578
3.81004714966		2.53549194336
3.81254816055		2.63190555573
3.81504797935		2.5405664444
3.81754803658		2.61668205261
3.8200480938		2.54564094543
3.82254910469		2.60653305054
3.82505106926		2.55578994751
3.82754802704		2.59638500214
3.83004808426		2.56593894958
3.8325521946		2.58623600006
3.83505105972		2.57608699799
3.83755016327		2.56593894958
3.84004998207		2.58623600006
3.84255409241		2.56593894958
3.84505105019		2.60145950317
3.84755015373		2.56086444855
3.85005807877		2.61160755157
3.85255408287		2.54564094543
3.85505318642		2.61160755157
3.85755205154		2.53549194336
3.86005210876		2.62683105469
3.86255717278		2.5405664444
3.86505818367		2.63698005676
3.86755418777		2.53041744232
3.87005400658		2.63190555573
3.87255620956		2.52534389496
3.87505507469		2.63190555573
3.87755417824		2.52534389496
3.88005518913		2.63698005676
3.88255620003		2.53549194336
3.8850581646		2.62683105469
3.88755607605		2.53549194336
3.89005899429		2.61160755157
3.89255905151		2.54564094543
3.89505720139		2.60653305054
3.89755702019		2.56086444855
3.90005707741		2.59638500214
3.9025580883		2.56593894958
3.9050590992		2.58116149902
3.90755915642		2.57101249695
3.91005706787		2.56593894958
3.912566185		2.58623600006
3.9150621891		2.56593894958
3.91756010056		2.60653305054
3.92006015778		2.55578994751
3.92255997658		2.61160755157
3.92506098747		2.5405664444
3.92756605148		2.61668205261
3.93006110191		2.53549194336
3.93256402016		2.63190555573
3.93506097794		2.5405664444
3.93756318092		2.63698005676
3.94006419182		2.53041744232
3.94256520271		2.63190555573
3.94506597519		2.52534389496
3.94756317139		2.63190555573
3.95006418228		2.53041744232
3.95256614685		2.6420545578
3.9550640583		2.53549194336
3.95756316185		2.62683105469
3.96006703377		2.53549194336
3.96256613731		2.60653305054
3.96506714821		2.54564094543
3.96756601334		2.60653305054
3.97006917		2.56086444855
3.9725689888		2.5913105011
3.97506809235		2.57101249695
3.97756910324		2.57101249695
3.98006820679		2.57608699799
3.98257017136		2.57101249695
3.98506903648		2.59638500214
3.9875690937		2.56593894958
3.99006915092		2.60653305054
3.99257206917		2.55071544647
3.99507117271		2.60653305054
3.99757099152		2.5405664444
4.00007009506		2.61668205261
4.00257301331		2.5405664444
4.00507616997		2.63190555573
4.00757098198		2.53549194336
4.0100710392		2.63190555573
4.01257419586		2.52534389496
4.01507401466		2.63190555573
4.01757311821		2.53041744232
4.02007198334		2.6420545578
4.02257418633		2.53549194336
4.02507710457		2.63698005676
4.02757310867		2.53549194336
4.03007698059		2.62175655365
4.03258013725		2.53549194336
4.03507518768		2.61160755157
4.03757619858		2.55071544647
4.04007506371		2.60145950317
4.04257702827		2.56086444855
4.04507613182		2.5913105011
4.04757714272		2.56593894958
4.05007910728		2.57101249695
4.05257797241		2.58116149902
4.05507707596		2.56593894958
4.0575799942		2.60145950317
4.06007599831		2.56086444855
4.06258106232		2.60653305054
4.06507897377		2.54564094543
4.06757903099		2.60653305054
4.07007908821		2.5405664444
4.07258009911		2.62175655365
4.07508111		2.5405664444
4.07758116722		2.63698005676
4.08008098602		2.53041744232
4.08259510994		2.63190555573
4.08508110046		2.53041744232
4.08758211136		2.63190555573
4.09008216858		2.53041744232
4.09258317947		2.6420545578
4.0950820446		2.53041744232
4.0975830555		2.63698005676
4.10008311272		2.53549194336
4.10258507729		2.61668205261
4.10508513451		2.53549194336
4.10758519173		2.60653305054
4.11008405685		2.55578994751
4.11259102821		2.60145950317
4.11508607864		2.56593894958
4.11758518219		2.58623600006
4.12008714676		2.57101249695
4.12258601189		2.57101249695
4.12508702278		2.58116149902
4.12758803368		2.56593894958
4.13008618355		2.60145950317
4.13259005547		2.56086444855
4.13508820534		2.60653305054
4.13759112358		2.54564094543
4.14009213448		2.61160755157
4.1425909996		2.53549194336
4.14509010315		2.63190555573
4.14758706093		2.5405664444
4.15009212494		2.63698005676
4.15259218216		2.53041744232
4.15509009361		2.63190555573
4.15759015083		2.52534389496
4.16009497643		2.63698005676
4.1625931263		2.53041744232
4.16509103775		2.6420545578
4.16759109497		2.53549194336
4.17009210587		2.63190555573
4.17259407043		2.53041744232
4.17509317398		2.61668205261
4.17759108543		2.5405664444
4.18009209633		2.60653305054
4.18259501457		2.55578994751
4.18509507179		2.60145950317
4.18759512901		2.56086444855
4.19009208679		2.58116149902
4.19259500504		2.57101249695
4.19509506226		2.57101249695
4.19759511948		2.5913105011
4.2000951767		2.57101249695
4.20259714127		2.60145950317
4.20509505272		2.55578994751
4.20759606361		2.60145950317
4.21009516716		2.5405664444
4.21259903908		2.61160755157
4.21509718895		2.5405664444
4.21759819984		2.63190555573
4.22009706497		2.5405664444
4.22259998322		2.63698005676
4.22510099411		2.53041744232
4.22759819031		2.62683105469
4.23009705544		2.52026939392
4.23260116577		2.6420545578
4.23509812355		2.53041744232
4.23760700226		2.6420545578
4.24010205269		2.53041744232
4.24260020256		2.62175655365
4.24509906769		2.53041744232
4.24760103226		2.61668205261
4.25010204315		2.54564094543
4.25260400772		2.61160755157
4.25510215759		2.56086444855
4.25760316849		2.59638500214
4.26010203362		2.56086444855
4.26260519028		2.57608699799
4.26510620117		2.57101249695
4.2676050663		2.57101249695
4.27010512352		2.59638500214
4.27260804176		2.56593894958
4.27510404587		2.60653305054
4.27760505676		2.55071544647
4.28010511398		2.60145950317
4.28260803223		2.54564094543
4.28510713577		2.61668205261
4.28760719299		2.54564094543
4.29010915756		2.62683105469
4.29260611534		2.53549194336
4.29510807991		2.62683105469
4.29760718346		2.52534389496
4.30010700226		2.63190555573
4.30260920525		2.53041744232
4.30511307716		2.6420545578
4.30760908127		2.53041744232
4.31010699272		2.63190555573
4.31261706352		2.53041744232
4.31511712074		2.62683105469
4.31761097908		2.53549194336
4.32010912895		2.61668205261
4.32261300087		2.55071544647
4.32511115074		2.61160755157
4.32761120796		2.56086444855
4.33011102676		2.5913105011
4.33261418343		2.56593894958
4.33511400223		2.58116149902
4.33761310577		2.57608699799
4.34011816978		2.57101249695
4.34261608124		2.5913105011
4.34511613846		2.56593894958
4.34761404991		2.60145950317
4.35011410713		2.55071544647
4.35261702538		2.60653305054
4.35511612892		2.54564094543
4.35761404037		2.62175655365
4.36011815071		2.5405664444
4.36261916161		2.63190555573
4.36511707306		2.53549194336
4.36761713028		2.63190555573
4.37011909485		2.52534389496
4.37261915207		2.63190555573
4.3751180172		2.53041744232
4.37761712074		2.6420545578
4.38011813164		2.53041744232
4.38262605667		2.63698005676
4.38512301445		2.53041744232
4.38761901855		2.62175655365
4.39011907578		2.53549194336
4.39262700081		2.61668205261
4.39512014389		2.55071544647
4.39762210846		2.60653305054
4.40011906624		2.56086444855
4.40262508392		2.5913105011
4.40512299538		2.56593894958
4.40762209892		2.57608699799
4.41012215614		2.57608699799
4.41262507439		2.57101249695
4.41512203217		2.59638500214
4.41762304306		2.56086444855
4.42012214661		2.60145950317
4.42262601852		2.54564094543
4.42512917519		2.61160755157
4.42762517929		2.54564094543
4.43012619019		2.62683105469
4.43262720108		2.5405664444
4.43512701988		2.62683105469
4.4376270771		2.53041744232
4.440128088		2.62683105469
4.44262814522		2.53041744232
4.44512605667		2.63698005676
4.44762611389		2.53041744232
4.45012617111		2.6420545578
4.45262908936		2.53041744232
4.4551281929		2.63190555573
4.45763015747		2.53041744232
4.46012806892		2.61668205261
4.46263217926		2.5405664444
4.46513199806		2.61668205261
4.46763205528		2.55578994751
4.47013306618		2.60145950317
4.47263407707		2.56593894958
4.47513198853		2.58623600006
4.47763204575		2.57101249695
4.48012900352		2.57101249695
4.48263406754		2.58623600006
4.48513317108		2.57101249695
4.48763418198		2.59638500214
4.49013209343		2.55578994751
4.49263620377		2.60145950317
4.49513220787		2.54564094543
4.49763417244		2.61160755157
4.50013399124		2.54564094543
4.50263619423		2.63190555573
4.50513601303		2.5405664444
4.50763607025		2.62683105469
4.5101339817		2.52534389496
4.51264309883		2.63190555573
4.51513910294		2.53041744232
4.51763701439		2.6420545578
4.52013802528		2.53549194336
4.52264118195		2.6420545578
4.52513599396		2.53041744232
4.52763605118		2.62683105469
4.53013920784		2.53041744232
4.53263998032		2.62175655365
4.53513908386		2.54564094543
4.53763818741		2.61668205261
4.54013705254		2.55578994751
4.54263901711		2.59638500214
4.545140028		2.56086444855
4.54764509201		2.58116149902
4.55013918877		2.57101249695
4.55264210701		2.58116149902
4.55514001846		2.5913105011
4.55764007568		2.57101249695
4.5601401329		2.59638500214
4.56264305115		2.55071544647
4.56514215469		2.60145950317
4.56764316559		2.55071544647
4.57014298439		2.62175655365
4.57268214226		2.55071544647
4.57514500618		2.63190555573
4.57764410973		2.53549194336
4.58014202118		2.62683105469
4.58264517784		2.52534389496
4.58514618874		2.63190555573
4.58764410019		2.53041744232
4.59014415741		2.63698005676
4.59264612198		2.53041744232
4.59514498711		2.63698005676
4.59764504433		2.53041744232
4.60014510155		2.62175655365
4.60264801979		2.53549194336
4.60514616966		2.62683105469
4.60764503479		2.54564094543
4.61014699936		2.61160755157
4.61265015602		2.55071544647
4.61514902115		2.59638500214
4.61764907837		2.56086444855
4.62014913559		2.58116149902
4.62264919281		2.57608699799
4.62515807152		2.57608699799
4.62765002251		2.5913105011
4.63015007973		2.56593894958
4.63265299797		2.5913105011
4.63515114784		2.55071544647
4.63765120506		2.60653305054
4.64015102386		2.54564094543
4.64265298843		2.62175655365
4.64515304565		2.54564094543
4.64765405655		2.63190555573
4.6501531601		2.53549194336
4.65265607834		2.62683105469
4.65515398979		2.52534389496
4.65765500069		2.63698005676
4.66015219688		2.53041744232
4.6626560688		2.6420545578
4.66515612602		2.53041744232
4.66765499115		2.63698005676
4.67015504837		2.53041744232
4.67265820503		2.62683105469
4.67515611649		2.5405664444
4.67765498161		2.62175655365
4.68015599251		2.55071544647
4.6826581955		2.61160755157
4.68515610695		2.55578994751
4.68765616417		2.5913105011
4.69015908241		2.56086444855
4.69265913963		2.58116149902
4.69515800476		2.57608699799
4.69765806198		2.57608699799
4.70016002655		2.59638500214
4.70266604424		2.56593894958
4.70516419411		2.59638500214
4.70765805244		2.55071544647
4.71016001701		2.60653305054
4.71266818047		2.54564094543
4.71516299248		2.62683105469
4.71766018867		2.5405664444
4.72016119957		2.62683105469
4.72266411781		2.53041744232
4.72516202927		2.63190555573
4.72766113281		2.53041744232
4.73016405106		2.6420545578
4.73266506195		2.53041744232
4.7351629734		2.6420545578
4.7376639843		2.52534389496
4.74016404152		2.63190555573
4.74266505241		2.53041744232
4.74516701698		2.62683105469
4.74766612053		2.5405664444
4.75016403198		2.62175655365
4.75266599655		2.55071544647
4.75516915321		2.60653305054
4.75766611099		2.55071544647
4.76016616821		2.5913105011
4.76266908646		2.56593894958
4.76516699791		2.58116149902
4.76766705513		2.58623600006
4.77016997337		2.57608699799
4.77267003059		2.5913105011
4.77516818047		2.55578994751
4.77767014503		2.59638500214
4.78017520905		2.55071544647
4.78267216682		2.61160755157
4.78517007828		2.55578994751
4.7876701355		2.62683105469
4.79016900063		2.5405664444
4.79267120361		2.62683105469
4.79516911507		2.52534389496
4.79767203331		2.63190555573
4.80017018318		2.53041744232
4.8026740551		2.6420545578
4.8051700592		2.53041744232
4.80767202377		2.6420545578
4.81017303467		2.52534389496
4.81267404556		2.62683105469
4.81517410278		2.53041744232
4.81767606735		2.62683105469
4.82017397881		2.54564094543
4.8226749897		2.62175655365
4.8251760006		2.55071544647
4.82767415047		2.60145950317
4.83017516136		2.55578994751
4.83267617226		2.58623600006
4.83517408371		2.57101249695
4.8376750946		2.58623600006
4.8401761055		2.58623600006
4.84267807007		2.57101249695
4.84517717361		2.58623600006
4.84767603874		2.55578994751
4.85017704964		2.59638500214
4.8526802063		2.55578994751
4.85517907143		2.61668205261
4.85768413544		2.55071544647
4.8601770401		2.62175655365
4.86268115044		2.53549194336
4.86518311501		2.62175655365
4.86767911911		2.53041744232
4.87017917633		2.63698005676
4.87268400192		2.53041744232
4.87518000603		2.6420545578
4.87768006325		2.52534389496
4.88017916679		2.63698005676
4.88268518448		2.52534389496
4.88518118858		2.62683105469
4.88768100739		2.53041744232
4.89018416405		2.62683105469
4.89268398285		2.54564094543
4.89518117905		2.61668205261
4.89768218994		2.55071544647
4.90018320084		2.60145950317
4.90268707275		2.56086444855
4.90518808365		2.5913105011
4.90768718719		2.57101249695
4.910187006		2.58116149902
4.91269207001		2.58116149902
4.91518616676		2.56593894958
4.91768503189		2.5913105011
4.92018818855		2.56086444855
4.92268800735		2.60653305054
4.92518615723		2.55071544647
4.9276881218		2.61668205261
4.93018913269		2.54564094543
4.93269014359		2.62175655365
4.93519711494		2.53041744232
4.93768906593		2.62683105469
4.94018697739		2.53041744232
4.94269108772		2.63698005676
4.94519209862		2.53041744232
4.94769001007		2.64712810516
4.95019006729		2.52534389496
4.95269107819		2.63190555573
4.95519018173		2.53041744232
4.95769119263		2.62683105469
4.96019005775		2.53549194336
4.96269416809		2.62683105469
4.96519303322		2.54564094543
4.96769309044		2.61160755157
4.97019219398		2.55071544647
4.97269511223		2.59638500214
4.97519207001		2.56086444855
4.9776930809		2.58623600006
4.9801940918		2.57608699799
4.98269605637		2.57608699799
4.98519706726		2.58623600006
4.98769617081		2.56593894958
4.99019598961		2.5913105011
4.99269914627		2.55071544647
4.99519515038		2.60653305054
4.99769711494		2.55071544647
