0.000128030776978		2.6420545578
0.00261902809143		2.61668205261
0.00512504577637		2.55578994751
0.00761914253235		2.61668205261
0.0101101398468		2.54564094543
0.0126149654388		2.61160755157
0.0151169300079		2.54564094543
0.0176141262054		2.62683105469
0.0201139450073		2.55071544647
0.0226120948792		2.62683105469
0.0251219272614		2.5405664444
0.0276141166687		2.62175655365
0.0301139354706		2.53549194336
0.0326161384583		2.62683105469
0.035117149353		2.54564094543
0.0376169681549		2.63190555573
0.0401139259338		2.53549194336
0.0426161289215		2.63190555573
0.0451171398163		2.53041744232
0.0476160049438		2.63698005676
0.0501470565796		2.53549194336
0.0526170730591		2.6420545578
0.0551290512085		2.53549194336
0.0576250553131		2.64712810516
0.0601260662079		2.52534389496
0.0626249313354		2.6420545578
0.0651321411133		2.52534389496
0.0676259994507		2.6420545578
0.0701260566711		2.52534389496
0.0726280212402		2.6522026062
0.0751280784607		2.52534389496
0.0776290893555		2.64712810516
0.0801270008087		2.51519489288
0.0826301574707		2.64712810516
0.0851321220398		2.51519489288
0.0876319408417		2.6522026062
0.0901319980621		2.51519489288
0.0926289558411		2.65727710724
0.0951299667358		2.51519489288
0.0976309776306		2.6522026062
0.100131988525		2.51012039185
0.10263299942		2.65727710724
0.105129003525		2.51519489288
0.107625007629		2.66235160828
0.110127925873		2.51519489288
0.112623929977		2.65727710724
0.115138053894		2.51012039185
0.11763715744		2.65727710724
0.120133161545		2.50504589081
0.122633934021		2.66235160828
0.125143051147		2.51519489288
0.127640962601		2.66742610931
0.130136013031		2.50504589081
0.132635116577		2.66235160828
0.135138988495		2.49997138977
0.137638092041		2.66235160828
0.140134096146		2.49997138977
0.14263510704		2.67250061035
0.145136117935		2.50504589081
0.147639989853		2.67250061035
0.150135040283		2.49489688873
0.152642011642		2.66742610931
0.155138969421		2.49997138977
0.157638072968		2.67250061035
0.160135984421		2.50504589081
0.162636995316		2.67250061035
0.16513800621		2.50504589081
0.167641162872		2.66742610931
0.170139074326		2.49489688873
0.172639131546		2.66742610931
0.175142049789		2.49997138977
0.177639961243		2.67757511139
0.180140018463		2.50504589081
0.182645082474		2.67757511139
0.185142993927		2.49997138977
0.187639951706		2.66742610931
0.190142154694		2.49489688873
0.192640066147		2.67250061035
0.195152044296		2.50504589081
0.197642087936		2.67757511139
0.200142145157		2.49997138977
0.202641963959		2.67250061035
0.205151081085		2.4898223877
0.207646131516		2.66742610931
0.210144042969		2.49997138977
0.212644100189		2.67757511139
0.215147972107		2.50504589081
0.217646121979		2.67757511139
0.220145940781		2.49997138977
0.222648143768		2.66742610931
0.225149154663		2.49489688873
0.227647066116		2.66742610931
0.230145931244		2.50504589081
0.232646942139		2.67757511139
0.235150098801		2.50504589081
0.237648010254		2.67250061035
0.240149021149		2.49997138977
0.242650985718		2.66742610931
0.245150089264		2.50504589081
0.247653007507		2.67757511139
0.250151157379		2.51012039185
0.252649068832		2.67250061035
0.255151033401		2.50504589081
0.257650136948		2.66235160828
0.260151147842		2.50504589081
0.262650966644		2.66742610931
0.265155076981		2.51012039185
0.267652988434		2.67250061035
0.270149946213		2.51012039185
0.272653102875		2.66742610931
0.275155067444		2.50504589081
0.277652025223		2.65727710724
0.280153036118		2.51012039185
0.282658100128		2.66235160828
0.285156011581		2.51519489288
0.287657022476		2.66235160828
0.290157079697		2.51012039185
0.292654037476		2.65727710724
0.295159101486		2.51012039185
0.297657012939		2.65727710724
0.30015707016		2.52026939392
0.302655935287		2.66235160828
0.305156946182		2.51519489288
0.307657957077		2.65727710724
0.310157060623		2.51519489288
0.312658071518		2.6522026062
0.315161943436		2.52026939392
0.31765794754		2.65727710724
0.320158958435		2.52534389496
0.322658061981		2.6522026062
0.325166940689		2.52026939392
0.327662944794		2.6420545578
0.330157995224		2.52534389496
0.33266210556		2.6420545578
0.335164070129		2.52534389496
0.337661981583		2.64712810516
0.340161085129		2.53041744232
0.342661142349		2.6420545578
0.345164060593		2.53041744232
0.347661018372		2.63190555573
0.350161075592		2.53041744232
0.352666139603		2.63698005676
0.35516500473		2.5405664444
0.357663154602		2.63698005676
0.360168933868		2.5405664444
0.362663984299		2.62683105469
0.365164995193		2.53549194336
0.36766409874		2.62683105469
0.370165109634		2.54564094543
0.372684001923		2.63190555573
0.375168085098		2.54564094543
0.377666950226		2.62683105469
0.380165100098		2.54564094543
0.382665157318		2.61668205261
0.385168075562		2.54564094543
0.387666940689		2.61668205261
0.390165090561		2.55578994751
0.39266705513		2.61668205261
0.395168066025		2.55071544647
0.39766907692		2.61160755157
0.40016913414		2.55071544647
0.402667045593		2.61160755157
0.40517115593		2.56086444855
0.407671928406		2.61160755157
0.410171031952		2.56593894958
0.412668943405		2.60653305054
0.4151699543		2.56593894958
0.417672157288		2.59638500214
0.420172929764		2.56593894958
0.422668933868		2.60145950317
0.425173997879		2.57101249695
0.427673101425		2.60145950317
0.430171012878		2.57101249695
0.432675123215		2.5913105011
0.435173988342		2.56593894958
0.437679052353		2.5913105011
0.440173149109		2.57101249695
0.442672967911		2.5913105011
0.445177078247		2.58116149902
0.4476749897		2.58623600006
0.450176954269		2.58116149902
0.452674150467		2.58116149902
0.455176115036		2.57608699799
0.457677125931		2.58116149902
0.460176944733		2.5913105011
0.462675094604		2.58623600006
0.465178966522		2.5913105011
0.46767616272		2.57608699799
0.470178127289		2.5913105011
0.472679138184		2.56593894958
0.475178956985		2.5913105011
0.47767996788		2.57608699799
0.480179071426		2.60145950317
0.482677936554		2.57101249695
0.485180139542		2.59638500214
0.487683057785		2.56086444855
0.49017906189		2.59638500214
0.492680072784		2.56086444855
0.495180130005		2.60653305054
0.497682094574		2.56593894958
0.500180959702		2.61160755157
0.502681970596		2.55578994751
0.505190134048		2.60145950317
0.50767993927		2.55071544647
0.510182142258		2.61160755157
0.512680053711		2.55578994751
0.515197992325		2.61668205261
0.517683029175		2.55578994751
0.520182132721		2.61668205261
0.52268409729		2.54564094543
0.525193929672		2.61160755157
0.527684926987		2.54564094543
0.530187129974		2.62175655365
0.532686948776		2.55071544647
0.535187005997		2.62683105469
0.537685155869		2.54564094543
0.54018497467		2.62175655365
0.542685031891		2.53549194336
0.545189142227		2.62683105469
0.54768705368		2.53549194336
0.550187110901		2.63190555573
0.552685976028		2.53549194336
0.555187940598		2.63190555573
0.557687997818		2.52534389496
0.560188055038		2.63190555573
0.562687158585		2.53041744232
0.565191030502		2.63698005676
0.567692995071		2.52534389496
0.57018995285		2.6420545578
0.572690010071		2.53041744232
0.575192928314		2.63698005676
0.577692985535		2.52534389496
0.580191135406		2.6420545578
0.582690954208		2.52534389496
0.585199117661		2.64712810516
0.587692975998		2.52026939392
0.590192079544		2.64712810516
0.592697143555		2.51519489288
0.595195055008		2.64712810516
0.597692012787		2.51519489288
0.600193023682		2.6522026062
0.602693080902		2.52026939392
0.605195045471		2.65727710724
0.607696056366		2.51519489288
0.610196113586		2.6522026062
0.61269402504		2.51012039185
0.615198135376		2.6522026062
0.617696046829		2.51012039185
0.620195150375		2.66235160828
0.62269616127		2.51519489288
0.625199079514		2.66235160828
0.627696990967		2.50504589081
0.630197048187		2.65727710724
0.632698059082		2.50504589081
0.635200023651		2.66235160828
0.637696027756		2.51012039185
0.640198945999		2.66742610931
0.642699956894		2.51012039185
0.64519906044		2.66235160828
0.647704124451		2.49997138977
0.650200128555		2.66742610931
0.652698040009		2.49997138977
0.655202150345		2.66742610931
0.657699108124		2.50504589081
0.660200119019		2.67250061035
0.662698984146		2.49997138977
0.665203094482		2.66742610931
0.667703151703		2.49997138977
0.670205116272		2.66742610931
0.672703027725		2.49997138977
0.675210952759		2.67250061035
0.677703142166		2.50504589081
0.68020606041		2.66742610931
0.682703018188		2.49997138977
0.685204982758		2.66742610931
0.687705993652		2.49489688873
0.690202951431		2.67250061035
0.692703008652		2.50504589081
0.695209980011		2.67250061035
0.697705984116		2.49997138977
0.700207948685		2.66742610931
0.702707052231		2.49489688873
0.705208063126		2.66742610931
0.70770907402		2.49997138977
0.710205078125		2.67757511139
0.712708950043		2.49997138977
0.715209960938		2.67250061035
0.717707157135		2.49489688873
0.720209121704		2.66742610931
0.722707986832		2.49997138977
0.725214958191		2.67250061035
0.727714061737		2.50504589081
0.730208158493		2.67757511139
0.732711076736		2.49997138977
0.735209941864		2.66742610931
0.737712144852		2.49489688873
0.740211963654		2.66742610931
0.7427110672		2.49997138977
0.745213031769		2.67250061035
0.747717142105		2.50504589081
0.750211000443		2.66742610931
0.752712965012		2.49997138977
0.755213022232		2.66235160828
0.757714986801		2.49997138977
0.760213136673		2.66742610931
0.762712001801		2.51012039185
0.765215158463		2.67757511139
0.76771402359		2.50504589081
0.770215034485		2.66235160828
0.77271604538		2.50504589081
0.775232076645		2.66235160828
0.777717113495		2.51012039185
0.780215024948		2.66742610931
0.782715082169		2.51519489288
0.785218954086		2.66235160828
0.787714958191		2.50504589081
0.790215969086		2.65727710724
0.792720079422		2.51012039185
0.795220136642		2.66235160828
0.797719955444		2.51519489288
0.80021905899		2.66235160828
0.802719116211		2.52026939392
0.805222034454		2.65727710724
0.807722091675		2.51012039185
0.810220003128		2.6522026062
0.812720060349		2.51519489288
0.815222978592		2.65727710724
0.817719936371		2.52026939392
0.820220947266		2.65727710724
0.822721004486		2.51519489288
0.82522892952		2.6522026062
0.827722072601		2.51519489288
0.83022403717		2.64712810516
0.832724094391		2.52534389496
0.835222005844		2.6522026062
0.837723970413		2.52534389496
0.840224981308		2.6420545578
0.842724084854		2.52026939392
0.845227003098		2.63698005676
0.847723007202		2.53041744232
0.850226163864		2.64712810516
0.852725982666		2.53549194336
0.855226039886		2.6420545578
0.857726097107		2.53041744232
0.860224962234		2.63190555573
0.862726926804		2.53041744232
0.865229129791		2.63190555573
0.867727041245		2.53549194336
0.870227098465		2.63698005676
0.872729063034		2.5405664444
0.875231027603		2.63190555573
0.877728939056		2.5405664444
0.880227088928		2.62175655365
0.882728099823		2.5405664444
0.885231971741		2.63190555573
0.887732982635		2.55071544647
0.890231132507		2.62683105469
0.892729997635		2.5405664444
0.895238161087		2.61668205261
0.897732973099		2.54564094543
0.900229930878		2.61668205261
0.902737140656		2.55578994751
0.905234098434		2.61668205261
0.907732009888		2.56086444855
0.910233020782		2.61160755157
0.912733078003		2.55578994751
0.915235042572		2.60653305054
0.917732000351		2.56086444855
0.920233011246		2.61160755157
0.922734022141		2.56593894958
0.925239086151		2.60653305054
0.92773604393		2.56593894958
0.930236101151		2.59638500214
0.932734012604		2.56593894958
0.935235977173		2.59638500214
0.937736034393		2.56593894958
0.940235137939		2.59638500214
0.942737102509		2.57608699799
0.945239067078		2.5913105011
0.947736978531		2.57101249695
0.950236082077		2.58623600006
0.952738046646		2.57101249695
0.955238103867		2.58623600006
0.957740068436		2.58116149902
0.960237026215		2.5913105011
0.962738990784		2.58116149902
0.965239048004		2.58116149902
0.96774315834		2.57608699799
0.970240116119		2.58116149902
0.972738981247		2.58623600006
0.975243091583		2.58116149902
0.977740049362		2.58623600006
0.980244159698		2.57608699799
0.982742071152		2.58623600006
0.985243082047		2.57101249695
0.9877409935		2.5913105011
0.99024105072		2.57101249695
0.992741107941		2.60145950317
0.995244026184		2.57101249695
0.997741937637		2.60145950317
1.00024199486		2.56086444855
1.00274300575		2.59638500214
1.00524497032		2.56086444855
1.00774502754		2.60653305054
1.01024603844		2.56593894958
1.01274394989		2.60653305054
1.01525497437		2.56086444855
1.01774406433		2.60653305054
1.02024507523		2.55578994751
1.02274513245		2.60653305054
1.02524709702		2.55071544647
1.02774596214		2.61668205261
1.03024697304		2.55578994751
1.03274703026		2.61668205261
1.0352499485		2.54564094543
1.03774809837		2.61160755157
1.04024815559		2.5405664444
1.0427479744		2.61668205261
1.04524993896		2.54564094543
1.0477540493		2.62683105469
1.05025005341		2.54564094543
1.0527510643		2.62175655365
1.0552520752		2.53549194336
1.05775499344		2.62175655365
1.06025099754		2.53549194336
1.06275105476		2.63190555573
1.06525301933		2.5405664444
1.06775212288		2.63698005676
1.07025098801		2.53041744232
1.07275295258		2.63190555573
1.07526016235		2.53041744232
1.07775807381		2.63698005676
1.08025407791		2.53041744232
1.08275508881		2.6420545578
1.0852560997		2.53041744232
1.08775496483		2.6420545578
1.09025406837		2.52026939392
1.09275603294		2.63698005676
1.09525299072		2.52026939392
1.0977499485		2.64712810516
1.10024809837		2.52534389496
1.1027469635		2.6522026062
1.10526895523		2.52026939392
1.10776114464		2.64712810516
1.11025905609		2.51519489288
1.11275911331		2.6522026062
1.11526203156		2.51519489288
1.11775898933		2.65727710724
1.12026000023		2.51519489288
1.12275910378		2.64712810516
1.12526798248		2.51012039185
1.12776613235		2.6522026062
1.13025808334		2.51012039185
1.13275909424		2.65727710724
1.13526797295		2.51519489288
1.13776111603		2.65727710724
1.14025902748		2.51012039185
1.14276003838		2.65727710724
1.14526605606		2.50504589081
1.14776206017		2.65727710724
1.15026307106		2.51012039185
1.15276813507		2.66742610931
1.15526604652		2.51012039185
1.15777015686		2.66235160828
1.16026306152		2.49997138977
1.16276192665		2.66235160828
1.16526699066		2.49997138977
1.16776514053		2.66742610931
1.17026209831		2.50504589081
1.17276716232		2.66742610931
1.1752679348		2.49997138977
1.17776703835		2.66742610931
1.18026709557		2.49489688873
1.18276715279		2.66742610931
1.18526911736		2.50504589081
1.18776607513		2.67250061035
1.19026708603		2.50504589081
1.19276714325		2.66742610931
1.19527602196		2.49997138977
1.19776892662		2.66742610931
1.20026898384		2.49997138977
1.20276808739		2.66742610931
1.20527410507		2.49997138977
1.20777201653		2.67250061035
1.2102689743		2.49997138977
1.21277403831		2.66742610931
1.21527004242		2.49489688873
1.21777105331		2.66742610931
1.22027111053		2.49997138977
1.22276997566		2.67250061035
1.22531104088		2.50504589081
1.22790002823		2.66742610931
1.23040008545		2.49997138977
1.23291110992		2.66742610931
1.23540210724		2.49489688873
1.23789715767		2.66742610931
1.24039912224		2.49997138977
1.24289894104		2.67757511139
1.24539995193		2.49489688873
1.24789905548		2.66742610931
1.25040006638		2.49489688873
1.2528989315		2.66742610931
1.2553999424		2.49997138977
1.25789999962		2.67250061035
1.26039910316		2.50504589081
1.26290202141		2.66742610931
1.2654030323		2.49997138977
1.26790213585		2.66742610931
1.27040100098		2.49489688873
1.2729010582		2.66742610931
1.27540206909		2.50504589081
1.27790212631		2.67250061035
1.28040313721		2.50504589081
1.2829041481		2.66235160828
1.28540205956		2.49489688873
1.28790712357		2.66235160828
1.29041314125		2.49997138977
1.29290509224		2.66742610931
1.29540395737		2.51012039185
1.29790401459		2.66742610931
1.30040597916		2.49997138977
1.3029050827		2.65727710724
1.30540513992		2.49997138977
1.30790805817		2.66235160828
1.31040596962		2.51012039185
1.31290698051		2.66742610931
1.31540703773		2.51012039185
1.31793498993		2.66235160828
1.32040905952		2.50504589081
1.32290911674		2.6522026062
1.32541513443		2.50504589081
1.32790899277		2.66235160828
1.33040809631		2.51012039185
1.33291006088		2.66235160828
1.33540892601		2.51519489288
1.33790802956		2.6522026062
1.3404109478		2.51012039185
1.34291005135		2.6522026062
1.34541106224		2.51519489288
1.34791111946		2.65727710724
1.35040998459		2.51519489288
1.35291194916		2.65727710724
1.35541415215		2.51012039185
1.35791015625		2.64712810516
1.36041402817		2.51519489288
1.36291408539		2.6522026062
1.36541199684		2.52534389496
1.36792016029		2.6522026062
1.37041711807		2.52534389496
1.37291407585		2.6420545578
1.37541508675		2.52026939392
1.37791395187		2.6420545578
1.38041496277		2.52534389496
1.38291597366		2.6420545578
1.38541507721		2.53041744232
1.38791704178		2.6420545578
1.39041614532		2.52534389496
1.39292001724		2.63190555573
1.39541602135		2.53041744232
1.39791893959		2.63698005676
1.40041899681		2.53549194336
1.40292096138		2.63698005676
1.40542411804		2.53041744232
1.40792012215		2.62683105469
1.4104180336		2.53041744232
1.41291999817		2.62683105469
1.41542196274		2.5405664444
1.41792011261		2.62683105469
1.42041897774		2.54564094543
1.42291998863		2.61668205261
1.42542815208		2.5405664444
1.42792010307		2.61668205261
1.43042111397		2.54564094543
1.43292403221		2.61668205261
1.43542408943		2.55071544647
1.43792200089		2.61668205261
1.44042301178		2.55071544647
1.44292402267		2.60653305054
1.44543004036		2.55071544647
1.44792413712		2.60653305054
1.45042395592		2.55578994751
1.45292496681		2.61160755157
1.45542502403		2.56086444855
1.45792508125		2.60653305054
1.46042513847		2.56086444855
1.46292614937		2.59638500214
1.46542811394		2.56086444855
1.46792697906		2.59638500214
1.47042512894		2.57101249695
1.47292709351		2.60653305054
1.47542715073		2.57101249695
1.47792696953		2.5913105011
1.4804289341		2.56593894958
1.48292613029		2.58623600006
1.48543000221		2.57101249695
1.48792815208		2.5913105011
1.49043107033		2.58116149902
1.49293208122		2.58623600006
1.49543213844		2.57608699799
1.49793410301		2.58116149902
1.50043201447		2.57608699799
1.50293111801		2.58116149902
1.50543308258		2.58623600006
1.50793099403		2.58116149902
1.51043200493		2.5913105011
1.51293301582		2.57608699799
1.51543211937		2.58116149902
1.51793599129		2.56593894958
1.52043509483		2.5913105011
1.52293801308		2.57101249695
1.52544212341		2.59638500214
1.5279340744		2.57101249695
1.53043794632		2.59638500214
1.53293514252		2.56593894958
1.53543305397		2.5913105011
1.53793597221		2.56086444855
1.54043602943		2.60145950317
1.54293608665		2.56593894958
1.54543495178		2.60653305054
1.54793596268		2.55578994751
1.55043697357		2.60145950317
1.55293893814		2.55578994751
1.55543708801		2.60653305054
1.55793809891		2.55071544647
1.56044006348		2.61160755157
1.56293797493		2.55578994751
1.56543707848		2.61160755157
1.5679371357		2.55071544647
1.57044100761		2.61160755157
1.57294011116		2.54564094543
1.57543897629		2.61668205261
1.57793998718		2.54564094543
1.58043909073		2.62683105469
1.58293795586		2.5405664444
1.58544111252		2.62175655365
1.58794093132		2.53549194336
1.59044194221		2.62175655365
1.59294104576		2.5405664444
1.59544205666		2.63190555573
1.59794402122		2.5405664444
1.60044693947		2.62683105469
1.6029419899		2.53041744232
1.60544395447		2.62683105469
1.60794401169		2.53041744232
1.61044597626		2.63190555573
1.61294698715		2.53549194336
1.61545014381		2.63698005676
1.61794614792		2.52534389496
1.62044405937		2.63190555573
1.62294793129		2.52026939392
1.62544703484		2.63190555573
1.62794709206		2.52026939392
1.63044810295		2.64712810516
1.63294816017		2.52534389496
1.63544893265		2.6420545578
1.63794708252		2.52026939392
1.64044713974		2.6420545578
1.64295196533		2.51519489288
1.64544796944		2.6522026062
1.64794993401		2.52534389496
1.65044903755		2.6522026062
1.65294909477		2.51519489288
1.65545010567		2.64712810516
1.65795016289		2.51012039185
1.66045308113		2.6522026062
1.66295099258		2.51519489288
1.66545295715		2.65727710724
1.66795110703		2.51519489288
1.67045593262		2.65727710724
1.67295598984		2.51012039185
1.67545509338		2.6522026062
1.67797207832		2.51012039185
1.68045306206		2.66235160828
1.6829559803		2.51012039185
1.68546199799		2.66235160828
1.68795704842		2.50504589081
1.69045495987		2.65727710724
1.69295406342		2.49997138977
1.69545698166		2.65727710724
1.69795799255		2.50504589081
1.70046806335		2.66235160828
1.70295906067		2.51012039185
1.70545911789		2.66742610931
1.70795702934		2.49997138977
1.71045613289		2.65727710724
1.71295595169		2.49997138977
1.71546316147		2.66742610931
1.71795701981		2.50504589081
1.7204580307		2.67250061035
1.7229590416		2.49997138977
1.72546195984		2.66742610931
1.72796201706		2.49997138977
1.73045897484		2.66235160828
1.7329621315		2.49997138977
1.7354631424		2.66742610931
1.73796105385		2.50504589081
1.74046206474		2.66742610931
1.74296092987		2.49489688873
1.74546098709		2.66742610931
1.74796009064		2.49489688873
1.75046205521		2.66742610931
1.75296401978		2.49997138977
1.75546813011		2.67250061035
1.75796198845		2.50504589081
1.76046395302		2.67250061035
1.76296210289		2.49489688873
1.76546406746		2.66235160828
1.7679669857		2.49489688873
1.77046513557		2.66742610931
1.77296495438		2.50504589081
1.77546596527		2.67250061035
1.77796506882		2.49997138977
1.78046798706		2.66742610931
1.78296494484		2.49489688873
1.78546714783		2.66742610931
1.78796696663		2.49997138977
1.79046702385		2.67250061035
1.79296708107		2.50504589081
1.79546713829		2.66742610931
1.79796695709		2.49997138977
1.80046916008		2.66235160828
1.80296897888		2.49997138977
1.8054690361		2.66742610931
1.80796813965		2.50504589081
1.81047105789		2.66742610931
1.81297111511		2.50504589081
1.81547808647		2.66235160828
1.81797099113		2.50504589081
1.8204729557		2.66235160828
1.82297110558		2.50504589081
1.8254711628		2.66235160828
1.8279709816		2.51012039185
1.83047103882		2.66235160828
1.8329770565		2.50504589081
1.83547711372		2.6522026062
1.83797311783		2.51012039185
1.84047412872		2.65727710724
1.84297299385		2.52026939392
1.84547400475		2.66235160828
1.84797501564		2.51012039185
1.85047602654		2.65727710724
1.85297513008		2.51012039185
1.85547614098		2.6522026062
1.85797715187		2.51519489288
1.86047697067		2.65727710724
1.86297702789		2.52026939392
1.86547899246		2.6522026062
1.86797714233		2.52026939392
1.87047815323		2.6420545578
1.87297797203		2.51519489288
1.87548112869		2.64712810516
1.87797904015		2.52534389496
1.88048005104		2.6522026062
1.88297700882		2.53041744232
1.8854830265		2.6420545578
1.88797712326		2.52026939392
1.89047908783		2.63698005676
1.89298009872		2.52026939392
1.89548993111		2.6420545578
1.89798092842		2.53549194336
1.90048313141		2.6420545578
1.90298008919		2.53041744232
1.90548300743		2.63698005676
1.90798211098		2.53041744232
1.91050004959		2.63190555573
1.91298508644		2.53549194336
1.91548204422		2.63698005676
1.91798305511		2.5405664444
1.92048311234		2.62683105469
1.92298197746		2.53549194336
1.92548704147		2.62175655365
1.92798399925		2.53549194336
1.93048810959		2.62683105469
1.93298506737		2.54564094543
1.93549203873		2.62683105469
1.93798494339		2.54564094543
1.94048595428		2.61668205261
1.94298696518		2.54564094543
1.94549012184		2.61668205261
1.94798707962		2.55071544647
1.95048713684		2.61668205261
1.95298600197		2.55578994751
1.95548701286		2.61160755157
1.95798802376		2.55071544647
1.9604871273		2.60653305054
1.9629881382		2.55578994751
1.96548914909		2.61160755157
1.96798706055		2.56593894958
1.97048902512		2.60653305054
1.97298908234		2.56086444855
1.97549295425		2.59638500214
1.97799110413		2.56086444855
1.98048901558		2.59638500214
1.98299002647		2.56593894958
1.98549294472		2.60145950317
1.98799514771		2.57101249695
1.99049305916		2.5913105011
1.99299407005		2.56593894958
1.99549794197		2.5913105011
1.99799394608		2.57101249695
2.00049304962		2.5913105011
2.00299406052		2.57608699799
2.00549507141		2.58623600006
2.00799608231		2.58116149902
2.01049494743		2.58116149902
2.01299500465		2.57608699799
2.01549601555		2.58116149902
2.01799607277		2.58116149902
2.02049708366		2.57608699799
2.02299809456		2.5913105011
2.02549910545		2.58116149902
2.02799606323		2.58623600006
2.03049898148		2.57101249695
2.03299808502		2.58623600006
2.03549909592		2.57101249695
2.03799796104		2.59638500214
2.04049706459		2.57101249695
2.04299902916		2.59638500214
2.04549908638		2.56086444855
2.0479991436		2.5913105011
2.0504989624		2.55578994751
2.0529999733		2.60145950317
2.05550193787		2.56086444855
2.05800008774		2.60653305054
2.06050205231		2.56086444855
2.06299901009		2.60653305054
2.06550812721		2.55578994751
2.06800198555		2.60145950317
2.0705010891		2.55578994751
2.07300114632		2.61160755157
2.07550406456		2.55578994751
2.07800197601		2.62175655365
2.08050298691		2.54564094543
2.0830039978		2.60653305054
2.08550405502		2.5405664444
2.08800315857		2.61668205261
2.09050393105		2.54564094543
2.09300494194		2.62175655365
2.09550905228		2.54564094543
2.09800601006		2.62175655365
2.10050606728		2.5405664444
2.10300707817		2.61668205261
2.1055059433		2.53549194336
2.10800695419		2.62683105469
2.11051011086		2.53549194336
2.11300802231		2.62683105469
2.1155090332		2.53549194336
2.11800909042		2.62683105469
2.12051010132		2.52534389496
2.12300896645		2.63190555573
2.12551093102		2.53041744232
2.12801194191		2.6420545578
2.13051009178		2.53041744232
2.133010149		2.63190555573
2.13551402092		2.52026939392
2.1380109787		2.63698005676
2.14051294327		2.52026939392
2.1430170536		2.6420545578
2.14551401138		2.52534389496
2.14801502228		2.64712810516
2.15051198006		2.52026939392
2.15301895142		2.63698005676
2.15551614761		2.51519489288
2.15801215172		2.6420545578
2.16051506996		2.51519489288
2.16301393509		2.6522026062
2.16551613808		2.52026939392
2.16801595688		2.6522026062
2.17051506042		2.51012039185
2.17301702499		2.64712810516
2.17551803589		2.51012039185
2.17801594734		2.65727710724
2.18051695824		2.51519489288
2.18301916122		2.65727710724
2.1855199337		2.51012039185
2.18803596497		2.6522026062
2.1905169487		2.50504589081
2.19301795959		2.6522026062
2.19565200806		2.52026939392
2.19814515114		2.65727710724
2.20064711571		2.51519489288
2.20314192772		2.6522026062
2.20564603806		2.51012039185
2.20814394951		2.6522026062
2.21064805984		2.51012039185
2.21314716339		2.65727710724
2.21564793587		2.51012039185
2.21814894676		2.66235160828
2.2206530571		2.51012039185
2.22314500809		2.6522026062
2.22564792633		2.50504589081
2.22814702988		2.65727710724
2.23064994812		2.51012039185
2.23314809799		2.66235160828
2.23565196991		2.51012039185
2.23814797401		2.66235160828
2.24064898491		2.50504589081
2.24314904213		2.65727710724
2.24565196037		2.50504589081
2.24814915657		2.66742610931
2.25065112114		2.50504589081
2.25315213203		2.66742610931
2.25565195084		2.50504589081
2.25815105438		2.66235160828
2.2606511116		2.49997138977
2.2631521225		2.66235160828
2.26565408707		2.49997138977
2.26815199852		2.67250061035
2.27065205574		2.50504589081
2.27315402031		2.66742610931
2.27565407753		2.49997138977
2.27815413475		2.66742610931
2.28065395355		2.49489688873
2.28315401077		2.66742610931
2.28565502167		2.50504589081
2.28815412521		2.67250061035
2.29065608978		2.49997138977
2.29315710068		2.66742610931
2.29578495026		2.49489688873
2.29829001427		2.66742610931
2.30078101158		2.49997138977
2.30329108238		2.67250061035
2.3057820797		2.50504589081
2.30828404427		2.67250061035
2.31078195572		2.49997138977
2.31329011917		2.66742610931
2.31578302383		2.49997138977
2.31828308105		2.66742610931
2.3207859993		2.49997138977
2.32328510284		2.67250061035
2.32578611374		2.50504589081
2.32828712463		2.66742610931
2.33078598976		2.49997138977
2.33329105377		2.66235160828
2.33578705788		2.49997138977
2.33828616142		2.66742610931
2.34078598022		2.50504589081
2.34328913689		2.67250061035
2.34578609467		2.50504589081
2.34828710556		2.66235160828
2.35078907013		2.49997138977
2.35329508781		2.66235160828
2.35578894615		2.50504589081
2.35828900337		2.67250061035
2.36079311371		2.50504589081
2.36329913139		2.66742610931
2.36579012871		2.49997138977
2.3682911396		2.66742610931
2.3707909584		2.50504589081
2.37329697609		2.66742610931
2.37579798698		2.51012039185
2.37829399109		2.66742610931
2.38079214096		2.51012039185
2.38329815865		2.66235160828
2.38579106331		2.50504589081
2.38829302788		2.66235160828
2.39079213142		2.51012039185
2.39330005646		2.66235160828
2.39579415321		2.51519489288
2.39829397202		2.65727710724
2.40079808235		2.50504589081
2.40330195427		2.65727710724
2.40579414368		2.51012039185
2.40829706192		2.65727710724
2.41079592705		2.52026939392
2.41330194473		2.65727710724
2.41579508781		2.52026939392
2.41829705238		2.64712810516
2.42079615593		2.51519489288
2.4232981205		2.64712810516
2.42579698563		2.52026939392
2.42829704285		2.6522026062
2.4307949543		2.52534389496
2.43330597878		2.64712810516
2.43579792976		2.52026939392
2.43829703331		2.63698005676
2.44080209732		2.51519489288
2.44330000877		2.6420545578
2.44579911232		2.53041744232
2.44830012321		2.64712810516
2.45079898834		2.52534389496
2.45331406593		2.63698005676
2.45580196381		2.52534389496
2.45829916		2.63190555573
2.46079993248		2.53041744232
2.46331000328		2.64712810516
2.46580195427		2.53549194336
2.46830201149		2.63698005676
2.47080111504		2.53549194336
2.47330999374		2.63190555573
2.47580194473		2.53041744232
2.47832393646		2.63190555573
2.48080801964		2.5405664444
2.48330998421		2.63190555573
2.48580598831		2.5405664444
2.48830604553		2.62175655365
2.49080705643		2.53549194336
2.49331307411		2.62175655365
2.49580597878		2.54564094543
2.49830698967		2.62175655365
2.50081205368		2.55071544647
2.50331711769		2.62175655365
2.5058119297		2.54564094543
2.50830793381		2.61160755157
2.51080703735		2.55071544647
2.51336312294		2.62175655365
2.51593613625		2.54564094543
2.5184340477		2.62683105469
2.52093410492		2.54564094543
2.52343511581		2.61668205261
2.52593708038		2.5405664444
2.52843499184		2.61668205261
2.53094506264		2.54564094543
2.53344392776		2.61668205261
2.5359389782		2.55578994751
2.53843593597		2.61160755157
2.54093599319		2.55578994751
2.54344511032		2.60653305054
2.54594111443		2.55071544647
2.54843902588		2.60653305054
2.5509390831		2.56086444855
2.55344510078		2.61160755157
2.55593705177		2.56086444855
2.55843901634		2.60145950317
2.56093811989		2.56086444855
2.56344795227		2.59638500214
2.56593894958		2.56593894958
2.56843900681		2.60145950317
2.57093906403		2.57101249695
2.57344698906		2.59638500214
2.57594013214		2.57101249695
2.57843995094		2.5913105011
2.58094215393		2.56593894958
2.58344101906		2.5913105011
2.5859439373		2.57608699799
2.58844208717		2.5913105011
2.59094405174		2.57608699799
2.5934510231		2.58623600006
2.59594202042		2.57608699799
2.59844613075		2.58116149902
2.60094499588		2.57608699799
2.60345196724		2.58116149902
2.60594415665		2.58623600006
2.60845112801		2.58116149902
2.61094594002		2.58623600006
2.6134531498		2.57608699799
2.6159491539		2.58623600006
2.61844801903		2.57101249695
2.62094497681		2.5913105011
2.62345600128		2.57101249695
2.6259469986		2.59638500214
2.62844705582		2.57101249695
2.63094806671		2.5913105011
2.6334540844		2.56086444855
2.63594913483		2.59638500214
2.63844799995		2.56086444855
2.64094996452		2.60145950317
2.64345812798		2.56086444855
2.6459479332		2.60145950317
2.64845108986		2.56086444855
2.65095114708		2.60145950317
2.65345692635		2.55578994751
2.65595197678		2.60653305054
2.65845298767		2.55578994751
2.66094994545		2.61668205261
2.66345500946		2.55578994751
2.66595411301		2.61160755157
2.66845297813		2.54564094543
2.67095398903		2.61160755157
2.67346215248		2.54564094543
2.67595696449		2.61668205261
2.67845416069		2.54564094543
2.68095612526		2.62175655365
2.68346214294		2.5405664444
2.6859600544		2.61668205261
2.68845510483		2.53549194336
2.69095611572		2.62175655365
2.69345593452		2.5405664444
2.69596099854		2.63190555573
2.69845700264		2.53549194336
2.70095610619		2.62683105469
2.70346713066		2.53041744232
2.70595908165		2.62683105469
2.70845913887		2.53041744232
2.71096014977		2.63698005676
2.71346592903		2.53549194336
2.71596002579		2.63698005676
2.71845698357		2.52534389496
2.72095799446		2.63190555573
2.72346115112		2.52026939392
2.72596096992		2.63698005676
2.72846007347		2.52534389496
2.73096108437		2.64712810516
2.73347115517		2.52534389496
2.73596215248		2.6420545578
2.73846101761		2.51519489288
2.74096298218		2.63698005676
2.7434630394		2.52026939392
2.74596309662		2.6522026062
2.74846410751		2.52026939392
2.75096511841		2.6522026062
2.75347208977		2.51519489288
2.75596404076		2.64712810516
2.7584631443		2.51012039185
2.76096606255		2.6522026062
2.76347708702		2.51519489288
2.76596593857		2.65727710724
2.76846504211		2.51519489288
2.77096509933		2.6522026062
2.77347302437		2.50504589081
2.77596998215		2.6522026062
2.77846598625		2.50504589081
2.78096795082		2.65727710724
2.78347301483		2.51519489288
2.78596806526		2.66235160828
2.78847002983		2.51012039185
2.79096698761		2.65727710724
2.79347515106		2.50504589081
2.79597115517		2.65727710724
2.79847002029		2.50504589081
2.80097293854		2.66742610931
2.80349302292		2.51012039185
2.80597114563		2.66235160828
2.80847215652		2.49997138977
2.81097006798		2.66235160828
2.81347894669		2.49997138977
2.81597208977		2.66742610931
2.81847214699		2.50504589081
2.82097196579		2.66742610931
2.82347297668		2.50504589081
2.82597613335		2.66235160828
2.8284740448		2.49997138977
2.83098101616		2.66742610931
2.83347892761		2.49997138977
2.83598208427		2.67250061035
2.83847403526		2.49997138977
2.84098005295		2.66742610931
2.8434741497		2.49997138977
2.84597802162		2.66235160828
2.84847593307		2.49997138977
2.85097694397		2.66742610931
2.85347414017		2.50504589081
2.85598111153		2.67250061035
2.85847616196		2.50504589081
2.8609790802		2.66235160828
2.86347794533		2.49489688873
2.86597800255		2.66235160828
2.86847901344		2.49997138977
2.87097907066		2.66742610931
2.87348794937		2.49997138977
2.87597703934		2.66742610931
2.87847995758		2.49997138977
2.88097906113		2.66235160828
2.88348412514		2.49489688873
2.88598012924		2.66742610931
2.88847899437		2.51012039185
2.89098000526		2.67250061035
2.89348101616		2.50504589081
2.89598798752		2.66235160828
2.89848709106		2.49489688873
2.90098905563		2.66235160828
2.9034819603		2.49997138977
2.90598511696		2.66742610931
2.90848112106		2.50504589081
2.91098308563		2.66742610931
2.91348409653		2.50504589081
2.9159860611		2.65727710724
2.91849112511		2.50504589081
2.92098593712		2.65727710724
2.92348909378		2.51012039185
2.925989151		2.66235160828
2.92849111557		2.51012039185
2.93099093437		2.66235160828
2.93349099159		2.50504589081
2.93599009514		2.6522026062
2.93848705292		2.51012039185
2.94098711014		2.65727710724
2.94348692894		2.51519489288
2.94599103928		2.66235160828
2.94848704338		2.51519489288
2.95099210739		2.6522026062
2.95349001884		2.51012039185
2.9559879303		2.6522026062
2.95849108696		2.52026939392
2.96098613739		2.6522026062
2.96349906921		2.52026939392
2.9659910202		2.64712810516
2.96849012375		2.51519489288
2.97098994255		2.6420545578
2.973498106		2.52026939392
2.97599101067		2.64712810516
2.97849297523		2.52534389496
2.98099112511		2.64712810516
2.98349308968		2.52534389496
2.98599410057		2.63698005676
2.98849010468		2.52026939392
2.99099493027		2.63698005676
2.99350309372		2.53041744232
2.99600315094		2.6420545578
2.99849510193		2.53549194336
3.00099396706		2.63190555573
3.00350308418		2.52534389496
3.00599503517		2.62683105469
3.00849413872		2.53041744232
3.01099610329		2.63190555573
3.01350307465		2.5405664444
3.01600193977		2.63698005676
3.01849603653		2.53549194336
3.02099609375		2.62175655365
3.02350711823		2.53549194336
3.02599811554		2.62175655365
3.02849912643		2.5405664444
3.03099799156		2.62683105469
3.03350496292		2.54564094543
3.03600001335		2.62175655365
3.03849816322		2.54564094543
3.04100108147		2.61160755157
3.04350805283		2.54564094543
3.04600000381		2.61668205261
3.04850101471		2.55071544647
3.0510020256		2.61668205261
3.05350804329		2.55578994751
3.05600094795		2.60653305054
3.05850505829		2.55071544647
3.06100606918		2.60653305054
3.06350302696		2.56086444855
3.06600308418		2.60653305054
3.0685031414		2.56086444855
3.07100510597		2.60145950317
3.07351398468		2.56086444855
3.07600498199		2.59638500214
3.07850503922		2.56593894958
3.08100700378		2.59638500214
3.08351397514		2.56593894958
3.08600497246		2.59638500214
3.08850502968		2.56593894958
3.0910050869		2.58623600006
3.09351205826		2.57101249695
3.0960021019		2.58623600006
3.098498106		2.57101249695
3.10099697113		2.5913105011
3.10349798203		2.58116149902
3.10600209236		2.58116149902
3.10850095749		2.57608699799
3.11100101471		2.57608699799
3.11350393295		2.58116149902
3.11601114273		2.57608699799
3.11850810051		2.58623600006
3.1210091114		2.58116149902
3.12351107597		2.58623600006
3.1260099411		2.57608699799
3.12850999832		2.58623600006
3.13101005554		2.56593894958
3.13351798058		2.5913105011
3.13600897789		2.57101249695
3.13850808144		2.59638500214
3.14101099968		2.57101249695
3.14351010323		2.59638500214
3.1460249424		2.56593894958
3.14851498604		2.5913105011
3.1510181427		2.56086444855
3.15352606773		2.60145950317
3.15601396561		2.56593894958
3.15851211548		2.60653305054
3.16101503372		2.55578994751
3.16351699829		2.60145950317
3.16601514816		2.55071544647
3.16851615906		2.60653305054
3.17103004456		2.55578994751
3.17352414131		2.61160755157
3.17602014542		2.55578994751
3.1785171032		2.61668205261
3.18101716042		2.54564094543
3.18352413177		2.61160755157
3.18601799011		2.54564094543
3.18851613998		2.61668205261
3.19101810455		2.55071544647
3.1935210228		2.61668205261
3.19602012634		2.5405664444
3.19851994514		2.61668205261
3.20102000237		2.53549194336
3.20352911949		2.62175655365
3.20602011681		2.53549194336
3.20852208138		2.63190555573
3.2110209465		2.53549194336
3.21352910995		2.62683105469
3.21602201462		2.53041744232
3.21852207184		2.62683105469
3.22102212906		2.53041744232
3.22352313995		2.63698005676
3.22602295876		2.53549194336
3.22852802277		2.63698005676
3.23102211952		2.53041744232
3.23353099823		2.63190555573
3.23602199554		2.52534389496
3.23852396011		2.63190555573
3.2410261631		2.52534389496
3.24353003502		2.64712810516
3.24602603912		2.53041744232
3.24852705002		2.64712810516
3.25102615356		2.52026939392
3.25353312492		2.6420545578
3.25602793694		2.51519489288
3.25852608681		2.64712810516
3.2610270977		2.52026939392
3.26353406906		2.6522026062
3.2660279274		2.52026939392
3.26852607727		2.64712810516
3.27102899551		2.51012039185
3.27353715897		2.64712810516
3.27602815628		2.51519489288
3.27852797508		2.66235160828
3.28102993965		2.51519489288
3.28353714943		2.65727710724
3.28603100777		2.51012039185
3.28853011131		2.6522026062
3.29102993011		2.50504589081
3.29353904724		2.65727710724
3.2960319519		2.51519489288
3.2985329628		2.66742610931
3.30103302002		2.51012039185
3.30353403091		2.65727710724
3.30603694916		2.49997138977
3.30853295326		2.65727710724
3.31103610992		2.51012039185
3.31354308128		2.66742610931
3.31603312492		2.51012039185
3.31853699684		2.66742610931
3.32103395462		2.50504589081
3.32353496552		2.65727710724
3.32603907585		2.49997138977
3.3285369873		2.66235160828
3.3310379982		2.51012039185
3.33354616165		2.66742610931
3.33603811264		2.50504589081
3.33853697777		2.66235160828
3.34103703499		2.49997138977
3.34354496002		2.66235160828
3.3460381031		2.49997138977
3.34853696823		2.66742610931
3.35103702545		2.50504589081
3.35354804993		2.67250061035
3.35603809357		2.49997138977
3.35853815079		2.66235160828
3.36103916168		2.49489688873
3.36354708672		2.66742610931
3.36603999138		2.49997138977
3.3685400486		2.66742610931
3.37103915215		2.50504589081
3.3735461235		2.66235160828
3.37604212761		2.49489688873
3.37854099274		2.66235160828
3.38104200363		2.49997138977
3.38354897499		2.66742610931
3.38604402542		2.50504589081
3.38854193687		2.66742610931
3.39104294777		2.50504589081
3.39354896545		2.66235160828
3.39604306221		2.49997138977
3.39854097366		2.66742610931
3.40104293823		2.50504589081
3.40355205536		2.67250061035
3.40604400635		2.51012039185
3.40854406357		2.66235160828
3.41104602814		2.49997138977
3.41355204582		2.66235160828
3.41604804993		2.50504589081
3.41854715347		2.66742610931
3.42104506493		2.51012039185
3.42355513573		2.66742610931
3.42604708672		2.50504589081
3.42854905128		2.66235160828
3.43104815483		2.50504589081
3.43355512619		2.65727710724
3.43604898453		2.51519489288
3.4385471344		2.66235160828
3.44105005264		2.51519489288
3.44354915619		2.65727710724
3.44604992867		2.51012039185
3.44855213165		2.6522026062
3.45105004311		2.51012039185
3.45355701447		2.65727710724
3.4560520649		2.52026939392
3.45854997635		2.65727710724
3.46105694771		2.51519489288
3.46355509758		2.6522026062
3.46605396271		2.51012039185
3.46855306625		2.64712810516
3.47105312347		2.52026939392
3.47356104851		2.6522026062
3.47605395317		2.52026939392
3.47855210304		2.6522026062
3.48105406761		2.52026939392
3.4835600853		2.6420545578
3.48605394363		2.52026939392
3.48855495453		2.64712810516
3.49105715752		2.52534389496
3.49356198311		2.64712810516
3.49605894089		2.52534389496
3.49855494499		2.63698005676
3.50105714798		2.52026939392
3.50356507301		2.63698005676
3.50605607033		2.53041744232
3.5085580349		2.6420545578
3.51105594635		2.53549194336
3.51356506348		2.63698005676
3.51606106758		2.53549194336
3.51855897903		2.63190555573
3.52105998993		2.53041744232
3.52356004715		2.63190555573
3.52606105804		2.53549194336
3.52856111526		2.63190555573
3.53105902672		2.54564094543
3.53356909752		2.62683105469
3.53606104851		2.5405664444
3.53856611252		2.62175655365
3.5410630703		2.5405664444
3.54356193542		2.62175655365
3.54606509209		2.55071544647
3.54856395721		2.62683105469
3.55106210709		2.54564094543
3.55357503891		2.61668205261
3.55606198311		2.5405664444
3.55856513977		2.61160755157
3.56106615067		2.55578994751
3.56357002258		2.62175655365
3.56606507301		2.55578994751
3.56856393814		2.60653305054
3.57106494904		2.55578994751
3.57357501984		2.60653305054
3.57607197762		2.55578994751
3.57856607437		2.60653305054
3.58106994629		2.56593894958
3.58359694481		2.61160755157
3.58607006073		2.56086444855
3.58856797218		2.59638500214
3.5910680294		2.56086444855
3.59357595444		2.59638500214
3.59606909752		2.57101249695
3.59856796265		2.59638500214
3.60107111931		2.57101249695
3.6035759449		2.5913105011
3.60607194901		2.57101249695
3.60857009888		2.58623600006
3.61107110977		2.57101249695
3.61357808113		2.5913105011
3.61607599258		2.57608699799
3.61857414246		2.58623600006
3.62107205391		2.57608699799
3.62357211113		2.58116149902
3.62607502937		2.58116149902
3.62857294083		2.58116149902
3.63107299805		2.58623600006
3.6335811615		2.57608699799
3.63607501984		2.5913105011
3.63857293129		2.57101249695
3.64107608795		2.58623600006
3.64358210564		2.56593894958
3.64607596397		2.5913105011
3.64857316017		2.57101249695
3.65107703209		2.59638500214
3.6535820961		2.57101249695
3.6560781002		2.59638500214
3.65857505798		2.56086444855
3.6610751152		2.59638500214
3.66358304024		2.56086444855
3.66607713699		2.60145950317
3.6685769558		2.56593894958
3.67107915878		2.60653305054
3.67358708382		2.56086444855
3.67607903481		2.60145950317
3.67858099937		2.55071544647
3.68108105659		2.60653305054
3.68358898163		2.55578994751
3.68608093262		2.61668205261
3.68858003616		2.55578994751
3.69108200073		2.61668205261
3.69358801842		2.55071544647
3.6960811615		2.61160755157
3.69858312607		2.5405664444
3.70108008385		2.61668205261
3.70358300209		2.5405664444
3.70608401299		2.62175655365
3.70858216286		2.54564094543
3.7110850811		2.62175655365
3.71359109879		2.5405664444
3.71608495712		2.62175655365
3.71858310699		2.53549194336
3.7210829258		2.62683105469
3.72358512878		2.5405664444
3.72608709335		2.63190555573
3.72858595848		2.53041744232
3.73108696938		2.62683105469
3.73359394073		2.53041744232
3.73608994484		2.63190555573
3.73858714104		2.53041744232
3.74108600616		2.63698005676
3.74359512329		2.53041744232
3.74608707428		2.6420545578
3.7485871315		2.52534389496
3.7510881424		2.63698005676
3.7535970211		2.52026939392
3.75608992577		2.6420545578
3.75858902931		2.52534389496
3.76108908653		2.64712810516
3.76359605789		2.52026939392
3.76608800888		2.6420545578
3.76859092712		2.52026939392
3.7710981369		2.64712810516
3.77359294891		2.52026939392
3.77609205246		2.6522026062
3.77859210968		2.52026939392
3.78109097481		2.6522026062
3.78359007835		2.51519489288
3.78609514236		2.64712810516
3.78859210014		2.51012039185
3.79109311104		2.6522026062
3.79359292984		2.52026939392
3.79609298706		2.65727710724
3.79859614372		2.51012039185
3.80109810829		2.6522026062
3.80360412598		2.50504589081
3.80609512329		2.65727710724
3.80859804153		2.51012039185
3.81109595299		2.66235160828
3.81360197067		2.51012039185
3.81610107422		2.65727710724
3.81859707832		2.50504589081
3.82109594345		2.65727710724
3.82360601425		2.50504589081
3.82609701157		2.66235160828
3.82859802246		2.51519489288
3.83109593391		2.66742610931
3.83360815048		2.51012039185
3.8360979557		2.65727710724
3.83859801292		2.49997138977
3.84109807014		2.66235160828
3.84360909462		2.50504589081
3.84609699249		2.66235160828
3.84860706329		2.51012039185
3.85110116005		2.66742610931
3.85360908508		2.49997138977
3.85610294342		2.66235160828
3.85860204697		2.49997138977
3.86110305786		2.66742610931
3.86360096931		2.50504589081
3.86610293388		2.67250061035
3.86860394478		2.50504589081
3.87110304832		2.66235160828
3.87361192703		2.49997138977
3.87610507011		2.66235160828
3.87860298157		2.49997138977
3.88110613823		2.66742610931
3.88361215591		2.50504589081
3.88610601425		2.66742610931
3.88860607147		2.50504589081
3.89110612869		2.66235160828
3.89360713959		2.49997138977
3.89611315727		2.66742610931
3.89860415459		2.50504589081
3.9011080265		2.67250061035
3.90361404419		2.51012039185
3.90610909462		2.66235160828
3.90860795975		2.49997138977
3.91110706329		2.66742610931
3.91361808777		2.49997138977
3.91611194611		2.66742610931
3.9186091423		2.51012039185
3.92110896111		2.66742610931
3.92361211777		2.50504589081
3.92611813545		2.65727710724
3.92861294746		2.49997138977
3.93111109734		2.65727710724
3.93361902237		2.51012039185
3.93611311913		2.66235160828
3.93861103058		2.51012039185
3.94111299515		2.65727710724
3.94361305237		2.50504589081
3.94611215591		2.65727710724
3.94861507416		2.51012039185
3.95111203194		2.66235160828
3.95362210274		2.51519489288
3.95611596107		2.66235160828
3.95861315727		2.51012039185
3.96111702919		2.6522026062
3.9636220932		2.51012039185
3.96611404419		2.6522026062
3.96861505508		2.52026939392
3.9711151123		2.65727710724
3.97362303734		2.52026939392
3.97611713409		2.6522026062
3.97861599922		2.51519489288
3.98111701012		2.64712810516
3.98362207413		2.51519489288
3.98612093925		2.6522026062
3.98861813545		2.52534389496
3.99111795425		2.64712810516
3.99362897873		2.52026939392
3.99611997604		2.64712810516
3.99861907959		2.52026939392
4.00111913681		2.6420545578
4.00363206863		2.52534389496
4.00611996651		2.64712810516
4.00862193108		2.52534389496
4.01112008095		2.63698005676
4.01362800598		2.52534389496
4.01611995697		2.63190555573
4.01862001419		2.52534389496
4.02112197876		2.63698005676
4.02362298965		2.53549194336
4.02612400055		2.63698005676
4.02862405777		2.53549194336
4.03112196922		2.62683105469
4.03363108635		2.53041744232
4.03612208366		2.62175655365
4.03862500191		2.53549194336
4.04112505913		2.63190555573
4.04363298416		2.54564094543
4.04612708092		2.63190555573
4.04862594604		2.5405664444
4.05112814903		2.62175655365
4.0536339283		2.5405664444
4.05612897873		2.62175655365
4.05862903595		2.55071544647
4.0611281395		2.62175655365
4.0636370182		2.55071544647
4.06612801552		2.61160755157
4.06862711906		2.54564094543
4.07112812996		2.60653305054
4.07363605499		2.55578994751
4.07612895966		2.61668205261
4.0786280632		2.55578994751
4.08113312721		2.61160755157
4.08364009857		2.55578994751
4.08612895012		2.60653305054
4.08862900734		2.55578994751
4.09113097191		2.60653305054
4.09363913536		2.56593894958
4.09613204002		2.60653305054
4.09863305092		2.56593894958
4.10113096237		2.59638500214
4.10363197327		2.56086444855
4.10613298416		2.5913105011
4.10863113403		2.56593894958
4.1111330986		2.59638500214
4.11364412308		2.57608699799
4.11613297462		2.5913105011
4.11863493919		2.57101249695
4.12113499641		2.58116149902
4.12363815308		2.57101249695
4.12613892555		2.58623600006
4.12863492966		2.58116149902
4.13113713264		2.58623600006
4.13364315033		2.58116149902
4.13614010811		2.58116149902
4.13863611221		2.58116149902
4.14113497734		2.57101249695
4.14364504814		2.58116149902
4.1461379528		2.58116149902
4.14864015579		2.5913105011
4.15113997459		2.58116149902
4.15364694595		2.58623600006
4.15614008904		2.56593894958
4.15864515305		2.58623600006
4.16113996506		2.57101249695
4.16364812851		2.59638500214
4.16613912582		2.57101249695
4.16864013672		2.60145950317
4.17114210129		2.56593894958
4.17364907265		2.5913105011
4.17614412308		2.56086444855
4.17864394188		2.60145950317
4.18114209175		2.56086444855
4.18364310265		2.61160755157
4.18614315987		2.56086444855
4.18864202499		2.60145950317
4.19114494324		2.55578994751
4.19364500046		2.60145950317
4.19614601135		2.55071544647
4.19864416122		2.61160755157
4.20114612579		2.55578994751
4.20365309715		2.61668205261
4.20614409447		2.54564094543
4.20864796638		2.61160755157
4.21114802361		2.54564094543
4.21365499496		2.61668205261
4.21614813805		2.54564094543
4.21864795685		2.62683105469
4.22114706039		2.54564094543
4.2236559391		2.62175655365
4.22614812851		2.5405664444
4.2286529541		2.62175655365
4.23114895821		2.53549194336
4.23365592957		2.62683105469
4.23615407944		2.5405664444
4.23864793777		2.63190555573
4.24115204811		2.53549194336
4.24365711212		2.62683105469
4.24615001678		2.52534389496
4.24865293503		2.63190555573
4.2511510849		2.53041744232
4.25365710258		2.63698005676
4.25615000725		2.53041744232
4.25865197182		2.63698005676
4.26115202904		2.52534389496
4.26365399361		2.63698005676
4.26615309715		2.52026939392
4.26865196228		2.6420545578
4.27115297318		2.52534389496
4.27365994453		2.64712810516
4.27615499496		2.52534389496
4.27865409851		2.6420545578
4.28115415573		2.51519489288
4.28365492821		2.64712810516
4.2861571312		2.51519489288
4.28865504265		2.6522026062
4.29115414619		2.52026939392
4.29366493225		2.6522026062
4.29615998268		2.51519489288
4.29865694046		2.64712810516
4.30115914345		2.51012039185
4.30366516113		2.6522026062
4.30615901947		2.51519489288
4.30866003036		2.65727710724
4.31115794182		2.51519489288
4.31367111206		2.65727710724
4.31615996361		2.50504589081
4.31865811348		2.64712810516
4.32116007805		2.51012039185
4.32366108894		2.66235160828
4.32616400719		2.51519489288
4.32866001129		2.66235160828
4.33116197586		2.50504589081
4.33367204666		2.65727710724
4.33616304398		2.50504589081
4.33866214752		2.66235160828
4.34116411209		2.51012039185
4.34366393089		2.66742610931
4.34616398811		2.51012039185
4.34866309166		2.66235160828
4.35116314888		2.49997138977
4.35367107391		2.66235160828
4.35616493225		2.50504589081
4.35866594315		2.66742610931
4.36116600037		2.50504589081
4.36367106438		2.66742610931
4.36616396904		2.50504589081
4.36866497993		2.66235160828
4.37116503716		2.49997138977
4.37367510796		2.66235160828
4.37616896629		2.50504589081
4.37866711617		2.67250061035
4.38116502762		2.50504589081
4.38367509842		2.66742610931
4.38616895676		2.49997138977
4.38866615295		2.66235160828
4.39117312431		2.49997138977
4.39367794991		2.66742610931
4.39616799355		2.50504589081
4.39866995811		2.66742610931
4.40117001534		2.50504589081
4.40367603302		2.66235160828
4.40617108345		2.49997138977
4.4086689949		2.66235160828
4.41117095947		2.50504589081
4.41367697716		2.66742610931
4.41617012024		2.51012039185
4.41867303848		2.66235160828
4.42117214203		2.49997138977
4.42367506027		2.65727710724
4.42617607117		2.49997138977
4.42867493629		2.66742610931
4.43117713928		2.50504589081
4.43368196487		2.66742610931
4.43617510796		2.50504589081
4.43867301941		2.65727710724
4.44117593765		2.49997138977
4.4436750412		2.65727710724
4.44617605209		2.51012039185
4.44867515564		2.66235160828
4.45117592812		2.51519489288
4.45368313789		2.66235160828
4.45618009567		2.50504589081
4.45867705345		2.6522026062
4.461176157		2.50504589081
4.46368694305		2.66235160828
4.46617913246		2.51519489288
4.46868109703		2.66235160828
4.47117805481		2.51519489288
4.47368693352		2.6522026062
4.47617793083		2.51012039185
4.47867894173		2.6522026062
4.4811770916		2.51519489288
4.4836871624		2.65727710724
4.48618006706		2.52534389496
4.48867797852		2.6522026062
4.49118113518		2.51519489288
4.49368810654		2.64712810516
4.49618196487		2.51519489288
4.49868297577		2.6522026062
4.50118112564		2.52534389496
4.50368309021		2.64712810516
4.5061841011		2.52534389496
4.50868296623		2.6420545578
4.5111849308		2.52026939392
4.51369214058		2.63698005676
4.51618504524		2.52534389496
4.51868510246		2.6420545578
4.52118301392		2.53041744232
4.52368593216		2.6420545578
4.52618503571		2.52534389496
4.5286860466		2.63190555573
4.53118610382		2.53041744232
4.53369307518		2.63698005676
4.53619098663		2.53549194336
4.53868699074		2.63698005676
4.54118609428		2.5405664444
4.54369306564		2.62683105469
4.54619312286		2.53041744232
4.54869008064		2.62683105469
4.55119013786		2.5405664444
4.55369615555		2.62683105469
4.55619001389		2.54564094543
4.55869293213		2.62683105469
4.56119012833		2.54564094543
4.56369805336		2.62175655365
4.56619095802		2.5405664444
4.56869506836		2.62175655365
4.57122707367		2.5405664444
4.57370114326		2.62175655365
4.57619094849		2.55071544647
4.57869005203		2.61668205261
4.58119297028		2.55071544647
4.58369207382		2.60653305054
4.58619308472		2.55071544647
4.58869314194		2.60653305054
4.59119606018		2.56086444855
4.59370112419		2.61160755157
4.59619808197		2.56086444855
4.5986931324		2.60145950317
4.60119605064		2.56086444855
4.60370111465		2.60145950317
4.60619401932		2.56593894958
4.60869598389		2.60145950317
4.61119508743		2.56593894958
4.61370205879		2.59638500214
4.61619901657		2.56593894958
4.61869812012		2.5913105011
4.62119603157		2.56593894958
4.62370896339		2.59638500214
4.62619805336		2.57608699799
4.62869906425		2.59638500214
4.63119912148		2.57608699799
4.63370704651		2.58623600006
4.63619995117		2.57101249695
4.63869810104		2.58116149902
4.64120101929		2.57608699799
4.64370703697		2.58623600006
4.6462020874		2.58116149902
4.6487030983		2.58116149902
4.65120100975		2.58116149902
4.65371012688		2.57608699799
4.65620207787		2.58116149902
4.65870094299		2.57608699799
4.66120195389		2.5913105011
4.66370415688		2.57608699799
4.66620206833		2.59638500214
4.6687040329		2.57101249695
4.67120099068		2.5913105011
4.67371106148		2.56593894958
4.67620611191		2.59638500214
4.6787071228		2.57101249695
4.68120598793		2.60145950317
4.68371009827		2.56593894958
4.68620610237		2.60145950317
4.6887049675		2.56086444855
4.69120693207		2.60145950317
4.69370698929		2.56086444855
4.69621109962		2.60653305054
4.69870710373		2.56086444855
4.70121598244		2.60653305054
4.70371294022		2.55578994751
4.70621013641		2.60653305054
4.70870995522		2.54564094543
4.71121001244		2.61160755157
4.71371603012		2.55578994751
4.71621108055		2.61668205261
4.71871113777		2.55578994751
4.72120904922		2.61160755157
4.72371196747		2.5405664444
4.72621297836		2.61160755157
4.72870993614		2.54564094543
4.7312130928		2.62683105469
4.73372101784		2.54564094543
4.73621201515		2.62683105469
4.73871397972		2.5405664444
4.74121403694		2.61668205261
4.74371314049		2.53041744232
4.74621415138		2.62683105469
4.74871301651		2.53549194336
4.7512140274		2.63190555573
4.75372195244		2.5405664444
4.75621294975		2.62683105469
4.75871610641		2.53041744232
4.76121497154		2.63190555573
4.76372313499		2.53041744232
4.76621508598		2.63698005676
4.7687151432		2.53549194336
4.7712161541		2.6420545578
4.77371811867		2.52534389496
4.77622509003		2.63698005676
4.77872109413		2.52026939392
4.78121805191		2.63698005676
4.78371810913		2.52534389496
4.78621912003		2.6522026062
4.78871703148		2.52534389496
4.79121899605		2.6420545578
4.79371905327		2.51519489288
4.7962231636		2.6420545578
4.79872298241		2.51519489288
4.8012239933		2.64712810516
4.80372095108		2.52026939392
4.80622196198		2.6522026062
4.8087220192		2.51519489288
4.81122112274		2.64712810516
4.81372213364		2.51519489288
4.81622195244		2.6522026062
4.81872296333		2.51012039185
4.8212211132		2.65727710724
4.82372403145		2.51519489288
4.82622694969		2.65727710724
4.8287229538		2.50504589081
4.83122301102		2.6522026062
4.83372497559		2.50504589081
4.83622503281		2.65727710724
4.83872509003		2.51519489288
4.84122395515		2.66235160828
4.84372496605		2.51012039185
4.84622812271		2.65727710724
4.84872412682		2.49997138977
4.85122704506		2.65727710724
4.85372710228		2.50504589081
4.85623693466		2.66235160828
4.85872912407		2.51012039185
4.8612279892		2.66235160828
4.86372804642		2.50504589081
4.86623001099		2.65727710724
4.86872696877		2.50504589081
4.87122893333		2.66235160828
4.87376904488		2.51012039185
4.87623214722		2.66742610931
4.87873101234		2.51012039185
4.88123106956		2.66235160828
4.88376712799		2.49997138977
4.88623094559		2.66235160828
4.88873100281		2.50504589081
4.89123106003		2.66742610931
4.89380908012		2.50504589081
4.89638209343		2.66235160828
4.89886498451		2.50504589081
4.90136313438		2.66235160828
4.90392494202		2.49997138977
4.90648794174		2.66235160828
4.90898704529		2.50504589081
4.91148805618		2.66235160828
4.91399598122		2.51012039185
4.91648006439		2.66235160828
4.91897892952		2.50504589081
4.92147994041		2.65727710724
4.92399311066		2.50504589081
4.92649197578		2.66742610931
4.9290060997		2.51012039185
4.93148899078		2.66742610931
4.93400406837		2.49997138977
4.93648910522		2.65727710724
4.93899202347		2.49997138977
4.94149112701		2.66235160828
4.94399309158		2.50504589081
4.9464931488		2.67250061035
4.94899106026		2.50504589081
4.95149111748		2.66235160828
4.95400214195		2.49489688873
4.95649409294		2.66235160828
4.95899415016		2.49997138977
4.96149611473		2.66742610931
4.96400308609		2.50504589081
4.96649694443		2.66742610931
4.96901106834		2.49997138977
4.97149515152		2.66235160828
4.97400403023		2.49997138977
4.97649502754		2.66235160828
4.97899794579		2.50504589081
4.98149704933		2.66742610931
4.98400807381		2.50504589081
4.98649716377		2.66235160828
4.9889960289		2.49997138977
4.99149703979		2.65727710724
4.99400901794		2.49997138977
4.99649810791		2.66235160828
4.99900007248		2.51012039185
