0.000130891799927		2.76383876801
0.00294399261475		2.82473182678
0.00582695007324		2.58623600006
0.00869798660278		2.30714511871
0.0115690231323		2.85517787933
0.0144429206848		2.67757511139
0.0173189640045		2.22088050842
0.0201950073242		2.88562393188
0.0230669975281		2.71309566498
0.0259459018707		2.21580600739
0.0288219451904		2.70802116394
0.0316970348358		2.77906227112
0.0345718860626		2.36296367645
0.037505865097		2.48474884033
0.040323972702		2.82980632782
0.0431978702545		2.58623600006
0.0460710525513		2.30207061768
0.0489540100098		2.85517787933
0.0518200397491		2.68264961243
0.0546970367432		2.22088050842
0.0576090812683		2.89069843292
0.0604479312897		2.71309566498
0.0633239746094		2.21073246002
0.0662000179291		2.70802116394
0.0690870285034		2.77906227112
0.0719609260559		2.35788917542
0.0748338699341		2.46952533722
0.0777089595795		2.82980632782
0.0805859565735		2.58623600006
0.0834610462189		2.30714511871
0.0863358974457		2.85517787933
0.0892109870911		2.68264961243
0.0920839309692		2.22088050842
0.0949609279633		2.89069843292
0.0978388786316		2.71309566498
0.100712060928		2.21580600739
0.103590011597		2.70802116394
0.106461048126		2.76891326904
0.109464883804		2.32236862183
0.11233997345		2.49997138977
0.115213871002		2.82473182678
0.118090867996		2.55578994751
0.120965957642		2.32744312286
0.12383890152		2.8501033783
0.126720905304		2.67250061035
0.129590034485		2.2310295105
0.132467031479		2.89577293396
0.135341882706		2.70802116394
0.138217926025		2.20565795898
0.141089916229		2.7536907196
0.143965959549		2.76891326904
0.146858930588		2.31729412079
0.149718046188		2.49997138977
0.152590036392		2.82980632782
0.155472040176		2.56086444855
0.158345937729		2.33251667023
0.161221027374		2.8501033783
0.164094924927		2.66742610931
0.166972875595		2.2310295105
0.169848918915		2.89577293396
0.172719955444		2.71309566498
0.175595998764		2.21073246002
0.178473949432		2.7536907196
0.181345939636		2.76891326904
0.184223890305		2.31729412079
0.18710899353		2.50504589081
0.189974069595		2.82473182678
0.192852020264		2.55578994751
0.195723056793		2.33251667023
0.198601961136		2.8501033783
0.201474905014		2.67757511139
0.204350948334		2.22595500946
0.207231044769		2.89069843292
0.210105895996		2.71309566498
0.212974071503		2.21073246002
0.21585392952		2.7536907196
0.218739032745		2.76383876801
0.221603870392		2.31221961975
0.224478006363		2.49489688873
0.227397918701		2.82473182678
0.230227947235		2.56086444855
0.23310303688		2.33759117126
0.235985994339		2.8501033783
0.238857984543		2.67250061035
0.241729021072		2.22595500946
0.244605064392		2.89069843292
0.247519016266		2.70802116394
0.250356912613		2.21073246002
0.253231048584		2.7536907196
0.256113052368		2.76383876801
0.258986949921		2.32236862183
0.26185798645		2.49489688873
0.264734983444		2.82473182678
0.267619848251		2.56086444855
0.270484924316		2.33251667023
0.273357868195		2.8501033783
0.276234865189		2.67250061035
0.279124975204		2.22595500946
0.281987905502		2.89069843292
0.284874916077		2.7029466629
0.287749052048		2.20565795898
0.29061293602		2.74861621857
0.29348897934		2.76891326904
0.296361923218		2.28684806824
0.29937005043		2.53549194336
0.302240848541		2.81458282471
0.305114030838		2.52534389496
0.307991981506		2.35788917542
0.31086397171		2.8501033783
0.313740968704		2.66235160828
0.316623926163		2.23610401154
0.319489955902		2.89577293396
0.32236790657		2.7029466629
0.325247049332		2.20058345795
0.328121900558		2.78921127319
0.330991983414		2.75876522064
0.333868026733		2.28684806824
0.336750984192		2.53549194336
0.339617967606		2.81458282471
0.342491865158		2.52534389496
0.345370054245		2.34774017334
0.348245859146		2.84502887726
0.351119041443		2.66742610931
0.353996038437		2.24117851257
0.35687994957		2.89577293396
0.359745025635		2.69787216187
0.362621068954		2.20565795898
0.365496873856		2.78413677216
0.36837387085		2.7536907196
0.371248006821		2.29699611664
0.374121904373		2.53041744232
0.377007007599		2.81965732574
0.379873037338		2.52026939392
0.382750034332		2.34774017334
0.385623931885		2.84502887726
0.388501882553		2.66742610931
0.391373872757		2.23610401154
0.394248962402		2.89577293396
0.397132873535		2.7029466629
0.399999856949		2.20565795898
0.402873039246		2.78413677216
0.405751943588		2.7536907196
0.408627033234		2.29699611664
0.41150188446		2.53041744232
0.414381980896		2.81965732574
0.417253017426		2.52026939392
0.420127868652		2.34774017334
0.423004865646		2.84502887726
0.425879001617		2.66742610931
0.428773880005		2.23610401154
0.431630849838		2.89069843292
0.434505939484		2.7029466629
0.437427997589		2.20058345795
0.440255880356		2.78413677216
0.443131923676		2.7536907196
0.446007966995		2.2919216156
0.448885917664		2.53041744232
0.451758861542		2.81965732574
0.454632997513		2.52534389496
0.457516908646		2.35281467438
0.460383892059		2.84502887726
0.463258981705		2.66742610931
0.466135978699		2.23610401154
0.469011068344		2.89069843292
0.471888065338		2.7029466629
0.474760055542		2.20058345795
0.477643966675		2.78413677216
0.480510950089		2.75876522064
0.483387947083		2.29699611664
0.486262083054		2.53549194336
0.489140033722		2.81965732574
0.492014884949		2.53041744232
0.494888067245		2.34774017334
0.497766971588		2.84502887726
0.500639915466		2.66235160828
0.50352191925		2.23610401154
0.506389856339		2.89069843292
0.509392023087		2.69787216187
0.512268066406		2.20565795898
0.515141010284		2.81965732574
0.518017053604		2.74354171753
0.520891904831		2.26147556305
0.523767948151		2.56593894958
0.526649951935		2.81458282471
0.529517889023		2.4898223877
0.532393932343		2.37311172485
0.535269021988		2.84502887726
0.538146972656		2.6522026062
0.541020870209		2.24625301361
0.543892860413		2.89069843292
0.546769857407		2.69787216187
0.549646854401		2.20565795898
0.552520036697		2.81965732574
0.555396080017		2.74354171753
0.558271884918		2.26147556305
0.561146020889		2.56086444855
0.564019918442		2.80950832367
0.566900014877		2.4898223877
0.569772958755		2.37818622589
0.57264995575		2.8399553299
0.575522899628		2.6522026062
0.578400850296		2.24625301361
0.581280946732		2.89577293396
0.584152936935		2.69787216187
0.587032079697		2.20058345795
0.589900016785		2.81965732574
0.592793941498		2.74354171753
0.595653057098		2.26147556305
0.598531007767		2.56086444855
0.601402044296		2.80950832367
0.60427904129		2.4898223877
0.607158899307		2.37818622589
0.610028982162		2.84502887726
0.612904071808		2.65727710724
0.615778923035		2.24625301361
0.618661880493		2.89069843292
0.621530056		2.69787216187
0.624404907227		2.20565795898
0.627290010452		2.81965732574
0.630154848099		2.74354171753
0.633034944534		2.26655006409
0.635906934738		2.56086444855
0.638784885406		2.80950832367
0.641658067703		2.49489688873
0.64453291893		2.37311172485
0.647459030151		2.84502887726
0.650284051895		2.65727710724
0.653159856796		2.24625301361
0.656034946442		2.89577293396
0.658913850784		2.69787216187
0.66178393364		2.20565795898
0.664659976959		2.81458282471
0.667542934418		2.74861621857
0.670412063599		2.26655006409
0.673290967941		2.56086444855
0.676162958145		2.80950832367
0.679038047791		2.49489688873
0.681916952133		2.36803817749
0.684787988663		2.8399553299
0.687664985657		2.65727710724
0.690537929535		2.24625301361
0.69341301918		2.89069843292
0.696290016174		2.69279766083
0.699295043945		2.20058345795
0.702167034149		2.84502887726
0.705044984818		2.73339271545
0.70791888237		2.24625301361
0.710792064667		2.60145950317
0.713665962219		2.79936027527
0.716551065445		2.44415378571
0.719416856766		2.39848423004
0.72229385376		2.83488082886
0.725167989731		2.6420545578
0.728047847748		2.26147556305
0.730917930603		2.88562393188
0.733794927597		2.69279766083
0.736679077148		2.20058345795
0.739544868469		2.84502887726
0.742420911789		2.73846721649
0.745296955109		2.24625301361
0.748173952103		2.60145950317
0.751047849655		2.79936027527
0.753923892975		2.44922733307
0.756805896759		2.39848423004
0.759671926498		2.8399553299
0.762548923492		2.6420545578
0.765424013138		2.26147556305
0.768301963806		2.88562393188
0.7711789608		2.69279766083
0.77404999733		2.20058345795
0.77694106102		2.84502887726
0.779803037643		2.73339271545
0.782675981522		2.24625301361
0.785549879074		2.59638500214
0.788430929184		2.80443382263
0.791301965714		2.45430183411
0.794175863266		2.39848423004
0.797054052353		2.83488082886
0.799929857254		2.6420545578
0.802803993225		2.26147556305
0.805680990219		2.88562393188
0.808556079865		2.69279766083
0.811429023743		2.20058345795
0.814306020737		2.84502887726
0.817180871964		2.73846721649
0.820057868958		2.25132751465
0.822932958603		2.60145950317
0.825808048248		2.80443382263
0.828685045242		2.45430183411
0.83155798912		2.39848423004
0.834436893463		2.83488082886
0.83731508255		2.6420545578
0.840194940567		2.26147556305
0.843060016632		2.88562393188
0.845933914185		2.69279766083
0.84881401062		2.20565795898
0.851687908173		2.84502887726
0.854562044144		2.73846721649
0.857472896576		2.23610401154
0.860318899155		2.59638500214
0.863187074661		2.79936027527
0.866064071655		2.45430183411
0.868939876556		2.39848423004
0.871814966202		2.83488082886
0.874688863754		2.6420545578
0.877573013306		2.25640106201
0.880439043045		2.88562393188
0.883316993713		2.69279766083
0.886188983917		2.20565795898
0.889066934586		2.84502887726
0.891962051392		2.73846721649
0.894814014435		2.24117851257
0.897693872452		2.59638500214
0.900567054749		2.80443382263
0.903441905975		2.46445083618
0.906319856644		2.42385578156
0.909322023392		2.83488082886
0.912194013596		2.62175655365
0.915068864822		2.27669906616
0.917944908142		2.87547588348
0.920819997787		2.68772315979
0.923696994781		2.21073246002
0.92657995224		2.87547588348
0.929445981979		2.72831821442
0.932322978973		2.22595500946
0.935198068619		2.63698005676
0.938072919846		2.79428577423
0.940948009491		2.41878128052
0.943821907043		2.42385578156
0.946707010269		2.83488082886
0.949576854706		2.62175655365
0.952449083328		2.27162456512
0.955326080322		2.87040138245
0.958201885223		2.68772315979
0.961077928543		2.21073246002
0.963950872421		2.87040138245
0.966834068298		2.72831821442
0.969702005386		2.2310295105
0.972574949265		2.63698005676
0.975450992584		2.79428577423
0.978330850601		2.41370677948
0.981204032898		2.42385578156
0.984080076218		2.83488082886
0.986965894699		2.62175655365
0.989827871323		2.27669906616
0.992703914642		2.88055038452
0.995580911636		2.68772315979
0.998456954956		2.21073246002
1.00132799149		2.86532688141
1.00420498848		2.72831821442
1.00708889961		2.2310295105
1.00995492935		2.6420545578
1.01283192635		2.79428577423
1.01570606232		2.41370677948
1.01858997345		2.42385578156
1.0214600563		2.83488082886
1.02433300018		2.62683105469
1.02721905708		2.27669906616
1.0300848484		2.87547588348
1.0329580307		2.68264961243
1.03583407402		2.20565795898
1.0387160778		2.86532688141
1.04158687592		2.72831821442
1.04446196556		2.23610401154
1.04737901688		2.65727710724
1.05021095276		2.79428577423
1.05308699608		2.41878128052
1.05596089363		2.41878128052
1.05884099007		2.83488082886
1.0617120266		2.62683105469
1.06458902359		2.27669906616
1.06750106812		2.87040138245
1.07033896446		2.68772315979
1.07321500778		2.20058345795
1.07608890533		2.86532688141
1.0789680481		2.72831821442
1.08184289932		2.23610401154
1.08471488953		2.63698005676
1.08759903908		2.79428577423
1.09046888351		2.41370677948
1.09333992004		2.41370677948
1.09622001648		2.83488082886
1.0990960598		2.62683105469
1.10196590424		2.27669906616
1.10484290123		2.87547588348
1.10772299767		2.68772315979
1.11059403419		2.20058345795
1.11346888542		2.86532688141
1.11634302139		2.72831821442
1.11922287941		2.23610401154
1.12209391594		2.63698005676
1.12497091293		2.79428577423
1.12785291672		2.41878128052
1.1307220459		2.41370677948
1.13359594345		2.82980632782
1.13650798798		2.62175655365
1.13934898376		2.27162456512
1.14222407341		2.87547588348
1.14509892464		2.68772315979
1.14797687531		2.20565795898
1.1508500576		2.86532688141
1.1537270546		2.72831821442
1.15660786629		2.2310295105
1.15947604179		2.63190555573
1.16235089302		2.79428577423
1.16522693634		2.41878128052
1.16811084747		2.42385578156
1.17097902298		2.83488082886
1.17385387421		2.62683105469
1.17673587799		2.27162456512
1.1796040535		2.87547588348
1.18247795105		2.68772315979
1.18535494804		2.20565795898
1.18823194504		2.86532688141
1.19110393524		2.72831821442
1.19398093224		2.23610401154
1.19686293602		2.63190555573
1.19972300529		2.79936027527
1.20259690285		2.43400478363
1.20547485352		2.41370677948
1.20835804939		2.83488082886
1.21122407913		2.62683105469
1.21410107613		2.26655006409
1.21698689461		2.87547588348
1.21986103058		2.68772315979
1.2227370739		2.20565795898
1.22561001778		2.86532688141
1.2284860611		2.72831821442
1.23135900497		2.2310295105
1.2342338562		2.62683105469
1.23711204529		2.79428577423
1.23998904228		2.42893028259
1.24286103249		2.41370677948
1.24573802948		2.8399553299
1.24861288071		2.62683105469
1.25148797035		2.27162456512
1.2543618679		2.88055038452
1.25724887848		2.68772315979
1.26011490822		2.21073246002
1.26298999786		2.86025238037
1.26586484909		2.72831821442
1.26874184608		2.2310295105
1.27161502838		2.62683105469
1.27448892593		2.79428577423
1.27740693092		2.41370677948
1.28024101257		2.41370677948
1.28311491013		2.8399553299
1.28599286079		2.63190555573
1.28887104988		2.27162456512
1.29174089432		2.88055038452
1.29461598396		2.68772315979
1.29749894142		2.21073246002
1.30036997795		2.86025238037
1.3032450676		2.72831821442
1.30612707138		2.2310295105
1.30899691582		2.62683105469
1.3118698597		2.79936027527
1.31474685669		2.42893028259
1.31763195992		2.41878128052
1.32049703598		2.83488082886
1.32337188721		2.63190555573
1.32624793053		2.27162456512
1.3291258812		2.88055038452
1.3320069313		2.68772315979
1.33487296104		2.20565795898
1.33774900436		2.86025238037
1.34062290192		2.73339271545
1.34349894524		2.23610401154
1.34637403488		2.63698005676
1.34925198555		2.79428577423
1.35212802887		2.42893028259
1.3550028801		2.40863323212
1.35787606239		2.82980632782
1.36074995995		2.63190555573
1.36362600327		2.27162456512
1.36650896072		2.88055038452
1.36937904358		2.69279766083
1.37225484848		2.20565795898
1.3751270771		2.86025238037
1.37800502777		2.72324466705
1.38087797165		2.24117851257
1.38375496864		2.62683105469
1.3866379261		2.79936027527
1.38950490952		2.42893028259
1.39238095284		2.40863323212
1.39526104927		2.83488082886
1.39813399315		2.63698005676
1.4010078907		2.27162456512
1.40388202667		2.88562393188
1.40676403046		2.68772315979
1.40963196754		2.20565795898
1.41250991821		2.86025238037
1.41538405418		2.73339271545
1.41826987267		2.24117851257
1.42113804817		2.62683105469
1.42400884628		2.79428577423
1.42689085007		2.42893028259
1.42976093292		2.40863323212
1.43263602257		2.82980632782
1.43551301956		2.63190555573
1.43838906288		2.27162456512
1.44126296043		2.88055038452
1.44413590431		2.68772315979
1.44701290131		2.20058345795
1.44988799095		2.86025238037
1.45276498795		2.73339271545
1.4556388855		2.23610401154
1.45851707458		2.62683105469
1.46139097214		2.79936027527
1.46426796913		2.42385578156
1.46715188026		2.41370677948
1.47001791		2.83488082886
1.47289395332		2.63190555573
1.47576498985		2.26655006409
1.4786438942		2.88055038452
1.4815158844		2.69279766083
1.48439788818		2.20565795898
1.48727703094		2.86025238037
1.49014401436		2.73339271545
1.49301886559		2.24117851257
1.49589395523		2.62175655365
1.49877285957		2.79936027527
1.50164484978		2.43400478363
1.5045208931		2.40863323212
1.50749206543		2.83488082886
1.5103969574		2.61160755157
1.51327204704		2.28684806824
1.51617503166		2.86532688141
1.51902389526		2.68264961243
1.52189993858		2.21073246002
1.52477407455		2.87547588348
1.52764892578		2.71817016602
1.53052306175		2.22595500946
1.53339886665		2.66742610931
1.53627586365		2.78413677216
1.53915286064		2.393409729
1.54202699661		2.43907928467
1.54490089417		2.82980632782
1.54777693748		2.60653305054
1.55065107346		2.2817735672
1.55352497101		2.87040138245
1.55640292168		2.68264961243
1.55927801132		2.21073246002
1.56215500832		2.87547588348
1.56502985954		2.72324466705
1.56790590286		2.22088050842
1.57078099251		2.66235160828
1.57366085052		2.78413677216
1.57653903961		2.393409729
1.57940506935		2.43907928467
1.58227992058		2.82980632782
1.58515691757		2.61160755157
1.58803391457		2.2817735672
1.59090685844		2.86532688141
1.59378099442		2.68264961243
1.59666585922		2.21073246002
1.59953308105		2.88055038452
1.60240888596		2.72324466705
1.60528588295		2.22088050842
1.60816407204		2.66235160828
1.61103391647		2.78921127319
1.61390805244		2.39848423004
1.61678600311		2.43907928467
1.61966204643		2.82980632782
1.62253594398		2.61668205261
1.62541389465		2.28684806824
1.62828803062		2.86532688141
1.63116192818		2.68772315979
1.63403606415		2.21073246002
1.63691997528		2.87547588348
1.63978886604		2.72324466705
1.64266490936		2.22088050842
1.64553785324		2.66235160828
1.64841604233		2.78921127319
1.65128993988		2.39848423004
1.65416693687		2.43907928467
1.65704894066		2.82980632782
1.65991401672		2.61668205261
1.66279506683		2.2817735672
1.66566801071		2.87040138245
1.66854786873		2.68264961243
1.67141795158		2.20565795898
1.67429184914		2.87547588348
1.67717504501		2.71817016602
1.68004202843		2.22595500946
1.6829199791		2.66235160828
1.68579506874		2.78921127319
1.68867206573		2.393409729
1.69154500961		2.43400478363
1.69442105293		2.83488082886
1.69730496407		2.61160755157
1.7001709938		2.28684806824
1.70304894447		2.86532688141
1.70592188835		2.68772315979
1.70880007744		2.21073246002
1.71167206764		2.87547588348
1.71454691887		2.72324466705
1.71751403809		2.22088050842
1.72042608261		2.71817016602
1.72330307961		2.77398777008
1.72617292404		2.35281467438
1.72905302048		2.46445083618
1.73192405701		2.82980632782
1.734801054		2.5913105011
1.73767900467		2.31221961975
1.74055504799		2.86025238037
1.74342799187		2.67757511139
1.74630093575		2.21580600739
1.74917793274		2.89069843292
1.75206398964		2.71817016602
1.7549290657		2.22088050842
1.75780487061		2.70802116394
1.76067900658		2.77906227112
1.7635538578		2.35281467438
1.76642990112		2.47459983826
1.76930785179		2.82980632782
1.77218103409		2.5913105011
1.77505803108		2.30714511871
1.7779340744		2.86025238037
1.78080701828		2.67757511139
1.78368091583		2.21580600739
1.78656506538		2.88562393188
1.78943395615		2.71309566498
1.7923078537		2.21580600739
1.79518198967		2.70802116394
1.79806089401		2.77398777008
1.80093502998		2.35788917542
1.80380892754		2.45937633514
1.80669188499		2.82980632782
1.8095600605		2.5913105011
1.81243491173		2.30714511871
1.81531095505		2.86025238037
1.81819391251		2.67757511139
1.82106184959		2.21073246002
1.82393789291		2.88562393188
1.82682299614		2.71309566498
1.82968902588		2.21580600739
1.83256387711		2.70802116394
1.83543801308		2.77906227112
1.83831596375		2.35788917542
1.8411989212		2.46445083618
1.84406304359		2.82980632782
1.84694695473		2.5913105011
1.84981703758		2.30207061768
1.85269093513		2.86025238037
1.85556697845		2.68264961243
1.85844302177		2.21073246002
1.86131691933		2.88562393188
1.86419487		2.71817016602
1.8670759201		2.21580600739
1.86994194984		2.7029466629
1.87281894684		2.77906227112
1.87569308281		2.36296367645
1.87857103348		2.46445083618
1.8814470768		2.82980632782
1.88432097435		2.5913105011
1.88720393181		2.30207061768
1.8900718689		2.86025238037
1.89294600487		2.68264961243
1.89582204819		2.21580600739
1.89869999886		2.89069843292
1.90157198906		2.71309566498
1.90444803238		2.21073246002
1.90732502937		2.70802116394
1.91020202637		2.77906227112
1.91307497025		2.36803817749
1.9159488678		2.46445083618
1.91882491112		2.82980632782
1.92170000076		2.58623600006
1.92457389832		2.29699611664
1.92748904228		2.85517787933
1.93034386635		2.68264961243
1.93320298195		2.21580600739
1.9360768795		2.89069843292
1.9389538765		2.71309566498
1.94182705879		2.21580600739
1.94470405579		2.69787216187
1.94758486748		2.77906227112
1.95045399666		2.37311172485
1.95333099365		2.46952533722
1.95621395111		2.82980632782
1.95908308029		2.5913105011
1.96195602417		2.30207061768
1.96483206749		2.86025238037
1.96770691872		2.68264961243
1.97058296204		2.22088050842
1.97345590591		2.88562393188
1.9763379097		2.71309566498
1.97921204567		2.21580600739
1.98208594322		2.7029466629
1.98495697975		2.77906227112
1.98783493042		2.36803817749
1.9907078743		2.45937633514
1.99358487129		2.82980632782
1.99645805359		2.56593894958
1.99946308136		2.32744312286
2.00233697891		2.8501033783
2.00521206856		2.67757511139
2.00809001923		2.22088050842
2.01096200943		2.89069843292
2.01383686066		2.70802116394
2.01671504974		2.20565795898
2.01959300041		2.74861621857
2.02246499062		2.76891326904
2.02533793449		2.32744312286
2.0282189846		2.49489688873
2.03108787537		2.82473182678
2.03396606445		2.56086444855
2.03684997559		2.32744312286
2.039716959		2.8501033783
2.04258990288		2.67250061035
2.04546689987		2.22595500946
2.04834198952		2.89069843292
2.05121994019		2.71309566498
2.05409288406		2.20565795898
2.05697703362		2.7536907196
2.05984187126		2.76383876801
2.06272101402		2.32236862183
2.06559586525		2.4898223877
2.06847190857		2.82473182678
2.07134485245		2.56086444855
2.07422089577		2.32236862183
2.07710194588		2.8501033783
2.07997107506		2.67757511139
2.08284687996		2.21580600739
2.08572292328		2.89069843292
2.08859801292		2.70802116394
2.09147191048		2.21073246002
2.09434700012		2.74354171753
2.09723496437		2.76383876801
2.10009789467		2.32744312286
2.10297393799		2.48474884033
2.10584902763		2.82980632782
2.10873198509		2.56593894958
2.11159992218		2.32744312286
2.11447501183		2.8501033783
2.11744093895		2.66235160828
2.12035608292		2.2310295105
2.12322497368		2.89069843292
2.126101017		2.7029466629
2.12897992134		2.21073246002
2.13185191154		2.78413677216
2.13472795486		2.75876522064
2.13761305809		2.28684806824
2.14048194885		2.52534389496
2.14335298538		2.81965732574
2.14622998238		2.53041744232
2.14910697937		2.35281467438
2.15198206902		2.84502887726
2.15485596657		2.66742610931
2.15773296356		2.2310295105
2.16060805321		2.89069843292
2.16348195076		2.7029466629
2.16635799408		2.20565795898
2.1692340374		2.78413677216
2.17210793495		2.7536907196
2.17498207092		2.28684806824
2.17786097527		2.52534389496
2.18073391914		2.81965732574
2.18360900879		2.53549194336
2.18651986122		2.35281467438
2.1893620491		2.84502887726
2.19223594666		2.66742610931
2.19511198997		2.2310295105
2.19800591469		2.89577293396
2.20086407661		2.7029466629
2.20373606682		2.20565795898
2.20662307739		2.78921127319
2.20948791504		2.75876522064
2.21236300468		2.2919216156
2.21523690224		2.52534389496
2.21812105179		2.81458282471
2.22099399567		2.52534389496
2.22386693954		2.34774017334
2.22674798965		2.84502887726
2.22961997986		2.66742610931
2.23249197006		2.2310295105
2.23536586761		2.89577293396
2.23824596405		2.7029466629
2.2411210537		2.20058345795
2.2439930439		2.78413677216
2.24687385559		2.7536907196
2.24974703789		2.30207061768
2.25261998177		2.52534389496
2.25550198555		2.81458282471
2.25837302208		2.53041744232
2.26124501228		2.34774017334
2.26412296295		2.84502887726
2.26700496674		2.66742610931
2.2698700428		2.2310295105
2.27274799347		2.89069843292
2.27562093735		2.7029466629
2.27850008011		2.20058345795
2.28137087822		2.77398777008
2.28425192833		2.75876522064
2.28713607788		2.30207061768
2.28999900818		2.52534389496
2.2928750515		2.81965732574
2.29574894905		2.53549194336
2.29863190651		2.34774017334
2.30150198936		2.84502887726
2.30437803268		2.66742610931
2.30726003647		2.23610401154
2.31012606621		2.89577293396
2.31299996376		2.7029466629
2.31587600708		2.20058345795
2.31875300407		2.77906227112
2.32162594795		2.7536907196
2.32450389862		2.30207061768
2.32743096352		2.5405664444
2.33025407791		2.81965732574
2.33313107491		2.52534389496
2.33600592613		2.3426656723
2.33888196945		2.84502887726
2.34175395966		2.66742610931
2.34463095665		2.2310295105
2.34751296043		2.89069843292
2.3503818512		2.7029466629
2.35325884819		2.20058345795
2.35613203049		2.77906227112
2.35900807381		2.75876522064
2.36188387871		2.30207061768
2.36475896835		2.52534389496
2.36764097214		2.81965732574
2.37051105499		2.53549194336
2.37338495255		2.3426656723
2.37626791		2.8399553299
2.37913799286		2.66742610931
2.38201093674		2.22595500946
2.38488698006		2.89577293396
2.38776493073		2.70802116394
2.39063692093		2.21073246002
2.39351391792		2.77906227112
2.3963868618		2.74861621857
2.39939308167		2.26655006409
2.40226387978		2.55578994751
2.40514087677		2.81458282471
2.40801596642		2.49997138977
2.41088891029		2.36803817749
2.41376399994		2.8399553299
2.41664290428		2.65727710724
2.41951704025		2.24117851257
2.42239189148		2.89069843292
2.4252679348		2.7029466629
2.42814302444		2.20565795898
2.43101596832		2.81458282471
2.43389296532		2.74861621857
2.43677306175		2.26147556305
2.43964290619		2.55578994751
2.44251799583		2.81458282471
2.44539499283		2.49997138977
2.44827008247		2.36803817749
2.4511449337		2.8399553299
2.45402002335		2.65727710724
2.45690488815		2.24117851257
2.45977091789		2.89069843292
2.46264696121		2.69787216187
2.46552586555		2.20565795898
2.46839785576		2.81458282471
2.47127199173		2.74861621857
2.47414803505		2.26655006409
2.47703003883		2.55578994751
2.4798989296		2.81458282471
2.48277306557		2.50504589081
2.48565006256		2.37311172485
2.48852801323		2.84502887726
2.49140000343		2.65727710724
2.49427485466		2.24117851257
2.49715900421		2.89069843292
2.50002598763		2.69787216187
2.50290107727		2.20565795898
2.50577807426		2.81458282471
2.50865387917		2.74861621857
2.51152801514		2.26655006409
2.51440191269		2.55578994751
2.51730489731		2.80950832367
2.52015805244		2.49997138977
2.52303004265		2.36803817749
2.52590584755		2.8399553299
2.52878093719		2.65727710724
2.53165602684		2.24117851257
2.53453087807		2.89069843292
2.53749704361		2.68772315979
2.54042291641		2.20565795898
2.5432870388		2.84502887726
2.54616093636		2.73339271545
2.54903697968		2.25132751465
2.55190992355		2.60653305054
2.55479288101		2.80443382263
2.55766487122		2.45430183411
2.56053590775		2.393409729
2.56341385841		2.83488082886
2.56628990173		2.63698005676
2.56918001175		2.25640106201
2.5720410347		2.88562393188
2.57491493225		2.69279766083
2.5777900219		2.20058345795
2.58066701889		2.84502887726
2.58354091644		2.73846721649
2.58641695976		2.24625301361
2.58929300308		2.59638500214
2.59216785431		2.80443382263
2.59504294395		2.45430183411
2.59791994095		2.393409729
2.60079288483		2.8399553299
2.60366988182		2.6420545578
2.6065530777		2.25640106201
2.60941195488		2.89069843292
2.61228489876		2.69279766083
2.61516785622		2.20058345795
2.61805391312		2.84502887726
2.62092089653		2.73846721649
2.62379693985		2.25132751465
2.62667894363		2.60653305054
2.62954592705		2.80443382263
2.63242602348		2.44922733307
2.63530087471		2.38833522797
2.63817596436		2.8399553299
2.64106297493		2.64712810516
2.64392805099		2.25640106201
2.64680600166		2.88562393188
2.6496758461		2.68772315979
2.6525490284		2.20058345795
2.65542507172		2.84502887726
2.65830206871		2.73846721649
2.66117596626		2.25132751465
2.66406989098		2.61160755157
2.66693592072		2.79936027527
2.66980290413		2.45430183411
2.67267799377		2.393409729
2.67555308342		2.8399553299
2.67843008041		2.64712810516
2.68130707741		2.25640106201
2.68417787552		2.88562393188
2.68706297874		2.69279766083
2.68992900848		2.20058345795
2.69280290604		2.8399553299
2.69567894936		2.73846721649
2.69855904579		2.25132751465
2.701431036		2.5913105011
2.70430707932		2.79936027527
2.7071890831		2.45430183411
2.71005797386		2.393409729
2.71293306351		2.83488082886
2.71580886841		2.6420545578
2.7186858654		2.25640106201
2.72156000137		2.88562393188
2.72443389893		2.69279766083
2.72730994225		2.20058345795
2.73018789291		2.84502887726
2.73306393623		2.73846721649
2.73593497276		2.25132751465
2.73881292343		2.5913105011
2.74168896675		2.80443382263
2.74456191063		2.46445083618
2.74752998352		2.41370677948
2.75044107437		2.83488082886
2.75331687927		2.62175655365
2.7561879158		2.27162456512
2.7590649128		2.87547588348
2.76194095612		2.68772315979
2.76481604576		2.20565795898
2.76769089699		2.86532688141
2.77056694031		2.72831821442
2.77344107628		2.22595500946
2.77633285522		2.6522026062
2.77919006348		2.79428577423
2.78206706047		2.42385578156
2.78494095802		2.41878128052
2.78782200813		2.83488082886
2.79069185257		2.62683105469
2.79356884956		2.27162456512
2.79644584656		2.86532688141
2.79944705963		2.68264961243
2.80232191086		2.21073246002
2.80519485474		2.88562393188
2.80808401108		2.71817016602
2.8109369278		2.21580600739
2.81381297112		2.68264961243
2.81669092178		2.77906227112
2.81957507133		2.38326072693
2.82245397568		2.44922733307
2.82532596588		2.83488082886
2.82819890976		2.60145950317
2.83107185364		2.28684806824
2.83394885063		2.86532688141
2.83683204651		2.68264961243
2.83970093727		2.21073246002
2.84257507324		2.88562393188
2.84545087814		2.71817016602
2.84832596779		2.21580600739
2.85122084618		2.69279766083
2.85407686234		2.78413677216
2.85696005821		2.37818622589
2.85982584953		2.44922733307
2.86270189285		2.82980632782
2.8655769825		2.60145950317
2.86845397949		2.2919216156
2.87132906914		2.86532688141
2.87420487404		2.68264961243
2.87708687782		2.21073246002
2.879956007		2.88562393188
2.88282895088		2.71817016602
2.88570690155		2.21580600739
2.88858389854		2.68772315979
2.89145588875		2.78413677216
2.89433193207		2.38326072693
2.89723205566		2.44922733307
2.90008091927		2.83488082886
2.90295696259		2.60145950317
2.90583586693		2.2919216156
2.90872192383		2.86532688141
2.91165089607		2.67757511139
2.9145860672		2.22088050842
2.91755890846		2.89069843292
2.9204659462		2.7029466629
2.92333698273		2.20565795898
2.92620992661		2.77398777008
2.92910504341		2.75876522064
2.93196392059		2.30207061768
2.93483686447		2.51519489288
2.93771600723		2.81458282471
2.94058585167		2.5405664444
2.94346499443		2.3426656723
2.94633889198		2.84502887726
2.94921588898		2.66235160828
2.95210695267		2.2310295105
2.95496606827		2.89577293396
2.95784091949		2.7029466629
2.9607129097		2.21073246002
2.96359205246		2.77398777008
2.96646499634		2.75876522064
2.96934604645		2.29699611664
2.97221493721		2.51519489288
2.9750919342		2.82473182678
2.97797298431		2.5405664444
2.98084497452		2.3426656723
2.98371505737		2.84502887726
2.9866039753		2.66742610931
2.98947000504		2.22595500946
2.99234485626		2.89069843292
2.99521994591		2.70802116394
2.99809598923		2.21073246002
3.00097894669		2.77398777008
3.0038459301		2.75876522064
3.00673007965		2.30207061768
3.00958991051		2.51012039185
3.01246404648		2.82473182678
3.01533985138		2.54564094543
3.0182299614		2.3426656723
3.02109789848		2.84502887726
3.02397203445		2.66742610931
3.02685594559		2.22595500946
3.029722929		2.89577293396
3.03259706497		2.70802116394
3.03547286987		2.20565795898
3.03834891319		2.76891326904
3.04124188423		2.75876522064
3.04410004616		2.30714511871
3.04697704315		2.51519489288
3.0498509407		2.81965732574
3.0527279377		2.54564094543
3.05560088158		2.33759117126
3.05847907066		2.84502887726
3.06135201454		2.67250061035
3.06422901154		2.22595500946
3.06711006165		2.89069843292
3.06997585297		2.71309566498
3.07285284996		2.20565795898
3.07572889328		2.76891326904
3.0786049366		2.75876522064
3.08148193359		2.30714511871
3.08435487747		2.51519489288
3.08723688126		2.82473182678
3.09011101723		2.5405664444
3.09297990799		2.33251667023
3.09585595131		2.84502887726
3.09873390198		2.67250061035
3.10160899162		2.2310295105
3.10452985764		2.89577293396
3.10744905472		2.69787216187
3.11036205292		2.20058345795
3.11325287819		2.80443382263
3.11611294746		2.7536907196
3.11898589134		2.27669906616
3.12186193466		2.55071544647
3.12473607063		2.81458282471
3.12762093544		2.4898223877
3.13050889969		2.39848423004
3.13349890709		2.8399553299
3.13636803627		2.6420545578
3.13924193382		2.25640106201
3.1421148777		2.89069843292
3.14498996735		2.69279766083
3.14787006378		2.19550895691
3.15073990822		2.8399553299
3.15361905098		2.73846721649
3.15649986267		2.25132751465
3.15936589241		2.59638500214
3.16224098206		2.80950832367
3.16511893272		2.45937633514
3.16799592972		2.38833522797
3.17087006569		2.8399553299
3.17374205589		2.64712810516
3.17662787437		2.25132751465
3.17950201035		2.88562393188
3.18236994743		2.69279766083
3.18526387215		2.20058345795
3.18812203407		2.8399553299
3.19099593163		2.73846721649
3.19387102127		2.25640106201
3.19675397873		2.5913105011
3.19962286949		2.80950832367
3.20249795914		2.46445083618
3.20537185669		2.38833522797
3.20824885368		2.8399553299
3.21111702919		2.64712810516
3.21398997307		2.25132751465
3.21687102318		2.88562393188
3.21975207329		2.69279766083
3.2226228714		2.20058345795
3.22551488876		2.8399553299
3.22837591171		2.73846721649
3.23125195503		2.25132751465
3.23412585258		2.58623600006
3.23700904846		2.80950832367
3.23987388611		2.46445083618
3.2427520752		2.38833522797
3.24562692642		2.83488082886
3.24850201607		2.64712810516
3.25137495995		2.25132751465
3.25425291061		2.88562393188
3.25715494156		2.69279766083
3.26000595093		2.20058345795
3.26288104057		2.83488082886
3.2657558918		2.73846721649
3.26864099503		2.24625301361
3.27150797844		2.58116149902
3.27437996864		2.80443382263
3.2772629261		2.46952533722
3.28013396263		2.39848423004
3.28300786018		2.83488082886
3.28588294983		2.6420545578
3.28875303268		2.24625301361
3.29162502289		2.89069843292
3.29449892044		2.69787216187
3.29748606682		2.20565795898
3.30038690567		2.86532688141
3.30326485634		2.72831821442
3.30613589287		2.2310295105
3.30901288986		2.63190555573
3.31188988686		2.79936027527
3.31476306915		2.42893028259
3.31764793396		2.42385578156
3.32051706314		2.83488082886
3.32338786125		2.62175655365
3.32626390457		2.27162456512
3.32915592194		2.87547588348
3.33201599121		2.69279766083
3.33488988876		2.20565795898
3.33776807785		2.86532688141
3.34063792229		2.72831821442
3.34351801872		2.2310295105
3.34638905525		2.6420545578
3.34926605225		2.79428577423
3.35215902328		2.41370677948
3.35501790047		2.41878128052
3.35790085793		2.83488082886
3.36076807976		2.62683105469
3.36364293098		2.26655006409
3.36652493477		2.87547588348
3.36939907074		2.69279766083
3.37226986885		2.20565795898
3.3751449585		2.86025238037
3.37802100182		2.72831821442
3.38089585304		2.2310295105
3.38377189636		2.62683105469
3.38665294647		2.79936027527
3.38952302933		2.42893028259
3.39239692688		2.40863323212
3.39527106285		2.83488082886
3.39814996719		2.62683105469
3.40102291107		2.26655006409
3.40389800072		2.88055038452
3.40678095818		2.68772315979
3.40964102745		2.20565795898
3.41251587868		2.86025238037
3.415391922		2.73339271545
3.41828489304		2.2310295105
3.42115402222		2.62683105469
3.42402505875		2.79428577423
3.42690992355		2.42385578156
3.42977690697		2.41370677948
3.43265390396		2.83488082886
3.43552899361		2.63190555573
3.43840503693		2.26655006409
3.4412958622		2.87547588348
3.44415187836		2.68772315979
3.44704198837		2.20058345795
3.449903965		2.86025238037
3.45278096199		2.72831821442
3.45565700531		2.24117851257
3.4585340023		2.62683105469
3.46140503883		2.79428577423
3.46428394318		2.41878128052
3.46716690063		2.41370677948
3.47003293037		2.83488082886
3.47290492058		2.63698005676
3.47578191757		2.27162456512
3.47866106033		2.88055038452
3.48153495789		2.69279766083
3.48441004753		2.20058345795
3.48729085922		2.86025238037
3.4901599884		2.73339271545
3.49303603172		2.24117851257
3.49590992928		2.62683105469
3.49878787994		2.79428577423
3.50166201591		2.42385578156
3.50453805923		2.40863323212
3.50749802589		2.83488082886
3.51041388512		2.61160755157
3.51330590248		2.2919216156
3.51616501808		2.86532688141
3.51903986931		2.68264961243
3.52191400528		2.20565795898
3.5247900486		2.88055038452
3.5276658535		2.71817016602
3.53054094315		2.22595500946
3.53341603279		2.67250061035
3.53629803658		2.77906227112
3.53917002678		2.38833522797
3.54203987122		2.43907928467
3.54491591454		2.82980632782
3.54779291153		2.61160755157
3.55066895485		2.2817735672
3.55354499817		2.86532688141
3.55641889572		2.68264961243
3.55929899216		2.20565795898
3.5621740818		2.88055038452
3.56504487991		2.72324466705
3.56792187691		2.22595500946
3.57079696655		2.67250061035
3.57366991043		2.78413677216
3.57655692101		2.38833522797
3.57942199707		2.43907928467
3.58229804039		2.83488082886
3.58518695831		2.60653305054
3.58805394173		2.28684806824
3.59092402458		2.86532688141
3.59380197525		2.68264961243
3.59668087959		2.21073246002
3.5995490551		2.88055038452
3.60242700577		2.72324466705
3.60530090332		2.22088050842
3.60819101334		2.68264961243
3.61104297638		2.78921127319
3.61391806602		2.39848423004
3.61679792404		2.43907928467
3.61967992783		2.83488082886
3.62255501747		2.61160755157
3.62543797493		2.2817735672
3.62830400467		2.87040138245
3.63118004799		2.68772315979
3.63405394554		2.20565795898
3.63693594933		2.88055038452
3.63980388641		2.72324466705
3.64268398285		2.21580600739
3.64555501938		2.67757511139
3.64844894409		2.78413677216
3.6513068676		2.39848423004
3.6541800499		2.43907928467
3.6570649147		2.82980632782
3.65993285179		2.61160755157
3.66280603409		2.2817735672
3.66568303108		2.86532688141
3.6685590744		2.68772315979
3.67143297195		2.21073246002
3.67431092262		2.88055038452
3.67719006538		2.72324466705
3.68006086349		2.21580600739
3.68293499947		2.66742610931
3.68581199646		2.78921127319
3.68868803978		2.39848423004
3.69156193733		2.43907928467
3.69443702698		2.83488082886
3.69733190536		2.60653305054
3.70018792152		2.2817735672
3.7030620575		2.86532688141
3.7059378624		2.68772315979
3.70881605148		2.21073246002
3.71168994904		2.87547588348
3.71457099915		2.71817016602
3.71747899055		2.21580600739
3.72032094002		2.67250061035
3.72319102287		2.78921127319
3.7260658741		2.39848423004
3.72894191742		2.43907928467
3.73181796074		2.82980632782
3.73469185829		2.61160755157
3.73757791519		2.28684806824
3.74044299126		2.86532688141
3.7433180809		2.68264961243
3.7461950779		2.20565795898
3.74906802177		2.87547588348
3.75194501877		2.72324466705
3.75482201576		2.22088050842
3.75769686699		2.66742610931
3.76057004929		2.78921127319
3.76344704628		2.39848423004
3.76632094383		2.44415378571
3.7692129612		2.83488082886
3.7720708847		2.61668205261
3.77494692802		2.2817735672
3.77782201767		2.87040138245
3.78069806099		2.68264961243
3.78357505798		2.20565795898
3.78644990921		2.88055038452
3.78932595253		2.72324466705
3.79219889641		2.22595500946
3.79507493973		2.66235160828
3.7979528904		2.78921127319
3.80082702637		2.393409729
3.80370688438		2.43400478363
3.80658602715		2.83488082886
3.809445858		2.62175655365
3.81231784821		2.28684806824
3.81519198418		2.86532688141
3.81808590889		2.68264961243
3.82095503807		2.20565795898
3.82382893562		2.87547588348
3.82670998573		2.72324466705
3.82958102226		2.22595500946
3.83246994019		2.66742610931
3.83533000946		2.78921127319
3.83820486069		2.393409729
3.84107995033		2.43400478363
3.84395694733		2.82980632782
3.84684085846		2.61668205261
3.84970808029		2.28684806824
3.85258197784		2.87040138245
3.85545706749		2.68772315979
3.85833501816		2.20058345795
3.86120796204		2.87547588348
3.86408495903		2.72324466705
3.86696791649		2.22595500946
3.8698348999		2.66235160828
3.8727118969		2.78921127319
3.87558698654		2.393409729
3.87846088409		2.42893028259
3.88135504723		2.83488082886
3.88421297073		2.61668205261
3.88709688187		2.2817735672
3.88996386528		2.87040138245
3.89284300804		2.68264961243
3.8957118988		2.20565795898
3.89859104156		2.88055038452
3.90146303177		2.72324466705
3.90434098244		2.22595500946
3.90722584724		2.66235160828
3.91009092331		2.79428577423
3.91296601295		2.40355873108
3.91584086418		2.43400478363
3.91872000694		2.83488082886
3.92159199715		2.61668205261
3.92446684837		2.27669906616
3.92742991447		2.86025238037
3.93034386635		2.67757511139
3.93321895599		2.21073246002
3.93609285355		2.89069843292
3.93897199631		2.71309566498
3.94184494019		2.21073246002
3.94471907616		2.70802116394
3.94760489464		2.77906227112
3.9504699707		2.36296367645
3.95336198807		2.46952533722
3.95622086525		2.82980632782
3.95909690857		2.58623600006
3.96197390556		2.29699611664
3.96484589577		2.86025238037
3.96772384644		2.68264961243
3.97060108185		2.21580600739
3.97347187996		2.88562393188
3.97635197639		2.71309566498
3.97923088074		2.21073246002
3.98210406303		2.70802116394
3.98497486115		2.77906227112
3.98785305023		2.36803817749
3.99072599411		2.46445083618
3.99360108376		2.83488082886
3.9965569973		2.56593894958
3.9994790554		2.32236862183
4.00235390663		2.8501033783
4.00522685051		2.67250061035
4.00810194016		2.22595500946
4.01096987724		2.89069843292
4.01384496689		2.70802116394
4.01672697067		2.20565795898
4.01960802078		2.74861621857
4.02248001099		2.76891326904
4.02537298203		2.32744312286
4.0282330513		2.49997138977
4.03110599518		2.82473182678
4.03398394585		2.55578994751
4.03686499596		2.32236862183
4.0397310257		2.8501033783
4.04260897636		2.67250061035
4.04548406601		2.22595500946
4.048361063		2.89069843292
4.05123400688		2.70802116394
4.05410885811		2.20058345795
4.05699205399		2.74861621857
4.0598590374		2.76383876801
4.06273603439		2.32744312286
4.06561589241		2.49489688873
4.06848788261		2.82473182678
4.0713698864		2.55578994751
4.07423400879		2.32236862183
4.07712197304		2.8501033783
4.07998895645		2.67757511139
4.08286190033		2.22088050842
4.08573794365		2.89069843292
4.08861899376		2.71309566498
4.09148907661		2.20565795898
4.09436297417		2.74861621857
4.09726500511		2.76383876801
4.10011506081		2.32744312286
4.10299086571		2.4898223877
4.10586690903		2.82473182678
4.10874390602		2.56593894958
4.1116168499		2.32236862183
4.11449098587		2.8501033783
4.11745786667		2.66742610931
4.12037205696		2.2310295105
4.12326288223		2.89577293396
4.12611889839		2.7029466629
4.12899589539		2.20565795898
4.13187098503		2.78921127319
4.13474297523		2.7536907196
4.13763093948		2.2817735672
4.14049601555		2.52534389496
4.14337086678		2.81965732574
4.14624595642		2.51519489288
4.14912199974		2.34774017334
4.15199494362		2.8399553299
4.15487289429		2.66235160828
4.15775299072		2.2310295105
4.16062998772		2.89069843292
4.16350102425		2.7029466629
4.1663749218		2.20565795898
4.16926503181		2.78921127319
4.17212486267		2.7536907196
4.17499995232		2.28684806824
4.17787599564		2.52534389496
4.18075299263		2.81965732574
4.18362808228		2.53041744232
4.18651390076		2.35281467438
4.18937706947		2.84502887726
4.19225287437		2.66235160828
4.19512605667		2.2310295105
4.19800496101		2.89069843292
4.20088005066		2.7029466629
4.20375490189		2.20565795898
4.20663785934		2.78921127319
4.20949888229		2.75876522064
4.21236991882		2.29699611664
4.21524906158		2.53041744232
4.21813988686		2.81965732574
4.22100496292		2.53041744232
4.22388195992		2.34774017334
4.2267639637		2.84502887726
4.22962999344		2.66235160828
4.23252296448		2.23610401154
4.23538088799		2.89577293396
4.23825788498		2.7029466629
4.24113106728		2.20565795898
4.24400687218		2.78413677216
4.24689006805		2.75876522064
4.24976301193		2.2919216156
4.25263404846		2.52534389496
4.25554585457		2.81458282471
4.25838685036		2.53041744232
4.26125407219		2.3426656723
4.26412796974		2.84502887726
4.26700401306		2.66742610931
4.26988101006		2.2310295105
4.27275300026		2.89577293396
4.27563095093		2.7029466629
4.27851700783		2.20058345795
4.28140497208		2.78413677216
4.28426504135		2.75876522064
4.28714990616		2.2919216156
4.29000806808		2.52026939392
4.29288005829		2.81965732574
4.29575586319		2.53549194336
4.29864692688		2.34774017334
4.30151700974		2.84502887726
4.30439400673		2.66235160828
4.30727601051		2.23610401154
4.31014204025		2.89577293396
4.31301689148		2.7029466629
4.3158929348		2.20058345795
4.31877303123		2.77906227112
4.32165288925		2.75876522064
4.32492494583		2.22595500946
4.32776999474		2.66235160828
4.33064103127		2.78921127319
4.33351302147		2.39848423004
4.33639097214		2.45430183411
4.33940005302		2.82980632782
4.34226489067		2.59638500214
4.34513807297		2.30207061768
4.34801888466		2.86025238037
4.35088992119		2.67757511139
4.35376501083		2.21073246002
4.35664486885		2.88055038452
4.35952591896		2.71817016602
4.36239790916		2.21580600739
4.36527490616		2.7029466629
4.36815190315		2.77906227112
4.3710269928		2.35788917542
4.37390089035		2.45937633514
4.37677693367		2.83488082886
4.37965393066		2.59638500214
4.38252687454		2.30207061768
4.38542103767		2.85517787933
4.38828206062		2.67757511139
4.39115405083		2.21073246002
4.39402794838		2.88562393188
4.39691305161		2.71817016602
4.39978003502		2.21580600739
4.40265607834		2.7029466629
4.40552997589		2.77906227112
4.40840697289		2.35281467438
4.41127300262		2.45430183411
4.41414785385		2.83488082886
4.41702795029		2.59638500214
4.41990995407		2.30207061768
4.42278504372		2.86025238037
4.42565894127		2.67757511139
4.42853999138		2.21073246002
4.43140697479		2.88562393188
4.43428397179		2.71309566498
4.43716907501		2.21073246002
4.44003486633		2.69787216187
4.44291090965		2.77906227112
4.44578695297		2.36803817749
4.44866204262		2.45937633514
4.45153784752		2.83488082886
4.45441102982		2.59638500214
4.45730304718		2.30207061768
4.46016192436		2.86532688141
4.46303892136		2.67757511139
4.46591186523		2.21073246002
4.46878886223		2.88562393188
4.47166705132		2.71309566498
4.47453999519		2.21073246002
4.47745800018		2.71309566498
4.48029208183		2.77906227112
4.48316502571		2.37818622589
4.48603987694		2.45937633514
4.48891687393		2.82980632782
4.4917910099		2.5913105011
4.49466896057		2.29699611664
4.4975540638		2.86025238037
4.50041699409		2.68264961243
4.50329303741		2.21580600739
4.50617003441		2.89069843292
4.50904297829		2.71817016602
4.51191997528		2.21073246002
4.51479697227		2.69279766083
4.51767992973		2.77906227112
4.52056097984		2.36803817749
4.52341985703		2.45937633514
4.52629685402		2.82980632782
4.52931404114		2.55578994751
4.53217196465		2.31729412079
4.53504991531		2.84502887726
4.53792691231		2.67757511139
4.54079985619		2.22088050842
4.54367303848		2.89069843292
4.54655098915		2.70802116394
4.54942393303		2.20565795898
4.55231785774		2.75876522064
4.55517601967		2.76891326904
4.55805397034		2.33251667023
4.56092405319		2.49489688873
4.56380105019		2.82980632782
4.56668400764		2.56086444855
4.56955289841		2.32236862183
4.5724260807		2.8501033783
4.5753018856		2.67757511139
4.57818102837		2.21580600739
4.58105397224		2.89069843292
4.58393001556		2.70802116394
4.58681201935		2.20565795898
4.58967995644		2.74354171753
4.59255599976		2.76891326904
4.59542989731		2.33251667023
4.59830594063		2.4898223877
4.60118103027		2.82473182678
4.60405397415		2.56593894958
4.60694599152		2.32236862183
4.60979986191		2.8501033783
4.61267399788		2.67757511139
4.61554694176		2.21580600739
4.61844301224		2.89577293396
4.62130999565		2.70802116394
4.62418484688		2.20565795898
4.62706685066		2.74354171753
4.62993788719		2.76891326904
4.63280892372		2.33251667023
4.63568401337		2.4898223877
4.63856291771		2.82980632782
4.6414539814		2.56593894958
4.64431190491		2.32236862183
4.64719605446		2.8501033783
4.65006303787		2.67250061035
4.6529378891		2.21580600739
4.65581393242		2.89069843292
4.65869188309		2.70802116394
4.66156291962		2.21580600739
4.66443991661		2.74861621857
4.66732192039		2.76891326904
4.67018985748		2.33251667023
4.67306494713		2.48474884033
4.6759390831		2.82473182678
4.67881703377		2.57101249695
4.68169093132		2.32236862183
4.68456792831		2.8501033783
4.68748688698		2.67250061035
4.69032096863		2.21580600739
4.69319295883		2.89069843292
4.69607305527		2.70802116394
4.69895195961		2.21073246002
4.70182085037		2.73846721649
4.70469403267		2.76891326904
4.70757985115		2.32744312286
4.71044492722		2.48474884033
4.71333599091		2.82980632782
4.71619701385		2.57101249695
4.71907305717		2.31729412079
4.7219479084		2.8501033783
4.72481989861		2.67250061035
4.72769999504		2.22088050842
4.73057293892		2.89069843292
4.73344802856		2.70802116394
4.73632287979		2.20565795898
4.73932290077		2.77906227112
4.74219799042		2.75876522064
4.74507498741		2.29699611664
4.74795293808		2.52534389496
4.75082707405		2.82473182678
4.75370407104		2.53549194336
4.75658392906		2.34774017334
4.75945591927		2.84502887726
4.76232790947		2.66742610931
4.76520299911		2.2310295105
4.76807999611		2.89069843292
4.77095389366		2.7029466629
4.77382802963		2.20565795898
4.77670693398		2.77906227112
4.77957987785		2.75876522064
4.78245592117		2.30207061768
4.78535294533		2.53041744232
4.78820896149		2.81965732574
4.79108095169		2.53041744232
4.79395604134		2.33759117126
4.796833992		2.84502887726
4.79970788956		2.66742610931
4.8025829792		2.2310295105
4.80545806885		2.89069843292
4.80834889412		2.69787216187
4.81119990349		2.20565795898
4.81407499313		2.77398777008
4.81695604324		2.75876522064
4.81983804703		2.30207061768
4.82271194458		2.52534389496
4.82558894157		2.81965732574
4.82846188545		2.53549194336
4.8313369751		2.33759117126
4.83421087265		2.84502887726
4.8370950222		2.67250061035
4.83996200562		2.2310295105
4.84283804893		2.89069843292
4.84571290016		2.7029466629
4.84858989716		2.20058345795
4.85146403313		2.77398777008
4.85433793068		2.76383876801
4.85721588135		2.30207061768
4.86009097099		2.52026939392
4.86296391487		2.81965732574
4.86583995819		2.53549194336
4.86871790886		2.33759117126
4.87159204483		2.84502887726
4.87447404861		2.67250061035
4.8773829937		2.23610401154
4.8802189827		2.89069843292
4.88309288025		2.7029466629
4.88596701622		2.20565795898
4.88884806633		2.77398777008
4.89172005653		2.75876522064
4.89459395409		2.30714511871
4.89757394791		2.55578994751
4.90047192574		2.81458282471
4.90334486961		2.4898223877
4.90622186661		2.36803817749
4.90909695625		2.8399553299
4.91197299957		2.66235160828
4.9148478508		2.24117851257
4.91772389412		2.89069843292
4.92061400414		2.69787216187
4.92347598076		2.20058345795
4.9263510704		2.82473182678
4.92922496796		2.74861621857
4.93209695816		2.27162456512
4.9349770546		2.55578994751
4.9378528595		2.81458282471
4.9407248497		2.49997138977
4.94359993935		2.36803817749
4.94651293755		2.8399553299
4.94935202599		2.65727710724
4.95222806931		2.24117851257
4.95510101318		2.89577293396
4.9579808712		2.7029466629
4.96085190773		2.20058345795
4.96373486519		2.81965732574
4.96661186218		2.74861621857
4.96949601173		2.26655006409
4.97235488892		2.55578994751
4.97522997856		2.80950832367
4.97811293602		2.49997138977
4.98098301888		2.36803817749
4.98385691643		2.84502887726
4.98673987389		2.65727710724
4.9896068573		2.23610401154
4.99248385429		2.89069843292
4.99535703659		2.69787216187
4.99823403358		2.20565795898
