0.000128030776978		2.76383876801
0.00409507751465		2.1701374054
0.00698304176331		2.80950832367
0.00984406471252		2.7536907196
0.0127151012421		2.20058345795
0.0156469345093		2.74354171753
0.0184650421143		2.77906227112
0.021341085434		2.27162456512
0.0240960121155		2.57608699799
0.0269739627838		2.81458282471
0.0298418998718		2.393409729
0.0327179431915		2.49997138977
0.0356528759003		2.81965732574
0.0384700298309		2.48474884033
0.0413479804993		2.43400478363
0.0442180633545		2.82980632782
0.0470960140228		2.55071544647
0.0499730110168		2.37311172485
0.052845954895		2.8399553299
0.055722951889		2.60653305054
0.058629989624		2.31729412079
0.0614709854126		2.8501033783
0.0643489360809		2.63698005676
0.0672268867493		2.25640106201
0.0700979232788		2.88055038452
0.0728490352631		2.66742610931
0.0757400989532		2.20565795898
0.078605890274		2.91607093811
0.081484079361		2.67757511139
0.0843570232391		2.19043445587
0.0872368812561		2.92114448547
0.0901079177856		2.69279766083
0.0929839611053		2.17521095276
0.0958609580994		2.89577293396
0.0987329483032		2.70802116394
0.101608037949		2.16506290436
0.104487895966		2.86025238037
0.107362985611		2.73846721649
0.110234975815		2.1802854538
0.113111019135		2.77906227112
0.115988016129		2.75876522064
0.118860960007		2.21073246002
0.121737003326		2.69279766083
0.124612092972		2.77906227112
0.127487897873		2.2817735672
0.130364894867		2.60145950317
0.133239030838		2.80950832367
0.136122941971		2.35788917542
0.13898897171		2.52026939392
0.141865968704		2.81965732574
0.14474606514		2.45430183411
0.147624015808		2.45430183411
0.150489091873		2.82473182678
0.153366088867		2.53041744232
0.156244039536		2.38326072693
0.159116983414		2.83488082886
0.161992073059		2.59638500214
0.164875030518		2.32744312286
0.167744874954		2.84502887726
0.1706199646		2.63190555573
0.173494100571		2.27669906616
0.176371097565		2.86532688141
0.179244995117		2.6522026062
0.18211889267		2.2310295105
0.185008049011		2.89577293396
0.187871932983		2.66742610931
0.190747976303		2.20058345795
0.193620920181		2.91607093811
0.196497917175		2.68264961243
0.199373006821		2.18535995483
0.20224905014		2.91607093811
0.205131053925		2.69787216187
0.208000898361		2.17521095276
0.210877895355		2.89577293396
0.213751077652		2.71817016602
0.216628074646		2.16506290436
0.219501018524		2.83488082886
0.222377061844		2.73846721649
0.225257873535		2.1802854538
0.228126049042		2.76891326904
0.23100399971		2.76383876801
0.233879089355		2.22595500946
0.236759901047		2.68772315979
0.239629030228		2.79428577423
0.24250292778		2.2919216156
0.24538397789		2.5913105011
0.24825501442		2.80950832367
0.251128911972		2.37818622589
0.254004955292		2.51519489288
0.256886959076		2.81965732574
0.259754896164		2.45937633514
0.262630939484		2.43400478363
0.26558303833		2.82473182678
0.268383979797		2.54564094543
0.271255970001		2.37818622589
0.274132013321		2.82980632782
0.277008056641		2.60145950317
0.279885053635		2.32236862183
0.282757997513		2.8501033783
0.285670995712		2.62683105469
0.288511037827		2.26655006409
0.291387081146		2.87547588348
0.294260025024		2.65727710724
0.297137022018		2.22088050842
0.300010919571		2.900847435
0.302887916565		2.67250061035
0.305769920349		2.20058345795
0.30863904953		2.91607093811
0.311512947083		2.68772315979
0.314387083054		2.1802854538
0.317260980606		2.91607093811
0.320137023926		2.7029466629
0.323011875153		2.1701374054
0.325896978378		2.89069843292
0.328762054443		2.71817016602
0.331640005112		2.16506290436
0.334513902664		2.84502887726
0.337390899658		2.74354171753
0.340266942978		2.19043445587
0.343141078949		2.7536907196
0.34601688385		2.76891326904
0.348891973495		2.2310295105
0.351767063141		2.67250061035
0.354643106461		2.78413677216
0.357517957687		2.30714511871
0.360394954681		2.58116149902
0.36326789856		2.81458282471
0.366147994995		2.38326072693
0.369023084641		2.49997138977
0.371895074844		2.81965732574
0.374778032303		2.47459983826
0.377645969391		2.43400478363
0.380522012711		2.82980632782
0.383397102356		2.55071544647
0.386275053024		2.36803817749
0.389147996902		2.83488082886
0.392023086548		2.60653305054
0.394906044006		2.31221961975
0.397774934769		2.8501033783
0.40064907074		2.63698005676
0.403522968292		2.25640106201
0.406399965286		2.87547588348
0.409275054932		2.65727710724
0.412149906158		2.22088050842
0.415037870407		2.900847435
0.417901992798		2.67250061035
0.420774936676		2.20058345795
0.42365193367		2.92114448547
0.426528930664		2.68772315979
0.42941904068		2.1802854538
0.432276964188		2.91099643707
0.43516087532		2.7029466629
0.438029050827		2.16506290436
0.440905094147		2.88562393188
0.443780899048		2.72324466705
0.446656942368		2.1701374054
0.449529886246		2.82473182678
0.452404975891		2.74354171753
0.455282926559		2.19043445587
0.458155870438		2.74354171753
0.461030960083		2.76891326904
0.463907003403		2.24117851257
0.466784000397		2.6522026062
0.469657897949		2.79428577423
0.472532987595		2.30714511871
0.475415945053		2.57101249695
0.478286027908		2.81458282471
0.481158971786		2.40355873108
0.484036922455		2.4898223877
0.486916065216		2.81965732574
0.489785909653		2.47967433929
0.492660045624		2.41878128052
0.495580911636		2.82473182678
0.498413085938		2.56086444855
0.50128698349		2.35788917542
0.50417304039		2.83488082886
0.507037878036		2.60653305054
0.509913921356		2.30207061768
0.512789011002		2.85517787933
0.51567196846		2.6420545578
0.518537044525		2.25132751465
0.521415948868		2.88055038452
0.524288892746		2.65727710724
0.527163982391		2.21580600739
0.530040979385		2.90592193604
0.532917022705		2.67250061035
0.535803079605		2.19550895691
0.538672924042		2.91607093811
0.541546106339		2.68772315979
0.544416904449		2.1802854538
0.547297954559		2.91099643707
0.550169944763		2.70802116394
0.553045988083		2.17521095276
0.555922985077		2.87547588348
0.558796882629		2.72324466705
0.561670064926		2.1701374054
0.56454706192		2.8399553299
0.567425966263		2.74861621857
0.570297002792		2.19550895691
0.573170900345		2.73846721649
0.576050043106		2.77398777008
0.57892203331		2.24117851257
0.581804990768		2.6420545578
0.584671974182		2.79428577423
0.587548017502		2.32744312286
0.590423107147		2.55578994751
0.59331703186		2.81458282471
0.596177101135		2.40863323212
0.599050045013		2.48474884033
0.601926088333		2.82473182678
0.604809045792		2.49997138977
0.607676029205		2.41370677948
0.610550880432		2.82473182678
0.613426923752		2.56593894958
0.616303920746		2.35281467438
0.619177103043		2.83488082886
0.622051954269		2.61668205261
0.624936103821		2.30207061768
0.627803087234		2.85517787933
0.630677938461		2.6420545578
0.633553981781		2.24625301361
0.636430978775		2.88562393188
0.639304876328		2.66235160828
0.642183065414		2.21073246002
0.645057916641		2.90592193604
0.647938013077		2.67250061035
0.650806903839		2.19043445587
0.653681993484		2.91607093811
0.656558036804		2.69279766083
0.659431934357		2.1802854538
0.662308931351		2.90592193604
0.665193080902		2.70802116394
0.668057918549		2.1701374054
0.670933008194		2.87040138245
0.673814058304		2.72831821442
0.676686048508		2.17521095276
0.67955994606		2.79936027527
0.68244099617		2.74861621857
0.6853120327		2.19550895691
0.688188076019		2.71817016602
0.691061973572		2.77906227112
0.693935871124		2.25640106201
0.696814060211		2.63190555573
0.699686050415		2.79936027527
0.702564001083		2.33251667023
0.705446004868		2.55071544647
0.70831489563		2.81458282471
0.711189031601		2.42385578156
0.714065074921		2.46952533722
0.716940879822		2.82473182678
0.719815969467		2.49997138977
0.722690105438		2.40355873108
0.725609064102		2.82980632782
0.728442907333		2.57608699799
0.731318950653		2.34774017334
0.734193086624		2.8399553299
0.737072944641		2.61668205261
0.739943027496		2.28684806824
0.742819070816		2.86025238037
0.745699882507		2.64712810516
0.748569965363		2.24117851257
0.751442909241		2.89069843292
0.754319906235		2.66742610931
0.757195949554		2.21073246002
0.760071992874		2.91099643707
0.762944936752		2.67757511139
0.765822887421		2.19550895691
0.768699884415		2.91607093811
0.771579027176		2.68772315979
0.774448871613		2.1802854538
0.777333021164		2.90592193604
0.780198097229		2.70802116394
0.78307390213		2.16506290436
0.785952091217		2.86532688141
0.788824081421		2.73339271545
0.791698932648		2.17521095276
0.794574022293		2.80950832367
0.797450065613		2.7536907196
0.800327062607		2.21073246002
0.803201913834		2.70802116394
0.806080102921		2.77906227112
0.808953046799		2.25640106201
0.811827898026		2.62175655365
0.814711093903		2.80443382263
0.817578077316		2.34774017334
0.82045507431		2.53549194336
0.823329925537		2.81458282471
0.826205015182		2.43400478363
0.829077959061		2.45937633514
0.831955909729		2.82473182678
0.834836959839		2.51519489288
0.837704896927		2.39848423004
0.840580940247		2.82473182678
0.843457937241		2.58116149902
0.846332073212		2.33251667023
0.849205970764		2.8399553299
0.852083921432		2.62683105469
0.854965925217		2.28684806824
0.857834100723		2.86025238037
0.860714912415		2.64712810516
0.86358499527		2.2310295105
0.866460084915		2.89069843292
0.869334936142		2.66235160828
0.872214078903		2.20565795898
0.87509393692		2.91099643707
0.877963066101		2.68264961243
0.880836009979		2.19043445587
0.883712053299		2.91607093811
0.886594057083		2.69279766083
0.889465093613		2.1802854538
0.892355918884		2.900847435
0.895222902298		2.71309566498
0.898091077805		2.16506290436
0.900964975357		2.85517787933
0.903841018677		2.73339271545
0.906719923019		2.1802854538
0.909590959549		2.78413677216
0.912466049194		2.75876522064
0.915348052979		2.20565795898
0.918217897415		2.69787216187
0.921093940735		2.78413677216
0.923975944519		2.27669906616
0.9268450737		2.60653305054
0.929718971252		2.80950832367
0.932595968246		2.35281467438
0.935471057892		2.52534389496
0.938344955444		2.81965732574
0.94122004509		2.44922733307
0.944094896317		2.45430183411
0.946971893311		2.82473182678
0.949865102768		2.51519489288
0.952725887299		2.38833522797
0.955681085587		2.82473182678
0.958473920822		2.5913105011
0.961348056793		2.32744312286
0.964224100113		2.8399553299
0.967242002487		2.60145950317
0.970103025436		2.30207061768
0.972974061966		2.85517787933
0.97585105896		2.63698005676
0.978724956512		2.25132751465
0.981601953506		2.87547588348
0.984476089478		2.65727710724
0.987351894379		2.21580600739
0.990226984024		2.90592193604
0.993103981018		2.67250061035
0.995980024338		2.19550895691
0.99885392189		2.91607093811
1.00172901154		2.68772315979
1.00460290909		2.1802854538
1.00748205185		2.91099643707
1.01035499573		2.7029466629
1.01322889328		2.1701374054
1.01610898972		2.88055038452
1.01898288727		2.71817016602
1.02185988426		2.16506290436
1.02474093437		2.81458282471
1.02760696411		2.74861621857
1.03048300743		2.19550895691
1.03335690498		2.73339271545
1.03624200821		2.76891326904
1.03911590576		2.23610401154
1.04198503494		2.6420545578
1.04486608505		2.79428577423
1.04773497581		2.32236862183
1.05060887337		2.55578994751
1.05348396301		2.81458282471
1.05636310577		2.40863323212
1.05923700333		2.47967433929
1.0621099472		2.82473182678
1.06499695778		2.4898223877
1.06786203384		2.41878128052
1.0707359314		2.82473182678
1.07361292839		2.56086444855
1.07648897171		2.35281467438
1.07936501503		2.8399553299
1.08224010468		2.61668205261
1.08511900902		2.30207061768
1.0879919529		2.85517787933
1.09086894989		2.6420545578
1.09374094009		2.24625301361
1.09661889076		2.88055038452
1.09949088097		2.66235160828
1.10236787796		2.21580600739
1.10524988174		2.90592193604
1.10811805725		2.67757511139
1.11099290848		2.19043445587
1.11386799812		2.91607093811
1.11674499512		2.69279766083
1.11961889267		2.1802854538
1.12249398232		2.900847435
1.12537789345		2.7029466629
1.12825393677		2.16506290436
1.13112092018		2.87040138245
1.1339969635		2.72831821442
1.13687300682		2.1701374054
1.1397459507		2.79936027527
1.14262199402		2.74861621857
1.14553999901		2.18535995483
1.14837288857		2.72324466705
1.15124893188		2.77398777008
1.15412592888		2.25640106201
1.15700101852		2.63190555573
1.15987491608		2.79936027527
1.16274905205		2.32744312286
1.16571092606		2.58116149902
1.16851091385		2.81458282471
1.17137598991		2.41878128052
1.17425203323		2.47459983826
1.17712903023		2.82473182678
1.18000292778		2.49997138977
1.18287587166		2.40863323212
1.18575906754		2.82473182678
1.1886279583		2.57101249695
1.19150400162		2.34774017334
1.19438004494		2.8399553299
1.19725394249		2.61668205261
1.20012903214		2.28684806824
1.20300507545		2.86025238037
1.20588207245		2.6420545578
1.20875406265		2.24117851257
1.21162891388		2.89069843292
1.2145049572		2.65727710724
1.21738910675		2.21073246002
1.22025895119		2.90592193604
1.22313189507		2.67757511139
1.22601103783		2.19550895691
1.22888207436		2.91607093811
1.23175907135		2.68772315979
1.23463487625		2.17521095276
1.2375099659		2.900847435
1.24038696289		2.71309566498
1.24325895309		2.1701374054
1.24613809586		2.86532688141
1.24901294708		2.72831821442
1.25188493729		2.1701374054
1.25476789474		2.79428577423
1.2576379776		2.7536907196
1.26051497459		2.20565795898
1.26338791847		2.70802116394
1.26626586914		2.77906227112
1.26913809776		2.25640106201
1.27201509476		2.61668205261
1.27490091324		2.79936027527
1.27776503563		2.34774017334
1.28064107895		2.5405664444
1.28351688385		2.80950832367
1.28639888763		2.42385578156
1.28926587105		2.46445083618
1.29214191437		2.82473182678
1.29502391815		2.51519489288
1.29789400101		2.40355873108
1.30077004433		2.82473182678
1.30364203453		2.58116149902
1.30652809143		2.33759117126
1.30939388275		2.84502887726
1.31226801872		2.62175655365
1.31515192986		2.28684806824
1.31802105904		2.86025238037
1.32089400291		2.64712810516
1.32377004623		2.23610401154
1.3266479969		2.88562393188
1.32952189445		2.66235160828
1.33240389824		2.20565795898
1.33527493477		2.91099643707
1.33814907074		2.67757511139
1.34102296829		2.18535995483
1.34389805794		2.91607093811
1.34677505493		2.69787216187
1.34965109825		2.17521095276
1.35252404213		2.89577293396
1.35541009903		2.70802116394
1.35827708244		2.16506290436
1.36115288734		2.85517787933
1.36402606964		2.72831821442
1.36690402031		2.17521095276
1.36977791786		2.78413677216
1.37265396118		2.75876522064
1.37561893463		2.19043445587
1.37840390205		2.69787216187
1.38128089905		2.77906227112
1.38415598869		2.27162456512
1.38703298569		2.61160755157
1.38990402222		2.80443382263
1.39278101921		2.34774017334
1.39566802979		2.53041744232
1.39853000641		2.81965732574
1.4014070034		2.44415378571
1.40428590775		2.45937633514
1.40715789795		2.82473182678
1.41003203392		2.52534389496
1.41290903091		2.393409729
1.41579008102		2.82980632782
1.41865897179		2.58623600006
1.42153406143		2.33251667023
1.42440795898		2.84502887726
1.42728495598		2.62683105469
1.43015909195		2.27162456512
1.43303489685		2.86532688141
1.43591189384		2.6522026062
1.43878602982		2.2310295105
1.44165992737		2.89069843292
1.44453501701		2.66235160828
1.44741392136		2.20058345795
1.45028710365		2.91607093811
1.45316410065		2.68264961243
1.45603895187		2.19043445587
1.45891308784		2.91607093811
1.4617869854		2.69787216187
1.46466398239		2.17521095276
1.46754193306		2.89577293396
1.47041392326		2.71309566498
1.47329187393		2.16506290436
1.47616791725		2.84502887726
1.47904109955		2.73846721649
1.4819149971		2.17521095276
1.48479890823		2.77398777008
1.48766994476		2.75876522064
1.49054288864		2.22088050842
1.49341797829		2.68264961243
1.4962990284		2.78413677216
1.49916887283		2.2817735672
1.5020430088		2.59638500214
1.5049290657		2.80443382263
1.50779700279		2.37311172485
1.51066994667		2.52026939392
1.51354503632		2.81965732574
1.51644897461		2.43907928467
1.51929593086		2.44415378571
1.52217102051		2.82473182678
1.52505588531		2.53549194336
1.52792191505		2.38326072693
1.5307970047		2.83488082886
1.53367304802		2.5913105011
1.53655099869		2.32236862183
1.53942489624		2.8501033783
1.54230093956		2.63190555573
1.54518294334		2.27162456512
1.54805397987		2.87040138245
1.55092597008		2.6522026062
1.55380105972		2.22595500946
1.55667901039		2.900847435
1.5595510006		2.66742610931
1.56242704391		2.20058345795
1.56531095505		2.91099643707
1.56817889214		2.67757511139
1.57105207443		2.1802854538
1.57393407822		2.91607093811
1.57680487633		2.69787216187
1.5796790123		2.1701374054
1.58255410194		2.88562393188
1.58543896675		2.71817016602
1.58830690384		2.16506290436
1.59118103981		2.83488082886
1.59405899048		2.73846721649
1.59693408012		2.18535995483
1.599807024		2.76383876801
1.60268092155		2.76383876801
1.6056470871		2.20058345795
1.60843706131		2.67757511139
1.61130905151		2.78921127319
1.61418390274		2.29699611664
1.61706209183		2.58623600006
1.61993503571		2.80950832367
1.6228120327		2.37818622589
1.62569308281		2.51012039185
1.6285610199		2.81965732574
1.63143491745		2.46952533722
1.63431191444		2.43907928467
1.63718700409		2.82473182678
1.64006495476		2.5405664444
1.64293789864		2.37311172485
1.64582705498		2.82980632782
1.6486890316		2.60145950317
1.65156602859		2.31221961975
1.65443897247		2.84502887726
1.65731787682		2.63190555573
1.66019201279		2.26147556305
1.6630730629		2.87040138245
1.66594409943		2.65727710724
1.66881489754		2.22595500946
1.67168998718		2.900847435
1.67456698418		2.66235160828
1.67744588852		2.19550895691
1.68031787872		2.91607093811
1.68319296837		2.68264961243
1.6860730648		2.18535995483
1.68894410133		2.91607093811
1.69181799889		2.7029466629
1.69472908974		2.1701374054
1.69757008553		2.88562393188
1.70044493675		2.71817016602
1.70332098007		2.1701374054
1.70619988441		2.82980632782
1.70907306671		2.74354171753
1.71194696426		2.1802854538
1.71482491493		2.7536907196
1.7176990509		2.76891326904
1.72057199478		2.2310295105
1.72344994545		2.65727710724
1.72632694244		2.78921127319
1.72920203209		2.29699611664
1.73207402229		2.57101249695
1.7349588871		2.81458282471
1.73782587051		2.393409729
1.74070310593		2.49489688873
1.7435760498		2.81965732574
1.74645400047		2.47459983826
1.74932599068		2.42385578156
1.7522110939		2.82473182678
1.7550880909		2.55071544647
1.75795388222		2.36803817749
1.76082801819		2.82980632782
1.76370406151		2.60145950317
1.76658010483		2.30207061768
1.76945304871		2.85517787933
1.7723300457		2.63698005676
1.77521300316		2.25640106201
1.77807998657		2.87040138245
1.78095602989		2.65727710724
1.78383207321		2.21580600739
1.78670787811		2.900847435
1.78958296776		2.67250061035
1.7924580574		2.19550895691
1.79534101486		2.91607093811
1.79820799828		2.68264961243
1.8010840416		2.17521095276
1.80395889282		2.91099643707
1.80683708191		2.7029466629
1.80970907211		2.1701374054
1.81258606911		2.88055038452
1.81545996666		2.71817016602
1.81833600998		2.16506290436
1.82120990753		2.81458282471
1.82408595085		2.74861621857
1.82696390152		2.19043445587
1.82983708382		2.73846721649
1.83271408081		2.76891326904
1.83567595482		2.21073246002
1.83846688271		2.6522026062
1.84134507179		2.78921127319
1.84421801567		2.31221961975
1.84709191322		2.56593894958
1.84996509552		2.80950832367
1.85284090042		2.39848423004
1.85572004318		2.4898223877
1.85859107971		2.82473182678
1.86146593094		2.49489688873
1.86434698105		2.42385578156
1.86720991135		2.82473182678
1.87008500099		2.56086444855
1.87295889854		2.35788917542
1.87584090233		2.83488082886
1.87871098518		2.61668205261
1.88158607483		2.29699611664
1.88446187973		2.8501033783
1.88735198975		2.6420545578
1.89021992683		2.25132751465
1.89309597015		2.88055038452
1.89597010612		2.66235160828
1.89884591103		2.21580600739
1.90171909332		2.90592193604
1.90459704399		2.67250061035
1.90747594833		2.19043445587
1.91034793854		2.91607093811
1.91322493553		2.68772315979
1.91610097885		2.1802854538
1.91897201538		2.90592193604
1.92185091972		2.7029466629
1.92473292351		2.16506290436
1.92759895325		2.87040138245
1.93049407005		2.71817016602
1.93335199356		2.1701374054
1.93622899055		2.80950832367
1.93910002708		2.74861621857
1.94197893143		2.19043445587
1.94485902786		2.72831821442
1.94772601128		2.77398777008
1.95060300827		2.25132751465
1.95348191261		2.6420545578
1.95636487007		2.79428577423
1.95923089981		2.31729412079
1.96210408211		2.55071544647
1.9649810791		2.81458282471
1.9678580761		2.41370677948
1.97073101997		2.47459983826
1.97360491753		2.82473182678
1.97648191452		2.49489688873
1.97935795784		2.40863323212
1.98223090172		2.82473182678
1.9851140976		2.57101249695
1.98798394203		2.35281467438
1.990858078		2.8399553299
1.993735075		2.61668205261
1.99660992622		2.2919216156
1.99948406219		2.86025238037
2.00235795975		2.6420545578
2.00524187088		2.24625301361
2.00811290741		2.88055038452
2.01098489761		2.66235160828
2.01385998726		2.20565795898
2.01673603058		2.91099643707
2.01961708069		2.67250061035
2.02248692513		2.19550895691
2.02537202835		2.92114448547
2.02823901176		2.68772315979
2.03111505508		2.17521095276
2.0339910984		2.90592193604
2.03686499596		2.70802116394
2.03973889351		2.16506290436
2.04261398315		2.86532688141
2.04549098015		2.72831821442
2.0483648777		2.1701374054
2.05124092102		2.79428577423
2.05411696434		2.74861621857
2.05699491501		2.20565795898
2.05986809731		2.71309566498
2.06274104118		2.77398777008
2.06570196152		2.22595500946
2.06849503517		2.62175655365
2.07136702538		2.79936027527
2.07424402237		2.3426656723
2.07712101936		2.54564094543
2.07999396324		2.81458282471
2.08287000656		2.41878128052
2.08575892448		2.46952533722
2.08862090111		2.81965732574
2.09149694443		2.51012039185
2.0943710804		2.39848423004
2.09725189209		2.82473182678
2.10012197495		2.57608699799
2.1029958725		2.33759117126
2.10587501526		2.8399553299
2.1087539196		2.62175655365
2.11162304878		2.28684806824
2.11450004578		2.85517787933
2.1173760891		2.6420545578
2.12025094032		2.23610401154
2.12312602997		2.88562393188
2.12600302696		2.66235160828
2.12887597084		2.20565795898
2.13175296783		2.91099643707
2.13462591171		2.67757511139
2.1375041008		2.18535995483
2.14038205147		2.91607093811
2.143253088		2.69279766083
2.14613103867		2.17521095276
2.14900302887		2.900847435
2.15188002586		2.70802116394
2.15476202965		2.16506290436
2.15762805939		2.85517787933
2.16050505638		2.73339271545
2.16337990761		2.17521095276
2.16625905037		2.78921127319
2.1691339016		2.7536907196
2.17200493813		2.20058345795
2.17488789558		2.70802116394
2.17775797844		2.77906227112
2.18063306808		2.27162456512
2.18350696564		2.61160755157
2.18638586998		2.80443382263
2.1892580986		2.34774017334
2.19213604927		2.53041744232
2.19501590729		2.81965732574
2.19790196419		2.43400478363
2.20076107979		2.45937633514
2.20363593102		2.82473182678
2.20651507378		2.52026939392
2.20938801765		2.38833522797
2.21226286888		2.82980632782
2.21513795853		2.58623600006
2.21801400185		2.3426656723
2.22089290619		2.84502887726
2.22376394272		2.62683105469
2.22664093971		2.2817735672
2.22951388359		2.86025238037
2.23239302635		2.6522026062
2.23527407646		2.23610401154
2.23814105988		2.89069843292
2.24101495743		2.66235160828
2.24389100075		2.20058345795
2.24676799774		2.91099643707
2.24964404106		2.67757511139
2.25251889229		2.18535995483
2.25540089607		2.91607093811
2.25826907158		2.69279766083
2.26114296913		2.1701374054
2.26401901245		2.89577293396
2.26689696312		2.70802116394
2.26976895332		2.16506290436
2.27264690399		2.8501033783
2.27560687065		2.72831821442
2.27839589119		2.17521095276
2.28127193451		2.77906227112
2.28414797783		2.75876522064
2.28703594208		2.21073246002
2.28990006447		2.69279766083
2.29277300835		2.77906227112
2.29565596581		2.27162456512
2.29852294922		2.60145950317
2.30139994621		2.80443382263
2.30427503586		2.36803817749
2.30714893341		2.52534389496
2.3100259304		2.81458282471
2.31290006638		2.44415378571
2.31578588486		2.44922733307
2.31865096092		2.82473182678
2.32152605057		2.53041744232
2.32440209389		2.38326072693
2.32728004456		2.82980632782
2.33015298843		2.5913105011
2.3330309391		2.32744312286
2.33590507507		2.84502887726
2.33877897263		2.63190555573
2.34165287018		2.27669906616
2.34453010559		2.86025238037
2.34740805626		2.6522026062
2.35028100014		2.22088050842
2.35315704346		2.89577293396
2.35603404045		2.66742610931
2.35890698433		2.20058345795
2.36178088188		2.91607093811
2.3646569252		2.67757511139
2.36753487587		2.1802854538
2.37040901184		2.91607093811
2.37328290939		2.69787216187
2.37616991997		2.17521095276
2.37903404236		2.89577293396
2.38190889359		2.71817016602
2.38479208946		2.16506290436
2.38766098022		2.8399553299
2.39053606987		2.73846721649
2.39341402054		2.1802854538
2.39629006386		2.77398777008
2.39916205406		2.75876522064
2.40203905106		2.21073246002
2.40492105484		2.68264961243
2.40778899193		2.78413677216
2.41066503525		2.2919216156
2.41353797913		2.5913105011
2.41641592979		2.80443382263
2.41928887367		2.36803817749
2.42216491699		2.51012039185
2.42504787445		2.81965732574
2.42791604996		2.46445083618
2.43078994751		2.43907928467
2.4336669445		2.82473182678
2.43654298782		2.53549194336
2.43941807747		2.37818622589
2.44229197502		2.82473182678
2.44517397881		2.59638500214
2.44804406166		2.32236862183
2.45091795921		2.84502887726
2.45379400253		2.63190555573
2.45666909218		2.26655006409
2.45954704285		2.87040138245
2.46241998672		2.65727710724
2.46530795097		2.22595500946
2.46817302704		2.89577293396
2.47104692459		2.66742610931
2.47392201424		2.19550895691
2.47679805756		2.91607093811
2.47967410088		2.68264961243
2.48254799843		2.18535995483
2.48542499542		2.91099643707
2.48830199242		2.69787216187
2.49117493629		2.1701374054
2.49405002594		2.88562393188
2.49692702293		2.71817016602
2.49980187416		2.1701374054
2.50267410278		2.82980632782
2.5055949688		2.73339271545
2.50842690468		2.17521095276
2.51130199432		2.75876522064
2.51417803764		2.76383876801
2.51707601547		2.22595500946
2.51993107796		2.67250061035
2.52280306816		2.79428577423
2.52568507195		2.28684806824
2.52855205536		2.57608699799
2.53142905235		2.80443382263
2.53430390358		2.38833522797
2.5371799469		2.50504589081
2.54005408287		2.81965732574
2.54292988777		2.46445083618
2.54580688477		2.42893028259
2.54868102074		2.82473182678
2.55155491829		2.54564094543
2.55443787575		2.37311172485
2.5573079586		2.83488082886
2.56018304825		2.59638500214
2.56305789948		2.30714511871
2.56593489647		2.8501033783
2.56880998611		2.63698005676
2.57168388367		2.26147556305
2.57456088066		2.86532688141
2.57745695114		2.6522026062
2.58031606674		2.22088050842
2.58320689201		2.900847435
2.58606791496		2.67250061035
2.58893990517		2.19550895691
2.59181690216		2.91607093811
2.59472990036		2.67757511139
2.59756588936		2.1802854538
2.60044407845		2.91099643707
2.60331702232		2.7029466629
2.60619401932		2.1701374054
2.60908293724		2.88562393188
2.61194300652		2.71817016602
2.6148250103		2.16506290436
2.61769509315		2.81965732574
2.62056708336		2.73846721649
2.62344288826		2.19550895691
2.6263229847		2.74861621857
2.6291949749		2.76383876801
2.63209009171		2.21580600739
2.63495397568		2.65727710724
2.63781309128		2.79428577423
2.6406879425		2.31729412079
2.64356994629		2.57101249695
2.64646100998		2.80950832367
2.64932799339		2.38833522797
2.65221405029		2.49489688873
2.65508008003		2.81965732574
2.65794801712		2.48474884033
2.66082406044		2.42385578156
2.66370010376		2.82473182678
2.66657710075		2.55071544647
2.66945099831		2.35788917542
2.67233991623		2.83488082886
2.67520689964		2.60653305054
2.67806696892		2.30714511871
2.68094491959		2.85517787933
2.68381810188		2.63698005676
2.68671298027		2.25132751465
2.68957996368		2.87547588348
2.69245409966		2.66235160828
2.69533109665		2.22088050842
2.6982049942		2.900847435
2.70108008385		2.66742610931
2.70395588875		2.19043445587
2.70683407784		2.91607093811
2.70970606804		2.68772315979
2.71258091927		2.18535995483
2.71546006203		2.91099643707
2.71833300591		2.7029466629
2.72122502327		2.16506290436
2.7240819931		2.87547588348
2.72696089745		2.72324466705
2.72983288765		2.1701374054
2.73271608353		2.81965732574
2.73562788963		2.74354171753
2.73846006393		2.19043445587
2.74133491516		2.73846721649
2.74422693253		2.76383876801
2.74708890915		2.24625301361
2.74996209145		2.64712810516
2.752835989		2.79428577423
2.75571990013		2.30714511871
2.75858902931		2.55578994751
2.76146388054		2.81458282471
2.76433801651		2.40863323212
2.76721310616		2.47967433929
2.77009010315		2.81965732574
2.77296304703		2.4898223877
2.77584004402		2.41370677948
2.77871608734		2.82473182678
2.78159189224		2.56593894958
2.78446507454		2.37818622589
2.78734493256		2.83488082886
2.79021787643		2.60653305054
2.79310703278		2.29699611664
2.7959690094		2.85517787933
2.79884409904		2.6420545578
2.80172109604		2.25132751465
2.80459403992		2.87547588348
2.80748200417		2.65727710724
2.81034398079		2.20565795898
2.81321907043		2.90592193604
2.81609797478		2.67250061035
2.81897091866		2.19043445587
2.82185101509		2.91607093811
2.82472801208		2.68264961243
2.82759809494		2.17521095276
2.83047199249		2.90592193604
2.83334994316		2.7029466629
2.83622288704		2.16506290436
2.83909797668		2.87547588348
2.84197497368		2.72324466705
2.84485602379		2.16506290436
2.84772491455		2.81458282471
2.85062098503		2.74861621857
2.85347700119		2.20058345795
2.85638093948		2.73846721649
2.85922694206		2.77906227112
2.86209988594		2.24625301361
2.86498403549		2.63190555573
2.86785197258		2.79936027527
2.87072587013		2.33251667023
2.87360501289		2.55071544647
2.87647604942		2.81458282471
2.87934494019		2.41878128052
2.88222503662		2.46952533722
2.88510203362		2.81965732574
2.8879840374		2.50504589081
2.89085388184		2.41370677948
2.89373207092		2.82473182678
2.89660692215		2.56593894958
2.89948105812		2.3426656723
2.90235590935		2.8399553299
2.90525603294		2.61668205261
2.90812087059		2.2919216156
2.91098809242		2.86025238037
2.91385602951		2.6420545578
2.9167330265		2.23610401154
2.91960597038		2.88562393188
2.92248606682		2.66235160828
2.92536902428		2.21580600739
2.92824792862		2.90592193604
2.93111109734		2.67250061035
2.93398499489		2.18535995483
2.93686509132		2.91607093811
2.93973898888		2.69279766083
2.94261288643		2.1802854538
2.94548797607		2.90592193604
2.94836688042		2.70802116394
2.95125508308		2.15998840332
2.95411396027		2.86532688141
2.95698595047		2.72831821442
2.959856987		2.17521095276
2.96273088455		2.79428577423
2.96570205688		2.74354171753
2.96849393845		2.20058345795
2.9713640213		2.71309566498
2.97424006462		2.77398777008
2.97713398933		2.25640106201
2.97999000549		2.62175655365
2.98286509514		2.79936027527
2.98575091362		2.33251667023
2.98861694336		2.53549194336
2.99149298668		2.81458282471
2.99436688423		2.43400478363
2.99724292755		2.46445083618
3.00014400482		2.81965732574
3.00299406052		2.51012039185
3.00587105751		2.39848423004
3.00874495506		2.82980632782
3.01161789894		2.58116149902
3.01449608803		2.35281467438
3.0173740387		2.8399553299
3.0202460289		2.61668205261
3.02312088013		2.2817735672
3.02600002289		2.86025238037
3.02887201309		2.64712810516
3.03174710274		2.23610401154
3.03462290764		2.88055038452
3.03749990463		2.65727710724
3.04043197632		2.21073246002
3.0432510376		2.91099643707
3.04612708092		2.67757511139
3.0490000248		2.19043445587
3.05187702179		2.91607093811
3.0547580719		2.69279766083
3.05762696266		2.1701374054
3.06050395966		2.900847435
3.06337809563		2.70802116394
3.06625509262		2.16506290436
3.0691280365		2.85517787933
3.07200407982		2.72831821442
3.07488894463		2.1701374054
3.07774591446		2.78413677216
3.08062195778		2.7536907196
3.08349609375		2.21580600739
3.08639192581		2.70802116394
3.08928108215		2.77398777008
3.0921330452		2.26147556305
3.09501504898		2.61160755157
3.09788298607		2.79936027527
3.10075902939		2.35281467438
3.10363292694		2.53041744232
3.10650897026		2.81458282471
3.10938191414		2.43907928467
3.11227488518		2.45937633514
3.11514091492		2.81965732574
3.1180100441		2.52534389496
3.12088394165		2.393409729
3.12376093864		2.82473182678
3.12663888931		2.58116149902
3.12951207161		2.32744312286
3.1323890686		2.8399553299
3.13526797295		2.62175655365
3.13813900948		2.27669906616
3.14101290703		2.86532688141
3.14388895035		2.6522026062
3.14676594734		2.22595500946
3.14963889122		2.89069843292
3.15251398087		2.66742610931
3.155397892		2.20058345795
3.15826487541		2.91099643707
3.16115498543		2.67757511139
3.16401600838		2.1802854538
3.16689300537		2.91607093811
3.16976690292		2.69279766083
3.17264294624		2.17521095276
3.17561006546		2.91099643707
3.17840099335		2.71309566498
3.18126702309		2.16506290436
3.18414402008		2.8501033783
3.18701887131		2.73846721649
3.18989300728		2.1802854538
3.19277095795		2.77906227112
3.1956820488		2.7536907196
3.19852089882		2.21073246002
3.20140004158		2.68772315979
3.20427203178		2.78413677216
3.20714902878		2.27669906616
3.21002197266		2.60145950317
3.2128970623		2.80443382263
3.2157740593		2.36296367645
3.21864891052		2.51519489288
3.22152304649		2.81458282471
3.22444295883		2.43907928467
3.22727608681		2.44922733307
3.23014903069		2.82473182678
3.23302602768		2.53041744232
3.235902071		2.37818622589
3.23877596855		2.82980632782
3.24165296555		2.5913105011
3.24452495575		2.33251667023
3.24740505219		2.84502887726
3.25027704239		2.62683105469
3.25315499306		2.26147556305
3.25602889061		2.87040138245
3.25890803337		2.6522026062
3.26177787781		2.22595500946
3.26465392113		2.88055038452
3.26754188538		2.66742610931
3.27040505409		2.19043445587
3.27329587936		2.91099643707
3.27615308762		2.67757511139
3.27902293205		2.18535995483
3.28189897537		2.91607093811
3.28477692604		2.69279766083
3.28766107559		2.1701374054
3.29053401947		2.89069843292
3.29340791702		2.71309566498
3.29629898071		2.15998840332
3.29916095734		2.8399553299
3.30203509331		2.73339271545
3.30491900444		2.17521095276
3.30778598785		2.76383876801
3.31065988541		2.75876522064
3.31353592873		2.22595500946
3.31641507149		2.68264961243
3.31930303574		2.78413677216
3.32216191292		2.28684806824
3.32504487038		2.58623600006
3.32791209221		2.80950832367
3.33078694344		2.37818622589
3.33366298676		2.51012039185
3.33654403687		2.81965732574
3.33941507339		2.45937633514
3.34228992462		2.43400478363
3.3451859951		2.81965732574
3.34804010391		2.54564094543
3.35091710091		2.37818622589
3.35379195213		2.82980632782
3.35667204857		2.5913105011
3.35954189301		2.31221961975
3.36241889		2.8501033783
3.36529898643		2.63698005676
3.36818408966		2.27669906616
3.37104487419		2.87040138245
3.37391996384		2.6522026062
3.37679505348		2.22088050842
3.37966799736		2.89577293396
3.38254594803		2.67250061035
3.38543009758		2.20058345795
3.3882958889		2.91099643707
3.3911690712		2.68264961243
3.39404892921		2.17521095276
3.39692306519		2.91099643707
3.39979696274		2.69279766083
3.40267300606		2.1701374054
3.40564203262		2.900847435
3.4084379673		2.71309566498
3.4113008976		2.15491390228
3.4141728878		2.82980632782
3.41705107689		2.74354171753
3.41992592812		2.18535995483
3.42279887199		2.7536907196
3.42568492889		2.75876522064
3.42855000496		2.2310295105
3.43142604828		2.66742610931
3.43430089951		2.79428577423
3.43717694283		2.30207061768
3.4400510788		2.57608699799
3.44292902946		2.80950832367
3.44581699371		2.37818622589
3.44867897034		2.49997138977
3.45155501366		2.81965732574
3.4544301033		2.47967433929
3.45732402802		2.43400478363
3.4601790905		2.82473182678
3.46305203438		2.55071544647
3.46593308449		2.36296367645
3.46880602837		2.83488082886
3.47167992592		2.60653305054
3.47455692291		2.31729412079
3.47742700577		2.8501033783
3.48031592369		2.63190555573
3.48317599297		2.25132751465
3.48606610298		2.87040138245
3.48893499374		2.65727710724
3.49181008339		2.22088050842
3.49471497536		2.89577293396
3.49756097794		2.66742610931
3.50043606758		2.19043445587
3.50330996513		2.91607093811
3.50618696213		2.68772315979
3.50905990601		2.18535995483
3.51193499565		2.91099643707
3.51482009888		2.69787216187
3.51768898964		2.16506290436
3.52056193352		2.87547588348
3.52343797684		2.72324466705
3.52631497383		2.16506290436
3.52920293808		2.82473182678
3.53206396103		2.74354171753
3.5349509716		2.18535995483
3.53781700134		2.73846721649
3.54069209099		2.76891326904
3.54358100891		2.23610401154
3.54644393921		2.65727710724
3.54931592941		2.79428577423
3.55219006538		2.30207061768
3.55507397652		2.56086444855
3.55794405937		2.80950832367
3.56081795692		2.40355873108
3.5636920929		2.4898223877
3.56657004356		2.81965732574
3.56944894791		2.47967433929
3.57232189178		2.41370677948
3.57519602776		2.82473182678
3.57806897163		2.56086444855
3.58094596863		2.35788917542
3.58382105827		2.83488082886
3.58669805527		2.60653305054
3.58957195282		2.29699611664
3.59247708321		2.85517787933
3.59532999992		2.6420545578
3.59819793701		2.25132751465
3.60107588768		2.87547588348
3.60395503044		2.65727710724
3.60682606697		2.21073246002
3.60969996452		2.900847435
3.61257696152		2.67250061035
3.61545705795		2.19550895691
3.61832594872		2.91607093811
3.62120103836		2.68264961243
3.62408304214		2.17521095276
3.62695407867		2.90592193604
3.62982606888		2.7029466629
3.6327009201		2.16506290436
3.63566303253		2.89069843292
3.63844490051		2.72324466705
3.64133787155		2.16506290436
3.6441950798		2.81458282471
3.64723587036		2.72831821442
3.65008306503		2.1802854538
3.65295505524		2.77906227112
3.65583205223		2.75876522064
3.65870594978		2.21073246002
3.6615819931		2.69279766083
3.66446995735		2.77398777008
3.66733694077		2.2817735672
3.67020893097		2.60653305054
3.67308306694		2.80443382263
3.67595505714		2.36296367645
3.67882299423		2.51519489288
3.68169903755		2.81458282471
3.68457603455		2.41878128052
3.68746304512		2.45430183411
3.69033503532		2.82473182678
3.69321107864		2.52534389496
3.69608807564		2.37818622589
3.69896006584		2.82980632782
3.70183491707		2.5913105011
3.70471906662		2.32744312286
3.70759010315		2.84502887726
3.71046209335		2.62683105469
3.71336197853		2.27162456512
3.71621489525		2.86532688141
3.71908807755		2.6522026062
3.72196698189		2.23610401154
3.72484898567		2.89577293396
3.72771501541		2.66235160828
3.73059201241		2.19550895691
3.73346495628		2.91099643707
3.736358881		2.67757511139
3.73921489716		2.18535995483
3.74209189415		2.91607093811
3.74497389793		2.69279766083
3.74784207344		2.16506290436
3.75072002411		2.89069843292
3.75359392166		2.71309566498
3.75647091866		2.16506290436
3.75934505463		2.84502887726
3.7622179985		2.73846721649
3.76510190964		2.17521095276
3.76797103882		2.76383876801
3.77084589005		2.76383876801
3.77372193336		2.22595500946
3.77659988403		2.67757511139
3.77947187424		2.78413677216
3.78234505653		2.28684806824
3.78524589539		2.59638500214
3.78809905052		2.80950832367
3.7909719944		2.37818622589
3.79384899139		2.51012039185
3.79672408104		2.81458282471
3.79961204529		2.45430183411
3.80247998238		2.43400478363
3.80535793304		2.82473182678
3.80822491646		2.5405664444
3.81110191345		2.37818622589
3.81397604942		2.82980632782
3.81685400009		2.59638500214
3.81972789764		2.31221961975
3.82260203362		2.8501033783
3.82548904419		2.63190555573
3.82835388184		2.26147556305
3.83122706413		2.86532688141
3.8341050148		2.65727710724
3.83698105812		2.22088050842
3.83985495567		2.89577293396
3.84273099899		2.66742610931
3.84569907188		2.21073246002
3.84851408005		2.91099643707
3.85135602951		2.67757511139
3.85423088074		2.1802854538
3.85710906982		2.91099643707
3.85998392105		2.69787216187
3.86285805702		2.1701374054
3.86574196815		2.88562393188
3.86860895157		2.71817016602
3.87148404121		2.15998840332
3.87435889244		2.82980632782
3.87722587585		2.74354171753
3.8801009655		2.19043445587
3.88297605515		2.74861621857
3.88587188721		2.75876522064
3.8887360096		2.22088050842
3.89161705971		2.66742610931
3.89448690414		2.78921127319
3.89737892151		2.29699611664
3.90023708344		2.58116149902
3.90311193466		2.80950832367
3.90598893166		2.38326072693
3.90886306763		2.49489688873
3.91173791885		2.81965732574
3.9146130085		2.45937633514
3.91749000549		2.42893028259
3.92037892342		2.82473182678
3.92325305939		2.54564094543
3.9261200428		2.36803817749
3.92899107933		2.83488082886
3.93186688423		2.60145950317
3.93474888802		2.31221961975
3.93761897087		2.8501033783
3.94049191475		2.63190555573
3.94338607788		2.25640106201
3.94624590874		2.87040138245
3.94912099838		2.65727710724
3.95199394226		2.22088050842
3.95487689972		2.900847435
3.95773792267		2.67250061035
3.96061587334		2.19043445587
3.96348810196		2.91607093811
3.96637988091		2.68264961243
3.96926188469		2.1802854538
3.97212290764		2.91099643707
3.97500491142		2.69787216187
3.9778740406		2.16506290436
3.98075389862		2.88055038452
3.98362493515		2.71817016602
3.98650097847		2.1701374054
3.98937487602		2.82473182678
3.99226593971		2.73339271545
3.99513292313		2.18535995483
3.99799990654		2.74354171753
4.00087499619		2.76891326904
4.00375390053		2.24117851257
4.0066280365		2.65727710724
4.00950407982		2.79428577423
4.01237797737		2.30714511871
4.01526093483		2.56593894958
4.01812791824		2.80950832367
4.02100300789		2.393409729
4.02387905121		2.49489688873
4.0267560482		2.81965732574
4.02962994576		2.47967433929
4.03251600266		2.42385578156
4.03538799286		2.82473182678
4.03825592995		2.56086444855
4.04113101959		2.36296367645
4.04400801659		2.82980632782
4.04688191414		2.60653305054
4.04975795746		2.29699611664
4.05263090134		2.8501033783
4.05554890633		2.62683105469
4.05838298798		2.25640106201
4.06125807762		2.87547588348
4.06413292885		2.65727710724
4.06701397896		2.21073246002
4.06989192963		2.90592193604
4.07276105881		2.66742610931
4.07571792603		2.20565795898
4.07850408554		2.91607093811
4.08139491081		2.68264961243
4.08425402641		2.17521095276
4.08714294434		2.90592193604
4.09001493454		2.7029466629
4.09288692474		2.16506290436
4.0957710743		2.87547588348
4.09864091873		2.72324466705
4.1015150547		2.15998840332
4.1044049263		2.81965732574
4.10726594925		2.74354171753
4.11014103889		2.19550895691
4.11301493645		2.73846721649
4.11589097977		2.76891326904
4.11876702309		2.2310295105
4.12166500092		2.64712810516
4.1245200634		2.79428577423
4.12739706039		2.32236862183
4.13026809692		2.55578994751
4.13314390182		2.80950832367
4.13601994514		2.40355873108
4.13889694214		2.47967433929
4.14177107811		2.82473182678
4.14464402199		2.47967433929
4.14752197266		2.41370677948
4.15039896965		2.82473182678
4.1532869339		2.56086444855
4.15614891052		2.35281467438
4.15902805328		2.83488082886
4.16189694405		2.61160755157
4.1647810936		2.29699611664
4.16766405106		2.85517787933
4.17052507401		2.63698005676
4.17339992523		2.24117851257
4.17627596855		2.87547588348
4.1791510582		2.66235160828
4.18202590942		2.21580600739
4.18490695953		2.900847435
4.18777704239		2.67250061035
4.19065189362		2.18535995483
4.19352793694		2.91607093811
4.19640398026		2.68772315979
4.19928097725		2.1802854538
4.2021548748		2.90592193604
4.20503807068		2.7029466629
4.20790505409		2.15998840332
4.21077799797		2.86532688141
4.21365404129		2.72324466705
4.21655988693		2.1701374054
4.21940398216		2.80443382263
4.22228002548		2.7536907196
4.22516107559		2.19550895691
4.22802996635		2.71817016602
4.2309088707		2.77398777008
4.23378300667		2.25640106201
4.23665904999		2.63698005676
4.23953199387		2.79936027527
4.24240803719		2.32744312286
4.24529194832		2.54564094543
4.24816393852		2.81458282471
4.25103497505		2.41878128052
4.2539100647		2.47459983826
4.25678491592		2.81965732574
4.25966095924		2.49997138977
4.26253700256		2.40355873108
4.26543593407		2.82473182678
4.26828694344		2.57101249695
4.27116298676		2.3426656723
4.27403688431		2.8399553299
4.2769100666		2.62175655365
4.27977800369		2.2817735672
4.28265595436		2.85517787933
4.28565502167		2.62683105469
4.28855395317		2.26655006409
4.29141497612		2.87040138245
4.29429006577		2.6522026062
4.29716491699		2.22088050842
4.30004096031		2.89069843292
4.30291390419		2.66742610931
4.30579805374		2.20058345795
4.3086669445		2.91607093811
4.3115439415		2.67757511139
4.3144159317		2.1802854538
4.31729507446		2.91099643707
4.32016706467		2.69787216187
4.32304406166		2.1701374054
4.32592201233		2.88562393188
4.32879400253		2.71309566498
4.33166790009		2.16506290436
4.33454394341		2.8399553299
4.337444067		2.73846721649
4.34029603004		2.1802854538
4.34317088127		2.75876522064
4.34604907036		2.75876522064
4.34892106056		2.22595500946
4.35179710388		2.66742610931
4.35467195511		2.78413677216
4.3575489521		2.29699611664
4.36043906212		2.5913105011
4.3632979393		2.80950832367
4.36617398262		2.38326072693
4.36904907227		2.49997138977
4.37192392349		2.81965732574
4.37480807304		2.46952533722
4.37767791748		2.43400478363
4.38054895401		2.82473182678
4.38342809677		2.54564094543
4.38630390167		2.36803817749
4.38917994499		2.83488082886
4.3920519352		2.60145950317
4.39493393898		2.31729412079
4.39780306816		2.8501033783
4.40067791939		2.63190555573
4.40355300903		2.25640106201
4.40643000603		2.87547588348
4.40931987762		2.6522026062
4.41217899323		2.22088050842
4.41506099701		2.89577293396
4.41793107986		2.66742610931
4.42080593109		2.19043445587
4.42369389534		2.91099643707
4.4265639782		2.68264961243
4.42943191528		2.1802854538
4.43230700493		2.91099643707
4.43519091606		2.69787216187
4.43805909157		2.16506290436
4.44093704224		2.88055038452
4.44380998611		2.72324466705
4.44668698311		2.16506290436
4.44956493378		2.82473182678
4.45243597031		2.74354171753
4.45531892776		2.1802854538
4.4581849575		2.74861621857
4.46106100082		2.76383876801
4.46393704414		2.23610401154
4.46681594849		2.65727710724
4.46968698502		2.78921127319
4.47259402275		2.29699611664
4.47544693947		2.56593894958
4.47830510139		2.80950832367
4.48117899895		2.40355873108
4.48405694962		2.4898223877
4.48694705963		2.81965732574
4.48981404305		2.48474884033
4.49269104004		2.41370677948
4.49560403824		2.81965732574
4.49844098091		2.55578994751
4.50141906738		2.38833522797
4.50433707237		2.82473182678
4.50719690323		2.57608699799
4.51006889343		2.33251667023
4.51294398308		2.8399553299
4.51583099365		2.62175655365
4.51869392395		2.27669906616
4.52157187462		2.86532688141
4.52444696426		2.64712810516
4.52732110023		2.2310295105
4.53019595146		2.88562393188
4.53307008743		2.66235160828
4.5359480381		2.20565795898
4.53882193565		2.91099643707
4.54169797897		2.67757511139
4.54458498955		2.18535995483
4.54744887352		2.91607093811
4.55032396317		2.69279766083
4.55319905281		2.1701374054
4.55607700348		2.89577293396
4.55894899368		2.70802116394
4.56182408333		2.15998840332
4.56470799446		2.8501033783
4.56757593155		2.72831821442
4.57045292854		2.17521095276
4.57332491875		2.78413677216
4.57620406151		2.7536907196
4.57907795906		2.21073246002
4.58195304871		2.69279766083
4.58483695984		2.78413677216
4.58770394325		2.27669906616
4.59057807922		2.60145950317
4.59347105026		2.80443382263
4.59632992744		2.35281467438
4.59920692444		2.52026939392
4.60208201408		2.81458282471
4.60496807098		2.43907928467
4.60783195496		2.45430183411
4.61070609093		2.82473182678
4.61358094215		2.52534389496
4.61647605896		2.393409729
4.61933302879		2.82980632782
4.62220788002		2.58623600006
4.6250910759		2.33251667023
4.62795901299		2.8399553299
4.63083410263		2.62683105469
4.63370895386		2.26655006409
4.63658308983		2.86532688141
4.63945293427		2.6522026062
4.64232587814		2.2310295105
4.64520597458		2.89069843292
4.6480910778		2.66235160828
4.65096092224		2.19550895691
4.65383601189		2.90592193604
4.65671396255		2.67757511139
4.65958809853		2.19043445587
4.6624610424		2.91607093811
4.66535997391		2.69279766083
4.66821503639		2.16506290436
4.67108798027		2.89069843292
4.67396306992		2.71309566498
4.67683696747		2.1701374054
4.679708004		2.84502887726
4.68258190155		2.73846721649
4.68546199799		2.17521095276
4.68834590912		2.78413677216
4.69121909142		2.75876522064
4.69409894943		2.22088050842
4.69696903229		2.68264961243
4.69984197617		2.78413677216
4.70271897316		2.2817735672
4.70563602448		2.60653305054
4.70846891403		2.80443382263
4.71134305		2.36296367645
4.714220047		2.51519489288
4.71709799767		2.81965732574
4.71996998787		2.45430183411
4.72284698486		2.43907928467
4.72572994232		2.82473182678
4.7286260128		2.53041744232
4.73147392273		2.37818622589
4.73434591293		2.82980632782
4.73722195625		2.59638500214
4.7400970459		2.31729412079
4.74297499657		2.84502887726
4.74585008621		2.63698005676
4.74872398376		2.26655006409
4.75159907341		2.87040138245
4.75447392464		2.64712810516
4.7573530674		2.22088050842
4.76022601128		2.89577293396
4.7631020546		2.66742610931
4.76597905159		2.20058345795
4.76885294914		2.91099643707
4.77172803879		2.68264961243
4.77460193634		2.18535995483
4.77749896049		2.91099643707
4.78035402298		2.69787216187
4.78323507309		2.1701374054
4.78610706329		2.88562393188
4.7889790535		2.71309566498
4.79185509682		2.16506290436
4.79473805428		2.83488082886
4.79760503769		2.74354171753
4.80049490929		2.18535995483
4.80335593224		2.76383876801
4.8062338829		2.75876522064
4.80910801888		2.22088050842
4.81198191643		2.71309566498
4.81487393379		2.78413677216
4.81774187088		2.2919216156
4.82060909271		2.58623600006
4.82350206375		2.80950832367
4.82636189461		2.37818622589
4.82923388481		2.50504589081
4.83210897446		2.81965732574
4.83498501778		2.46952533722
4.837859869		2.43400478363
4.84074187279		2.82473182678
4.84361290932		2.5405664444
4.8464910984		2.36803817749
4.84937691689		2.83488082886
4.85223793983		2.60145950317
4.85511994362		2.31221961975
4.8579890728		2.8501033783
4.86086392403		2.63698005676
4.86374092102		2.25640106201
4.86661696434		2.87040138245
4.86948990822		2.65727710724
4.87238907814		2.2310295105
4.87525296211		2.900847435
4.8781080246		2.66742610931
4.88098192215		2.19043445587
4.8838570118		2.91607093811
4.88675308228		2.68264961243
4.88962101936		2.1802854538
4.89249205589		2.91607093811
4.89537501335		2.69787216187
4.89824390411		2.16506290436
4.90111708641		2.88055038452
4.9039940834		2.71817016602
4.9068748951		2.16506290436
4.90974402428		2.82473182678
4.91263103485		2.73846721649
4.91553401947		2.17521095276
4.91837000847		2.74861621857
4.92124509811		2.76383876801
4.92414498329		2.22595500946
4.9270029068		2.66235160828
4.92987203598		2.78921127319
4.93274903297		2.30207061768
4.9356648922		2.5913105011
4.93850302696		2.80950832367
4.94137501717		2.39848423004
4.94425106049		2.49489688873
4.94712901115		2.81965732574
4.95000290871		2.47459983826
4.95287489891		2.41878128052
4.95575094223		2.82473182678
4.95861792564		2.56086444855
4.96151590347		2.36803817749
4.96436905861		2.82980632782
4.96725988388		2.60145950317
4.97013187408		2.29699611664
4.97300195694		2.8501033783
4.9758810997		2.63698005676
4.97875404358		2.25640106201
4.9816300869		2.87547588348
4.98453092575		2.64712810516
4.98738598824		2.22088050842
4.9894258976		2.84502887726
4.99225306511		2.74354171753
4.99512290955		2.19043445587
4.99799895287		2.74354171753
