0.00012993812561		0.617377281189
0.00419902801514		1.75911235809
0.0083339214325		3.85483074188
0.0124509334564		4.74284648895
0.0165770053864		3.28649997711
0.0206999778748		1.18570804596
0.024827003479		0.551410675049
0.028951883316		1.91134357452
0.0330729484558		4.00198745728
0.0372090339661		4.70225143433
0.0413269996643		3.10382270813
0.0454540252686		1.05884838104
0.049576997757		0.592005729675
0.0537030696869		2.09909534454
0.0578460693359		4.16436767578
0.0619530677795		4.64643383026
0.0660789012909		2.89577293396
0.0702080726624		0.937063217163
0.074334859848		0.663046836853
0.0784668922424		2.29699611664
0.0826199054718		4.3013753891
0.0867178440094		4.5500202179
0.0908410549164		2.68772315979
0.0949740409851		0.825427055359
0.0990839004517		0.739162445068
0.103209018707		2.47967433929
0.107352972031		4.41301250458
0.111470937729		4.4536075592
0.115602016449		2.4898223877
0.119719982147		0.734087944031
0.123844861984		0.83557510376
0.12796998024		2.67757511139
0.132094860077		4.51957416534
0.136221885681		4.34197044373
0.14034986496		2.29699611664
0.144479990005		0.652897834778
0.148602962494		0.947212219238
0.152740955353		2.88055038452
0.156849861145		4.6007642746
0.160974025726		4.21511173248
0.165108919144		2.09909534454
0.169224977493		0.602153778076
0.173353910446		1.05884838104
0.177477836609		3.06830215454
0.181601047516		4.67180538177
0.185750961304		4.05780601501
0.189852952957		1.91641807556
0.193982839584		0.556485176086
0.198230981827		1.2516746521
0.202357053757		3.3118724823
0.206487894058		4.73777198792
0.21061205864		3.84975624084
0.214731931686		1.66777324677
0.218858003616		0.520963668823
0.222982883453		1.39883136749
0.227113008499		3.49454975128
0.231235027313		4.7631444931
0.235360860825		3.67722702026
0.23948597908		1.49017047882
0.243613004684		0.510815620422
0.247740983963		1.561211586
0.25186085701		3.67215251923
0.25598692894		4.7631444931
0.26011300087		3.48947525024
0.264245986938		1.33793926239
0.268367052078		0.526038169861
0.272489070892		1.72866630554
0.276617050171		3.83960723877
0.280756950378		4.74284648895
0.284873008728		3.29157447815
0.288990974426		1.2009305954
0.293117046356		0.551410675049
0.297241926193		1.90626907349
0.301363945007		4.00198745728
0.305490016937		4.70225143433
0.309622049332		3.10382270813
0.313758850098		1.04869937897
0.317873954773		0.597080230713
0.322000026703		2.09909534454
0.326128959656		4.15929317474
0.330249071121		4.63628482819
0.334379911423		2.89069843292
0.338505983353		0.931988716125
0.342624902725		0.663046836853
0.346751928329		2.28684806824
0.350873947144		4.28107833862
0.355008840561		4.56016921997
0.359125852585		2.69787216187
0.36325097084		0.830501556396
0.367379903793		0.739162445068
0.371501922607		2.47967433929
0.375627040863		4.41808605194
0.379752874374		4.4637556076
0.38387799263		2.49489688873
0.388005971909		0.734087944031
0.392129898071		0.840649604797
0.396338939667		2.72324466705
0.400506019592		4.54494571686
0.404639959335		4.3013753891
0.408773899078		2.22088050842
0.412883043289		0.632600784302
0.417008876801		0.982732772827
0.421133041382		2.92621898651
0.425266027451		4.62613582611
0.429383993149		4.17451667786
0.433510065079		2.03820323944
0.43763589859		0.592005729675
0.441776990891		1.10959243774
0.445894956589		3.12411975861
0.450016021729		4.69210338593
0.454145908356		4.01721096039
0.458266019821		1.85552597046
0.462389945984		0.556485176086
0.466528892517		1.2516746521
0.470639944077		3.3118724823
0.474772930145		4.73269748688
0.478889942169		3.85483074188
0.483016967773		1.68299674988
0.487143039703		0.520963668823
0.49126791954		1.38868236542
0.495395898819		3.49454975128
0.499511003494		4.75806999207
0.503635883331		3.67722702026
0.50777888298		1.50539302826
0.511898040771		0.510815620422
0.51603102684		1.55613708496
0.520146846771		3.66707897186
0.524281978607		4.76821899414
0.528398990631		3.49454975128
0.532530069351		1.30749225616
0.536800861359		0.531112670898
0.540900945663		1.78448390961
0.545026063919		3.90050029755
0.549149990082		4.73269748688
0.553276062012		3.23575687408
0.557402849197		1.1501865387
0.561526060104		0.56155872345
0.565660953522		1.96716213226
0.56979393959		4.05780601501
0.573906898499		4.67687988281
0.578034877777		3.02770709991
0.582157850266		1.01317882538
0.586320877075		0.617377281189
0.590404987335		2.15998840332
0.594544887543		4.20496273041
0.598656892776		4.61598682404
0.602782964706		2.83488082886
0.606909036636		0.901542663574
0.611033916473		0.683343887329
0.615180015564		2.36296367645
0.619287014008		4.32674789429
0.623411893845		4.52972316742
0.627539873123		2.63698005676
0.631661891937		0.794981002808
0.635797023773		0.764533996582
0.63991189003		2.5405664444
0.64403796196		4.47390460968
0.648293018341		4.38763999939
0.652415990829		2.36296367645
0.656542062759		0.683343887329
0.660665035248		0.906617164612
0.664813995361		2.81458282471
0.668917894363		4.56524372101
0.673040866852		4.26078033447
0.677170038223		2.17521095276
0.681293010712		0.612302780151
0.685425043106		1.01825332642
0.689543008804		2.98711204529
0.693670034409		4.64643383026
0.6978058815		4.11869812012
0.701912879944		1.9823846817
0.706044912338		0.576782226562
0.710172891617		1.14511299133
0.714309930801		3.19008731842
0.718423843384		4.70732593536
0.722554922104		3.96139240265
0.726675033569		1.79463291168
0.730800867081		0.546336174011
0.734930992126		1.29226970673
0.739049911499		3.35754108429
0.743176937103		4.74284648895
0.747303009033		3.80408668518
0.75142788887		1.6221036911
0.755560874939		0.51589012146
0.759676933289		1.44450092316
0.763804912567		3.54529380798
0.767930030823		4.76821899414
0.772055864334		3.62648391724
0.77618098259		1.45464992523
0.780305862427		0.510815620422
0.784440040588		1.61703014374
0.788558006287		3.72797107697
0.792682886124		4.75806999207
0.796808958054		3.4336566925
0.800932884216		1.29734420776
0.805067062378		0.531112670898
0.809187889099		1.77940940857
0.813308954239		3.88527679443
0.817435979843		4.73777198792
0.82156085968		3.24083042145
0.825695037842		1.1501865387
0.829814910889		0.556485176086
0.833961009979		2.02297973633
0.838194847107		4.10854911804
0.842316865921		4.66673088074
0.84644985199		2.96681404114
0.850581884384		0.972583770752
0.854698896408		0.637675285339
0.858815908432		2.21580600739
0.862941026688		4.240483284
0.867078065872		4.58046627045
0.87119603157		2.76891326904
0.875319957733		0.866022109985
0.87944483757		0.703641891479
0.883568048477		2.40355873108
0.887707948685		4.38256549835
0.89182305336		4.49927616119
0.895947933197		2.57101249695
0.900064945221		0.764533996582
0.904228925705		0.810203552246
0.908329963684		2.60653305054
0.912448883057		4.47390460968
0.916575908661		4.38763999939
0.920699834824		2.37311172485
0.924833059311		0.688418388367
0.928948879242		0.906617164612
0.933076858521		2.78921127319
0.937207937241		4.57031822205
0.941328048706		4.26585483551
0.945457935333		2.17521095276
0.949579000473		0.622451782227
0.953706979752		1.01317882538
0.957833051682		2.98711204529
0.961971998215		4.64643383026
0.966089010239		4.12377262115
0.97020983696		1.9823846817
0.974339962006		0.571707725525
0.97846198082		1.14511299133
0.982583045959		3.19008731842
0.986705064774		4.70225143433
0.99082493782		3.97661590576
0.994956016541		1.80478191376
0.999086856842		0.546336174011
1.00321006775		1.28212070465
1.00733804703		3.35246753693
1.01146602631		4.74792098999
1.01558685303		3.79393768311
1.01971888542		1.6221036911
1.02384305		0.51589012146
1.02796888351		1.43942642212
1.03208899498		3.54021930695
1.03621506691		4.7631444931
1.04034090042		3.6214094162
1.04446601868		1.45464992523
1.04858994484		0.51589012146
1.0527150631		1.60180664062
1.05684900284		3.72289657593
1.06096887589		4.75299549103
1.06511998177		3.42858314514
1.06922292709		1.3024187088
1.07334589958		0.531112670898
1.07747006416		1.77940940857
1.081594944		3.88527679443
1.08572983742		4.73777198792
1.08986186981		3.23575687408
1.0939719677		1.11974048615
1.09822106361		0.571707725525
1.10234189034		2.02297973633
1.1064889431		4.10854911804
1.11059999466		4.6515083313
1.11474084854		2.9617395401
1.11885094643		0.982732772827
1.12297606468		0.632600784302
1.12710285187		2.21073246002
1.13122701645		4.23540878296
1.13536095619		4.59061527252
1.13947892189		2.77398777008
1.14360284805		0.85587310791
1.14773201942		0.698567390442
1.15185499191		2.40355873108
1.15598797798		4.36734294891
1.16010594368		4.50435066223
1.16423797607		2.57101249695
1.16835689545		0.76960849762
1.17248106003		0.794981002808
1.17660999298		2.60145950317
1.18073296547		4.47390460968
1.18486595154		4.38763999939
1.18898391724		2.37818622589
1.19312596321		0.688418388367
1.19724106789		0.901542663574
1.20136189461		2.78921127319
1.205493927		4.56524372101
1.2096118927		4.27092933655
1.2137389183		2.1802854538
1.21788287163		0.612302780151
1.22198987007		1.01317882538
1.22612404823		2.98711204529
1.23023986816		4.64135932922
1.23437905312		4.12377262115
1.23849201202		1.9823846817
1.24261498451		0.5818567276
1.24674487114		1.14511299133
1.25086784363		3.16978931427
1.25499296188		4.70225143433
1.25912189484		3.97661590576
1.26324605942		1.81493091583
1.2673740387		0.546336174011
1.27149701118		1.28719520569
1.27562999725		3.35754108429
1.279763937		4.74792098999
1.28387284279		3.81423568726
1.28799796104		1.63225269318
1.29212403297		0.51589012146
1.29632806778		1.46987247467
1.30049300194		3.59603691101
1.30461883545		4.76821899414
1.30875301361		3.56559085846
1.31287503242		1.40898036957
1.3170030117		0.520963668823
1.32114195824		1.66777324677
1.32525897026		3.77364063263
1.32937884331		4.75299549103
1.33350205421		3.38291358948
1.3376288414		1.2516746521
1.34175491333		0.531112670898
1.34590101242		1.84030246735
1.35000491142		3.94109535217
1.35414004326		4.72254943848
1.35825586319		3.18501281738
1.36238789558		1.10451793671
1.36651396751		0.576782226562
1.37063097954		2.01283168793
1.37476396561		4.0933265686
1.37888288498		4.6616563797
1.38300800323		2.97696304321
1.38713598251		0.982732772827
1.39126086235		0.627526283264
1.39539384842		2.21580600739
1.39951300621		4.23540878296
1.40365386009		4.56016921997
1.40805006027		2.61160755157
1.4121389389		0.800054550171
1.41630387306		0.76960849762
1.42038202286		2.53041744232
1.42450690269		4.44345855713
1.42863583565		4.43330955505
1.43276405334		2.44415378571
1.43689799309		0.713790893555
1.44101786613		0.860947608948
1.44514584541		2.72324466705
1.44927287102		4.53987121582
1.45339584351		4.31152439117
1.45752191544		2.24625301361
1.46164798737		0.637675285339
1.46578097343		0.97765827179
1.46989893913		2.91099643707
1.47404503822		4.63121032715
1.47814893723		4.17959117889
1.48227405548		2.05342674255
1.48640584946		0.586931228638
1.49053406715		1.09944343567
1.49465084076		3.12411975861
1.49876999855		4.68195438385
1.50289201736		4.03243350983
1.50703406334		1.86567401886
1.51115393639		0.556485176086
1.51528692245		1.24152565002
1.51940584183		3.29157447815
1.52353096008		4.72762393951
1.52765583992		3.85483074188
1.53178286552		1.69314575195
1.53590703011		0.520963668823
1.54003190994		1.37853431702
1.54416394234		3.47425174713
1.54828596115		4.7631444931
1.55240797997		3.69245052338
1.55654191971		1.51554203033
1.56065893173		0.51589012146
1.56479096413		1.54598808289
1.56891083717		3.65692996979
1.57303595543		4.7631444931
1.57717990875		3.49454975128
1.58128905296		1.35823631287
1.58541893959		0.526038169861
1.58953690529		1.70836830139
1.59366393089		3.82438468933
1.59779405594		4.74792098999
1.6019308567		3.3118724823
1.60604786873		1.2009305954
1.61016893387		0.541261672974
1.61429691315		1.89612102509
1.61842083931		3.99691295624
1.62254405022		4.70732593536
1.62666988373		3.11397171021
1.63079285622		1.06899738312
1.63492703438		0.586931228638
1.63904500008		2.07879829407
1.64316892624		4.13899612427
1.64729785919		4.64643383026
1.65142202377		2.91607093811
1.65554785728		0.937063217163
1.65967202187		0.64782333374
1.6637969017		2.27162456512
1.66792297363		4.27600383759
1.67204785347		4.56524372101
1.67618703842		2.7029466629
1.68029904366		0.840649604797
1.68443489075		0.729013442993
1.68854999542		2.46445083618
1.69267702103		4.39778900146
1.69679784775		4.47390460968
1.70091795921		2.52026939392
1.70505285263		0.739162445068
1.709182024		0.825427055359
1.71330404282		2.6522026062
1.71743297577		4.50435066223
1.72155594826		4.36226844788
1.72568893433		2.31729412079
1.72980499268		0.668121337891
1.73392987251		0.942137718201
1.73807406425		2.8501033783
1.74218392372		4.59061527252
1.74634790421		4.21511173248
1.75043296814		2.12446784973
1.75456595421		0.597080230713
1.75868487358		1.04362487793
1.76281094551		3.03785610199
1.76693606377		4.6616563797
1.77106404305		4.08317756653
1.77519488335		1.93164157867
1.77931404114		0.566633224487
1.7834379673		1.18063354492
1.78756690025		3.22053337097
1.79168987274		4.72254943848
1.79582285881		3.92587184906
1.79993987083		1.75911235809
1.80406594276		0.526038169861
1.80831694603		1.37853431702
1.81244492531		3.46917819977
1.81657004356		4.75806999207
1.82069396973		3.69752502441
1.82482886314		1.51554203033
1.82894492149		0.510815620422
1.83307385445		1.54091453552
1.8371989727		3.65185546875
1.84132099152		4.75806999207
1.84545207024		3.50977325439
1.84957098961		1.35823631287
1.85369706154		0.520963668823
1.85782289505		1.70329380035
1.86194992065		3.82438468933
1.86609792709		4.74792098999
1.87019991875		3.3220205307
1.87434005737		1.2009305954
1.87845206261		0.546336174011
1.88257789612		1.88597202301
1.88670802116		3.9918384552
1.89083099365		4.70732593536
1.89495587349		3.11397171021
1.89907193184		1.07914543152
1.90319490433		0.586931228638
1.90733790398		2.0838727951
1.91146206856		4.13899612427
1.9155819416		4.64643383026
1.91970705986		2.90592193604
1.92383289337		0.947212219238
1.92795801163		0.64782333374
1.93208503723		2.26147556305
1.93620800972		4.27092933655
1.94033503532		4.57031822205
1.94446587563		2.71309566498
1.94858503342		0.840649604797
1.9527130127		0.723938941956
1.95683789253		2.45937633514
1.96097898483		4.39778900146
1.96509003639		4.46883010864
1.96921300888		2.52026939392
1.97333788872		0.749311447144
1.97746801376		0.820352554321
1.98158884048		2.64712810516
1.98572087288		4.49927616119
1.98983287811		4.36226844788
1.9939699173		2.27162456512
1.99822187424		0.637675285339
2.00234794617		0.967509269714
2.00647687912		2.91099643707
2.01059389114		4.61598682404
2.01472902298		4.17959117889
2.01884484291		2.06357479095
2.02296805382		0.586931228638
2.02709794044		1.08929443359
2.03122091293		3.09874820709
2.03535294533		4.68195438385
2.03947305679		4.03243350983
2.04359698296		1.88089752197
2.04772400856		0.556485176086
2.0518488884		1.22630310059
2.05597496033		3.28142547607
2.06009888649		4.73269748688
2.06423306465		3.87005329132
2.06834983826		1.70329380035
2.07247686386		0.526038169861
2.07660293579		1.37345981598
2.08072805405		3.46410369873
2.08486199379		4.75806999207
2.08899593353		3.69245052338
2.09311890602		1.52061653137
2.09722685814		0.510815620422
2.1013469696		1.52061653137
2.10547995567		3.64678096771
2.10960793495		4.7631444931
2.11373305321		3.51484680176
2.11785888672		1.3633108139
2.12199807167		0.520963668823
2.12611484528		1.70836830139
2.13024497032		3.82945823669
2.13436603546		4.74792098999
2.13848805428		3.31694602966
2.14261293411		1.21615409851
2.14673805237		0.541261672974
2.15086388588		1.89104652405
2.15499591827		3.9816904068
2.15911483765		4.70732593536
2.16323900223		3.12919425964
2.16736698151		1.07407093048
2.17148995399		0.586931228638
2.17564892769		2.08894729614
2.17974305153		4.12884712219
2.18386697769		4.64135932922
2.18799495697		2.92621898651
2.19211602211		0.947212219238
2.1963300705		0.663046836853
2.20049500465		2.32744312286
2.20462799072		4.31659889221
2.20874500275		4.53987121582
2.21286892891		2.6522026062
2.21701598167		0.794981002808
2.22112107277		0.749311447144
2.22525191307		2.52026939392
2.22936987877		4.43330955505
2.23350000381		4.43838405609
2.23762488365		2.45937633514
2.24174785614		0.723938941956
2.24587392807		0.85587310791
2.25001502037		2.71817016602
2.25415897369		4.53987121582
2.25826096535		4.31659889221
2.2623770237		2.26147556305
2.26651191711		0.637675285339
2.27062702179		0.967509269714
2.27476000786		2.90592193604
2.27887892723		4.61091327667
2.28300499916		4.18466472626
2.28713202477		2.06864929199
2.2912569046		0.592005729675
2.29538202286		1.08929443359
2.29949688911		3.08352470398
2.30362200737		4.67687988281
2.30776596069		4.0425825119
2.31188797951		1.87582302094
2.31601786613		0.556485176086
2.32013392448		1.21615409851
2.32426905632		3.28142547607
2.32838606834		4.73269748688
2.33251285553		3.8802022934
2.33663797379		1.70329380035
2.34076404572		0.520963668823
2.34489297867		1.37345981598
2.34903097153		3.46917819977
2.35313892365		4.75806999207
2.35726499557		3.70767402649
2.36139202118		1.53584003448
2.36552405357		0.510815620422
2.36964201927		1.52569103241
2.37376689911		3.63663196564
2.37789106369		4.76821899414
2.38201904297		3.5199213028
2.38617396355		1.35316181183
2.39026904106		0.520963668823
2.3944029808		1.70329380035
2.39851999283		3.81423568726
2.40264391899		4.74792098999
2.40677189827		3.31694602966
2.41089606285		1.22122859955
2.41502904892		0.546336174011
2.41914606094		1.87582302094
2.42327404022		3.97154140472
2.42739892006		4.70732593536
2.43152594566		3.13426876068
2.43565607071		1.07914543152
2.43977499008		0.586931228638
2.44390106201		2.10416984558
2.44815587997		4.17959117889
2.45227694511		4.62613582611
2.45641303062		2.8501033783
2.46052694321		0.916765213013
2.46465992928		0.668121337891
2.46877884865		2.32236862183
2.47290587425		4.31152439117
2.47703099251		4.53479766846
2.481153965		2.66235160828
2.48528790474		0.810203552246
2.48940992355		0.749311447144
2.49353003502		2.51012039185
2.49765586853		4.42823505402
2.50177407265		4.44853305817
2.50590491295		2.46445083618
2.51003694534		0.718864440918
2.5141890049		0.860947608948
2.51828598976		2.7029466629
2.52241396904		4.52972316742
2.5265378952		4.32674789429
2.53066396713		2.26655006409
2.53479290009		0.642748832703
2.53891396523		0.957360267639
2.54303693771		2.89577293396
2.54716587067		4.61091327667
2.55128884315		4.18973922729
2.55542206764		2.06864929199
2.55954098701		0.592005729675
2.56366801262		1.07914543152
2.56779289246		3.10382270813
2.57191896439		4.67180538177
2.57604289055		4.04765701294
2.58016991615		1.88597202301
2.58430290222		0.556485176086
2.58841896057		1.21615409851
2.59254598618		3.27635097504
2.59667086601		4.73269748688
2.6007938385		3.8802022934
2.60492897034		1.70329380035
2.60904884338		0.526038169861
2.61317300797		1.36838531494
2.61731600761		3.46410369873
2.62142586708		4.75806999207
2.62555503845		3.70767402649
2.62967395782		1.53584003448
2.63380098343		0.510815620422
2.63792705536		1.52061653137
2.64207196236		3.64678096771
2.64618706703		4.7631444931
2.65030503273		3.52499580383
2.65443587303		1.36838531494
2.65855288506		0.520963668823
2.66267895699		1.70329380035
2.66680693626		3.81423568726
2.67092990875		4.74792098999
2.67506098747		3.30679798126
2.67919683456		1.21107959747
2.6833088398		0.541261672974
2.68743896484		1.87582302094
2.69155883789		3.96646690369
2.69568705559		4.70732593536
2.69980096817		3.14441776276
2.7039270401		1.03347587585
2.70819091797		0.597080230713
2.71231484413		2.12446784973
2.71644687653		4.17959117889
2.72056293488		4.62613582611
2.72469496727		2.86025238037
2.72881484032		0.916765213013
2.7329390049		0.668121337891
2.7370660305		2.31729412079
2.74119091034		4.30644989014
2.74533200264		4.53987121582
2.74944186211		2.66235160828
2.75356602669		0.815278053284
2.75769305229		0.744236946106
2.76181983948		2.50504589081
2.7659509182		4.42316055298
2.7701048851		4.43330955505
2.77420186996		2.46445083618
2.77832198143		0.723938941956
2.78244590759		0.840649604797
2.7865729332		2.69787216187
2.79069685936		4.52972316742
2.79482793808		4.32674789429
2.79894804955		2.26655006409
2.80307197571		0.642748832703
2.80720806122		0.957360267639
2.81132388115		2.89069843292
2.81545901299		4.60583877563
2.81957602501		4.19481372833
2.82370185852		2.06864929199
2.82783293724		0.592005729675
2.83195185661		1.08421993256
2.83608698845		3.08859920502
2.8402030468		4.68195438385
2.84433603287		4.04765701294
2.84845399857		1.88597202301
2.8525788784		0.556485176086
2.85670804977		1.21615409851
2.86083102226		3.27127742767
2.86496186256		4.72762393951
2.86908197403		3.88527679443
2.87320899963		1.71344280243
2.8773329258		0.531112670898
2.88145804405		1.35823631287
2.88558387756		3.45395469666
2.88971400261		4.75299549103
2.89383602142		3.71782207489
2.89795684814		1.54091453552
2.90207695961		0.505741119385
2.9062230587		1.53076553345
2.91034007072		3.63663196564
2.91447091103		4.7631444931
2.91858696938		3.52499580383
2.92271399498		1.37345981598
2.92684102058		0.51589012146
2.93096494675		1.68807125092
2.93509507179		3.80916118622
2.93921685219		4.74792098999
2.94334101677		3.34231853485
2.94746804237		1.22630310059
2.95159196854		0.541261672974
2.95572805405		1.86567401886
2.9598429203		3.9816904068
2.96396899223		4.70732593536
2.96809601784		3.14441776276
2.972219944		1.08421993256
2.97638487816		0.586931228638
2.98047089577		2.04835224152
2.98460292816		4.12377262115
2.98871207237		4.65658187866
2.99283885956		2.94144248962
2.99697995186		0.952286720276
3.00111794472		0.642748832703
3.00523400307		2.25132751465
3.00935101509		4.25570678711
3.01347494125		4.57539176941
3.01760292053		2.73846721649
3.02172684669		0.850798606873
3.02586603165		0.718864440918
3.02997899055		2.43400478363
3.03415393829		4.4028635025
3.03823184967		4.48405361176
3.0423579216		2.5405664444
3.04648804665		0.749311447144
3.05060601234		0.805129051208
3.05473995209		2.63190555573
3.0588619709		4.49420261383
3.06298184395		4.36734294891
3.06711006165		2.33759117126
3.07123184204		0.673195838928
3.07536506653		0.92183971405
3.0794839859		2.81965732574
3.08361005783		4.58046627045
3.08773589134		4.240483284
3.0918610096		2.14476490021
3.09598588943		0.607228279114
3.10010695457		1.02840232849
3.10427284241		3.03785610199
3.10837006569		4.65658187866
3.11249303818		4.103474617
3.11661601067		1.95193862915
3.12073898315		0.571707725525
3.12487196922		1.16541004181
3.12899398804		3.20530986786
3.13311600685		4.7124004364
3.1372449398		3.94616889954
3.14136600494		1.78448390961
3.14550495148		0.541261672974
3.14962005615		1.3024187088
3.1537630558		3.39306259155
3.15787386894		4.74792098999
3.16199493408		3.78886318207
3.16612792015		1.60180664062
3.17026185989		0.510815620422
3.17437791824		1.45464992523
3.17849588394		3.56559085846
3.18262195587		4.76821899414
3.18675303459		3.59603691101
3.19087386131		1.42420387268
3.19500684738		0.51589012146
3.19912600517		1.62717819214
3.20325088501		3.74319458008
3.20737791061		4.75806999207
3.21150302887		3.41335964203
3.21563601494		1.27704620361
3.21975302696		0.531112670898
3.2238779068		1.85552597046
3.2281370163		3.96646690369
3.23225593567		4.71747493744
3.23641705513		3.12919425964
3.24050402641		1.08929443359
3.24463105202		0.5818567276
3.24875593185		2.05342674255
3.25288105011		4.11869812012
3.25700998306		4.6515083313
3.26113390923		2.94651699066
3.26526594162		0.962434768677
3.26938486099		0.637675285339
3.27351284027		2.23610401154
3.27763700485		4.25570678711
3.28176903725		4.58046627045
3.28589487076		2.74354171753
3.29001092911		0.850798606873
3.2941429615		0.713790893555
3.29827094078		2.43907928467
3.3023788929		4.37749099731
3.30652594566		4.48405361176
3.31064486504		2.5405664444
3.31477499008		0.754385948181
3.31889200211		0.815278053284
3.32301688194		2.62175655365
3.32714295387		4.48405361176
3.33126807213		4.37749099731
3.33539605141		2.34774017334
3.33951997757		0.678269386292
3.34364295006		0.916765213013
3.34776997566		2.81458282471
3.3518948555		4.58554077148
3.35602784157		4.24555778503
3.36014485359		2.15491390228
3.36427903175		0.602153778076
3.3683989048		1.02840232849
3.37252092361		3.00740909576
3.37664890289		4.6515083313
3.38077402115		4.10854911804
3.38490605354		1.96208763123
3.38902497292		0.571707725525
3.39314985275		1.16541004181
3.39727902412		3.20023536682
3.40141797066		4.7124004364
3.40553498268		3.95124340057
3.40965986252		1.78448390961
3.41377806664		0.536187171936
3.41790294647		1.29734420776
3.42202806473		3.37783908844
3.42617797852		4.75299549103
3.43027901649		3.79393768311
3.43441486359		1.60180664062
3.43853092194		0.51589012146
3.4426548481		1.45464992523
3.44678401947		3.5706653595
3.45090889931		4.7631444931
3.4550409317		3.60111141205
3.45916104317		1.43942642212
3.46328496933		0.520963668823
3.46741294861		1.6221036911
3.47153496742		3.73812007904
3.47567105293		4.7631444931
3.47978687286		3.41335964203
3.48391389847		1.2516746521
3.4881670475		0.536187171936
3.49228906631		1.86059951782
3.4964120388		3.96139240265
3.50053191185		4.72254943848
3.5046620369		3.14949226379
3.50879192352		1.08929443359
3.51291584969		0.576782226562
3.51704502106		2.04327774048
3.52116799355		4.11362361908
3.52530193329		4.65658187866
3.52943706512		2.94144248962
3.53354406357		0.967509269714
3.53767704964		0.642748832703
3.54179501534		2.2310295105
3.54592204094		4.25570678711
3.55004787445		4.58554077148
3.55419301987		2.73846721649
3.55830097198		0.85587310791
3.56242489815		0.708716392517
3.56654787064		2.42385578156
3.57067394257		4.37749099731
3.57480597496		4.48405361176
3.57892584801		2.55071544647
3.58305096626		0.759459495544
3.58717799187		0.810203552246
3.59130001068		2.61668205261
3.59543204308		4.48912811279
3.59955096245		4.38256549835
3.60367798805		2.35788917542
3.60780906677		0.673195838928
3.61195206642		0.916765213013
3.61606287956		2.82473182678
3.62018299103		4.57539176941
3.62430787086		4.25063228607
3.62843203545		2.15491390228
3.63255786896		0.612302780151
3.63668394089		1.02840232849
3.64081096649		3.00740909576
3.64494204521		4.6515083313
3.64906096458		4.11362361908
3.6531829834		1.9722366333
3.65731501579		0.571707725525
3.66143488884		1.15526103973
3.66556787491		3.20023536682
3.66968584061		4.7124004364
3.67381286621		3.96139240265
3.67793798447		1.78955841064
3.6820640564		0.536187171936
3.68619585037		1.29734420776
3.69033002853		3.38798809052
3.69444704056		4.75299549103
3.69855690002		3.79901218414
3.70268297195		1.6119556427
3.7068259716		0.51589012146
3.7109439373		1.44957542419
3.71507787704		3.56051635742
3.71919393539		4.7631444931
3.72332000732		3.61126041412
3.72744703293		1.44450092316
3.73157000542		0.510815620422
3.73569583893		1.61703014374
3.73982095718		3.733045578
3.74394583702		4.75806999207
3.74819898605		3.35246753693
3.75232601166		1.23137664795
3.75645685196		0.536187171936
3.76057291031		1.85552597046
3.76470804214		3.96139240265
3.76882600784		4.7124004364
3.77294898033		3.15964031219
3.77707695961		1.09436893463
3.78120088577		0.576782226562
3.78533005714		2.04327774048
3.78945183754		4.10854911804
3.79358291626		4.6616563797
3.79770684242		2.95666599274
3.80182886124		0.967509269714
3.80596184731		0.632600784302
3.81008005142		2.22595500946
3.81421089172		4.25570678711
3.81834697723		4.58554077148
3.82245492935		2.75876522064
3.8265838623		0.850798606873
3.83070802689		0.708716392517
3.83484196663		2.42385578156
3.838960886		4.37241744995
3.84308505058		4.48912811279
3.84721088409		2.54564094543
3.8513379097		0.759459495544
3.85546588898		0.805129051208
3.85958600044		2.61160755157
3.86371207237		4.48405361176
3.86784386635		4.38256549835
3.87196588516		2.3426656723
3.87609601021		0.678269386292
3.88021302223		0.906617164612
3.88434195518		2.80950832367
3.88846898079		4.58046627045
3.89259696007		4.25570678711
3.89671397209		2.15998840332
3.90083289146		0.612302780151
3.90496492386		1.02840232849
3.90909790993		3.00233459473
3.91323494911		4.6515083313
3.91734695435		4.11362361908
3.9214758873		1.9722366333
3.9256029129		0.571707725525
3.92971992493		1.1501865387
3.93384695053		3.18501281738
3.93797397614		4.70732593536
3.94209694862		3.96646690369
3.94627904892		1.75911235809
3.95035004616		0.541261672974
3.95448493958		1.3024187088
3.95859789848		3.36769008636
3.96272802353		4.74792098999
3.96685385704		3.79393768311
3.9709789753		1.6119556427
3.97510886192		0.51589012146
3.97922801971		1.44957542419
3.98335289955		3.55036830902
3.98747706413		4.7631444931
3.99159598351		3.6214094162
3.99572706223		1.44957542419
3.99985790253		0.510815620422
4.00398087502		1.62717819214
4.00810790062		3.74319458008
4.01223301888		4.7631444931
4.01639389992		3.40321063995
4.02048587799		1.28719520569
4.02461099625		0.526038169861
4.02873492241		1.78955841064
4.03285884857		3.90050029755
4.03698706627		4.73269748688
4.04111099243		3.23068237305
4.0452439785		1.14511299133
4.04936885834		0.56155872345
4.05348801613		1.96208763123
4.05761790276		4.05780601501
4.06173801422		4.68195438385
4.06586503983		3.03278160095
4.06998896599		1.01317882538
4.07414984703		0.617377281189
4.07824206352		2.15491390228
4.08238196373		4.21003723145
4.08649897575		4.61091327667
4.09063887596		2.81458282471
4.09475302696		0.896468162537
4.09886002541		0.678269386292
4.10298490524		2.35788917542
4.10712695122		4.33182239532
4.11124587059		4.52972316742
4.11537885666		2.62683105469
4.11949706078		0.794981002808
4.12362289429		0.759459495544
4.12774896622		2.5405664444
4.13187289238		4.44853305817
4.13599991798		4.41808605194
4.14012598991		2.43400478363
4.14425396919		0.708716392517
4.14837789536		0.866022109985
4.15250086784		2.73846721649
4.15662884712		4.54494571686
4.16075205803		4.3013753891
4.1648850441		2.22595500946
4.1690030098		0.632600784302
4.17312788963		0.982732772827
4.1772608757		2.93129348755
4.1813788414		4.62106132507
4.18552398682		4.16436767578
4.18963003159		2.04327774048
4.19375395775		0.5818567276
4.19788098335		1.10451793671
4.20200586319		3.11904525757
4.20614004135		4.69210338593
4.21027088165		4.01721096039
4.21439194679		1.85552597046
4.21851205826		0.556485176086
4.22263383865		1.24660015106
4.22676301003		3.30679798126
4.23088502884		4.73777198792
4.23501586914		3.85990524292
4.23913693428		1.67792224884
4.24326205254		0.520963668823
4.24738788605		1.38868236542
4.25151205063		3.48440074921
4.25564599037		4.7631444931
4.25976490974		3.6823015213
4.26389288902		1.46987247467
4.26814389229		0.510815620422
4.27226686478		1.6119556427
4.27639889717		3.733045578
4.28051686287		4.7631444931
4.28465199471		3.4235086441
4.28876900673		1.28719520569
4.29289293289		0.531112670898
4.29701590538		1.78448390961
4.30113697052		3.89035129547
4.30527591705		4.72762393951
4.30939888954		3.23575687408
4.31353998184		1.14511299133
4.3176510334		0.56155872345
4.32177305222		1.95701313019
4.32590699196		4.05273151398
4.33002400398		4.68702888489
4.33415985107		3.03785610199
4.33828997612		1.00810432434
4.34240102768		0.607228279114
4.34653496742		2.16506290436
4.35065197945		4.19988822937
4.35478401184		4.61598682404
4.35890293121		2.82473182678
4.36302804947		0.901542663574
4.36715388298		0.678269386292
4.37127900124		2.34774017334
4.37540483475		4.32674789429
4.37953090668		4.53479766846
4.38365602493		2.63698005676
4.3879108429		0.759459495544
4.3920340538		0.805129051208
4.39615702629		2.60145950317
4.40028190613		4.48405361176
4.40441703796		4.38256549835
4.40853500366		2.36296367645
4.4126598835		0.683343887329
4.41678500175		0.906617164612
4.42090988159		2.79936027527
4.42503786087		4.57031822205
4.42916584015		4.26078033447
4.43329405785		2.1701374054
4.43741488457		0.617377281189
4.44155406952		1.02332782745
4.44567298889		2.98711204529
4.44979000092		4.64643383026
4.45391702652		4.08825206757
4.45816993713		1.9214925766
4.4622938633		0.556485176086
4.46644091606		1.20600509644
4.47054290771		3.24590492249
4.47467589378		4.72762393951
4.47879385948		3.91572284698
4.48291897774		1.73881530762
4.48704695702		0.531112670898
4.4911699295		1.33793926239
4.49529600143		3.42858314514
4.49941301346		4.75299549103
4.50353598595		3.75334262848
4.5076789856		1.561211586
4.51179790497		0.51589012146
4.51592993736		1.5003194809
4.52004790306		3.61633491516
4.5241818428		4.76821899414
4.52830004692		3.56051635742
4.53242588043		1.40390586853
4.53655290604		0.51589012146
4.54067707062		1.66269874573
4.54480195045		3.78886318207
4.54892706871		4.75299549103
4.55305290222		3.36769008636
4.55718183517		1.24660015106
4.56130886078		0.546336174011
4.5654399395		1.84537696838
4.56957507133		3.95124340057
4.57368206978		4.72254943848
4.57781004906		3.17486381531
4.58193206787		1.10959243774
4.58606100082		0.571707725525
4.59018397331		2.02297973633
4.5943300724		4.11362361908
4.59843492508		4.67180538177
4.60256505013		2.96681404114
4.60668587685		0.97765827179
4.61081004143		0.632600784302
4.6149418354		2.22595500946
4.61906194687		4.240483284
4.6231880188		4.58554077148
4.62732696533		2.76383876801
4.63143587112		0.871096611023
4.63557100296		0.708716392517
4.63969302177		2.40863323212
4.64381599426		4.36734294891
4.64794301987		4.49927616119
4.65206694603		2.57101249695
4.65619707108		0.764533996582
4.66031694412		0.78990650177
4.66444396973		2.60145950317
4.66856789589		4.47897911072
4.67269396782		4.39271450043
4.67682003975		2.37311172485
4.68094301224		0.688418388367
4.68507885933		0.906617164612
4.68919897079		2.79936027527
4.69332194328		4.56524372101
4.69744586945		4.27092933655
4.70156502724		2.18535995483
4.70569491386		0.617377281189
4.70982599258		1.01825332642
4.71395897865		3.02770709991
4.7182059288		4.67180538177
4.72234296799		4.07810306549
4.72649288177		1.90119457245
4.73057985306		0.566633224487
4.73470187187		1.19078159332
4.73882889748		3.24083042145
4.74295306206		4.72254943848
4.74707889557		3.92079734802
4.75120592117		1.74896335602
4.75533890724		0.536187171936
4.75945687294		1.33793926239
4.76358103752		3.41843414307
4.7677090168		4.75299549103
4.77183198929		3.75334262848
4.77596092224		1.56628608704
4.78008389473		0.510815620422
4.7842130661		1.5003194809
4.78833293915		3.60111141205
4.79245901108		4.76821899414
4.79658889771		3.5706653595
4.80071187019		1.39883136749
4.80484294891		0.51589012146
4.80896186829		1.66269874573
4.81308984756		3.77871513367
4.81721997261		4.75299549103
4.82133984566		3.3727645874
4.82546806335		1.2516746521
4.82959198952		0.541261672974
4.83371591568		1.83522796631
4.8379740715		4.00198745728
4.8420920372		4.70732593536
4.84621691704		3.11397171021
4.85035705566		1.05377388
4.85447692871		0.586931228638
4.85859799385		2.08894729614
4.86272001266		4.14914417267
4.86684393883		4.64643383026
4.87097001076		2.900847435
4.87510085106		0.937063217163
4.87922000885		0.657972335815
4.88334703445		2.27669906616
4.88747692108		4.28107833862
4.8915989399		4.56524372101
4.89573001862		2.70802116394
4.89983987808		0.840649604797
4.90396690369		0.759459495544
4.90823197365		2.5405664444
4.91235184669		4.44345855713
4.91648101807		4.43330955505
4.92060804367		2.43907928467
4.92473387718		0.708716392517
4.92885303497		0.866022109985
4.93297791481		2.72831821442
4.93710803986		4.53987121582
4.9412279129		4.31152439117
4.94536304474		2.23610401154
4.94948005676		0.637675285339
4.95362401009		0.982732772827
4.95773601532		2.92114448547
4.96185898781		4.62106132507
4.96599197388		4.17451667786
4.9701089859		2.05342674255
4.9742410183		0.586931228638
4.97837305069		1.09944343567
4.98248386383		3.11397171021
4.98661088943		4.69210338593
4.99072790146		4.03750801086
4.99485707283		1.86567401886
4.99899196625		0.551410675049
