0.00012993812561		2.40355873108
0.00450897216797		2.89069843292
0.00777792930603		2.80443382263
0.0110099315643		2.09909534454
0.0142569541931		2.2919216156
0.0175139904022		2.88055038452
0.0207569599152		2.85517787933
0.0240068435669		2.47967433929
0.0272698402405		2.1701374054
0.0305190086365		2.88055038452
0.0337688922882		2.89069843292
0.0370109081268		2.75876522064
0.0402657985687		2.06864929199
0.0435118675232		2.52534389496
0.0468289852142		2.89069843292
0.0501389503479		2.79936027527
0.0533888339996		2.09402179718
0.0566458702087		2.30714511871
0.0598969459534		2.88562393188
0.0631468296051		2.84502887726
0.0664370059967		2.38833522797
0.0696468353271		2.17521095276
0.0728998184204		2.88562393188
0.0761578083038		2.89069843292
0.0794019699097		2.74861621857
0.0826528072357		2.07372379303
0.0859098434448		2.58116149902
0.0891518592834		2.89069843292
0.0923998355865		2.79936027527
0.0956590175629		2.09402179718
0.0989038944244		2.31221961975
0.102154970169		2.88055038452
0.105404853821		2.84502887726
0.108781814575		2.35281467438
0.112028837204		2.18535995483
0.115278959274		2.88562393188
0.118532896042		2.89069843292
0.121780872345		2.73339271545
0.125029802322		2.0838727951
0.128280878067		2.62683105469
0.131529808044		2.89069843292
0.134780883789		2.78921127319
0.138034820557		2.08894729614
0.141281843185		2.31729412079
0.144531011581		2.88562393188
0.147786855698		2.8399553299
0.151034832001		2.34774017334
0.15428686142		2.18535995483
0.15753698349		2.89069843292
0.160785913467		2.89069843292
0.164035797119		2.73339271545
0.167294025421		2.08894729614
0.170535802841		2.62683105469
0.173785924911		2.89069843292
0.17703795433		2.78921127319
0.180287837982		2.09402179718
0.183535814285		2.31729412079
0.186879873276		2.89069843292
0.190163850784		2.83488082886
0.193419933319		2.28684806824
0.196672916412		2.19550895691
0.199906826019		2.88562393188
0.20315694809		2.88562393188
0.206419944763		2.69787216187
0.209811925888		2.11939334869
0.213046789169		2.74354171753
0.216310024261		2.89069843292
0.219544887543		2.77906227112
0.22279381752		2.0838727951
0.226051807404		2.3426656723
0.229295015335		2.89069843292
0.232546806335		2.82980632782
0.235795974731		2.23610401154
0.239050865173		2.21073246002
0.242295980453		2.88055038452
0.245553016663		2.87547588348
0.24879693985		2.68772315979
0.252045869827		2.10924434662
0.255296945572		2.75876522064
0.258548021317		2.89577293396
0.261797904968		2.77906227112
0.265048027039		2.07879829407
0.268308877945		2.3426656723
0.271551847458		2.89069843292
0.274801969528		2.82473182678
0.278052806854		2.2310295105
0.281302928925		2.21073246002
0.284551858902		2.88055038452
0.287802934647		2.88055038452
0.291054010391		2.68772315979
0.294301986694		2.10924434662
0.297554016113		2.73846721649
0.300802946091		2.89069843292
0.304051876068		2.78413677216
0.307310819626		2.07879829407
0.31055688858		2.33759117126
0.313803911209		2.89069843292
0.317058801651		2.82980632782
0.32030582428		2.23610401154
0.32355594635		2.21073246002
0.326902866364		2.88055038452
0.330182790756		2.87040138245
0.333432912827		2.65727710724
0.33668589592		2.12446784973
0.33993601799		2.78413677216
0.343184947968		2.89069843292
0.346440792084		2.77398777008
0.34968495369		2.07879829407
0.352934837341		2.36296367645
0.356194019318		2.89069843292
0.359435796738		2.81965732574
0.362686872482		2.18535995483
0.365944862366		2.2310295105
0.369186878204		2.87547588348
0.372430801392		2.87040138245
0.375684976578		2.6522026062
0.378940820694		2.12954235077
0.382188796997		2.78413677216
0.385520935059		2.89069843292
0.388818025589		2.76891326904
0.392066001892		2.07372379303
0.39531493187		2.41370677948
0.398566007614		2.89069843292
0.401817798615		2.81458282471
0.405067920685		2.14983940125
0.408325910568		2.25132751465
0.411567926407		2.87547588348
0.414819002151		2.86532688141
0.418069839478		2.61160755157
0.421319007874		2.13969039917
0.424571990967		2.81965732574
0.427820920944		2.89069843292
0.431068897247		2.76891326904
0.434320926666		2.07372379303
0.437572956085		2.40355873108
0.44081902504		2.89577293396
0.444206953049		2.80950832367
0.44745182991		2.11431884766
0.450697898865		2.27162456512
0.453946828842		2.87547588348
0.457201004028		2.86025238037
0.460448980331		2.55578994751
0.46370100975		2.14983940125
0.466956853867		2.8501033783
0.470206975937		2.89069843292
0.473452806473		2.76383876801
0.476739883423		2.06357479095
0.479950904846		2.45430183411
0.483201980591		2.89069843292
0.486469984055		2.80950832367
0.489706993103		2.11431884766
0.492956876755		2.27162456512
0.496204853058		2.88055038452
0.499454975128		2.86025238037
0.502702951431		2.56086444855
0.505963802338		2.14983940125
0.509205818176		2.8501033783
0.512456893921		2.89069843292
0.515716791153		2.76383876801
0.518959999084		2.06864929199
0.522207021713		2.44922733307
0.525463819504		2.89069843292
0.528709888458		2.80950832367
0.531958818436		2.11939334869
0.535208940506		2.26655006409
0.538460016251		2.87040138245
0.541709899902		2.86025238037
0.544960021973		2.56086444855
0.548211812973		2.14983940125
0.551461935043		2.85517787933
0.554711818695		2.89069843292
0.557963848114		2.76383876801
0.561211824417		2.06864929199
0.564463853836		2.44922733307
0.567717790604		2.89069843292
0.570971012115		2.80443382263
0.574214935303		2.11431884766
0.577467918396		2.27162456512
0.580714941025		2.87547588348
0.583966970444		2.86025238037
0.587215900421		2.56086444855
0.59046792984		2.14983940125
0.593719005585		2.8501033783
0.596972942352		2.89069843292
0.600219964981		2.76383876801
0.603467941284		2.06864929199
0.606803894043		2.4898223877
0.610095977783		2.89577293396
0.613344907761		2.80443382263
0.616598844528		2.09909534454
0.619845867157		2.28684806824
0.623095989227		2.88055038452
0.626351833344		2.85517787933
0.629595994949		2.49997138977
0.632846832275		2.15491390228
0.636104822159		2.87040138245
0.639347791672		2.89069843292
0.642601013184		2.75876522064
0.645855903625		2.06357479095
0.649099826813		2.51012039185
0.652351856232		2.89069843292
0.655606985092		2.80443382263
0.658859014511		2.09909534454
0.662101984024		2.2919216156
0.665354013443		2.88055038452
0.668727874756		2.8501033783
0.671994924545		2.42893028259
0.675227880478		2.1701374054
0.678479909897		2.88562393188
0.681729793549		2.89577293396
0.684978961945		2.74861621857
0.688234806061		2.06864929199
0.691478967667		2.55071544647
0.694729804993		2.89069843292
0.697981834412		2.79936027527
0.701229810715		2.09909534454
0.704483985901		2.30207061768
0.707733869553		2.88562393188
0.710983991623		2.84502887726
0.714233875275		2.43907928467
0.717483997345		2.1701374054
0.720733880997		2.88562393188
0.723982810974		2.89069843292
0.727235794067		2.7536907196
0.730484962463		2.06864929199
0.733734846115		2.55071544647
0.736987829208		2.89069843292
0.740235805511		2.79936027527
0.74348783493		2.09402179718
0.74677491188		2.30714511871
0.749987840652		2.88055038452
0.753237962723		2.8501033783
0.756496906281		2.43400478363
0.759740829468		2.1701374054
0.762996912003		2.89069843292
0.766246795654		2.89069843292
0.769491910934		2.74861621857
0.772745847702		2.07372379303
0.775992870331		2.56086444855
0.779240846634		2.89069843292
0.782491922379		2.79936027527
0.785751819611		2.09402179718
0.788992881775		2.29699611664
0.79224896431		2.88562393188
0.795500993729		2.8501033783
0.798743963242		2.43907928467
0.801993846893		2.1701374054
0.805244922638		2.88562393188
0.808628797531		2.89069843292
0.811872959137		2.73339271545
0.815122842789		2.07372379303
0.818372011185		2.60145950317
0.821621894836		2.89069843292
0.824872970581		2.79428577423
0.828126907349		2.09402179718
0.831372976303		2.31221961975
0.834625005722		2.88055038452
0.837877988815		2.84502887726
0.841125011444		2.37311172485
0.84437584877		2.17521095276
0.847627878189		2.88562393188
0.850876808167		2.89069843292
0.854126930237		2.73846721649
0.85737991333		2.07879829407
0.860628843307		2.60145950317
0.863878965378		2.89069843292
0.867129802704		2.79428577423
0.8703789711		2.08894729614
0.873633861542		2.31221961975
0.876884937286		2.88562393188
0.880136013031		2.84502887726
0.883380889893		2.37311172485
0.886637926102		2.1802854538
0.889881849289		2.88562393188
0.893131017685		2.89069843292
0.896381855011		2.73846721649
0.899634838104		2.07879829407
0.902880907059		2.61160755157
0.906138896942		2.89069843292
0.909382820129		2.78921127319
0.912634849548		2.08894729614
0.915892839432		2.31221961975
0.91913485527		2.88055038452
0.922385931015		2.84502887726
0.92564201355		2.37311172485
0.928886890411		2.1802854538
0.932135820389		2.88562393188
0.935385942459		2.88562393188
0.938764810562		2.71817016602
0.942013025284		2.08894729614
0.945264816284		2.68772315979
0.948515892029		2.89577293396
0.951764822006		2.78413677216
0.955014944077		2.0838727951
0.958266973495		2.32744312286
0.961517810822		2.88562393188
0.964766979218		2.83488082886
0.968020915985		2.30714511871
0.971267938614		2.19043445587
0.974522829056		2.89069843292
0.977767944336		2.88562393188
0.981016874313		2.72324466705
0.984270811081		2.08894729614
0.9875228405		2.66235160828
0.990769863129		2.89069843292
0.994019985199		2.78413677216
0.997272014618		2.0838727951
1.00052499771		2.32744312286
1.00377297401		2.88562393188
1.00703001022		2.83488082886
1.01028990746		2.30714511871
1.01352286339		2.18535995483
1.01681089401		2.88562393188
1.02002382278		2.88562393188
1.02327489853		2.71817016602
1.02653098106		2.09402179718
1.02977395058		2.66235160828
1.03302383423		2.89577293396
1.03628396988		2.78413677216
1.03952598572		2.0838727951
1.0427749157		2.32236862183
1.04603600502		2.89069843292
1.04927587509		2.8399553299
1.05252885818		2.31221961975
1.05578398705		2.19043445587
1.05902886391		2.89069843292
1.06227684021		2.88562393188
1.06553697586		2.71817016602
1.06877684593		2.09402179718
1.07202982903		2.66235160828
1.07528495789		2.89577293396
1.07853102684		2.78921127319
1.08178281784		2.0838727951
1.08503079414		2.32744312286
1.08828687668		2.89069843292
1.09153294563		2.8399553299
1.09478282928		2.30714511871
1.09803700447		2.19043445587
1.10128283501		2.88562393188
1.10453486443		2.88562393188
1.10778594017		2.71817016602
1.11103701591		2.09402179718
1.11428499222		2.66742610931
1.11753797531		2.89069843292
1.12078499794		2.78413677216
1.12403702736		2.0838727951
1.12728881836		2.32744312286
1.13054084778		2.88562393188
1.13378691673		2.83488082886
1.13703989983		2.31221961975
1.14029192924		2.18535995483
1.14354085922		2.88562393188
1.14682793617		2.88562393188
1.15004181862		2.71817016602
1.15329194069		2.08894729614
1.1565489769		2.67250061035
1.15979194641		2.89577293396
1.16304183006		2.78413677216
1.16629886627		2.08894729614
1.16954493523		2.32744312286
1.17279601097		2.89069843292
1.17604899406		2.83488082886
1.1792948246		2.31221961975
1.182543993		2.19043445587
1.18579983711		2.88562393188
1.18904399872		2.88562393188
1.19229698181		2.71817016602
1.19555401802		2.09402179718
1.19879579544		2.67250061035
1.20204496384		2.89069843292
1.20529580116		2.78413677216
1.20868182182		2.07879829407
1.21192383766		2.33759117126
1.21517491341		2.89069843292
1.21842479706		2.83488082886
1.22167491913		2.26147556305
1.22492599487		2.20565795898
1.2281768322		2.88055038452
1.2314248085		2.88055038452
1.23467683792		2.69279766083
1.23792695999		2.10924434662
1.24117684364		2.72831821442
1.24442791939		2.89577293396
1.24767899513		2.77906227112
1.25092792511		2.07879829407
1.25417780876		2.33759117126
1.25743484497		2.89069843292
1.26067900658		2.82980632782
1.2639298439		2.25640106201
1.26718401909		2.20058345795
1.27043199539		2.88562393188
1.27368187904		2.88055038452
1.27694582939		2.69787216187
1.28018283844		2.10416984558
1.28343296051		2.72831821442
1.28668498993		2.89577293396
1.28993391991		2.77906227112
1.29318284988		2.07879829407
1.2964348793		2.33759117126
1.29968500137		2.89069843292
1.3029358387		2.82473182678
1.30619502068		2.24625301361
1.30943489075		2.20565795898
1.31268787384		2.88055038452
1.31594586372		2.88055038452
1.31918883324		2.69787216187
1.32244586945		2.10924434662
1.32569599152		2.73339271545
1.32893896103		2.89577293396
1.33219099045		2.78413677216
1.33547592163		2.07879829407
1.33869099617		2.33759117126
1.34193992615		2.89069843292
1.34519100189		2.82980632782
1.34844398499		2.25132751465
1.35169196129		2.20565795898
1.35494494438		2.88562393188
1.35819292068		2.88055038452
1.3614449501		2.69787216187
1.36469483376		2.10416984558
1.36794090271		2.72831821442
1.37118697166		2.89069843292
1.37443494797		2.78413677216
1.37771081924		2.07879829407
1.3809440136		2.33759117126
1.38419485092		2.89069843292
1.38744997978		2.82980632782
1.39069581032		2.25132751465
1.39394783974		2.20058345795
1.39720082283		2.88562393188
1.40045189857		2.88055038452
1.40369987488		2.69787216187
1.40695691109		2.10416984558
1.4101998806		2.73339271545
1.41345000267		2.89577293396
1.41674280167		2.77906227112
1.41995000839		2.0838727951
1.42320179939		2.33759117126
1.42645287514		2.89577293396
1.42970299721		2.82980632782
1.43295383453		2.25132751465
1.43620800972		2.20565795898
1.43945002556		2.88562393188
1.44270086288		2.87547588348
1.44609093666		2.66742610931
1.44932079315		2.11939334869
1.4525718689		2.76891326904
1.45582389832		2.89577293396
1.45908284187		2.77398777008
1.46233081818		2.07879829407
1.46559000015		2.35788917542
1.46883392334		2.89069843292
1.47208285332		2.82473182678
1.47533392906		2.19043445587
1.4785900116		2.22595500946
1.48183679581		2.88055038452
1.48508501053		2.87547588348
1.48834300041		2.66742610931
1.49158596992		2.12446784973
1.4948348999		2.77906227112
1.498087883		2.89069843292
1.5013358593		2.77398777008
1.50458478928		2.07879829407
1.50784492493		2.35788917542
1.51108884811		2.89069843292
1.51433897018		2.82473182678
1.51758480072		2.20058345795
1.52083396912		2.22088050842
1.52408099174		2.88055038452
1.52734994888		2.87547588348
1.53059196472		2.66742610931
1.53383994102		2.11939334869
1.53709387779		2.77398777008
1.54034090042		2.89577293396
1.54359197617		2.77906227112
1.54687690735		2.07879829407
1.55009198189		2.35788917542
1.55334281921		2.89069843292
1.5566008091		2.82473182678
1.55984592438		2.20058345795
1.56309390068		2.22088050842
1.56635189056		2.87547588348
1.56959795952		2.87040138245
1.57284498215		2.66742610931
1.57609581947		2.12446784973
1.57935190201		2.77906227112
1.5825958252		2.89577293396
1.58585691452		2.77906227112
1.58909702301		2.07879829407
1.5923500061		2.35281467438
1.59560585022		2.89069843292
1.59884786606		2.82473182678
1.60209989548		2.20058345795
1.60534882545		2.24117851257
1.60873389244		2.87547588348
1.61197590828		2.86532688141
1.61522483826		2.61160755157
1.61847686768		2.13969039917
1.62172794342		2.80950832367
1.62498092651		2.89069843292
1.62822890282		2.77398777008
1.63147783279		2.07372379303
1.63472986221		2.38833522797
1.63798284531		2.89069843292
1.64122986794		2.81458282471
1.64448285103		2.15998840332
1.64773082733		2.24625301361
1.65098285675		2.87547588348
1.65423083305		2.86532688141
1.65748500824		2.62683105469
1.66073179245		2.13461589813
1.66398286819		2.81458282471
1.66723299026		2.89069843292
1.67048287392		2.76891326904
1.67373585701		2.07879829407
1.67698979378		2.393409729
1.68024086952		2.89069843292
1.6834859848		2.81965732574
1.68682384491		2.12954235077
1.69011282921		2.26655006409
1.69336080551		2.87547588348
1.69661283493		2.86532688141
1.69986200333		2.57101249695
1.70311594009		2.14983940125
1.70636987686		2.84502887726
1.70961284637		2.89069843292
1.71286487579		2.76891326904
1.71614789963		2.06864929199
1.71936583519		2.44415378571
1.72261595726		2.89069843292
1.72587180138		2.80950832367
1.72911691666		2.12446784973
1.73236680031		2.26655006409
1.73561882973		2.87547588348
1.7388689518		2.86532688141
1.7421169281		2.57608699799
1.74536681175		2.14983940125
1.74861884117		2.8399553299
1.75187087059		2.89069843292
1.75512099266		2.76891326904
1.75836896896		2.06864929199
1.76162290573		2.43907928467
1.76487183571		2.89069843292
1.76812386513		2.80950832367
1.7713727951		2.12446784973
1.77462291718		2.26655006409
1.77787399292		2.87547588348
1.78113079071		2.86025238037
1.78437590599		2.57101249695
1.78762483597		2.14983940125
1.79087281227		2.84502887726
1.79412794113		2.89577293396
1.79737901688		2.76383876801
1.80062890053		2.07372379303
1.80387592316		2.43400478363
1.80713295937		2.89577293396
1.81037783623		2.80950832367
1.81362891197		2.12954235077
1.81688499451		2.26655006409
1.82012701035		2.87547588348
1.823376894		2.86025238037
1.82663798332		2.57101249695
1.82987999916		2.14476490021
1.83313179016		2.84502887726
1.83638882637		2.89577293396
1.83963298798		2.76383876801
1.84288191795		2.07372379303
1.84613895416		2.44415378571
1.84938192368		2.89577293396
1.85263180733		2.81458282471
1.85588979721		2.12446784973
1.85913395882		2.26655006409
1.86238193512		2.87547588348
1.86564397812		2.86025238037
1.86888384819		2.57608699799
1.87213587761		2.14983940125
1.87538290024		2.85517787933
1.87863993645		2.89069843292
1.88189291954		2.76383876801
1.8851377964		2.07372379303
1.88838791847		2.43907928467
1.89163994789		2.89069843292
1.89488697052		2.80950832367
1.89813995361		2.12446784973
1.90138983727		2.26655006409
1.90464091301		2.87547588348
1.90789294243		2.86532688141
1.91113996506		2.57101249695
1.91439080238		2.14983940125
1.91764187813		2.8501033783
1.92088985443		2.89069843292
1.92414188385		2.76383876801
1.92739295959		2.06864929199
1.93064284325		2.44415378571
1.93389296532		2.89069843292
1.93714499474		2.80950832367
1.94039392471		2.12446784973
1.94364500046		2.26655006409
1.94690084457		2.88055038452
1.95014691353		2.86025238037
1.95339679718		2.57101249695
1.95665383339		2.14476490021
1.95989894867		2.8501033783
1.9631459713		2.89577293396
1.96640396118		2.76383876801
1.96964883804		2.06864929199
1.97289896011		2.44415378571
1.97614884377		2.89577293396
1.97939991951		2.80950832367
1.98265600204		2.11939334869
1.98590183258		2.27162456512
1.98915100098		2.87547588348
1.99240398407		2.86025238037
1.99565792084		2.56593894958
1.99890089035		2.14983940125
2.00214982033		2.8501033783
2.00540184975		2.89577293396
2.0086607933		2.76383876801
2.01190590858		2.06864929199
2.01515579224		2.44415378571
2.01840496063		2.89069843292
2.02165484428		2.81458282471
2.02490496635		2.12446784973
2.02815699577		2.26655006409
2.03140497208		2.87547588348
2.0346570015		2.86025238037
2.03790593147		2.57101249695
2.04115700722		2.14983940125
2.04440879822		2.8501033783
2.04765987396		2.89069843292
2.05090785027		2.76383876801
2.05415797234		2.07372379303
2.05741286278		2.44415378571
2.06065988541		2.89577293396
2.06391000748		2.80950832367
2.06716299057		2.12446784973
2.0704100132		2.26655006409
2.07366490364		2.87547588348
2.07691788673		2.86025238037
2.08016395569		2.57101249695
2.08341789246		2.14476490021
2.08667182922		2.8501033783
2.08991289139		2.89069843292
2.09316492081		2.76891326904
2.09641480446		2.07372379303
2.09966492653		2.44922733307
2.10291481018		2.89069843292
2.10617184639		2.80950832367
2.10941696167		2.12954235077
2.11266589165		2.26655006409
2.11592292786		2.88055038452
2.11916685104		2.86025238037
2.12241888046		2.56593894958
2.12567782402		2.14983940125
2.12891793251		2.84502887726
2.13216781616		2.89577293396
2.13541984558		2.75876522064
2.13879990578		2.06357479095
2.14204597473		2.49997138977
2.14529800415		2.89577293396
2.14854598045		2.80950832367
2.15179681778		2.10416984558
2.15504693985		2.2817735672
2.15829896927		2.88055038452
2.16155099869		2.85517787933
2.16479897499		2.51012039185
2.16805100441		2.15998840332
2.17129802704		2.87040138245
2.17454981804		2.89577293396
2.17779994011		2.75876522064
2.18104982376		2.06864929199
2.18431901932		2.51012039185
2.18755578995		2.89069843292
2.19080400467		2.80443382263
2.19405198097		2.10416984558
2.19730496407		2.28684806824
2.20055699348		2.88055038452
2.20380592346		2.86025238037
2.20705986023		2.51012039185
2.21030688286		2.15491390228
2.21356081963		2.87547588348
2.2168469429		2.89577293396
2.22005486488		2.75876522064
2.2233068943		2.06864929199
2.22656488419		2.50504589081
2.22980594635		2.89577293396
2.23305797577		2.80443382263
2.2363088131		2.10416984558
2.23955893517		2.28684806824
2.24281001091		2.88055038452
2.24606800079		2.85517787933
2.24931001663		2.51012039185
2.25255894661		2.15998840332
2.25581693649		2.87040138245
2.25906085968		2.89577293396
2.26230978966		2.75876522064
2.26557087898		2.06357479095
2.2688138485		2.49997138977
2.27206301689		2.89577293396
2.27531385422		2.80443382263
2.27856492996		2.10924434662
2.28181385994		2.28684806824
2.28507089615		2.88055038452
2.28832101822		2.85517787933
2.29156494141		2.51012039185
2.29481601715		2.15998840332
2.29806995392		2.87040138245
2.30131602287		2.89577293396
2.30456495285		2.75876522064
2.30781793594		2.06864929199
2.3110678196		2.49997138977
2.31431889534		2.89577293396
2.31757092476		2.80443382263
2.32081985474		2.09909534454
2.32406783104		2.2817735672
2.32732200623		2.88055038452
2.33057188988		2.85517787933
2.33382081985		2.51012039185
2.33707284927		2.15998840332
2.34032201767		2.87040138245
2.34357190132		2.89577293396
2.34685993195		2.75876522064
2.35007286072		2.06864929199
2.35332489014		2.49997138977
2.35658192635		2.89069843292
2.35982584953		2.80443382263
2.36307501793		2.10416984558
2.36633086205		2.28684806824
2.36957001686		2.88055038452
2.37281799316		2.85517787933
2.37607288361		2.49997138977
2.37932991982		2.15998840332
2.38257598877		2.87040138245
2.38584089279		2.89577293396
2.38907790184		2.75876522064
2.39232683182		2.06864929199
2.39558601379		2.50504589081
2.39882779121		2.89577293396
2.40207886696		2.80443382263
2.4053299427		2.09909534454
2.40871286392		2.30207061768
2.41195583344		2.88055038452
2.41520595551		2.8501033783
2.41845989227		2.44922733307
2.42170500755		2.16506290436
2.42495679855		2.88562393188
2.4282078743		2.89577293396
2.43145799637		2.7536907196
2.43471002579		2.06864929199
2.43795990944		2.55071544647
2.44120693207		2.89577293396
2.44446897507		2.79428577423
2.44771099091		2.09909534454
2.45095992088		2.29699611664
2.45421385765		2.88055038452
2.4574649334		2.8501033783
2.4607129097		2.44922733307
2.46396279335		2.1701374054
2.46721482277		2.88562393188
2.47046399117		2.89069843292
2.47371482849		2.74861621857
2.47697401047		2.06864929199
2.48021602631		2.55071544647
2.48346590996		2.89069843292
2.48682379723		2.79428577423
2.49009799957		2.09402179718
2.49334096909		2.31221961975
2.49659180641		2.88562393188
2.49984192848		2.84502887726
2.5030939579		2.38326072693
2.50634980202		2.17521095276
2.50959396362		2.88562393188
2.51284790039		2.89069843292
2.51610279083		2.73846721649
2.519343853		2.07879829407
2.52259588242		2.60145950317
2.52585482597		2.89069843292
2.52909588814		2.79428577423
2.53234696388		2.09402179718
2.53560400009		2.31221961975
2.53884983063		2.88562393188
2.5420999527		2.8501033783
2.54534888268		2.36803817749
2.54859995842		2.17521095276
2.5518488884		2.88562393188
2.55510187149		2.89069843292
2.55835294724		2.73846721649
2.56160187721		2.07879829407
2.56485390663		2.60145950317
2.56810283661		2.89069843292
2.57135295868		2.78921127319
2.57460188866		2.08894729614
2.57785487175		2.31221961975
2.58110284805		2.88562393188
2.5843539238		2.84502887726
2.58761000633		2.38326072693
2.59085583687		2.17521095276
2.59410786629		2.89069843292
2.59735679626		2.89577293396
2.60061097145		2.73846721649
2.60385584831		2.07879829407
2.60711479187		2.61160755157
2.61035680771		2.89577293396
2.61360788345		2.79428577423
2.61686992645		2.09402179718
2.62010884285		2.31221961975
2.62335896492		2.88562393188
2.6266169548		2.84502887726
2.62986183167		2.37818622589
2.63311100006		2.17521095276
2.63636898994		2.88562393188
2.63961386681		2.89069843292
2.64286184311		2.73846721649
2.64611697197		2.07879829407
2.64936184883		2.60653305054
2.65261387825		2.89577293396
2.65587091446		2.79428577423
2.65911388397		2.08894729614
2.66236186028		2.31221961975
2.6656229496		2.89069843292
2.66886496544		2.84502887726
2.67211484909		2.38326072693
2.67536687851		2.1802854538
2.67861795425		2.88562393188
2.68186688423		2.89069843292
2.68511795998		2.73846721649
2.68837189674		2.07372379303
2.69161987305		2.60653305054
2.69486880302		2.89577293396
2.69811987877		2.79428577423
2.70136880875		2.09402179718
2.70461988449		2.31221961975
2.70787096024		2.88562393188
2.71112179756		2.84502887726
2.71437191963		2.38326072693
2.71762299538		2.1802854538
2.7208738327		2.88562393188
2.7241230011		2.89069843292
2.72737288475		2.74354171753
2.73062181473		2.07879829407
2.73387479782		2.60653305054
2.73712587357		2.89577293396
2.74037694931		2.79428577423
2.74362492561		2.09402179718
2.74688386917		2.31729412079
2.75012397766		2.88562393188
2.75337386131		2.84502887726
2.7566318512		2.37818622589
2.75987696648		2.1802854538
2.76313090324		2.88562393188
2.76638388634		2.89069843292
2.76963090897		2.73846721649
2.77287697792		2.07879829407
2.77612781525		2.60653305054
2.77938079834		2.89577293396
2.78262996674		2.79936027527
2.78588700294		2.09402179718
2.78913593292		2.31221961975
2.79238080978		2.88562393188
2.79563784599		2.84502887726
2.79888391495		2.38326072693
2.8021337986		2.17521095276
2.80538392067		2.89069843292
2.80876588821		2.88562393188
2.8120098114		2.72324466705
2.8152589798		2.09402179718
2.81851196289		2.66235160828
2.82175898552		2.89577293396
2.82500982285		2.78921127319
2.82826399803		2.08894729614
2.83151197433		2.32744312286
2.83476400375		2.89069843292
2.83801388741		2.8399553299
2.84126400948		2.31729412079
2.84451389313		2.19043445587
2.84778285027		2.88562393188
2.85101485252		2.88562393188
2.85426402092		2.72324466705
2.85751700401		2.08894729614
2.86076593399		2.66742610931
2.86401796341		2.89577293396
2.86726593971		2.78921127319
2.87051582336		2.08894729614
2.87376999855		2.32744312286
2.87701892853		2.89069843292
2.88026690483		2.8399553299
2.88351583481		2.31729412079
2.88685584068		2.20058345795
2.89015102386		2.88562393188
2.8933968544		2.88562393188
2.89664387703		2.7029466629
2.89989495277		2.10416984558
2.9031457901		2.72831821442
2.90640282631		2.900847435
2.90964698792		2.78413677216
2.91289782524		2.0838727951
2.91615486145		2.33759117126
2.91939687729		2.89069843292
2.92264890671		2.83488082886
2.92590594292		2.26147556305
2.92914891243		2.20565795898
2.93239784241		2.88562393188
2.9356508255		2.88562393188
2.93890285492		2.7029466629
2.94215297699		2.10416984558
2.94540286064		2.74861621857
2.94865179062		2.89577293396
2.95190191269		2.78413677216
2.95515298843		2.0838727951
2.95840501785		2.33759117126
2.9616549015		2.89577293396
2.96490502357		2.82980632782
2.96815490723		2.26147556305
2.97140598297		2.20565795898
2.97465491295		2.88562393188
2.97790694237		2.88562393188
2.98115491867		2.7029466629
2.98440599442		2.10924434662
2.98765993118		2.72831821442
2.9909119606		2.89577293396
2.99415898323		2.78413677216
2.99740886688		2.0838727951
3.00066184998		2.33759117126
3.0039088726		2.89577293396
3.00716495514		2.83488082886
3.01041102409		2.26655006409
3.01366400719		2.20565795898
3.01692295074		2.88562393188
3.02016091347		2.88562393188
3.02341294289		2.7029466629
3.02666783333		2.10416984558
3.02991700172		2.72831821442
3.03316402435		2.89577293396
3.03641986847		2.78413677216
3.03966379166		2.0838727951
3.04291391373		2.33759117126
3.04617094994		2.89577293396
3.04941487312		2.83488082886
3.05266499519		2.26147556305
3.05592179298		2.20565795898
3.05916881561		2.88562393188
3.06241583824		2.88055038452
3.06567788124		2.69787216187
3.06891798973		2.10416984558
3.07216882706		2.72324466705
3.07541894913		2.89577293396
3.07867002487		2.78413677216
3.0819208622		2.0838727951
3.0851688385		2.33759117126
3.08842086792		2.89577293396
3.09167599678		2.83488082886
3.09492182732		2.26147556305
3.09817194939		2.20565795898
3.10142087936		2.88562393188
3.10467195511		2.88562393188
3.1079249382		2.69787216187
3.11117386818		2.10416984558
3.1144258976		2.72831821442
3.11767482758		2.89577293396
3.12092590332		2.78413677216
3.12417602539		2.0838727951
3.12742686272		2.33759117126
3.13067483902		2.89069843292
3.13392686844		2.83488082886
3.13717985153		2.25640106201
3.14042687416		2.20565795898
3.14367699623		2.88562393188
3.14693498611		2.88055038452
3.1501789093		2.7029466629
3.15342998505		2.10924434662
3.15668487549		2.72831821442
3.159927845		2.89577293396
3.16317796707		2.78921127319
3.16643500328		2.0838727951
3.16968297958		2.3426656723
3.17293095589		2.89577293396
3.17618179321		2.83488082886
3.17943286896		2.25640106201
3.18268299103		2.20565795898
3.18594002724		2.88562393188
3.18918395042		2.88055038452
3.19244098663		2.7029466629
3.19569087029		2.10416984558
3.19893479347		2.72831821442
3.20218491554		2.89577293396
3.20543479919		2.78413677216
3.20881986618		2.0838727951
3.21206092834		2.35788917542
3.21531295776		2.89577293396
3.21856284142		2.82473182678
3.22181391716		2.20058345795
3.22508597374		2.22595500946
3.22831583023		2.88055038452
3.23156380653		2.87547588348
3.23481488228		2.67250061035
3.23806595802		2.12446784973
3.241314888		2.77398777008
3.24456691742		2.89577293396
3.24781799316		2.77906227112
3.25106883049		2.0838727951
3.25431585312		2.35788917542
3.25757098198		2.89069843292
3.26081800461		2.82473182678
3.26406979561		2.20565795898
3.26731801033		2.22088050842
3.27057099342		2.88055038452
3.27382183075		2.87547588348
3.27707099915		2.67757511139
3.2803208828		2.11939334869
3.28357100487		2.77906227112
3.28690981865		2.89577293396
3.29019784927		2.77398777008
3.29345297813		2.07879829407
3.29673194885		2.40355873108
3.29994893074		2.89069843292
3.30319786072		2.81965732574
3.30645799637		2.15998840332
3.30970001221		2.24117851257
3.31294894218		2.87547588348
3.31620693207		2.87040138245
3.31945180893		2.63698005676
3.32270479202		2.13461589813
3.32595896721		2.81458282471
3.3292028904		2.89577293396
3.33245396614		2.77398777008
3.33570599556		2.07372379303
3.33895397186		2.38833522797
3.34220385551		2.89069843292
3.34548592567		2.81965732574
3.34870386124		2.16506290436
3.35195279121		2.24117851257
3.35520601273		2.88055038452
3.35845994949		2.87040138245
3.36170983315		2.63190555573
3.36495685577		2.13461589813
3.3682038784		2.81458282471
3.37144994736		2.89577293396
3.37469887733		2.77398777008
3.3779668808		2.07879829407
3.38120889664		2.38833522797
3.38445687294		2.89069843292
3.38770890236		2.81965732574
3.39095902443		2.16506290436
3.39421582222		2.24625301361
3.39746284485		2.88055038452
3.40071582794		2.87040138245
3.4039618969		2.63698005676
3.40721893311		2.13969039917
3.41046285629		2.80950832367
3.41371297836		2.89577293396
3.4169728756		2.77398777008
3.42021179199		2.07879829407
3.42346286774		2.393409729
3.42675280571		2.89069843292
3.42996287346		2.81458282471
3.43321490288		2.16506290436
3.43647193909		2.24625301361
3.43971395493		2.87547588348
3.44296789169		2.86532688141
3.44622683525		2.63190555573
3.44946885109		2.13461589813
3.45271992683		2.80950832367
3.45597791672		2.89069843292
3.45922088623		2.77398777008
3.4624710083		2.07879829407
3.46573090553		2.393409729
3.46897101402		2.89069843292
3.47222089767		2.81965732574
3.47547984123		2.16506290436
3.4787209034		2.24117851257
3.48197293282		2.87547588348
3.48522186279		2.86532688141
3.4886059761		2.58116149902
3.49184894562		2.14476490021
3.49510478973		2.84502887726
3.49835085869		2.89577293396
3.50160193443		2.76891326904
3.50484895706		2.07372379303
3.50810194016		2.43907928467
3.51135182381		2.89577293396
3.51460289955		2.80950832367
3.5178539753		2.12446784973
3.52110385895		2.26655006409
3.52435088158		2.87547588348
3.52760386467		2.86532688141
3.53085398674		2.58623600006
3.53410696983		2.14476490021
3.53735589981		2.84502887726
3.54060482979		2.89577293396
3.54385399818		2.76383876801
3.54710793495		2.07372379303
3.55035591125		2.43907928467
3.55360484123		2.89577293396
3.55686497688		2.81458282471
3.56010580063		2.12954235077
3.56335687637		2.26655006409
3.56661581993		2.87547588348
3.56986093521		2.86532688141
3.57310795784		2.58116149902
3.57635998726		2.14476490021
3.57961082458		2.84502887726
3.58286094666		2.89577293396
3.58611798286		2.76383876801
3.58936285973		2.07372379303
3.59261488914		2.43907928467
3.59587597847		2.89577293396
3.59911298752		2.81458282471
3.60236382484		2.12954235077
3.60561585426		2.26655006409
3.60886883736		2.88055038452
3.61211395264		2.86532688141
3.61536478996		2.56593894958
3.61861586571		2.14983940125
3.62186479568		2.84502887726
3.62511587143		2.89577293396
3.62836790085		2.76383876801
3.63161492348		2.07372379303
3.6348669529		2.44415378571
3.63812088966		2.89577293396
3.64136886597		2.80950832367
3.64461994171		2.12446784973
3.64788484573		2.27162456512
3.65111899376		2.87547588348
3.65436983109		2.86532688141
3.65762090683		2.58116149902
3.66087198257		2.14983940125
3.66412091255		2.84502887726
3.66737389565		2.89577293396
3.67062091827		2.76891326904
3.67387390137		2.07372379303
3.67712402344		2.43907928467
3.68037295341		2.89577293396
3.68362188339		2.81458282471
3.68688082695		2.12954235077
3.69012498856		2.26655006409
3.69337487221		2.87547588348
3.69663190842		2.86025238037
3.6998758316		2.57608699799
3.70312595367		2.14983940125
3.70638394356		2.8501033783
3.70962882042		2.89577293396
3.71287679672		2.76891326904
3.71613383293		2.07372379303
3.71937894821		2.44415378571
3.72263002396		2.89577293396
3.72588586807		2.81458282471
3.72912693024		2.12954235077
3.73237895966		2.26655006409
3.73562979698		2.87547588348
3.73888492584		2.86025238037
3.7421309948		2.58116149902
3.74538183212		2.14983940125
3.74863386154		2.8501033783
3.75188183784		2.89577293396
3.75513386726		2.76891326904
3.75838398933		2.07372379303
3.76163387299		2.44415378571
3.76488399506		2.89577293396
3.76813602448		2.80950832367
3.7713868618		2.12446784973
3.77463579178		2.27162456512
3.77788901329		2.88055038452
3.78113698959		2.86532688141
3.78438591957		2.57608699799
3.78763890266		2.14983940125
3.79088997841		2.84502887726
3.79414081573		2.89577293396
3.79739785194		2.76383876801
3.80064201355		2.07372379303
3.80388998985		2.44415378571
3.80714583397		2.89069843292
3.81038999557		2.81458282471
3.81363987923		2.12954235077
3.81690096855		2.27162456512
3.82014083862		2.87547588348
3.82339382172		2.86532688141
3.82665085793		2.57101249695
3.82989382744		2.14476490021
3.83314299583		2.8501033783
3.83639979362		2.89577293396
3.83964490891		2.76891326904
3.84289598465		2.07372379303
3.84614992142		2.44415378571
3.84939479828		2.89069843292
3.85264587402		2.81458282471
3.85590386391		2.12446784973
3.85914683342		2.27162456512
3.86239695549		2.88055038452
3.8656539917		2.86532688141
3.86889886856		2.57608699799
3.87214899063		2.14983940125
3.87539792061		2.85517787933
3.87865185738		2.89069843292
3.88190197945		2.76891326904
3.88514900208		2.07372379303
3.88840198517		2.44415378571
3.89165186882		2.89577293396
3.89490199089		2.81458282471
3.8981590271		2.12446784973
3.90140295029		2.26655006409
3.90465188026		2.88055038452
3.90790581703		2.86025238037
3.91115188599		2.57608699799
3.91440391541		2.15491390228
3.91765499115		2.8501033783
3.92090392113		2.89577293396
3.92415595055		2.76383876801
3.9274058342		2.07372379303
3.93065500259		2.44415378571
3.93390488625		2.89577293396
3.93715691566		2.81458282471
3.94040679932		2.12446784973
3.94365787506		2.27162456512
3.9469139576		2.87547588348
3.95015788078		2.86025238037
3.95340800285		2.57608699799
3.95666599274		2.14983940125
3.95990991592		2.8501033783
3.96315979958		2.89577293396
3.96641588211		2.76383876801
3.96966099739		2.07372379303
3.97291302681		2.44922733307
3.97616195679		2.89069843292
3.97941589355		2.80950832367
3.98266291618		2.12446784973
3.98591780663		2.27162456512
3.98916387558		2.87547588348
3.99241399765		2.86532688141
3.99566984177		2.57101249695
3.99891996384		2.14983940125
4.00216579437		2.84502887726
4.00541400909		2.89577293396
4.00867080688		2.76383876801
4.01191687584		2.06864929199
4.01517081261		2.44922733307
4.01841902733		2.89069843292
4.02166986465		2.80950832367
4.02492189407		2.11939334869
4.02816987038		2.26655006409
4.03141880035		2.88055038452
4.0346698761		2.86025238037
4.03792381287		2.57101249695
4.04116892815		2.14983940125
4.04442095757		2.8501033783
4.04767298698		2.89577293396
4.05092287064		2.76383876801
4.05417299271		2.07372379303
4.05742287636		2.44922733307
4.06067299843		2.89577293396
4.06392288208		2.80950832367
4.0671749115		2.11939334869
4.07042479515		2.26655006409
4.07367396355		2.88055038452
4.0769329071		2.86532688141
4.08017683029		2.57608699799
4.08342790604		2.14983940125
4.0866818428		2.85517787933
4.08992886543		2.89577293396
4.09317779541		2.76383876801
4.09642887115		2.06864929199
4.09968280792		2.44922733307
4.10292887688		2.89577293396
4.10618495941		2.80950832367
4.10943078995		2.12446784973
4.11267995834		2.27162456512
4.11593699455		2.88055038452
4.11918091774		2.86532688141
4.12243080139		2.56086444855
4.12570381165		2.14983940125
4.12893295288		2.8501033783
4.13218379021		2.89577293396
4.13543391228		2.76383876801
4.13881182671		2.06864929199
4.14205789566		2.49997138977
4.14530801773		2.89577293396
4.14855980873		2.80443382263
4.15180802345		2.10416984558
4.15506196022		2.2817735672
4.15831184387		2.88055038452
4.16156196594		2.85517787933
4.16480898857		2.51519489288
4.16806602478		2.15998840332
4.17131185532		2.87040138245
4.17456293106		2.89577293396
4.1778178215		2.75876522064
4.18106389046		2.06864929199
4.18431282043		2.49997138977
4.18756890297		2.89577293396
4.19081401825		2.80443382263
4.19406795502		2.10416984558
4.19731879234		2.28684806824
4.20057296753		2.88055038452
4.20381689072		2.8501033783
4.20707583427		2.51012039185
4.21031999588		2.15998840332
4.21356987953		2.87040138245
4.21685695648		2.89069843292
4.22006988525		2.75876522064
4.22332000732		2.06357479095
4.22657799721		2.50504589081
4.22981882095		2.89577293396
4.23307490349		2.80443382263
4.23632383347		2.10416984558
4.23957300186		2.28684806824
4.24282097816		2.88055038452
4.24607992172		2.85517787933
4.24932479858		2.51012039185
4.25257301331		2.15998840332
4.25583100319		2.87547588348
4.25907492638		2.89577293396
4.26232481003		2.75876522064
4.26558279991		2.06864929199
4.26882696152		2.50504589081
4.27207589149		2.89577293396
4.27532482147		2.79936027527
4.27857685089		2.10416984558
4.28182888031		2.2817735672
4.28507685661		2.88055038452
4.28836083412		2.85517787933
4.2917098999		2.45430183411
4.29495382309		2.16506290436
4.29820799828		2.88055038452
4.30146288872		2.89577293396
4.30470395088		2.74861621857
4.307959795		2.06357479095
4.31120491028		2.55578994751
4.31445598602		2.89069843292
4.31770801544		2.79936027527
4.32095885277		2.09909534454
4.32420897484		2.29699611664
4.32746100426		2.88562393188
4.33071088791		2.8501033783
4.33395791054		2.45430183411
4.33720898628		2.16506290436
4.34045982361		2.88562393188
4.34371185303		2.89577293396
4.34696793556		2.7536907196
4.35021090508		2.06864929199
4.35346198082		2.54564094543
4.35675287247		2.89577293396
4.35996580124		2.79936027527
4.36321496964		2.09909534454
4.36647081375		2.30207061768
4.36972689629		2.88055038452
4.37296485901		2.8501033783
4.3762140274		2.43907928467
4.37946891785		2.16506290436
4.38271594048		2.88055038452
4.38597583771		2.89577293396
4.3892159462		2.7536907196
4.39246797562		2.06864929199
4.3957259655		2.55578994751
4.39895892143		2.89069843292
4.40221595764		2.79936027527
4.40554094315		2.09909534454
4.40885186195		2.31221961975
4.41209483147		2.88562393188
4.41534399986		2.84502887726
4.41859579086		2.393409729
4.42184495926		2.17521095276
4.42510199547		2.88562393188
4.42834687233		2.89069843292
4.43159580231		2.74354171753
4.43484687805		2.07372379303
4.43809986115		2.59638500214
4.44134783745		2.89577293396
4.44460082054		2.79428577423
4.44784998894		2.08894729614
4.45109891891		2.31221961975
4.45434880257		2.88055038452
4.45760083199		2.84502887726
4.46086788177		2.38326072693
4.46409988403		2.17521095276
4.4673538208		2.88562393188
4.4706017971		2.89069843292
4.47386884689		2.73846721649
4.4770989418		2.07372379303
4.48034501076		2.61160755157
4.48359489441		2.89069843292
4.48693585396		2.78921127319
4.49023079872		2.08894729614
4.49347996712		2.32236862183
4.49676799774		2.89069843292
4.49998092651		2.8399553299
4.50323987007		2.31729412079
4.50649094582		2.18535995483
4.50973296165		2.89069843292
4.51298189163		2.88562393188
4.51624202728		2.72324466705
4.5194849968		2.09402179718
4.5227329731		2.66235160828
4.52599287033		2.89577293396
4.52923488617		2.78413677216
4.53248596191		2.08894729614
4.53573489189		2.32744312286
4.53898787498		2.89069843292
4.54223680496		2.8399553299
4.5454928875		2.32236862183
4.54873681068		2.18535995483
4.55198788643		2.88562393188
4.55523896217		2.88562393188
4.55848884583		2.72324466705
4.5617518425		2.08894729614
4.56499195099		2.65727710724
4.56824302673		2.89577293396
4.57149100304		2.78921127319
4.57474184036		2.08894729614
4.57799696922		2.32744312286
4.58124279976		2.89069843292
4.58449196815		2.8399553299
4.58774280548		2.32744312286
4.59099292755		2.18535995483
4.59424495697		2.88562393188
4.59749102592		2.88562393188
4.60075092316		2.72324466705
4.60399079323		2.08894729614
4.60725188255		2.66742610931
4.61049699783		2.89577293396
4.61374592781		2.78921127319
4.61701798439		2.08894729614
4.62024593353		2.32744312286
4.62349700928		2.89069843292
4.62678384781		2.8399553299
4.62999892235		2.32744312286
4.63324785233		2.18535995483
4.636510849		2.88562393188
4.63975000381		2.89069843292
4.64300179482		2.72324466705
4.64626002312		2.08894729614
4.64949989319		2.66235160828
4.65275001526		2.89577293396
4.65600800514		2.78921127319
4.65925097466		2.0838727951
4.66252183914		2.32744312286
4.66577601433		2.88562393188
4.66900491714		2.8399553299
4.6722548008		2.31729412079
4.67551183701		2.19043445587
4.67875480652		2.88562393188
4.68200778961		2.89069843292
4.68525481224		2.70802116394
4.68863391876		2.09909534454
4.69188094139		2.71817016602
4.69513297081		2.89577293396
4.69838190079		2.78921127319
4.70163202286		2.07879829407
4.70489001274		2.33759117126
4.70813584328		2.89069843292
4.71138191223		2.82980632782
4.71463489532		2.26655006409
4.7178850174		2.20058345795
4.72113394737		2.88562393188
4.72438383102		2.88562393188
4.72763800621		2.7029466629
4.73088693619		2.10416984558
4.73413586617		2.72324466705
4.73738694191		2.89577293396
4.74063682556		2.77906227112
4.74388790131		2.0838727951
4.7471408844		2.33759117126
4.7503888607		2.89577293396
4.75363779068		2.83488082886
4.75689792633		2.26655006409
4.76013994217		2.20058345795
4.76338982582		2.88562393188
4.76664686203		2.88562393188
4.76990699768		2.7029466629
4.77314186096		2.09909534454
4.77639484406		2.73846721649
4.77964282036		2.89577293396
4.78289079666		2.78413677216
4.78615093231		2.0838727951
4.7893948555		2.33759117126
4.79264497757		2.89577293396
4.79590082169		2.83488082886
4.79913687706		2.27162456512
4.8023879528		2.20058345795
4.80564880371		2.88562393188
4.8089029789		2.88055038452
4.81214880943		2.7029466629
4.81539702415		2.10416984558
4.81865096092		2.72324466705
4.8218998909		2.89577293396
4.82515287399		2.77906227112
4.82840180397		2.0838727951
4.8316488266		2.33759117126
4.83490085602		2.89069843292
4.83815288544		2.83488082886
4.84140086174		2.26147556305
4.84465479851		2.20565795898
4.8479039669		2.89069843292
4.85115289688		2.88562393188
4.85440182686		2.70802116394
4.85765385628		2.09909534454
4.86090302467		2.72324466705
4.86415481567		2.89577293396
4.86740589142		2.78413677216
4.8706548214		2.0838727951
4.87391901016		2.33759117126
4.87715697289		2.89069843292
4.88041090965		2.83488082886
4.88365697861		2.26655006409
4.88691592216		2.20058345795
4.89015889168		2.88562393188
4.89340686798		2.88055038452
4.89666080475		2.7029466629
4.89990782738		2.09909534454
4.90315794945		2.72324466705
4.9064218998		2.89577293396
4.90965890884		2.78413677216
4.91291093826		2.07879829407
4.91617083549		2.33759117126
4.91941094398		2.89069843292
4.92266082764		2.83488082886
4.92591881752		2.26147556305
4.92916083336		2.20058345795
4.93241381645		2.88562393188
4.93566298485		2.88055038452
4.93891692162		2.69787216187
4.94216489792		2.10416984558
4.94541287422		2.75876522064
4.94879388809		2.89577293396
4.95204091072		2.77906227112
4.95529198647		2.07879829407
4.95854187012		2.35788917542
4.96180796623		2.89577293396
4.96504282951		2.82473182678
4.96829390526		2.20565795898
4.97154188156		2.22088050842
4.97479391098		2.88055038452
4.97804880142		2.87547588348
4.98129487038		2.67757511139
4.98454380035		2.11939334869
4.98779988289		2.77398777008
4.99104595184		2.89577293396
4.99429488182		2.77906227112
4.9975438118		2.0838727951
