0.000128030776978		2.81965732574
0.00433921813965		2.60653305054
0.00748205184937		2.22595500946
0.0106019973755		2.87040138245
0.0137162208557		2.80443382263
0.0168440341949		2.42385578156
0.0199711322784		2.27162456512
0.0230932235718		2.85517787933
0.0262181758881		2.78413677216
0.0293741226196		2.24117851257
0.0324699878693		2.33251667023
0.0355939865112		2.84502887726
0.0387170314789		2.77398777008
0.041846036911		2.15998840332
0.0449690818787		2.41878128052
0.0480961799622		2.84502887726
0.0513670444489		2.75876522064
0.054484128952		2.15491390228
0.0576062202454		2.63698005676
0.0607340335846		2.82473182678
0.0638871192932		2.73846721649
0.0669801235199		2.15491390228
0.0701110363007		2.80443382263
0.0732340812683		2.82473182678
0.0763561725616		2.69279766083
0.0795121192932		2.19550895691
0.0826101303101		2.86532688141
0.0857310295105		2.80950832367
0.0888590812683		2.54564094543
0.0919840335846		2.24625301361
0.0951080322266		2.86025238037
0.0982351303101		2.79936027527
0.101365089417		2.34774017334
0.104485034943		2.28684806824
0.107612133026		2.8501033783
0.110740184784		2.77906227112
0.113867998123		2.20565795898
0.116989135742		2.35281467438
0.120118141174		2.84502887726
0.123239040375		2.76891326904
0.126365184784		2.15491390228
0.129523038864		2.4898223877
0.132614135742		2.8399553299
0.135739088058		2.7536907196
0.138874053955		2.14476490021
0.141991138458		2.6522026062
0.145117044449		2.82980632782
0.148243188858		2.72831821442
0.151369094849		2.15491390228
0.154492139816		2.81458282471
0.157618045807		2.81965732574
0.160753011703		2.67757511139
0.163869142532		2.19550895691
0.166993141174		2.87547588348
0.170126199722		2.80950832367
0.173246145248		2.52534389496
0.176373004913		2.25132751465
0.179532051086		2.86025238037
0.18262219429		2.79428577423
0.185750007629		2.33251667023
0.188877105713		2.29699611664
0.191997051239		2.84502887726
0.195123195648		2.77906227112
0.19824719429		2.18535995483
0.201374053955		2.36296367645
0.204501152039		2.84502887726
0.207624197006		2.76383876801
0.210752010345		2.15491390228
0.213874101639		2.4898223877
0.217002153397		2.8399553299
0.220128059387		2.7536907196
0.223251104355		2.14983940125
0.226379156113		2.67757511139
0.229513168335		2.82473182678
0.232629060745		2.72831821442
0.235752105713		2.14983940125
0.238885164261		2.82473182678
0.242003202438		2.81965732574
0.245128154755		2.67250061035
0.24825501442		2.21073246002
0.251383066177		2.87547588348
0.254505157471		2.80950832367
0.257638216019		2.50504589081
0.260759115219		2.25132751465
0.263882160187		2.86025238037
0.267007112503		2.79428577423
0.270134210587		2.31221961975
0.273259162903		2.30207061768
0.276383161545		2.84502887726
0.279517173767		2.77398777008
0.282633066177		2.1802854538
0.285760164261		2.37311172485
0.288892030716		2.84502887726
0.292004108429		2.76383876801
0.295127153397		2.15491390228
0.298253059387		2.52534389496
0.301389217377		2.83488082886
0.304514169693		2.74861621857
0.307638168335		2.14983940125
0.310764074326		2.69279766083
0.313889026642		2.81965732574
0.317013025284		2.72831821442
0.320141077042		2.15491390228
0.323265075684		2.83488082886
0.326390028		2.81965732574
0.329523086548		2.65727710724
0.332640171051		2.20058345795
0.335767030716		2.87040138245
0.338898181915		2.80950832367
0.342017173767		2.4898223877
0.345144033432		2.26147556305
0.348345994949		2.8501033783
0.351396083832		2.78921127319
0.354526042938		2.2919216156
0.35764503479		2.30714511871
0.360773086548		2.84502887726
0.363896131516		2.77906227112
0.367021083832		2.17521095276
0.370153188705		2.38326072693
0.373273134232		2.8501033783
0.376399040222		2.76383876801
0.379528045654		2.15491390228
0.382647037506		2.52534389496
0.385776042938		2.83488082886
0.38890504837		2.74861621857
0.392026185989		2.14983940125
0.395151138306		2.71309566498
0.398284196854		2.82473182678
0.401401042938		2.72831821442
0.40452504158		2.15998840332
0.407651185989		2.8399553299
0.41077709198		2.81458282471
0.413901090622		2.64712810516
0.417028188705		2.21073246002
0.420156002045		2.87040138245
0.423279047012		2.80950832367
0.426405191422		2.46952533722
0.429535150528		2.26147556305
0.432655096054		2.85517787933
0.435779094696		2.78921127319
0.438905000687		2.27669906616
0.442031145096		2.31221961975
0.445155143738		2.84502887726
0.448290109634		2.77398777008
0.451411008835		2.16506290436
0.454533100128		2.39848423004
0.457659006119		2.8501033783
0.460784196854		2.75876522064
0.463908195496		2.15491390228
0.467050075531		2.55578994751
0.470159053802		2.82980632782
0.473284006119		2.74354171753
0.476411104202		2.15491390228
0.479542016983		2.72831821442
0.482662200928		2.82473182678
0.485784053802		2.71817016602
0.488919019699		2.16506290436
0.492038011551		2.8501033783
0.495161056519		2.81965732574
0.498295068741		2.62683105469
0.501412153244		2.21580600739
0.504539012909		2.87040138245
0.507664203644		2.80443382263
0.510792016983		2.44415378571
0.513914108276		2.26655006409
0.517039060593		2.85517787933
0.520169019699		2.78413677216
0.523290157318		2.26147556305
0.526429176331		2.32744312286
0.529554128647		2.84502887726
0.532670021057		2.77398777008
0.535795211792		2.15998840332
0.538919210434		2.40863323212
0.542037010193		2.84502887726
0.545165061951		2.75876522064
0.548345088959		2.14983940125
0.551423072815		2.57101249695
0.554547071457		2.82980632782
0.557671070099		2.74861621857
0.560797214508		2.14983940125
0.56392121315		2.74861621857
0.567047119141		2.82473182678
0.570180177689		2.71309566498
0.57329916954		2.1701374054
0.576424121857		2.85517787933
0.579555988312		2.81458282471
0.582675218582		2.61160755157
0.585800170898		2.22088050842
0.588927030563		2.87040138245
0.592053174973		2.80443382263
0.595180034637		2.42385578156
0.598304033279		2.27162456512
0.601428031921		2.8501033783
0.604553222656		2.78413677216
0.607679128647		2.24117851257
0.610805988312		2.33251667023
0.613931179047		2.8501033783
0.617056131363		2.76891326904
0.620180130005		2.15491390228
0.623305082321		2.42385578156
0.626429080963		2.84502887726
0.62956404686		2.75876522064
0.632688999176		2.14983940125
0.635805130005		2.58623600006
0.638939142227		2.82980632782
0.642055988312		2.74354171753
0.645201206207		2.15491390228
0.648320198059		2.76891326904
0.651432037354		2.81965732574
0.654556035995		2.7029466629
0.657683134079		2.17521095276
0.660813093185		2.86025238037
0.663935184479		2.81458282471
0.667062044144		2.5913105011
0.670188188553		2.2310295105
0.673312187195		2.86532688141
0.676434993744		2.79936027527
0.679568052292		2.40355873108
0.682690143585		2.27669906616
0.685811042786		2.8501033783
0.688947200775		2.77906227112
0.69206404686		2.2310295105
0.695188045502		2.33251667023
0.69832110405		2.8501033783
0.701439142227		2.77398777008
0.704565048218		2.15491390228
0.707690000534		2.43907928467
0.710816144943		2.84502887726
0.713942050934		2.75876522064
0.71706700325		2.14983940125
0.720193147659		2.61160755157
0.72331905365		2.82980632782
0.726443052292		2.74354171753
0.729573011398		2.14983940125
0.732700109482		2.78413677216
0.735822200775		2.81965732574
0.738951206207		2.69787216187
0.742075204849		2.1802854538
0.745197057724		2.86532688141
0.74832701683		2.81458282471
0.751444101334		2.57608699799
0.754570007324		2.23610401154
0.757697105408		2.86532688141
0.760823011398		2.79936027527
0.763948202133		2.38326072693
0.767074108124		2.2817735672
0.770208120346		2.8501033783
0.773323059082		2.77906227112
0.776449203491		2.22088050842
0.779581069946		2.3426656723
0.782698154449		2.8501033783
0.785826206207		2.76891326904
0.788958072662		2.15491390228
0.79207110405		2.45430183411
0.795193195343		2.8399553299
0.798330068588		2.7536907196
0.801453113556		2.14983940125
0.804576158524		2.63190555573
0.807702064514		2.82473182678
0.810830116272		2.74354171753
0.813956022263		2.14983940125
0.81707906723		2.79428577423
0.820204019547		2.82473182678
0.823330163956		2.69279766083
0.826455116272		2.18535995483
0.829587221146		2.86532688141
0.832705020905		2.81458282471
0.835831165314		2.55578994751
0.838963031769		2.24117851257
0.842084169388		2.86532688141
0.845214128494		2.79428577423
0.848342180252		2.35788917542
0.85146021843		2.28684806824
0.854583024979		2.84502887726
0.857711076736		2.77906227112
0.86083817482		2.21073246002
0.863961219788		2.35281467438
0.867088079453		2.84502887726
0.870215177536		2.76383876801
0.873336076736		2.14983940125
0.876461029053		2.46445083618
0.879595041275		2.8399553299
0.882713079453		2.7536907196
0.885837078094		2.14476490021
0.888970136642		2.64712810516
0.892089128494		2.82980632782
0.895214080811		2.73846721649
0.898347139359		2.14983940125
0.901468038559		2.80950832367
0.904590129852		2.81458282471
0.907716035843		2.68264961243
0.910843133926		2.19043445587
0.913966178894		2.86532688141
0.917093992233		2.80950832367
0.920220136642		2.53549194336
0.923345088959		2.24625301361
0.926468133926		2.86025238037
0.929601192474		2.79428577423
0.932718992233		2.33759117126
0.935847997665		2.29699611664
0.938971996307		2.84502887726
0.942098140717		2.77906227112
0.945224046707		2.19550895691
0.948354005814		2.36296367645
0.951471090317		2.84502887726
0.954596996307		2.76891326904
0.957720994949		2.15491390228
0.960850000381		2.4898223877
0.963973999023		2.8399553299
0.967099189758		2.7536907196
0.970252990723		2.14983940125
0.973353147507		2.66742610931
0.976477146149		2.82473182678
0.979604005814		2.73339271545
0.982717990875		2.14983940125
0.985844135284		2.81458282471
0.988972187042		2.81965732574
0.992104053497		2.67250061035
0.995228052139		2.19043445587
0.998359203339		2.87040138245
1.00148010254		2.81458282471
1.00460314751		2.51519489288
1.00773119926		2.24625301361
1.01085615158		2.85517787933
1.01397919655		2.79428577423
1.01710700989		2.32236862183
1.02023410797		2.29699611664
1.02335810661		2.84502887726
1.02648210526		2.77398777008
1.02961206436		2.18535995483
1.03273701668		2.36803817749
1.0358581543		2.84502887726
1.03899216652		2.76383876801
1.04210114479		2.14983940125
1.04522514343		2.49489688873
1.04836416245		2.83488082886
1.05149006844		2.74861621857
1.05461215973		2.14983940125
1.05773615837		2.68772315979
1.06086421013		2.82473182678
1.06398701668		2.72831821442
1.06711101532		2.15491390228
1.0702381134		2.82980632782
1.07336306572		2.81965732574
1.07648801804		2.66742610931
1.07961821556		2.20058345795
1.08273816109		2.87547588348
1.08586502075		2.80950832367
1.08899617195		2.49489688873
1.09211611748		2.25132751465
1.09524011612		2.85517787933
1.09837508202		2.78921127319
1.10149121284		2.30207061768
1.10461711884		2.30714511871
1.10774517059		2.8501033783
1.11087322235		2.77398777008
1.11399412155		2.1802854538
1.11712121964		2.37311172485
1.12024617195		2.84502887726
1.12337017059		2.76383876801
1.12649512291		2.15491390228
1.12963318825		2.52534389496
1.13274621964		2.83488082886
1.13587021828		2.7536907196
1.13900399208		2.14983940125
1.14212322235		2.70802116394
1.14525103569		2.81965732574
1.1483809948		2.72324466705
1.15149903297		2.15491390228
1.15462422371		2.8399553299
1.15774917603		2.81458282471
1.16088104248		2.64712810516
1.1640021801		2.21073246002
1.16712808609		2.87040138245
1.17026019096		2.80443382263
1.17338013649		2.46952533722
1.17650318146		2.25640106201
1.1796309948		2.85517787933
1.18275499344		2.79428577423
1.18587899208		2.28684806824
1.18900704384		2.31221961975
1.19213199615		2.8501033783
1.19525504112		2.76891326904
1.19838213921		2.1701374054
1.20150613785		2.38833522797
1.20463204384		2.84502887726
1.20775699615		2.76383876801
1.21088504791		2.15491390228
1.21400713921		2.5405664444
1.2171330452		2.83488082886
1.22026109695		2.74861621857
1.22338199615		2.14983940125
1.22651410103		2.72324466705
1.22964215279		2.82473182678
1.23276019096		2.71817016602
1.23588514328		2.16506290436
1.23901104927		2.8501033783
1.24213600159		2.81458282471
1.24526000023		2.63698005676
1.2483921051		2.21073246002
1.25151205063		2.87040138245
1.25463700294		2.80443382263
1.25776410103		2.44922733307
1.26089310646		2.26147556305
1.26401305199		2.85517787933
1.26714301109		2.78413677216
1.27028012276		2.26147556305
1.27339410782		2.31729412079
1.27651619911		2.8501033783
1.27964401245		2.77398777008
1.28276610374		2.15998840332
1.28589105606		2.39848423004
1.28901720047		2.84502887726
1.29213619232		2.75876522064
1.2952580452		2.15491390228
1.29839110374		2.56086444855
1.30152201653		2.83488082886
1.30464506149		2.74354171753
1.30777001381		2.14983940125
1.31089615822		2.73846721649
1.31402111053		2.82473182678
1.31714606285		2.71817016602
1.32027506828		2.16506290436
1.32340312004		2.85517787933
1.32652115822		2.81458282471
1.32965302467		2.61668205261
1.33277416229		2.22088050842
1.33589816093		2.87040138245
1.33903002739		2.79936027527
1.34214806557		2.43400478363
1.34527611732		2.27162456512
1.3484082222		2.8501033783
1.35152602196		2.78413677216
1.35465216637		2.25132751465
1.35777711868		2.32236862183
1.36090707779		2.84502887726
1.36402916908		2.77398777008
1.36715221405		2.15998840332
1.37028503418		2.41878128052
1.37340307236		2.84502887726
1.37653017044		2.75876522064
1.3796620369		2.14983940125
1.3827791214		2.58116149902
1.38590407372		2.82980632782
1.38903713226		2.74354171753
1.39215517044		2.14983940125
1.39528107643		2.7536907196
1.3984131813		2.82473182678
1.40153121948		2.70802116394
1.40465712547		2.1701374054
1.40778207779		2.85517787933
1.41090917587		2.81458282471
1.41403222084		2.60145950317
1.41715908051		2.22595500946
1.42029213905		2.86532688141
1.42341017723		2.79936027527
1.42653608322		2.41370677948
1.42966008186		2.27162456512
1.43278717995		2.8501033783
1.43591117859		2.78413677216
1.43904209137		2.2310295105
1.44216108322		2.33251667023
1.44528698921		2.8501033783
1.44842815399		2.76891326904
1.45153713226		2.15491390228
1.45466208458		2.42893028259
1.45778799057		2.84502887726
1.46092104912		2.75876522064
1.4640390873		2.14983940125
1.46716713905		2.60145950317
1.47029304504		2.82980632782
1.47341704369		2.74354171753
1.47654104233		2.14983940125
1.47966814041		2.77398777008
1.48279213905		2.81965732574
1.48591804504		2.7029466629
1.48905014992		2.1802854538
1.492166996		2.86025238037
1.49529314041		2.81458282471
1.49842715263		2.58116149902
1.50154519081		2.2310295105
1.50466918945		2.86025238037
1.50779414177		2.79936027527
1.51092410088		2.393409729
1.51404619217		2.2817735672
1.51717805862		2.84502887726
1.52029919624		2.77906227112
1.52342414856		2.22595500946
1.52654600143		2.33759117126
1.52967405319		2.8501033783
1.5328001976		2.76891326904
1.53592205048		2.15491390228
1.53905510902		2.44415378571
1.54216599464		2.8399553299
1.5452940464		2.75876522064
1.54842019081		2.14983940125
1.55155205727		2.61668205261
1.55467605591		2.82980632782
1.55780315399		2.73846721649
1.56093001366		2.14983940125
1.56405210495		2.79428577423
1.56717705727		2.81965732574
1.57031106949		2.69279766083
1.57343101501		2.1802854538
1.57655620575		2.86532688141
1.57968115807		2.81458282471
1.58280420303		2.56593894958
1.58592915535		2.23610401154
1.58906006813		2.86025238037
1.59218406677		2.79936027527
1.59530615807		2.36803817749
1.59843921661		2.28684806824
1.6015560627		2.84502887726
1.60468316078		2.78413677216
1.60781002045		2.21073246002
1.6109380722		2.34774017334
1.61406612396		2.8501033783
1.61718511581		2.76891326904
1.62031006813		2.15491390228
1.62343406677		2.45937633514
1.62656211853		2.8399553299
1.62968802452		2.7536907196
1.63281321526		2.14983940125
1.6359372139		2.6420545578
1.63906311989		2.82473182678
1.64218902588		2.73846721649
1.64531421661		2.14983940125
1.64847302437		2.80950832367
1.65156817436		2.81965732574
1.65469002724		2.68772315979
1.65781521797		2.19043445587
1.66094613075		2.86532688141
1.66406917572		2.81458282471
1.66719222069		2.54564094543
1.67032003403		2.24117851257
1.67344212532		2.86025238037
1.67656803131		2.79936027527
1.67969417572		2.34774017334
1.68282008171		2.2919216156
1.68594312668		2.8399553299
1.68907809258		2.77906227112
1.69219708443		2.20565795898
1.69531917572		2.35281467438
1.69845199585		2.84502887726
1.70157003403		2.76383876801
1.70469903946		2.15491390228
1.7078230381		2.47967433929
1.7109541893		2.8399553299
1.71407318115		2.7536907196
1.71719717979		2.14983940125
1.72032809258		2.66235160828
1.72344899178		2.82473182678
1.72657704353		2.73846721649
1.72970104218		2.14983940125
1.73282599449		2.81458282471
1.73594999313		2.81965732574
1.73908305168		2.67250061035
1.74220108986		2.19043445587
1.74532699585		2.87040138245
1.74845910072		2.80950832367
1.7515771389		2.52534389496
1.75470209122		2.24625301361
1.7578291893		2.86025238037
1.76096320152		2.79428577423
1.76408219337		2.32744312286
1.76720499992		2.29699611664
1.7703371048		2.84502887726
1.77345514297		2.77906227112
1.77658009529		2.19043445587
1.77970814705		2.36296367645
1.78283119202		2.84502887726
1.78595709801		2.76383876801
1.78908801079		2.15491390228
1.7922000885		2.4898223877
1.79532718658		2.8399553299
1.79845404625		2.74861621857
1.80158519745		2.14983940125
1.80471110344		2.67757511139
1.80784201622		2.82473182678
1.81096220016		2.72831821442
1.81408619881		2.14983940125
1.81721401215		2.82980632782
1.82033801079		2.81965732574
1.82346200943		2.67250061035
1.82658600807		2.19550895691
1.8297150135		2.87040138245
1.83283805847		2.80950832367
1.83596420288		2.50504589081
1.83909606934		2.25132751465
1.84221506119		2.85517787933
1.8453400135		2.78921127319
1.8484711647		2.29699611664
1.85160112381		2.30207061768
1.8547232151		2.8399553299
1.85784912109		2.77398777008
1.86097311974		2.17521095276
1.86409306526		2.36803817749
1.86721801758		2.84502887726
1.87034702301		2.75876522064
1.87347221375		2.14983940125
1.87659502029		2.51519489288
1.87972021103		2.82980632782
1.88284802437		2.74354171753
1.88597106934		2.14983940125
1.88910412788		2.69787216187
1.89222002029		2.81965732574
1.8953461647		2.72324466705
1.89848017693		2.15491390228
1.90159606934		2.83488082886
1.90472817421		2.81458282471
1.90784907341		2.6522026062
1.91097307205		2.20058345795
1.91409921646		2.87040138245
1.91722512245		2.80443382263
1.92035222054		2.47967433929
1.92347812653		2.25640106201
1.92659902573		2.85517787933
1.92972612381		2.78921127319
1.93285107613		2.28684806824
1.93597722054		2.30207061768
1.9391040802		2.84502887726
1.94222903252		2.77398777008
1.94535517693		2.1701374054
1.94848513603		2.38326072693
1.95160317421		2.84502887726
1.9547290802		2.75876522064
1.95785617828		2.14983940125
1.96098613739		2.53549194336
1.96410608292		2.82980632782
1.96722912788		2.74354171753
1.97036409378		2.14983940125
1.97348308563		2.71309566498
1.97660708427		2.82473182678
1.97973418236		2.71817016602
1.982858181		2.15998840332
1.98598313332		2.8399553299
1.98911619186		2.81458282471
1.99223899841		2.63698005676
1.99536013603		2.20565795898
1.99849104881		2.87040138245
2.0016181469		2.80443382263
2.00473618507		2.45937633514
2.00786209106		2.25640106201
2.01098704338		2.8501033783
2.0141119957		2.78413677216
2.01723599434		2.26655006409
2.02036499977		2.30714511871
2.02348613739		2.84502887726
2.02661514282		2.77398777008
2.0297601223		2.15998840332
2.03286910057		2.39848423004
2.03599309921		2.8399553299
2.03912901878		2.7536907196
2.04223704338		2.14983940125
2.04535698891		2.54564094543
2.04848718643		2.82980632782
2.051623106		2.74354171753
2.0547440052		2.14983940125
2.05786919594		2.72831821442
2.06099510193		2.82473182678
2.06411910057		2.71309566498
2.06724309921		2.15998840332
2.0703701973		2.84502887726
2.07349514961		2.81458282471
2.0766210556		2.62175655365
2.07974505424		2.21073246002
2.082873106		2.86532688141
2.08599710464		2.79936027527
2.08913207054		2.43400478363
2.09224820137		2.26147556305
2.09537220001		2.8501033783
2.09852719307		2.78413677216
2.10162615776		2.25640106201
2.1047501564		2.32236862183
2.10787510872		2.84502887726
2.11100316048		2.76891326904
2.11412405968		2.15998840332
2.11725020409		2.40863323212
2.12038016319		2.8399553299
2.12350320816		2.7536907196
2.12663412094		2.14476490021
2.12975311279		2.56593894958
2.13287806511		2.82473182678
2.13600206375		2.74354171753
2.13913607597		2.14476490021
2.14225411415		2.74861621857
2.14538121223		2.81965732574
2.14851307869		2.70802116394
2.15162920952		2.16506290436
2.15475702286		2.8501033783
2.15788006783		2.81458282471
2.16100621223		2.60653305054
2.16413211823		2.22088050842
2.16725707054		2.86532688141
2.17038917542		2.79936027527
2.17350912094		2.41878128052
2.17663502693		2.26655006409
2.17976021767		2.84502887726
2.18288516998		2.78413677216
2.18601107597		2.24117851257
2.18914318085		2.32744312286
2.19226121902		2.84502887726
2.19539117813		2.76383876801
2.19852018356		2.15491390228
2.20163607597		2.41878128052
2.20476102829		2.84502887726
2.20788812637		2.7536907196
2.21101307869		2.14476490021
2.2141392231		2.58623600006
2.21726417542		2.82473182678
2.22038912773		2.73846721649
2.22351717949		2.14476490021
2.22664117813		2.76891326904
2.22976613045		2.81965732574
2.23289203644		2.69787216187
2.23601913452		2.17521095276
2.2391500473		2.85517787933
2.24226903915		2.81458282471
2.2453930378		2.5913105011
2.24852800369		2.2310295105
2.2516450882		2.86532688141
2.25476908684		2.79936027527
2.25789403915		2.39848423004
2.26102113724		2.27162456512
2.26414513588		2.8501033783
2.26727104187		2.77906227112
2.27039599419		2.22595500946
2.2735221386		2.33251667023
2.27664709091		2.84502887726
2.279774189		2.76891326904
2.28289818764		2.15491390228
2.28602218628		2.43907928467
2.2891561985		2.8399553299
2.29227113724		2.74861621857
2.29539299011		2.14476490021
2.29852318764		2.61668205261
2.30165410042		2.82473182678
2.30477809906		2.74354171753
2.30790114403		2.14983940125
2.31102705002		2.77906227112
2.31415319443		2.81965732574
2.31727719307		2.69279766083
2.32040309906		2.17521095276
2.32352900505		2.85517787933
2.32665205002		2.80950832367
2.32977819443		2.57101249695
2.33290314674		2.2310295105
2.33602905273		2.86025238037
2.33916115761		2.79428577423
2.34227919579		2.37818622589
2.34540820122		2.2817735672
2.34853720665		2.84502887726
2.35165715218		2.77906227112
2.35478210449		2.21580600739
2.35790920258		2.33759117126
2.36103105545		2.8501033783
2.36415815353		2.76383876801
2.36728405952		2.15491390228
2.37041401863		2.45430183411
2.37353515625		2.8399553299
2.37665915489		2.7536907196
2.379789114		2.14983940125
2.38291215897		2.63190555573
2.38603615761		2.82473182678
2.38918614388		2.73846721649
2.3922932148		2.14476490021
2.39541220665		2.79936027527
2.3985440731		2.81965732574
2.40166211128		2.68772315979
2.40478920937		2.1802854538
2.40791320801		2.86025238037
2.41104006767		2.80950832367
2.4141690731		2.55071544647
2.4172911644		2.23610401154
2.42041802406		2.86025238037
2.42354202271		2.79428577423
2.42666912079		2.35281467438
2.42979216576		2.2817735672
2.43291521072		2.84502887726
2.43604111671		2.77906227112
2.43916916847		2.20565795898
2.44229221344		2.34774017334
2.4454190731		2.84502887726
2.44855213165		2.76891326904
2.45166921616		2.14983940125
2.45479512215		2.46952533722
2.45792102814		2.8399553299
2.46104812622		2.74861621857
2.46417212486		2.14476490021
2.4672961235		2.64712810516
2.47042512894		2.82473182678
2.47355008125		2.73339271545
2.47667217255		2.14476490021
2.47979903221		2.80950832367
2.48292517662		2.81965732574
2.48605298996		2.67757511139
2.48918104172		2.19043445587
2.49230217934		2.86532688141
2.49542617798		2.80950832367
2.49855613708		2.53041744232
2.50167798996		2.24625301361
2.50480103493		2.85517787933
2.50792717934		2.78921127319
2.51105308533		2.3426656723
2.51417803764		2.2919216156
2.51730298996		2.84502887726
2.52043199539		2.77906227112
2.52355504036		2.19550895691
2.52668213844		2.36296367645
2.52980709076		2.84502887726
2.53293013573		2.76383876801
2.53605508804		2.14983940125
2.53918910027		2.4898223877
2.54229807854		2.8399553299
2.54542422295		2.74861621857
2.54855203629		2.14476490021
2.55168414116		2.66742610931
2.5548081398		2.82473182678
2.55793499947		2.72831821442
2.56106305122		2.15491390228
2.56418514252		2.81965732574
2.56730914116		2.81965732574
2.57043910027		2.66742610931
2.57356119156		2.19550895691
2.5766851902		2.87040138245
2.57981300354		2.80950832367
2.58294320107		2.51012039185
2.58606410027		2.25132751465
2.58919405937		2.85517787933
2.59231305122		2.78921127319
2.59543800354		2.31221961975
2.59857201576		2.29699611664
2.60168910027		2.84502887726
2.60481405258		2.77398777008
2.60794019699		2.18535995483
2.61106801033		2.36803817749
2.6141910553		2.84502887726
2.61731719971		2.76383876801
2.62044405937		2.14983940125
2.62356710434		2.50504589081
2.62669420242		2.83488082886
2.62981915474		2.74861621857
2.63294315338		2.14476490021
2.63606715202		2.68772315979
2.63920211792		2.82473182678
2.6423201561		2.72831821442
2.64544415474		2.15491390228
2.64858222008		2.82980632782
2.65169620514		2.81965732574
2.65482115746		2.65727710724
2.6579451561		2.20058345795
2.66107106209		2.86532688141
2.6641972065		2.80443382263
2.66734004021		2.47967433929
2.67045307159		2.25132751465
2.67357707024		2.85517787933
2.67670106888		2.78921127319
2.67983102798		2.2919216156
2.6829521656		2.30714511871
2.68607711792		2.84502887726
2.68920516968		2.77398777008
2.69232702255		2.17521095276
2.69545102119		2.37311172485
2.69858503342		2.84502887726
2.70170211792		2.75876522064
2.70482802391		2.14983940125
2.70795321465		2.52534389496
2.71107816696		2.83488082886
2.71420502663		2.74354171753
2.71732902527		2.14983940125
2.72045922279		2.71309566498
2.72357916832		2.81965732574
2.72670817375		2.71817016602
2.72983217239		2.15491390228
2.73295712471		2.8399553299
2.73610210419		2.81965732574
2.73921608925		2.6420545578
2.74233603477		2.21073246002
2.74546098709		2.87040138245
2.74858999252		2.80950832367
2.7517080307		2.46952533722
2.75483608246		2.26147556305
2.75795912743		2.85517787933
2.76108407974		2.78921127319
2.76420903206		2.27669906616
2.76733517647		2.31221961975
2.77047014236		2.84502887726
2.77358913422		2.76891326904
2.77671813965		2.16506290436
2.77983999252		2.393409729
2.78296303749		2.84502887726
2.78608798981		2.75876522064
2.78922104836		2.14983940125
2.79233312607		2.5405664444
2.79545617104		2.82980632782
2.79858899117		2.74354171753
2.80171704292		2.14476490021
2.80484104156		2.72324466705
2.80796718597		2.81965732574
2.81109213829		2.71817016602
2.81421613693		2.15998840332
2.81734514236		2.84502887726
2.82047009468		2.81458282471
2.82359409332		2.63190555573
2.82671904564		2.21073246002
2.82984519005		2.87040138245
2.83296918869		2.80443382263
2.83609318733		2.44922733307
2.83922100067		2.26147556305
2.84234619141		2.8501033783
2.84547114372		2.78921127319
2.84860515594		2.26147556305
2.85172200203		2.31729412079
2.85484910011		2.8501033783
2.85797405243		2.77398777008
2.86109805107		2.15998840332
2.86422419548		2.40355873108
2.86735105515		2.84502887726
2.87047600746		2.75876522064
2.87360715866		2.14983940125
2.87672519684		2.56086444855
2.87985110283		2.82980632782
2.88297820091		2.74354171753
2.88610219955		2.14983940125
2.88923406601		2.74354171753
2.89235305786		2.82473182678
2.89547801018		2.71309566498
2.89860916138		2.16506290436
2.90172815323		2.8501033783
2.90485405922		2.80950832367
2.90797901154		2.61668205261
2.91110610962		2.21580600739
2.91423010826		2.87040138245
2.91735601425		2.80443382263
2.92048501968		2.42893028259
2.92360806465		2.26655006409
2.92673516273		2.8501033783
2.9298582077		2.78413677216
2.93298316002		2.24625301361
2.93610906601		2.32236862183
2.93923616409		2.84502887726
2.94236016273		2.76891326904
2.94548821449		2.15998840332
2.9486181736		2.41878128052
2.95173501968		2.84502887726
2.95486116409		2.7536907196
2.95798611641		2.14983940125
2.96111106873		2.58116149902
2.96423816681		2.82980632782
2.96736311913		2.74354171753
2.97050213814		2.14983940125
2.97361516953		2.76383876801
2.97674012184		2.81965732574
2.97986602783		2.7029466629
2.98299121857		2.1701374054
2.98611402512		2.85517787933
2.98925113678		2.80950832367
2.99236702919		2.59638500214
2.99549007416		2.22088050842
2.99862504005		2.86532688141
3.00174307823		2.79936027527
3.00486803055		2.40863323212
3.00799512863		2.27162456512
3.01112413406		2.8501033783
3.01424598694		2.77906227112
3.01737117767		2.2310295105
3.02049899101		2.33251667023
3.02362203598		2.84502887726
3.02674603462		2.76383876801
3.02987313271		2.14983940125
3.03299713135		2.42893028259
3.03612208366		2.8399553299
3.03925204277		2.7536907196
3.04236412048		2.14476490021
3.04549312592		2.60145950317
3.0486240387		2.82473182678
3.05175209045		2.74354171753
3.05487418175		2.14983940125
3.05800008774		2.77398777008
3.06112504005		2.81965732574
3.06424999237		2.7029466629
3.06738305092		2.1802854538
3.07050299644		2.86025238037
3.07362914085		2.80950832367
3.07675218582		2.58116149902
3.07987904549		2.2310295105
3.0830039978		2.86532688141
3.08612799644		2.79936027527
3.08925914764		2.37818622589
3.0923781395		2.27669906616
3.09550499916		2.84502887726
3.0986571312		2.77906227112
3.10175800323		2.22088050842
3.10488200188		2.33759117126
3.10800814629		2.84502887726
3.11113405228		2.76891326904
3.11425805092		2.15491390228
3.11738300323		2.44922733307
3.12050819397		2.8399553299
3.12363505363		2.7536907196
3.1267580986		2.14983940125
3.12988615036		2.62175655365
3.13300919533		2.82473182678
3.13613510132		2.73846721649
3.13926720619		2.14476490021
3.14238405228		2.79428577423
3.14551305771		2.81965732574
3.14864420891		2.69279766083
3.15176200867		2.1802854538
3.1548871994		2.86532688141
3.15801405907		2.81458282471
3.1611430645		2.56086444855
3.16427111626		2.23610401154
3.16739010811		2.86532688141
3.17052102089		2.79428577423
3.17364120483		2.36296367645
3.17676615715		2.2817735672
3.17989301682		2.84502887726
3.18301606178		2.77906227112
3.18614006042		2.20565795898
3.1892721653		2.34774017334
3.19239711761		2.8501033783
3.19551610947		2.76891326904
3.19864702225		2.14983940125
3.20176720619		2.46445083618
3.20489406586		2.8399553299
3.2080180645		2.74861621857
3.21114802361		2.14476490021
3.21427106857		2.6420545578
3.21739506721		2.82473182678
3.22052311897		2.73846721649
3.22364616394		2.14476490021
3.22677111626		2.80443382263
3.22989821434		2.81965732574
3.23302316666		2.68772315979
3.23614811897		2.18535995483
3.23927521706		2.86532688141
3.24240016937		2.80950832367
3.24552512169		2.5405664444
3.24865913391		2.24117851257
3.25177407265		2.85517787933
3.25490117073		2.79428577423
3.25802707672		2.3426656723
3.26116013527		2.2919216156
3.26427912712		2.84502887726
3.26740217209		2.77398777008
3.27052903175		2.20058345795
3.27365422249		2.35281467438
3.27677822113		2.84502887726
3.27990603447		2.76383876801
3.28302812576		2.14983940125
3.28615403175		2.47967433929
3.28928112984		2.8399553299
3.29239916801		2.74861621857
3.29552221298		2.14983940125
3.29865121841		2.66235160828
3.30178308487		2.82980632782
3.30490708351		2.72831821442
3.3080329895		2.14983940125
3.31115698814		2.81458282471
3.31428313255		2.81965732574
3.31740808487		2.67757511139
3.32053613663		2.19043445587
3.3236579895		2.86532688141
3.32678818703		2.80950832367
3.32990908623		2.52026939392
3.33303809166		2.24625301361
3.33615899086		2.8501033783
3.33929514885		2.79428577423
3.34241104126		2.32236862183
3.34554004669		2.2919216156
3.34866905212		2.8399553299
3.35178613663		2.77398777008
3.35491418839		2.18535995483
3.35804510117		2.38326072693
3.36116909981		2.84502887726
3.36428904533		2.75876522064
3.36741518974		2.14983940125
3.3705470562		2.49489688873
3.37366819382		2.83488082886
3.37679100037		2.74861621857
3.37991809845		2.14983940125
3.38304114342		2.67757511139
3.38616704941		2.82473182678
3.38929915428		2.72831821442
3.39241719246		2.14983940125
3.39554405212		2.82980632782
3.398676157		2.81965732574
3.40179514885		2.66235160828
3.40492010117		2.19550895691
3.40804505348		2.87040138245
3.4111700058		2.80443382263
3.41429519653		2.49997138977
3.4174220562		2.25132751465
3.42055106163		2.8501033783
3.4236741066		2.78921127319
3.42679905891		2.30207061768
3.42992520332		2.30207061768
3.43305015564		2.8399553299
3.43617606163		2.77398777008
3.4393081665		2.17521095276
3.44242501259		2.37311172485
3.44554901123		2.84502887726
3.44867920876		2.75876522064
3.45180106163		2.15491390228
3.45493221283		2.51519489288
3.4580540657		2.82980632782
3.46118021011		2.74861621857
3.46430420876		2.14476490021
3.4674282074		2.7029466629
3.47055506706		2.81965732574
3.4736790657		2.72324466705
3.47680401802		2.15491390228
3.4799311161		2.83488082886
3.48305702209		2.81965732574
3.48618006706		2.6522026062
3.48930811882		2.20058345795
3.49243307114		2.87040138245
3.49555706978		2.80443382263
3.49869012833		2.47459983826
3.5018081665		2.25640106201
3.50494599342		2.8501033783
3.5080602169		2.78413677216
3.51118707657		2.2817735672
3.51430821419		2.30714511871
3.51743412018		2.84502887726
3.52056121826		2.77398777008
3.5236852169		2.1701374054
3.52681112289		2.38326072693
3.52993822098		2.84502887726
3.53306102753		2.75876522064
3.53618717194		2.14983940125
3.53931903839		2.5405664444
3.54243016243		2.83488082886
3.54555606842		2.74354171753
3.54869413376		2.14476490021
3.55182909966		2.72324466705
3.55494308472		2.81965732574
3.55806517601		2.71309566498
3.561191082		2.15998840332
3.56431603432		2.84502887726
3.56744217873		2.81458282471
3.57057714462		2.63698005676
3.57369709015		2.21073246002
3.57682204247		2.86532688141
3.57994914055		2.80443382263
3.58307600021		2.45430183411
3.58619499207		2.25640106201
3.58932209015		2.8501033783
3.59244918823		2.78921127319
3.59556913376		2.27162456512
3.59870505333		2.31729412079
3.60182309151		2.84502887726
3.6049451828		2.77398777008
3.60807204247		2.15998840332
3.61119818687		2.39848423004
3.61432313919		2.84502887726
3.61744904518		2.75876522064
3.62057518959		2.14983940125
3.62369918823		2.55071544647
3.62682199478		2.82980632782
3.62995219231		2.74354171753
3.63307499886		2.14476490021
3.63620018959		2.73339271545
3.63932704926		2.81965732574
3.6424510479		2.71309566498
3.64557719231		2.16506290436
3.64871001244		2.8501033783
3.65182900429		2.81965732574
3.65495300293		2.62683105469
3.65808010101		2.2310295105
3.6612071991		2.86532688141
3.66433119774		2.79936027527
3.66745305061		2.43400478363
3.67058110237		2.26147556305
3.67370700836		2.8501033783
3.67683005333		2.78413677216
3.67995905876		2.25640106201
3.68308401108		2.32236862183
3.68620610237		2.84502887726
3.68933320045		2.76891326904
3.69245815277		2.15998840332
3.69558310509		2.40863323212
3.69871711731		2.84502887726
3.70183300972		2.75876522064
3.7049601078		2.14983940125
3.70808410645		2.5913105011
3.71121120453		2.82980632782
3.71433520317		2.74354171753
3.71746110916		2.14983940125
3.72059011459		2.7536907196
3.72371220589		2.81965732574
3.72683811188		2.70802116394
3.72996401787		2.1701374054
3.73309016228		2.85517787933
3.73621320724		2.81458282471
3.73933911324		2.60653305054
3.74246621132		2.22088050842
3.74559807777		2.86532688141
3.74872899055		2.79936027527
3.75184416771		2.41370677948
3.75496721268		2.27162456512
3.75809407234		2.84502887726
3.7612221241		2.78413677216
3.7643430233		2.24117851257
3.76746821404		2.32744312286
3.77060508728		2.8501033783
3.77372002602		2.76891326904
3.77684402466		2.15491390228
3.77997207642		2.42385578156
3.78309416771		2.84502887726
3.78622102737		2.7536907196
3.78937721252		2.14983940125
3.79246401787		2.5913105011
3.79558706284		2.82980632782
3.79871821404		2.73846721649
3.80185008049		2.14983940125
3.80497217178		2.76891326904
3.80809903145		2.81965732574
3.81122517586		2.7029466629
3.81435012817		2.17521095276
3.81747603416		2.86025238037
3.82060098648		2.80950832367
3.82372522354		2.58623600006
3.82685017586		2.22595500946
3.8299779892		2.86025238037
3.83310103416		2.79428577423
3.83622717857		2.393409729
3.83938717842		2.27669906616
3.84248304367		2.8501033783
3.84560418129		2.78413677216
3.84873199463		2.22595500946
3.85185313225		2.33759117126
3.85498118401		2.84502887726
3.85810709		2.76383876801
3.86123418808		2.14983940125
3.86435604095		2.43907928467
3.86747908592		2.8399553299
3.87060713768		2.7536907196
3.87373209		2.14983940125
3.87685608864		2.61668205261
3.87998199463		2.82473182678
3.88310813904		2.73846721649
3.88623404503		2.14476490021
3.88939619064		2.79428577423
3.89248418808		2.81965732574
3.8956091404		2.69787216187
3.89874315262		2.1802854538
3.9018611908		2.86025238037
3.90498518944		2.81458282471
3.90811109543		2.55578994751
3.91123914719		2.23610401154
3.91436314583		2.86025238037
3.91748714447		2.79936027527
3.92061400414		2.37311172485
3.92373919487		2.2817735672
3.92686200142		2.84502887726
3.92999219894		2.77906227112
3.93311405182		2.21580600739
3.93624019623		2.3426656723
3.93940615654		2.84502887726
3.942497015		2.76383876801
3.94561910629		2.15491390228
3.94875001907		2.45430183411
3.95186710358		2.84502887726
3.95499420166		2.75876522064
3.95811700821		2.14983940125
3.96124505997		2.64712810516
3.9643881321		2.82980632782
3.96749401093		2.73339271545
3.97062706947		2.14983940125
3.9737432003		2.79936027527
3.97687101364		2.81965732574
3.97999811172		2.69279766083
3.98312306404		2.18535995483
3.98624706268		2.86532688141
3.98941111565		2.80950832367
3.99250102043		2.55071544647
3.99562120438		2.24117851257
3.99875402451		2.85517787933
4.00187516212		2.79936027527
4.00499916077		2.35281467438
4.00812602043		2.2919216156
4.01125121117		2.84502887726
4.01437520981		2.77906227112
4.0175011158		2.20058345795
4.02062702179		2.35281467438
4.02375102043		2.84502887726
4.02687716484		2.76383876801
4.03000116348		2.15491390228
4.03312706947		2.47459983826
4.03625917435		2.8399553299
4.03941321373		2.74861621857
4.04250121117		2.14983940125
4.04562115669		2.6522026062
4.0487511158		2.82473182678
4.05188322067		2.73339271545
4.05500507355		2.14983940125
4.05813312531		2.81965732574
4.06125807762		2.81965732574
4.06438302994		2.67757511139
4.06750822067		2.19043445587
4.07063412666		2.86532688141
4.07375907898		2.80950832367
4.07688713074		2.53041744232
4.08000922203		2.24625301361
4.08313512802		2.86025238037
4.08626103401		2.78921127319
4.08942198753		2.31729412079
4.09251022339		2.2919216156
4.09563708305		2.84502887726
4.09877109528		2.77398777008
4.10188698769		2.19550895691
4.10501098633		2.36296367645
4.10813999176		2.8501033783
4.11126613617		2.76383876801
4.11438918114		2.14983940125
4.11751699448		2.4898223877
4.12064409256		2.8399553299
4.12376618385		2.74861621857
4.1268901825		2.14983940125
4.13001918793		2.67250061035
4.13314819336		2.82473182678
4.13626599312		2.72831821442
4.13943004608		2.14983940125
4.14251708984		2.82473182678
4.14564418793		2.81965732574
4.14877319336		2.66742610931
4.15189409256		2.19550895691
4.15502119064		2.87040138245
4.15814614296		2.80443382263
4.16127204895		2.51012039185
4.16439604759		2.24625301361
4.16753602028		2.85517787933
4.17065620422		2.78921127319
4.17377614975		2.31221961975
4.17689800262		2.29699611664
4.18002510071		2.84502887726
4.18314909935		2.77906227112
4.18627500534		2.1802854538
4.18943405151		2.37818622589
4.19252610207		2.84502887726
4.19565105438		2.76383876801
4.19878315926		2.14983940125
4.20190000534		2.51012039185
4.20502710342		2.83488082886
4.20815300941		2.74861621857
4.21127605438		2.14476490021
4.21440315247		2.69279766083
4.21752810478		2.82473182678
4.22065520287		2.72831821442
4.22377920151		2.15491390228
4.22690415382		2.82980632782
4.23003602028		2.81965732574
4.23315620422		2.65727710724
4.23627901077		2.20058345795
4.23944306374		2.87040138245
4.24253201485		2.80443382263
4.24565601349		2.49489688873
4.24878406525		2.25640106201
4.25190520287		2.85517787933
4.25503110886		2.78921127319
4.2581551075		2.26655006409
4.2612991333		2.31221961975
4.26443600655		2.84502887726
4.267537117		2.77398777008
4.27066206932		2.17521095276
4.2737891674		2.38326072693
4.27691316605		2.84502887726
4.28003907204		2.75876522064
4.28316402435		2.14983940125
4.28629016876		2.53041744232
4.28946900368		2.83488082886
4.29254221916		2.74861621857
4.29566407204		2.14983940125
4.29879307747		2.71817016602
4.30191922188		2.82473182678
4.30504512787		2.71817016602
4.30816721916		2.15998840332
4.31131219864		2.84502887726
4.31441903114		2.81458282471
4.31754422188		2.64712810516
4.32067108154		2.21073246002
4.32379412651		2.86532688141
4.32692599297		2.80950832367
4.33004713058		2.46445083618
4.3331720829		2.26147556305
4.33631110191		2.8501033783
4.33946013451		2.78413677216
4.34254908562		2.27669906616
4.34567713737		2.31729412079
4.34880709648		2.84502887726
4.35192298889		2.77398777008
4.35505008698		2.16506290436
4.35817408562		2.41878128052
4.36129307747		2.84502887726
4.36441516876		2.76383876801
4.36754107475		2.14983940125
4.37068319321		2.55578994751
4.37380099297		2.82980632782
4.37692809105		2.74354171753
4.38005399704		2.14983940125
4.38317704201		2.73339271545
4.38630199432		2.82473182678
4.38946318626		2.71309566498
4.3925549984		2.15998840332
4.39567708969		2.8501033783
4.39881110191		2.81965732574
4.40193009377		2.62683105469
4.40505504608		2.21580600739
4.40818309784		2.87040138245
4.41130900383		2.80443382263
4.4144320488		2.44415378571
4.41757202148		2.26655006409
4.42068600655		2.8501033783
4.42381501198		2.78413677216
4.42693519592		2.26147556305
4.43006205559		2.31729412079
4.43318605423		2.8501033783
4.43631005287		2.77398777008
4.43947005272		2.15998840332
4.44256210327		2.41370677948
4.44568610191		2.84502887726
4.44881415367		2.75876522064
4.45193505287		2.14983940125
4.45506310463		2.57608699799
4.45818710327		2.82980632782
4.46131706238		2.74354171753
4.46445202827		2.14476490021
4.46756505966		2.74861621857
4.47069001198		2.82473182678
4.47381615639		2.71309566498
4.47693920135		2.16506290436
4.48008704185		2.85517787933
4.48319602013		2.81458282471
4.48631715775		2.61160755157
4.48949503899		2.22595500946
4.49256706238		2.86532688141
4.49569320679		2.79936027527
4.49882316589		2.42385578156
4.50194215775		2.27162456512
4.50506901741		2.84502887726
4.50819611549		2.78413677216
4.51132202148		2.24625301361
4.51444602013		2.32744312286
4.51756906509		2.84502887726
4.52082014084		2.75876522064
4.52426218987		2.14476490021
4.52773714066		2.81458282471
4.53137421608		2.80950832367
4.53494215012		2.34774017334
4.5382540226		2.31221961975
4.54193115234		2.84502887726
4.54560804367		2.73339271545
4.549295187		2.19550895691
4.55279898643		2.85517787933
4.55625510216		2.77906227112
4.55979418755		2.14983940125
4.56325721741		2.56086444855
4.56674218178		2.81458282471
4.57020902634		2.6522026062
4.57382822037		2.24625301361
4.57740211487		2.8399553299
4.58124399185		2.7536907196
4.58462119102		2.14476490021
4.5884680748		2.86532688141
4.59199213982		2.78921127319
4.59553098679		2.19550895691
4.59931015968		2.53041744232
4.60289216042		2.81965732574
4.60638308525		2.66235160828
4.60983920097		2.23610401154
4.61774110794		2.73339271545
4.62125110626		2.15491390228
4.6250770092		2.84502887726
4.62865710258		2.76891326904
4.63230705261		2.13969039917
4.63608503342		2.80950832367
4.63993406296		2.78921127319
4.64361214638		2.22595500946
4.64738202095		2.52026939392
4.65012407303		2.8399553299
4.65344500542		2.74861621857
4.65669322014		2.13461589813
4.65980005264		2.54564094543
4.66660118103		2.68772315979
4.66981005669		2.16506290436
4.67300510406		2.85517787933
4.67630004883		2.78921127319
4.67960214615		2.32744312286
4.68292403221		2.29699611664
4.68621706963		2.83488082886
4.68933415413		2.74861621857
4.69267606735		2.13461589813
4.69590711594		2.5405664444
4.69928812981		2.80950832367
4.70259213448		2.69279766083
4.70602416992		2.17521095276
4.70934104919		2.84502887726
4.7127571106		2.76891326904
4.71605300903		2.21580600739
4.71931314468		2.32236862183
4.7224111557		2.82473182678
4.72534298897		2.7536907196
4.72910499573		2.12446784973
4.73235607147		2.6522026062
4.73572516441		2.79936027527
4.73904418945		2.6420545578
4.74248099327		2.21073246002
4.74598407745		2.81458282471
4.74940800667		2.74354171753
4.75275015831		2.11939334869
4.75612616539		2.55071544647
4.75953006744		2.79428577423
4.76289105415		2.67757511139
4.76648902893		2.20058345795
4.76992607117		2.81965732574
4.77337217331		2.74861621857
4.77673220634		2.12446784973
4.78008699417		2.47459983826
4.78346514702		2.79936027527
4.78666305542		2.7029466629
4.78994107246		2.11939334869
4.79315209389		2.81458282471
4.7964360714		2.77906227112
4.79966020584		2.54564094543
4.802516222		2.15491390228
4.80524301529		2.78413677216
4.80799508095		2.79428577423
4.81075000763		2.71817016602
4.81349420547		2.11939334869
4.81624412537		2.39848423004
4.81899619102		2.81965732574
4.82175207138		2.7536907196
4.82449817657		2.28684806824
4.82724618912		2.2310295105
4.82999920845		2.8399553299
4.83274722099		2.78921127319
4.83549809456		2.67250061035
4.83825206757		2.11939334869
4.84100008011		2.65727710724
4.84374904633		2.80950832367
4.84649801254		2.73846721649
4.84924912453		2.12954235077
4.85199999809		2.31729412079
4.8547501564		2.81965732574
4.85750007629		2.76891326904
4.86026000977		2.45430183411
4.86300611496		2.19043445587
4.86575508118		2.83488082886
4.86850500107		2.79936027527
4.87125611305		2.70802116394
4.87400603294		2.12446784973
4.87675499916		2.49997138977
4.87950921059		2.82473182678
4.88225722313		2.74861621857
4.88500809669		2.20565795898
4.88775706291		2.26147556305
4.89051103592		2.83488082886
4.89325904846		2.78921127319
4.89600801468		2.61668205261
4.89875817299		2.14983940125
4.90150904655		2.75876522064
4.90425920486		2.80950832367
4.90700912476		2.72831821442
4.90976119041		2.12954235077
4.91251015663		2.37818622589
4.9152610302		2.82980632782
4.91801118851		2.76383876801
4.92076611519		2.3426656723
4.92351698875		2.2310295105
4.92626309395		2.85517787933
4.92901301384		2.79936027527
4.93176317215		2.69279766083
4.93451499939		2.12954235077
4.93726301193		2.61668205261
4.94001817703		2.81458282471
4.94276499748		2.74861621857
4.94551610947		2.14983940125
4.94828605652		2.30714511871
4.95101618767		2.83488082886
4.95376515388		2.77906227112
4.95651602745		2.52026939392
4.95927000046		2.1802854538
4.96201610565		2.81965732574
4.96476912498		2.80443382263
4.96751904488		2.72831821442
4.97027301788		2.13461589813
4.97302103043		2.46445083618
4.97576999664		2.83488082886
4.97852802277		2.75876522064
4.98191618919		2.13461589813
4.98555898666		2.75876522064
4.99059319496		2.74861621857
4.99386501312		2.12954235077
4.99846601486		2.8399553299
