0.00012993812561		2.82980632782
0.00434589385986		2.73846721649
0.0073390007019		2.25132751465
0.010330915451		2.55071544647
0.0133330821991		2.78921127319
0.016331911087		2.63190555573
0.0193290710449		2.30207061768
0.0222189426422		2.85517787933
0.0252079963684		2.73339271545
0.0282099246979		2.2310295105
0.0312080383301		2.62175655365
0.0342109203339		2.78413677216
0.0372109413147		2.56086444855
0.0402119159698		2.33251667023
0.0432140827179		2.82980632782
0.0462110042572		2.72831821442
0.0492119789124		2.2310295105
0.0522179603577		2.74861621857
0.0552110671997		2.75876522064
0.0580868721008		2.47967433929
0.0611190795898		2.36296367645
0.064090013504		2.81965732574
0.0670890808105		2.72324466705
0.0700888633728		2.23610401154
0.0729658603668		2.78413677216
0.075963973999		2.7536907196
0.0789659023285		2.393409729
0.0819690227509		2.39848423004
0.0849668979645		2.80950832367
0.0879678726196		2.70802116394
0.0909640789032		2.25132751465
0.0939679145813		2.84502887726
0.0969679355621		2.74354171753
0.099967956543		2.2817735672
0.102980852127		2.49489688873
0.105978012085		2.79936027527
0.108978033066		2.66742610931
0.111978054047		2.28684806824
0.114976882935		2.85517787933
0.117976903915		2.73339271545
0.120990037918		2.2310295105
0.123977899551		2.61160755157
0.126978874207		2.77906227112
0.129978895187		2.57101249695
0.132981061935		2.32236862183
0.135982036591		2.83488082886
0.138983011246		2.72831821442
0.141987085342		2.22595500946
0.144983053207		2.73846721649
0.147980928421		2.76383876801
0.150984048843		2.43907928467
0.153991937637		2.37311172485
0.156982898712		2.81458282471
0.15998506546		2.71817016602
0.16298699379		2.24117851257
0.16598200798		2.82980632782
0.168984889984		2.74861621857
0.171988010406		2.31729412079
0.17498588562		2.44922733307
0.177988052368		2.79936027527
0.180991888046		2.69279766083
0.183991909027		2.27162456512
0.186985969543		2.85517787933
0.189986944199		2.73339271545
0.192991018295		2.23610401154
0.195990085602		2.56086444855
0.198987960815		2.78921127319
0.201992988586		2.61160755157
0.204988002777		2.31221961975
0.207990884781		2.84502887726
0.210998058319		2.72831821442
0.213990926743		2.22088050842
0.216991901398		2.69279766083
0.21999502182		2.76891326904
0.222997903824		2.4898223877
0.225991010666		2.35281467438
0.22899389267		2.81965732574
0.231997013092		2.72324466705
0.234992980957		2.23610401154
0.237993955612		2.79936027527
0.241003036499		2.7536907196
0.243987083435		2.36803817749
0.24699306488		2.41370677948
0.249988079071		2.80950832367
0.252999067307		2.7029466629
0.255995035172		2.26147556305
0.258996963501		2.8501033783
0.26199889183		2.73846721649
0.264997959137		2.26147556305
0.267999887466		2.51519489288
0.271007061005		2.79428577423
0.273999929428		2.6522026062
0.276998996735		2.29699611664
0.280003070831		2.8501033783
0.282998085022		2.73339271545
0.286000967026		2.22595500946
0.289002895355		2.63698005676
0.292002916336		2.77906227112
0.295001983643		2.54564094543
0.298001050949		2.33251667023
0.301007986069		2.82473182678
0.304003000259		2.72324466705
0.307003974915		2.2310295105
0.310002088547		2.75876522064
0.313004970551		2.75876522064
0.316004037857		2.41370677948
0.319002866745		2.38326072693
0.322006940842		2.81458282471
0.325003862381		2.71309566498
0.328008890152		2.24625301361
0.331012010574		2.8399553299
0.334007978439		2.74354171753
0.337009906769		2.29699611664
0.340013980865		2.46952533722
0.343008041382		2.80443382263
0.346008062363		2.67757511139
0.349006891251		2.27669906616
0.352010011673		2.86025238037
0.355007886887		2.73846721649
0.358010053635		2.23610401154
0.361018896103		2.58623600006
0.364009857178		2.78413677216
0.367009878159		2.5913105011
0.370010852814		2.31729412079
0.373010873795		2.8399553299
0.376013040543		2.72831821442
0.379011869431		2.22595500946
0.382014989853		2.71309566498
0.385015010834		2.76891326904
0.388015031815		2.46952533722
0.391017913818		2.36296367645
0.394015073776		2.81458282471
0.397014856339		2.71817016602
0.400016069412		2.24117851257
0.403016090393		2.80950832367
0.406014919281		2.74861621857
0.409017086029		2.33759117126
0.412018060684		2.42385578156
0.415015935898		2.80443382263
0.418017864227		2.69787216187
0.42102098465		2.26655006409
0.424026966095		2.85517787933
0.427020072937		2.73846721649
0.430017948151		2.25640106201
0.433026075363		2.53549194336
0.436017990112		2.78921127319
0.439018964767		2.63190555573
0.442023992538		2.30207061768
0.445020914078		2.8501033783
0.448035955429		2.73339271545
0.451029062271		2.22595500946
0.454024076462		2.65727710724
0.457026958466		2.77398777008
0.460028886795		2.52026939392
0.463023900986		2.3426656723
0.466026067734		2.82473182678
0.469022989273		2.72324466705
0.472030878067		2.22595500946
0.475023984909		2.77906227112
0.478026866913		2.75876522064
0.481033086777		2.38833522797
0.484025001526		2.393409729
0.487029075623		2.81458282471
0.490026950836		2.70802116394
0.493020057678		2.25132751465
0.496018886566		2.84502887726
0.499019861221		2.74354171753
0.502040863037		2.27669906616
0.505030870438		2.48474884033
0.508032083511		2.79936027527
0.511039972305		2.66235160828
0.514031887054		2.28684806824
0.517029047012		2.85517787933
0.520034074783		2.73339271545
0.523032903671		2.2310295105
0.526037931442		2.61160755157
0.529031991959		2.78413677216
0.532034873962		2.57101249695
0.535032987595		2.32744312286
0.538033008575		2.83488082886
0.541040897369		2.72831821442
0.544034957886		2.2310295105
0.547034978867		2.73339271545
0.550034046173		2.76383876801
0.553039073944		2.44415378571
0.556035041809		2.36803817749
0.55903506279		2.81458282471
0.562039852142		2.71817016602
0.565037965775		2.24117851257
0.568039894104		2.82980632782
0.571043968201		2.74861621857
0.574037075043		2.32236862183
0.577038049698		2.43907928467
0.580038070679		2.80443382263
0.583040952682		2.68772315979
0.586041927338		2.26655006409
0.589037895203		2.85517787933
0.592041015625		2.73846721649
0.595040082932		2.24117851257
0.598041057587		2.55578994751
0.601047992706		2.78921127319
0.604042053223		2.61160755157
0.607048034668		2.30714511871
0.610043048859		2.8399553299
0.613041877747		2.73339271545
0.616044998169		2.22595500946
0.619061946869		2.69279766083
0.622047901154		2.77398777008
0.62504696846		2.49997138977
0.628045082092		2.35281467438
0.631046056747		2.81965732574
0.634043931961		2.72324466705
0.637043952942		2.23610401154
0.640048027039		2.79428577423
0.643048048019		2.7536907196
0.646048069		2.36803817749
0.649045944214		2.40863323212
0.652050971985		2.80443382263
0.655047893524		2.7029466629
0.658048868179		2.25132751465
0.661056041718		2.8501033783
0.664051055908		2.73846721649
0.667051076889		2.26655006409
0.670050859451		2.51012039185
0.673050880432		2.79428577423
0.676051855087		2.6522026062
0.679051876068		2.2919216156
0.682055950165		2.8501033783
0.68505191803		2.73339271545
0.688051939011		2.22595500946
0.691060066223		2.63190555573
0.694053888321		2.77906227112
0.697053909302		2.55071544647
0.700052976608		2.33759117126
0.703063011169		2.82980632782
0.706057071686		2.72831821442
0.709055900574		2.2310295105
0.712065935135		2.75876522064
0.71505689621		2.75876522064
0.718056917191		2.42385578156
0.72106385231		2.38326072693
0.724058866501		2.80950832367
0.727056980133		2.71309566498
0.730057954788		2.24625301361
0.733058929443		2.83488082886
0.736059904099		2.74354171753
0.739058971405		2.30207061768
0.742057085037		2.45937633514
0.745053052902		2.79936027527
0.747927904129		2.69279766083
0.7509329319		2.26655006409
0.75393986702		2.85517787933
0.756937026978		2.73846721649
0.759937047958		2.24625301361
0.762938976288		2.5405664444
0.765938043594		2.79428577423
0.76893901825		2.63190555573
0.771946907043		2.30714511871
0.774940013885		2.8501033783
0.777941942215		2.72831821442
0.780948877335		2.22088050842
0.783941030502		2.66742610931
0.786942005157		2.77398777008
0.789938926697		2.52026939392
0.792943954468		2.3426656723
0.795943975449		2.81965732574
0.798942089081		2.71817016602
0.801945924759		2.2310295105
0.804949998856		2.78413677216
0.807944059372		2.7536907196
0.810956954956		2.37818622589
0.813943862915		2.393409729
0.816943883896		2.80950832367
0.819946050644		2.7029466629
0.822953939438		2.25640106201
0.825948953629		2.84502887726
0.828949928284		2.74354171753
0.83194899559		2.27669906616
0.834948062897		2.49489688873
0.837951898575		2.79936027527
0.840955972672		2.66235160828
0.843949079514		2.2817735672
0.846948862076		2.85517787933
0.849948883057		2.73339271545
0.852951049805		2.22595500946
0.855949878693		2.61668205261
0.858952999115		2.77906227112
0.861950874329		2.56593894958
0.864950895309		2.32744312286
0.867953062057		2.82980632782
0.870959997177		2.72831821442
0.873951911926		2.2310295105
0.876952886581		2.73846721649
0.879951000214		2.76383876801
0.882956981659		2.43400478363
0.885956048965		2.37311172485
0.888954877853		2.81965732574
0.891957044601		2.71817016602
0.894955873489		2.24117851257
0.89796090126		2.82980632782
0.900963068008		2.74354171753
0.903956890106		2.31221961975
0.906957864761		2.44922733307
0.909956932068		2.79936027527
0.912961006165		2.68772315979
0.915957927704		2.27162456512
0.918958902359		2.85517787933
0.921959877014		2.73339271545
0.924957990646		2.24117851257
0.927958965302		2.56593894958
0.930981874466		2.78413677216
0.933960914612		2.61160755157
0.93695807457		2.30714511871
0.939960956573		2.8399553299
0.942965984344		2.73339271545
0.945962905884		2.22088050842
0.948962926865		2.69279766083
0.951964855194		2.76891326904
0.954963922501		2.48474884033
0.957962036133		2.35281467438
0.960969924927		2.81965732574
0.963964939117		2.71817016602
0.96696305275		2.23610401154
0.969964981079		2.79428577423
0.972967863083		2.7536907196
0.975965023041		2.35788917542
0.97896695137		2.40863323212
0.981966972351		2.80950832367
0.984967947006		2.7029466629
0.987967014313		2.25640106201
0.990979909897		2.8501033783
0.993960857391		2.74354171753
0.996960878372		2.26147556305
0.999961853027		2.51012039185
1.00297498703		2.78921127319
1.00597000122		2.64712810516
1.0089700222		2.2919216156
1.01197290421		2.85517787933
1.01497197151		2.73339271545
1.01797389984		2.22595500946
1.02097201347		2.63698005676
1.02397608757		2.77398777008
1.02697300911		2.5405664444
1.02997303009		2.33759117126
1.03297305107		2.82473182678
1.03597307205		2.72324466705
1.03897404671		2.22595500946
1.04197406769		2.75876522064
1.04497504234		2.75876522064
1.04797387123		2.40863323212
1.05098295212		2.38326072693
1.05397605896		2.80950832367
1.05697798729		2.71309566498
1.0599758625		2.24625301361
1.06297898293		2.8399553299
1.06597995758		2.74354171753
1.06897807121		2.29699611664
1.07197999954		2.46952533722
1.07497906685		2.80443382263
1.0779800415		2.67250061035
1.08098506927		2.27669906616
1.08398509026		2.85517787933
1.08697891235		2.73846721649
1.0899810791		2.2310295105
1.09298300743		2.58623600006
1.09598302841		2.78413677216
1.09897994995		2.58623600006
1.10198497772		2.31729412079
1.10498404503		2.8399553299
1.10798406601		2.72831821442
1.1109919548		2.22595500946
1.11398386955		2.71817016602
1.11698293686		2.76383876801
1.11998605728		2.46445083618
1.12298488617		2.35788917542
1.12598586082		2.81965732574
1.12898492813		2.71817016602
1.13198804855		2.24117851257
1.13498687744		2.81458282471
1.13798689842		2.74861621857
1.14099407196		2.33759117126
1.14398789406		2.42385578156
1.14698886871		2.80443382263
1.14999103546		2.69279766083
1.15298986435		2.26147556305
1.15598893166		2.85517787933
1.15899205208		2.73846721649
1.16199207306		2.25132751465
1.16499090195		2.53549194336
1.16799092293		2.79428577423
1.17099785805		2.63190555573
1.17399096489		2.30207061768
1.17699694633		2.8501033783
1.17999196053		2.73339271545
1.18299293518		2.22088050842
1.18599295616		2.66742610931
1.18899393082		2.77398777008
1.19199490547		2.52026939392
1.19499492645		2.34774017334
1.19799399376		2.82473182678
1.20100307465		2.72324466705
1.20399808884		2.2310295105
1.20699691772		2.77906227112
1.20999693871		2.7536907196
1.21299695969		2.38833522797
1.21599698067		2.393409729
1.21900486946		2.80950832367
1.22200489044		2.7029466629
1.22499799728		2.24625301361
1.22799897194		2.84502887726
1.23100590706		2.73846721649
1.23400187492		2.27669906616
1.2370018959		2.48474884033
1.24000000954		2.79428577423
1.24299407005		2.67250061035
1.24599289894		2.2817735672
1.24899291992		2.85517787933
1.2520070076		2.73339271545
1.25500297546		2.22595500946
1.25800490379		2.61160755157
1.26100897789		2.78413677216
1.26400494576		2.57101249695
1.26700592041		2.32744312286
1.27001094818		2.82980632782
1.27300691605		2.72831821442
1.27600598335		2.22595500946
1.27900600433		2.73846721649
1.28200793266		2.76383876801
1.2850060463		2.44415378571
1.28800702095		2.36803817749
1.29101395607		2.80950832367
1.29400801659		2.71817016602
1.29700803757		2.24117851257
1.30000901222		2.82473182678
1.3030090332		2.74354171753
1.30600905418		2.31729412079
1.30901098251		2.44415378571
1.31201386452		2.80443382263
1.3150100708		2.68772315979
1.31801104546		2.26655006409
1.32101893425		2.85517787933
1.32401204109		2.73846721649
1.32701301575		2.23610401154
1.33001303673		2.56086444855
1.33301305771		2.78921127319
1.33601307869		2.61160755157
1.33901286125		2.30714511871
1.342015028		2.84502887726
1.34501290321		2.73339271545
1.34801387787		2.22088050842
1.35102391243		2.69279766083
1.35401797295		2.76891326904
1.35701608658		2.49489688873
1.36001586914		2.34774017334
1.36302399635		2.81965732574
1.36601996422		2.72324466705
1.36901688576		2.23610401154
1.37201786041		2.79428577423
1.37501788139		2.74861621857
1.37801885605		2.36296367645
1.38102698326		2.40863323212
1.38401889801		2.80443382263
1.38701891899		2.7029466629
1.3900270462		2.25640106201
1.39302206039		2.8501033783
1.39601993561		2.73846721649
1.39901900291		2.25640106201
1.40202403069		2.50504589081
1.4050219059		2.79428577423
1.40802407265		2.6522026062
1.41102290154		2.2919216156
1.41402387619		2.8501033783
1.41702508926		2.73339271545
1.42002606392		2.22595500946
1.42302703857		2.63698005676
1.42602586746		2.77906227112
1.42902803421		2.54564094543
1.43202495575		2.33251667023
1.43501806259		2.82980632782
1.43801903725		2.72324466705
1.44102287292		2.22595500946
1.44402885437		2.75876522064
1.447026968		2.75876522064
1.45002889633		2.41370677948
1.45302987099		2.37818622589
1.45603704453		2.80950832367
1.45903587341		2.71309566498
1.46203398705		2.24625301361
1.46502995491		2.83488082886
1.46802997589		2.74354171753
1.47103285789		2.29699611664
1.47403001785		2.46445083618
1.47703289986		2.79936027527
1.48003292084		2.67757511139
1.48303508759		2.27162456512
1.4860329628		2.85517787933
1.48903203011		2.72831821442
1.49203395844		2.2310295105
1.49502706528		2.58116149902
1.49802589417		2.78413677216
1.50102996826		2.58623600006
1.50403904915		2.31729412079
1.50703787804		2.83488082886
1.51003599167		2.72831821442
1.51303792		2.22088050842
1.51603794098		2.70802116394
1.51903796196		2.76383876801
1.52204108238		2.46445083618
1.5250389576		2.35788917542
1.52803993225		2.81458282471
1.53104496002		2.72324466705
1.53403997421		2.23610401154
1.53703904152		2.80950832367
1.5400390625		2.74861621857
1.54304003716		2.33759117126
1.54604101181		2.42385578156
1.54904603958		2.80443382263
1.55204296112		2.69787216187
1.55504202843		2.26147556305
1.55804204941		2.8501033783
1.56105208397		2.73339271545
1.56404304504		2.25132751465
1.56704187393		2.52534389496
1.57004499435		2.78921127319
1.57304406166		2.63190555573
1.57604598999		2.2919216156
1.57904601097		2.8501033783
1.5820710659		2.72831821442
1.58504486084		2.22088050842
1.58804702759		2.65727710724
1.59105396271		2.76891326904
1.59404706955		2.52534389496
1.5970480442		2.3426656723
1.60004997253		2.82473182678
1.60305094719		2.72324466705
1.60604906082		2.23610401154
1.6090490818		2.77906227112
1.61205101013		2.75876522064
1.61505007744		2.38833522797
1.61805391312		2.393409729
1.62105107307		2.80443382263
1.62405204773		2.70802116394
1.62705206871		2.24625301361
1.63005208969		2.84502887726
1.63305401802		2.73846721649
1.63605189323		2.2817735672
1.63905000687		2.47967433929
1.6420609951		2.79936027527
1.64505386353		2.66235160828
1.6480550766		2.27669906616
1.65106201172		2.85517787933
1.65405607224		2.73339271545
1.6570558548		2.2310295105
1.66005706787		2.60653305054
1.66305708885		2.77906227112
1.66605496407		2.56593894958
1.66905593872		2.32236862183
1.67205786705		2.82980632782
1.67505693436		2.72324466705
1.67805886269		2.22595500946
1.68106389046		2.73339271545
1.68405795097		2.75876522064
1.68705797195		2.44415378571
1.69005990028		2.36803817749
1.69306302071		2.81458282471
1.69606089592		2.71309566498
1.69905996323		2.24117851257
1.70206189156		2.82473182678
1.70506286621		2.74354171753
1.70806193352		2.32236862183
1.7110710144		2.43907928467
1.71406388283		2.79936027527
1.71706295013		2.68772315979
1.72006487846		2.26655006409
1.72306394577		2.85517787933
1.72606492043		2.73846721649
1.72906494141		2.24117851257
1.73206806183		2.55071544647
1.7350730896		2.78921127319
1.73806595802		2.61668205261
1.74107289314		2.31221961975
1.74406194687		2.84502887726
1.7470600605		2.72831821442
1.75006103516		2.22088050842
1.75306892395		2.68772315979
1.75606894493		2.76891326904
1.75906801224		2.49997138977
1.76207089424		2.34774017334
1.7650680542		2.81965732574
1.76806902885		2.71817016602
1.77107191086		2.2310295105
1.77407288551		2.79428577423
1.77707195282		2.7536907196
1.78007102013		2.37311172485
1.78307390213		2.40863323212
1.78607392311		2.80443382263
1.78907299042		2.69787216187
1.7920730114		2.25640106201
1.79507303238		2.8501033783
1.79807400703		2.73846721649
1.80108094215		2.26655006409
1.80407595634		2.50504589081
1.80707597733		2.79428577423
1.81007599831		2.6522026062
1.81307601929		2.2919216156
1.81607794762		2.85517787933
1.8190779686		2.73339271545
1.82208395004		2.22595500946
1.82507896423		2.63190555573
1.82808303833		2.77398777008
1.83108687401		2.54564094543
1.83408093452		2.33251667023
1.83708095551		2.82980632782
1.84008097649		2.72324466705
1.84308290482		2.22595500946
1.84608006477		2.7536907196
1.84907889366		2.75876522064
1.85208392143		2.41878128052
1.85508298874		2.37818622589
1.85808086395		2.81458282471
1.86108994484		2.71309566498
1.86408305168		2.24117851257
1.86708307266		2.83488082886
1.87008285522		2.73846721649
1.8730840683		2.30207061768
1.87608408928		2.45937633514
1.87908291817		2.79936027527
1.88208699226		2.67757511139
1.88508701324		2.26655006409
1.88808488846		2.85517787933
1.89109396935		2.72831821442
1.89408802986		2.2310295105
1.89708900452		2.57608699799
1.90008687973		2.78413677216
1.90309000015		2.59638500214
1.90608787537		2.31729412079
1.90909004211		2.83488082886
1.91209101677		2.72831821442
1.91508889198		2.22088050842
1.91808986664		2.7029466629
1.92110300064		2.76383876801
1.92409086227		2.47967433929
1.92709088326		2.35788917542
1.93009400368		2.81458282471
1.93309187889		2.71817016602
1.93609285355		2.2310295105
1.93909287453		2.80950832367
1.94209504128		2.74861621857
1.94509387016		2.3426656723
1.94809293747		2.41370677948
1.9511039257		2.80443382263
1.95409488678		2.69279766083
1.95709586143		2.25640106201
1.96009707451		2.8501033783
1.96309494972		2.73846721649
1.96609592438		2.25132751465
1.96909689903		2.52534389496
1.97209906578		2.79428577423
1.97509789467		2.6420545578
1.97810006142		2.29699611664
1.98110389709		2.8501033783
1.98409891129		2.72831821442
1.98709893227		2.22088050842
1.99009799957		2.6522026062
1.99309396744		2.77398777008
1.99609208107		2.53549194336
1.99909186363		2.33759117126
2.00210499763		2.82473182678
2.00510001183		2.72324466705
2.00810408592		2.2310295105
2.0111079216		2.77398777008
2.01411986351		2.7536907196
2.01710295677		2.393409729
2.02010297775		2.38326072693
2.02310585976		2.80950832367
2.02610397339		2.70802116394
2.02910399437		2.24625301361
2.03210806847		2.84502887726
2.03510594368		2.73846721649
2.03810501099		2.27669906616
2.04112100601		2.48474884033
2.04410791397		2.79936027527
2.04710698128		2.66742610931
2.05010700226		2.2817735672
2.05310702324		2.85517787933
2.05610990524		2.73339271545
2.05910801888		2.22595500946
2.0621099472		2.59638500214
2.06510806084		2.77906227112
2.06810998917		2.57101249695
2.07111787796		2.32236862183
2.07411289215		2.83488082886
2.07711005211		2.72831821442
2.08011507988		2.22595500946
2.08311200142		2.72831821442
2.0861120224		2.76383876801
2.08911108971		2.44922733307
2.09211301804		2.36296367645
2.09511303902		2.81458282471
2.09811306		2.71817016602
2.10112190247		2.24117851257
2.10411286354		2.81965732574
2.10712099075		2.74354171753
2.11011505127		2.31729412079
2.11311793327		2.43907928467
2.11611485481		2.80443382263
2.11911702156		2.68772315979
2.12211990356		2.26655006409
2.12511587143		2.85517787933
2.1281170845		2.73339271545
2.13112401962		2.24117851257
2.13411593437		2.54564094543
2.13711905479		2.78413677216
2.14012098312		2.61668205261
2.1431210041		2.30714511871
2.14612007141		2.84502887726
2.14911985397		2.72831821442
2.15212392807		2.22088050842
2.1551220417		2.67757511139
2.15812087059		2.76891326904
2.16112995148		2.49489688873
2.16412305832		2.34774017334
2.16712188721		2.81965732574
2.17012405396		2.71817016602
2.17312502861		2.2310295105
2.1761238575		2.78921127319
2.1791229248		2.7536907196
2.18212294579		2.36803817749
2.18512487411		2.40355873108
2.1881248951		2.80950832367
2.19113302231		2.7029466629
2.19412493706		2.24625301361
2.19712591171		2.84502887726
2.20013403893		2.73846721649
2.20313000679		2.26655006409
2.2061290741		2.49997138977
2.20912885666		2.79428577423
2.21213388443		2.64712810516
2.21512889862		2.28684806824
2.21813106537		2.8501033783
2.22113108635		2.73339271545
2.22413301468		2.22595500946
2.22712993622		2.62683105469
2.2301299572		2.77906227112
2.23313307762		2.54564094543
2.23613286018		2.33251667023
2.23913002014		2.82473182678
2.24213004112		2.72831821442
2.24512505531		2.22595500946
2.24812507629		2.74861621857
2.25112891197		2.75876522064
2.25413393974		2.42385578156
2.25713706017		2.37311172485
2.2601339817		2.81458282471
2.26313591003		2.70802116394
2.26613688469		2.24117851257
2.26913499832		2.82980632782
2.27213788033		2.74354171753
2.27513885498		2.30207061768
2.27813792229		2.45430183411
2.28114295006		2.79936027527
2.28413796425		2.67757511139
2.28713798523		2.26655006409
2.29013895988		2.8501033783
2.29315805435		2.73339271545
2.29614090919		2.23610401154
2.2991399765		2.57101249695
2.30214285851		2.78413677216
2.30514097214		2.59638500214
2.30814099312		2.31221961975
2.31114888191		2.8399553299
2.31414103508		2.72831821442
2.31714487076		2.22088050842
2.32014393806		2.72831821442
2.32314586639		2.76891326904
2.32614707947		2.47459983826
2.32914495468		2.35788917542
2.33214497566		2.81965732574
2.33514595032		2.72324466705
2.33814787865		2.23610401154
2.34115290642		2.80950832367
2.34414505959		2.74861621857
2.34714508057		2.34774017334
2.35014796257		2.42385578156
2.35314893723		2.79936027527
2.35614895821		2.69787216187
2.35914802551		2.25132751465
2.36214995384		2.8501033783
2.36514592171		2.73846721649
2.36814904213		2.25640106201
2.37115693092		2.52534389496
2.374147892		2.79428577423
2.37714886665		2.63698005676
2.3801510334		2.29699611664
2.38315486908		2.8501033783
2.38615489006		2.73339271545
2.38915085793		2.22088050842
2.3921558857		2.6522026062
2.39515399933		2.77906227112
2.39815092087		2.52534389496
2.40116095543		2.33759117126
2.40415596962		2.82473182678
2.40715408325		2.72324466705
2.41015386581		2.2310295105
2.41315889359		2.76891326904
2.41615605354		2.75876522064
2.41915607452		2.39848423004
2.42216086388		2.38326072693
2.42515802383		2.80950832367
2.42815685272		2.7029466629
2.43116593361		2.24625301361
2.43415808678		2.8399553299
2.43715786934		2.74354171753
2.44015789032		2.27669906616
2.44316196442		2.46952533722
2.44616007805		2.79936027527
2.44915795326		2.67250061035
2.45216298103		2.27669906616
2.45516300201		2.85517787933
2.45816206932		2.73339271545
2.46116995811		2.22595500946
2.46416091919		2.59638500214
2.46716189384		2.78413677216
2.47016191483		2.56593894958
2.47316503525		2.31729412079
2.47616195679		2.82980632782
2.47917103767		2.72324466705
2.48216795921		2.22595500946
2.48516392708		2.72324466705
2.48816490173		2.76383876801
2.49117493629		2.44922733307
2.49415898323		2.36296367645
2.49715900421		2.81458282471
2.50015807152		2.71309566498
2.50317192078		2.24117851257
2.50616693497		2.81965732574
2.50916695595		2.74354171753
2.51217103004		2.32236862183
2.51516890526		2.43400478363
2.51816987991		2.80443382263
2.52117490768		2.69787216187
2.52417206764		2.26147556305
2.52716898918		2.8501033783
2.53017091751		2.73339271545
2.53317308426		2.24117851257
2.53617095947		2.54564094543
2.53917193413		2.78921127319
2.54217290878		2.62175655365
2.54517292976		2.30207061768
2.5481710434		2.84502887726
2.55117893219		2.72831821442
2.55417490005		2.21580600739
2.55717396736		2.67250061035
2.56017398834		2.76891326904
2.56317687035		2.51012039185
2.56617689133		2.3426656723
2.56917595863		2.82473182678
2.57218289375		2.72324466705
2.5751760006		2.2310295105
2.5781788826		2.78921127319
2.58118391037		2.7536907196
2.58417797089		2.37311172485
2.58718085289		2.393409729
2.59017801285		2.80950832367
2.5931789875		2.69787216187
2.59618186951		2.25132751465
2.59917902946		2.84502887726
2.60218095779		2.73846721649
2.60518288612		2.26655006409
2.60817885399		2.49489688873
2.6111869812		2.79936027527
2.61418199539		2.66235160828
2.6171810627		2.2817735672
2.62018108368		2.8501033783
2.62318897247		2.73339271545
2.62620401382		2.22088050842
2.62918305397		2.62175655365
2.63218688965		2.77398777008
2.63518404961		2.55578994751
2.63819098473		2.33251667023
2.64119100571		2.82980632782
2.64419102669		2.72831821442
2.64718699455		2.22088050842
2.65018701553		2.75876522064
2.65319108963		2.75876522064
2.6561870575		2.42385578156
2.65918707848		2.37311172485
2.66218805313		2.81458282471
2.66519403458		2.71309566498
2.66818785667		2.24625301361
2.67119407654		2.82980632782
2.6741900444		2.74354171753
2.67718887329		2.30207061768
2.68019104004		2.45937633514
2.68319392204		2.79936027527
2.68619394302		2.68264961243
2.68919205666		2.26655006409
2.69219303131		2.85517787933
2.69519400597		2.73339271545
2.69819307327		2.2310295105
2.70120000839		2.57101249695
2.70419597626		2.78413677216
2.70719599724		2.60145950317
2.71019387245		2.32236862183
2.71319890022		2.83488082886
2.71619606018		2.72831821442
2.71919488907		2.22088050842
2.72219991684		2.69787216187
2.72519803047		2.76891326904
2.72819685936		2.47967433929
2.73120307922		2.35281467438
2.734197855		2.81965732574
2.73719906807		2.71817016602
2.74019789696		2.23610401154
2.74319195747		2.79936027527
2.74619007111		2.74861621857
2.74918985367		2.34774017334
2.75220298767		2.41370677948
2.75519895554		2.80443382263
2.75820708275		2.69787216187
2.7612080574		2.25640106201
2.76420092583		2.8501033783
2.76719999313		2.74354171753
2.77020192146		2.25132751465
2.77320790291		2.52026939392
2.77620387077		2.78921127319
2.77920389175		2.6420545578
2.78220391273		2.2919216156
2.78520607948		2.8501033783
2.78820300102		2.73339271545
2.79121088982		2.22595500946
2.79420590401		2.64712810516
2.79720497131		2.77398777008
2.80020689964		2.49997138977
2.80321002007		2.33251667023
2.80620789528		2.82473182678
2.80920791626		2.72324466705
2.81220889091		2.22595500946
2.81520700455		2.76383876801
2.81820988655		2.7536907196
2.82120990753		2.393409729
2.82421207428		2.38326072693
2.82721304893		2.80950832367
2.83021306992		2.7029466629
2.8332118988		2.24117851257
2.83621191978		2.83488082886
2.83921098709		2.74354171753
2.84221291542		2.2919216156
2.84521007538		2.46952533722
2.84821200371		2.79936027527
2.85122799873		2.66742610931
2.85421395302		2.27669906616
2.857213974		2.85517787933
2.86021494865		2.73339271545
2.86321592331		2.22595500946
2.86621499062		2.5913105011
2.8692150116		2.78413677216
2.87221598625		2.57608699799
2.87521600723		2.31729412079
2.87821602821		2.82980632782
2.88122391701		2.72831821442
2.88422107697		2.22088050842
2.88721585274		2.71817016602
2.89021992683		2.76383876801
2.89322090149		2.45937633514
2.89621806145		2.36296367645
2.89922094345		2.80950832367
2.90222191811		2.71309566498
2.90521907806		2.23610401154
2.90822005272		2.81458282471
2.91122698784		2.74861621857
2.91421985626		2.33251667023
2.91722106934		2.42893028259
2.92022395134		2.79936027527
2.92323088646		2.68772315979
2.92622303963		2.25640106201
2.92922186852		2.85517787933
2.93222498894		2.73846721649
2.93522405624		2.24117851257
2.93822288513		2.5405664444
2.94123196602		2.78413677216
2.94423103333		2.62175655365
2.94722604752		2.30207061768
2.9502248764		2.8399553299
2.95322799683		2.73339271545
2.95622897148		2.22088050842
2.95922708511		2.67250061035
2.96222805977		2.77398777008
2.96522903442		2.51012039185
2.9682290554		2.34774017334
2.97123503685		2.81965732574
2.97424793243		2.71817016602
2.9772310257		2.22595500946
2.98023200035		2.79428577423
2.98323392868		2.7536907196
2.98622989655		2.37818622589
2.9892308712		2.393409729
2.99222803116		2.80443382263
2.99522399902		2.7029466629
2.99822497368		2.25132751465
3.00122904778		2.84502887726
3.00423598289		2.74354171753
3.0072350502		2.27162456512
3.01023602486		2.50504589081
3.01323604584		2.79428577423
3.01623296738		2.66235160828
3.0192360878		2.2817735672
3.02223992348		2.8501033783
3.02523589134		2.73339271545
3.02823591232		2.22088050842
3.03124499321		2.61668205261
3.03423690796		2.77906227112
3.0372428894		2.55578994751
3.04023790359		2.32744312286
3.04324102402		2.82980632782
3.04623985291		2.72324466705
3.04924106598		2.22088050842
3.05224394798		2.74354171753
3.05524086952		2.76383876801
3.0582408905		2.43400478363
3.06124687195		2.36803817749
3.06424093246		2.81458282471
3.06723999977		2.70802116394
3.07024288177		2.24625301361
3.07324695587		2.82980632782
3.07624387741		2.74354171753
3.07924294472		2.30714511871
3.08224487305		2.44922733307
3.08524394035		2.79936027527
3.08824491501		2.68264961243
3.09125208855		2.26655006409
3.09424686432		2.85517787933
3.09724593163		2.73339271545
3.10024285316		2.22595500946
3.10324907303		2.56593894958
3.10624885559		2.78413677216
3.10924601555		2.61160755157
3.11224794388		2.30714511871
3.11524796486		2.84502887726
3.11824989319		2.72831821442
3.12124800682		2.22088050842
3.12424993515		2.69279766083
3.12724900246		2.76891326904
3.13025593758		2.46952533722
3.13325190544		2.35281467438
3.13625001907		2.81965732574
3.13925099373		2.72324466705
3.14225292206		2.23610401154
3.14524888992		2.79936027527
3.14825201035		2.74861621857
3.15125989914		2.34774017334
3.15425300598		2.40863323212
3.15725302696		2.80443382263
3.16025304794		2.69787216187
3.1632540226		2.25640106201
3.16625499725		2.8501033783
3.16925406456		2.73846721649
3.17225599289		2.25132751465
3.17525601387		2.51519489288
3.17825603485		2.79428577423
3.18126296997		2.64712810516
3.18425607681		2.2919216156
3.18725705147		2.8501033783
3.19025588036		2.73339271545
3.19326090813		2.21580600739
3.19625902176		2.6420545578
3.19925904274		2.77398777008
3.20226097107		2.5405664444
3.20526194572		2.33759117126
3.20826196671		2.82473182678
3.21126890182		2.71817016602
3.2142598629		2.22595500946
3.21725988388		2.76383876801
3.22026205063		2.74861621857
3.22330999374		2.37818622589
3.22626805305		2.38326072693
3.22926998138		2.80950832367
3.23228287697		2.70802116394
3.23526597023		2.24625301361
3.23826694489		2.8399553299
3.24128293991		2.74354171753
3.24427008629		2.28684806824
3.24726986885		2.46952533722
3.25026798248		2.79936027527
3.25327205658		2.67757511139
3.25629901886		2.2817735672
3.25927090645		2.8501033783
3.26227092743		2.73339271545
3.26528596878		2.22595500946
3.26827287674		2.5913105011
3.27129292488		2.77906227112
3.27427196503		2.58116149902
3.27727198601		2.31729412079
3.28028607368		2.82980632782
3.28327298164		2.72831821442
3.28627300262		2.22088050842
3.28928804398		2.72324466705
3.29227685928		2.76383876801
3.29527592659		2.45430183411
3.29827308655		2.35788917542
3.30128288269		2.81458282471
3.30430293083		2.71309566498
3.30727791786		2.23610401154
3.31027507782		2.82980632782
3.31329488754		2.74354171753
3.31628489494		2.32236862183
3.31929397583		2.43400478363
3.32228207588		2.80443382263
3.32528090477		2.69279766083
3.32829403877		2.26655006409
3.33128595352		2.8501033783
3.33427906036		2.73846721649
3.33729505539		2.24117851257
3.340280056		2.55071544647
3.34328007698		2.78921127319
3.34628200531		2.62683105469
3.34928107262		2.30207061768
3.35231304169		2.84502887726
3.35528302193		2.73339271545
3.35828399658		2.22088050842
3.36129689217		2.67757511139
3.36430001259		2.76891326904
3.36730003357		2.49489688873
3.37028694153		2.34774017334
3.37328505516		2.82473182678
3.37630200386		2.71817016602
3.37928700447		2.2310295105
3.38228797913		2.78413677216
3.38530397415		2.7536907196
3.38828706741		2.37818622589
3.39129495621		2.39848423004
3.39428806305		2.80950832367
3.39728593826		2.7029466629
3.40031886101		2.25640106201
3.40341901779		2.8501033783
3.40641593933		2.73846721649
3.40943908691		2.24625301361
3.41241288185		2.52534389496
3.41540598869		2.78921127319
3.4184088707		2.63190555573
3.42149996758		2.30714511871
3.42442989349		2.84502887726
3.42741799355		2.72831821442
3.43042302132		2.22088050842
3.4334359169		2.66235160828
3.43642091751		2.77398777008
3.4394159317		2.52026939392
3.44242095947		2.3426656723
3.4454190731		2.82473182678
3.44843506813		2.72324466705
3.45145893097		2.22595500946
3.45441889763		2.76891326904
3.45743489265		2.7536907196
3.46043586731		2.38833522797
3.46342086792		2.393409729
3.46642208099		2.81458282471
3.46942090988		2.7029466629
3.47243785858		2.25132751465
3.47542285919		2.84502887726
3.47842288017		2.73846721649
3.48149108887		2.26147556305
3.48442602158		2.48474884033
3.48742508888		2.79428577423
3.49043393135		2.66742610931
3.49341797829		2.27669906616
3.49641895294		2.8501033783
3.49941802025		2.72831821442
3.50245308876		2.22595500946
3.50544905663		2.61160755157
3.50843000412		2.77906227112
3.5114710331		2.55071544647
3.51443004608		2.32236862183
3.51743006706		2.82980632782
3.52044487		2.72324466705
3.5234310627		2.22595500946
3.52642798424		2.72831821442
3.52944803238		2.76383876801
3.53243398666		2.44415378571
3.5354309082		2.36803817749
3.53843188286		2.81458282471
3.54146695137		2.71309566498
3.54444789886		2.24117851257
3.54743289948		2.82473182678
3.55043506622		2.74354171753
3.55345392227		2.31729412079
3.55643296242		2.43907928467
3.55943489075		2.79936027527
3.56243896484		2.68772315979
3.56543588638		2.26655006409
3.56844902039		2.85517787933
3.57147288322		2.73339271545
3.574436903		2.23610401154
3.57745695114		2.55578994751
3.58045506477		2.78921127319
3.58343696594		2.62175655365
3.5864379406		2.30714511871
3.58943891525		2.84502887726
3.59245586395		2.72831821442
3.59544706345		2.22088050842
3.5984389782		2.68264961243
3.60154891014		2.76383876801
3.60456991196		2.45937633514
3.60758090019		2.36296367645
3.61057400703		2.80950832367
3.61356592178		2.71309566498
3.61662602425		2.24117851257
3.61955904961		2.81965732574
3.62257695198		2.74861621857
3.62557291985		2.32744312286
3.6285700798		2.43400478363
3.63159608841		2.80443382263
3.63456988335		2.68772315979
3.63757205009		2.26147556305
3.64058899879		2.85517787933
3.64357089996		2.73846721649
3.64656996727		2.24117851257
3.64957594872		2.5405664444
3.65257406235		2.78921127319
3.65558695793		2.62175655365
3.65857195854		2.30207061768
3.66158294678		2.84502887726
3.66457295418		2.72831821442
3.6675760746		2.21580600739
3.67058205605		2.67757511139
3.67357707024		2.76891326904
3.67657399178		2.51012039185
3.67957496643		2.3426656723
3.68257689476		2.81965732574
3.68557596207		2.72324466705
3.688601017		2.2310295105
3.69158506393		2.78921127319
3.69457793236		2.7536907196
3.69757795334		2.37311172485
3.70058393478		2.39848423004
3.70359492302		2.80950832367
3.70657992363		2.7029466629
3.70957899094		2.25132751465
3.71257996559		2.84502887726
3.71557998657		2.74354171753
3.7185819149		2.26655006409
3.72159290314		2.49489688873
3.72458100319		2.79936027527
3.72758102417		2.66235160828
3.73058891296		2.28684806824
3.73358392715		2.85517787933
3.73660206795		2.73339271545
3.73958396912		2.22088050842
3.74258589745		2.61668205261
3.74558806419		2.77906227112
3.74858403206		2.56086444855
3.75160098076		2.33251667023
3.75458598137		2.82980632782
3.75758600235		2.72831821442
3.76058697701		2.22595500946
3.76358699799		2.74354171753
3.76658701897		2.75876522064
3.76959204674		2.42893028259
3.77259206772		2.37311172485
3.77558994293		2.80950832367
3.77858996391		2.71309566498
3.7816028595		2.24625301361
3.78460407257		2.83488082886
3.78759002686		2.74354171753
3.7905960083		2.30207061768
3.79359292984		2.44922733307
3.7965900898		2.79936027527
3.79960608482		2.68264961243
3.80259394646		2.26655006409
3.80560898781		2.85517787933
3.80859303474		2.73339271545
3.81159687042		2.2310295105
3.8145840168		2.56086444855
3.8175868988		2.78921127319
3.82058906555		2.60653305054
3.82359695435		2.30714511871
3.826597929		2.8399553299
3.82959794998		2.72831821442
3.83261299133		2.22088050842
3.8355948925		2.69787216187
3.83859705925		2.76891326904
3.84160804749		2.47967433929
3.84459900856		2.35281467438
3.84761095047		2.81965732574
3.85060596466		2.71817016602
3.8535990715		2.23610401154
3.85660099983		2.80443382263
3.85960006714		2.74861621857
3.86260104179		2.34774017334
3.86560297012		2.41370677948
3.86860203743		2.80950832367
3.8716108799		2.7029466629
3.87460708618		2.25640106201
3.87760186195		2.85517787933
3.88062000275		2.73846721649
3.88360190392		2.25640106201
3.8866019249		2.52026939392
3.88960504532		2.78921127319
3.89260387421		2.64712810516
3.89561605453		2.2919216156
3.89860606194		2.8501033783
3.90161108971		2.73339271545
3.9046049118		2.22088050842
3.90760493279		2.64712810516
3.9106118679		2.77398777008
3.91360902786		2.53041744232
3.9166059494		2.33759117126
3.91960597038		2.82473182678
3.92261099815		2.72324466705
3.92560696602		2.22595500946
3.92862296104		2.76891326904
3.93161702156		2.7536907196
3.93460893631		2.39848423004
3.93761301041		2.38326072693
3.94061803818		2.80950832367
3.94362306595		2.70802116394
3.94661188126		2.24117851257
3.94961094856		2.8399553299
3.95261406898		2.74354171753
3.95561289787		2.2919216156
3.95861291885		2.46952533722
3.96162295341		2.79936027527
3.96461105347		2.67250061035
3.96761798859		2.27162456512
3.97062206268		2.8501033783
3.97361493111		2.73339271545
3.97663187981		2.22595500946
3.97961497307		2.5913105011
3.98261594772		2.78413677216
3.98562002182		2.58116149902
3.98861694336		2.31729412079
3.9916369915		2.83488082886
3.994617939		2.72831821442
3.99761795998		2.22088050842
4.00061893463		2.71817016602
4.00361895561		2.76891326904
4.00661897659		2.45937633514
4.00961899757		2.36296367645
4.01261687279		2.81965732574
4.01560688019		2.71817016602
4.01861000061		2.23610401154
4.02162885666		2.81458282471
4.02463793755		2.74861621857
4.02762103081		2.33251667023
4.03062796593		2.42893028259
4.03362607956		2.80443382263
4.03662395477		2.69279766083
4.03963804245		2.26147556305
4.04262590408		2.85517787933
4.04562187195		2.73846721649
4.04862499237		2.24625301361
4.05163192749		2.5405664444
4.05462408066		2.78921127319
4.05762696266		2.62683105469
4.06063890457		2.30207061768
4.06362605095		2.84502887726
4.06662487984		2.73339271545
4.06962800026		2.22088050842
4.07264304161		2.67250061035
4.07562804222		2.77398777008
4.0786280632		2.51012039185
4.08163404465		2.3426656723
4.08462786674		2.82473182678
4.08764100075		2.72324466705
4.09063696861		2.2310295105
4.09363007545		2.78413677216
4.09662985802		2.7536907196
4.09963107109		2.37818622589
4.10263299942		2.393409729
4.10563206673		2.80950832367
4.10863089561		2.70802116394
4.11163306236		2.25132751465
4.11463403702		2.84502887726
4.11763286591		2.73846721649
4.12065196037		2.27162456512
4.12363386154		2.4898223877
4.12663507462		2.79428577423
4.12963700294		2.66235160828
4.13263487816		2.28684806824
4.13565301895		2.85517787933
4.13864088058		2.73339271545
4.14164185524		2.22088050842
4.14463591576		2.61668205261
4.14763689041		2.77906227112
4.15063786507		2.56086444855
4.1536488533		2.32744312286
4.1566400528		2.82980632782
4.15963792801		2.72324466705
4.16264295578		2.22088050842
4.16563892365		2.73846721649
4.168653965		2.76383876801
4.17164206505		2.43400478363
4.17463898659		2.37311172485
4.17764592171		2.81458282471
4.18064904213		2.71309566498
4.18365502357		2.24117851257
4.18664097786		2.82980632782
4.18964385986		2.74354171753
4.19264388084		2.31221961975
4.19564390182		2.44415378571
4.19864201546		2.79936027527
4.20164704323		2.68772315979
4.20464587212		2.26655006409
4.20764493942		2.8501033783
4.21065187454		2.73339271545
4.21363687515		2.23610401154
4.21665287018		2.56593894958
4.21963691711		2.78413677216
4.22265386581		2.60653305054
4.22565102577		2.31221961975
4.22864603996		2.8399553299
4.23166298866		2.72831821442
4.23464798927		2.22088050842
4.23764586449		2.69279766083
4.24065089226		2.77398777008
4.24364995956		2.4898223877
4.24665594101		2.35281467438
4.24965405464		2.81965732574
4.25265288353		2.71817016602
4.25565385818		2.2310295105
4.25865387917		2.79936027527
4.26165604591		2.74861621857
4.26466798782		2.35281467438
4.26765394211		2.40863323212
4.27065992355		2.80950832367
4.27365589142		2.69787216187
4.27665400505		2.25132751465
4.27966499329		2.8501033783
4.28265500069		2.73846721649
4.28565406799		2.25640106201
4.28865790367		2.51012039185
4.29165792465		2.79936027527
4.29465508461		2.64712810516
4.29765987396		2.2919216156
4.30068397522		2.84502887726
4.3036570549		2.73339271545
4.30666089058		2.22088050842
4.30965995789		2.6420545578
4.31267404556		2.77398777008
4.31565904617		2.54564094543
4.31866002083		2.33251667023
4.32167005539		2.82980632782
4.32466006279		2.72324466705
4.32767391205		2.22595500946
4.33066892624		2.76383876801
4.33366203308		2.75876522064
4.33665990829		2.40863323212
4.33966803551		2.38326072693
4.34266400337		2.80950832367
4.34566688538		2.71309566498
4.34866404533		2.24117851257
4.35166406631		2.8399553299
4.35466694832		2.74354171753
4.35766291618		2.29699611664
4.36068296432		2.46952533722
4.36366605759		2.79936027527
4.3666639328		2.67757511139
4.36966896057		2.27669906616
4.37266802788		2.85517787933
4.37567806244		2.73846721649
4.37866806984		2.22595500946
4.3816678524		2.58623600006
4.38466787338		2.78921127319
4.38766789436		2.5913105011
4.39067792892		2.31729412079
4.39367294312		2.82980632782
4.39666986465		2.72831821442
4.39966893196		2.22088050842
4.40267205238		2.71309566498
4.4056699276		2.76891326904
4.4086868763		2.45937633514
4.41166901588		2.35788917542
4.4146630764		2.81965732574
4.41766691208		2.71817016602
4.42066788673		2.23610401154
4.42368793488		2.81458282471
4.42667388916		2.74354171753
4.42967200279		2.33759117126
4.43268203735		2.42893028259
4.43567490578		2.80443382263
4.43867492676		2.69787216187
4.44168186188		2.26147556305
4.44467401505		2.85517787933
4.4476749897		2.73339271545
4.45068407059		2.24625301361
4.45367908478		2.53549194336
4.45669102669		2.78921127319
4.4596889019		2.62683105469
4.46268105507		2.30207061768
4.46568107605		2.8501033783
4.46868085861		2.72831821442
4.47169589996		2.21580600739
4.47467803955		2.66742610931
4.47768306732		2.77398777008
4.48068094254		2.51519489288
4.48368191719		2.3426656723
4.48668503761		2.82473182678
4.48968505859		2.71817016602
4.49268102646		2.2310295105
4.49567294121		2.77398777008
4.49867391586		2.7536907196
4.50169301033		2.37311172485
4.50470089912		2.393409729
4.50768685341		2.80950832367
4.51069188118		2.70802116394
4.51368689537		2.25132751465
4.51668405533		2.84502887726
4.51970100403		2.73846721649
4.52268791199		2.27162456512
4.52569198608		2.48474884033
4.52868795395		2.79428577423
4.5316889286		2.66742610931
4.53468799591		2.2817735672
4.53769087791		2.85517787933
4.54069590569		2.73339271545
4.54368901253		2.22088050842
4.54669094086		2.61160755157
4.54969000816		2.77906227112
4.55271100998		2.55578994751
4.55569195747		2.32236862183
4.55869293213		2.82980632782
4.56169605255		2.72324466705
4.56469202042		2.22595500946
4.567704916		2.73846721649
4.57069993019		2.76383876801
4.57369303703		2.43400478363
4.57669305801		2.37311172485
4.57969594002		2.81458282471
4.582695961		2.71817016602
4.58569788933		2.23610401154
4.58869385719		2.82473182678
4.59169697762		2.74354171753
4.59469795227		2.31221961975
4.5976960659		2.43907928467
4.60071587563		2.80443382263
4.60369896889		2.68772315979
4.60669994354		2.26655006409
4.60970187187		2.85517787933
4.61269688606		2.73339271545
4.61568808556		2.23610401154
4.61869597435		2.56086444855
4.62170886993		2.78921127319
4.62470293045		2.60653305054
4.62770104408		2.30714511871
4.63070893288		2.8399553299
4.63370394707		2.73339271545
4.6367020607		2.22088050842
4.63970208168		2.68772315979
4.64270305634		2.76891326904
4.64570403099		2.48474884033
4.64872002602		2.35281467438
4.65170502663		2.81965732574
4.65470290184		2.71817016602
4.65770602226		2.2310295105
4.66071200371		2.79936027527
4.66371703148		2.74861621857
4.66670489311		2.35788917542
4.66970396042		2.40355873108
4.67270588875		2.80443382263
4.6757068634		2.69787216187
4.67870688438		2.25132751465
4.68171000481		2.8501033783
4.68470907211		2.74354171753
4.687707901		2.25640106201
4.69071602821		2.51012039185
4.69370794296		2.79936027527
4.69672393799		2.6420545578
4.69971203804		2.28684806824
4.7027130127		2.8501033783
4.70571398735		2.72831821442
4.70871186256		2.22595500946
4.71173191071		2.6420545578
4.71471095085		2.77906227112
4.71771407127		2.5405664444
4.72071385384		2.33251667023
4.72371387482		2.82473182678
4.72671198845		2.72324466705
4.72971606255		2.22595500946
4.73271608353		2.75876522064
4.73571395874		2.75876522064
4.73871588707		2.41370677948
4.74171590805		2.37818622589
4.74472904205		2.80950832367
4.74771595001		2.70802116394
4.75071907043		2.24117851257
4.75372099876		2.83488082886
4.75671696663		2.74354171753
4.75972986221		2.2919216156
4.76272106171		2.45937633514
4.76571702957		2.80443382263
4.76871800423		2.67757511139
4.771723032		2.27162456512
4.77471995354		2.85517787933
4.77772307396		2.73846721649
4.78072690964		2.22595500946
4.78372001648		2.58116149902
4.78672194481		2.78921127319
4.78972196579		2.5913105011
4.79273891449		2.31729412079
4.79572296143		2.83488082886
4.79872202873		2.72324466705
4.80172801018		2.22088050842
4.80473089218		2.71309566498
4.80773901939		2.76383876801
4.81073188782		2.46445083618
4.81371593475		2.35281467438
4.81671595573		2.81458282471
4.81971597672		2.71817016602
4.82273697853		2.23610401154
4.82573103905		2.81458282471
4.82872796059		2.74861621857
4.83172798157		2.33759117126
4.83472800255		2.41878128052
4.83772706985		2.80443382263
4.84074497223		2.68772315979
4.84372997284		2.25640106201
4.84672808647		2.8501033783
4.84973287582		2.73339271545
4.85273194313		2.24625301361
4.85574293137		2.53549194336
4.85873293877		2.78921127319
4.86173295975		2.63190555573
4.86472988129		2.29699611664
4.86772894859		2.84502887726
4.8707408905		2.72831821442
4.87373399734		2.21580600739
4.876734972		2.66235160828
4.87973093987		2.77398777008
4.88273692131		2.52026939392
4.88573288918		2.3426656723
4.88875007629		2.81965732574
4.89173603058		2.72324466705
4.89473485947		2.22595500946
4.897742033		2.77906227112
4.90074300766		2.7536907196
4.90374803543		2.38833522797
4.90673589706		2.38833522797
4.90973591805		2.80950832367
4.91273903847		2.70802116394
4.91573691368		2.24117851257
4.91873788834		2.84502887726
4.92174291611		2.74354171753
4.9247379303		2.27669906616
4.92773604393		2.48474884033
4.93074607849		2.79936027527
4.93373990059		2.66742610931
4.93675804138		2.2817735672
4.93974208832		2.8501033783
4.94274401665		2.73339271545
4.94574403763		2.22088050842
4.94874191284		2.60653305054
4.95175790787		2.77906227112
4.95474290848		2.57101249695
4.95774388313		2.32236862183
4.96074295044		2.83488082886
4.96374487877		2.72324466705
4.96674489975		2.22595500946
4.9697470665		2.73339271545
4.97274708748		2.76383876801
4.97574400902		2.44415378571
4.97874593735		2.36296367645
4.98174595833		2.80950832367
4.98476290703		2.71309566498
4.98774886131		2.24117851257
4.99075889587		2.82980632782
4.99375104904		2.74861621857
4.99674987793		2.31221961975
4.99976301193		2.44415378571
