0.00012993812561		2.86532688141
0.0043420791626		2.43400478363
0.00747108459473		2.28684806824
0.0106000900269		2.86532688141
0.0137159824371		2.77398777008
0.0168409347534		2.36803817749
0.0199699401855		2.41878128052
0.0230901241302		2.89577293396
0.0262160301208		2.70802116394
0.0293419361115		2.26655006409
0.0324680805206		2.54564094543
0.0355920791626		2.91607093811
0.0387201309204		2.63698005676
0.0418441295624		2.1701374054
0.0449681282043		2.6420545578
0.0480930805206		2.92114448547
0.0512199401855		2.57608699799
0.054347038269		2.10924434662
0.0574679374695		2.71309566498
0.0605969429016		2.91099643707
0.0637519359589		2.52534389496
0.0668461322784		2.11939334869
0.0699870586395		2.77398777008
0.0731000900269		2.87547588348
0.0762231349945		2.47459983826
0.0793471336365		2.18535995483
0.0824770927429		2.81965732574
0.0855979919434		2.82980632782
0.0887241363525		2.42893028259
0.0918581485748		2.29699611664
0.0949821472168		2.87040138245
0.0981070995331		2.76383876801
0.101232051849		2.36296367645
0.10435795784		2.42893028259
0.107480049133		2.900847435
0.11061000824		2.69279766083
0.113737106323		2.25132751465
0.116857051849		2.56086444855
0.119986057281		2.91607093811
0.123109102249		2.62683105469
0.12623500824		2.15998840332
0.129368066788		2.64712810516
0.132483005524		2.92114448547
0.135610103607		2.57101249695
0.138741970062		2.10416984558
0.141860961914		2.72324466705
0.144988059998		2.90592193604
0.148113012314		2.52026939392
0.151246070862		2.12954235077
0.154364109039		2.77398777008
0.15749001503		2.87547588348
0.160624980927		2.47459983826
0.163738965988		2.20058345795
0.16686296463		2.82473182678
0.169996976852		2.81965732574
0.17311501503		2.42385578156
0.176242113113		2.31221961975
0.179376125336		2.87547588348
0.182491064072		2.75876522064
0.185621023178		2.35281467438
0.18875002861		2.44922733307
0.191869020462		2.89577293396
0.194996118546		2.68772315979
0.198117017746		2.24625301361
0.201246976852		2.57101249695
0.20437002182		2.91607093811
0.207494020462		2.62175655365
0.21062207222		2.14476490021
0.213746070862		2.65727710724
0.216872930527		2.91607093811
0.219996929169		2.56593894958
0.223124027252		2.10924434662
0.226248979568		2.72831821442
0.229383945465		2.900847435
0.232497930527		2.51519489288
0.235624074936		2.13461589813
0.238757133484		2.77906227112
0.241876125336		2.86532688141
0.245000123978		2.46952533722
0.248127937317		2.21073246002
0.251255989075		2.83488082886
0.254375934601		2.81458282471
0.257508039474		2.41878128052
0.260630130768		2.32236862183
0.263752937317		2.87040138245
0.266879081726		2.7536907196
0.270014047623		2.3426656723
0.273131132126		2.46445083618
0.276255130768		2.900847435
0.279381036758		2.67757511139
0.2825050354		2.23610401154
0.285629034042		2.57608699799
0.288763046265		2.91607093811
0.291881084442		2.61668205261
0.295006990433		2.13969039917
0.298130989075		2.66742610931
0.301259040833		2.91607093811
0.304383039474		2.56086444855
0.307507038116		2.11431884766
0.31063914299		2.73339271545
0.313760995865		2.89577293396
0.316887140274		2.50504589081
0.320013046265		2.14476490021
0.323136091232		2.78413677216
0.326261043549		2.86532688141
0.329396009445		2.45937633514
0.332514047623		2.22088050842
0.335639953613		2.8399553299
0.338770151138		2.80950832367
0.341887950897		2.41878128052
0.345014095306		2.33759117126
0.348139047623		2.87547588348
0.351268053055		2.74354171753
0.354397058487		2.33251667023
0.357515096664		2.47459983826
0.360643148422		2.900847435
0.363768100739		2.67250061035
0.36689209938		2.22088050842
0.370020151138		2.58623600006
0.373142957687		2.91607093811
0.376268148422		2.61160755157
0.379400968552		2.13969039917
0.382519960403		2.67250061035
0.385646104813		2.91607093811
0.388777971268		2.55071544647
0.391895055771		2.11431884766
0.395021915436		2.74354171753
0.398147106171		2.89577293396
0.401273965836		2.50504589081
0.404397010803		2.14476490021
0.407524108887		2.78921127319
0.410650968552		2.85517787933
0.413773059845		2.45937633514
0.416898012161		2.2310295105
0.420022964478		2.8399553299
0.423150062561		2.79936027527
0.426274061203		2.40355873108
0.429407119751		2.36296367645
0.43252491951		2.88055038452
0.435652017593		2.73339271545
0.438782930374		2.32236862183
0.441901922226		2.4898223877
0.445027112961		2.90592193604
0.448153972626		2.66235160828
0.451287984848		2.21073246002
0.454405069351		2.59638500214
0.457529067993		2.91099643707
0.460654973984		2.60145950317
0.463778018951		2.12954235077
0.466923952103		2.68264961243
0.470039129257		2.91607093811
0.473158121109		2.55071544647
0.476282119751		2.11431884766
0.479413032532		2.74354171753
0.482533931732		2.89069843292
0.4856569767		2.49489688873
0.488785982132		2.15998840332
0.491908073425		2.79936027527
0.495033979416		2.8501033783
0.498162984848		2.44922733307
0.501286029816		2.24625301361
0.504414081573		2.8501033783
0.507534980774		2.79428577423
0.510663032532		2.39848423004
0.513786077499		2.37311172485
0.51691198349		2.88055038452
0.520039081573		2.72831821442
0.523163080215		2.30714511871
0.526286125183		2.49997138977
0.529418945312		2.900847435
0.532540082932		2.65727710724
0.535664081573		2.20565795898
0.53879404068		2.61160755157
0.54191493988		2.91099643707
0.545042037964		2.59638500214
0.548170089722		2.12446784973
0.551296949387		2.68772315979
0.554419994354		2.90592193604
0.557542085648		2.5405664444
0.560668945312		2.11939334869
0.56379199028		2.74861621857
0.566918134689		2.88562393188
0.570044994354		2.4898223877
0.573168039322		2.16506290436
0.576293945312		2.80443382263
0.579427957535		2.8399553299
0.582543134689		2.44415378571
0.58566904068		2.25640106201
0.588804006577		2.8501033783
0.591920137405		2.78921127319
0.595046043396		2.393409729
0.598170995712		2.38833522797
0.601300001144		2.88562393188
0.604422092438		2.71817016602
0.607547044754		2.30207061768
0.610675096512		2.52026939392
0.613800048828		2.90592193604
0.616925001144		2.64712810516
0.620052099228		2.19043445587
0.623175144196		2.62175655365
0.62630200386		2.92114448547
0.629431962967		2.58623600006
0.632558107376		2.12446784973
0.635678052902		2.69279766083
0.638809919357		2.90592193604
0.64192700386		2.53549194336
0.645070075989		2.12446784973
0.648180007935		2.7536907196
0.651308059692		2.88055038452
0.65443110466		2.4898223877
0.657554149628		2.17521095276
0.660684108734		2.80950832367
0.66380405426		2.8399553299
0.666929006577		2.43907928467
0.670063018799		2.27669906616
0.673183917999		2.85517787933
0.676306009293		2.77906227112
0.67943406105		2.38326072693
0.682557106018		2.39848423004
0.685683012009		2.88562393188
0.688815116882		2.70802116394
0.691932916641		2.2919216156
0.695058107376		2.53041744232
0.698184013367		2.90592193604
0.70131111145		2.63698005676
0.704437971115		2.1802854538
0.707561016083		2.62683105469
0.710688114166		2.91607093811
0.713813066483		2.58623600006
0.716937065125		2.12446784973
0.720062017441		2.7029466629
0.723186969757		2.90592193604
0.726314067841		2.53041744232
0.729445934296		2.12954235077
0.732568025589		2.75876522064
0.735690116882		2.87547588348
0.738821983337		2.47967433929
0.741944074631		2.1802854538
0.745067119598		2.81458282471
0.748192071915		2.83488082886
0.751320123672		2.43400478363
0.754442930222		2.28684806824
0.757566928864		2.85517787933
0.760692119598		2.77398777008
0.763818025589		2.37818622589
0.766942024231		2.41878128052
0.770071029663		2.89069843292
0.773194074631		2.7029466629
0.776320934296		2.27669906616
0.779451131821		2.5405664444
0.782571077347		2.90592193604
0.785697937012		2.6420545578
0.788828134537		2.17521095276
0.791947126389		2.63698005676
0.795071125031		2.91099643707
0.79819893837		2.57608699799
0.801326036453		2.11939334869
0.804449081421		2.70802116394
0.807574033737		2.900847435
0.810701131821		2.52534389496
0.81382393837		2.12954235077
0.816951036453		2.76891326904
0.820080041885		2.87547588348
0.823199987411		2.47967433929
0.826324939728		2.19043445587
0.829457998276		2.81965732574
0.832577943802		2.82473182678
0.835703134537		2.43400478363
0.838839054108		2.30207061768
0.841953039169		2.86532688141
0.845086097717		2.75876522064
0.848206996918		2.36803817749
0.851330041885		2.42893028259
0.854455947876		2.89577293396
0.857579946518		2.69787216187
0.860707044601		2.26655006409
0.863831996918		2.55578994751
0.866958141327		2.91099643707
0.870085954666		2.63190555573
0.873209953308		2.16506290436
0.876335144043		2.64712810516
0.879466056824		2.91099643707
0.882584095001		2.56593894958
0.885708093643		2.11939334869
0.888841152191		2.71817016602
0.891960144043		2.900847435
0.895082950592		2.52026939392
0.898209095001		2.13461589813
0.901338100433		2.77398777008
0.904466152191		2.87040138245
0.907586097717		2.47459983826
0.910712957382		2.20058345795
0.913836956024		2.82473182678
0.916962146759		2.81965732574
0.920092105865		2.42385578156
0.923213005066		2.31221961975
0.926337957382		2.87040138245
0.929474115372		2.75876522064
0.932590007782		2.35788917542
0.935719966888		2.44922733307
0.938849925995		2.89577293396
0.941965103149		2.68772315979
0.94509100914		2.26147556305
0.948216915131		2.56593894958
0.95134305954		2.91099643707
0.95446896553		2.61668205261
0.957593917847		2.15998840332
0.960720062256		2.6522026062
0.963843107224		2.91099643707
0.966969013214		2.56593894958
0.970113039017		2.11939334869
0.973221063614		2.71817016602
0.976342916489		2.89577293396
0.979478120804		2.51519489288
0.98259806633		2.13969039917
0.985723018646		2.77906227112
0.988853931427		2.86532688141
0.99197101593		2.46952533722
0.995099067688		2.21073246002
0.998222112656		2.82980632782
1.00135111809		2.81458282471
1.00447297096		2.41878128052
1.00759911537		2.32744312286
1.01072692871		2.87040138245
1.01384997368		2.74354171753
1.01697492599		2.34774017334
1.02010393143		2.46445083618
1.02322602272		2.89577293396
1.02635192871		2.67757511139
1.02948212624		2.24117851257
1.03260612488		2.58116149902
1.03572797775		2.91099643707
1.0388610363		2.61160755157
1.04197692871		2.15491390228
1.04510402679		2.66235160828
1.04823207855		2.91099643707
1.05135297775		2.56086444855
1.05448293686		2.12446784973
1.05760598183		2.72831821442
1.06073498726		2.89577293396
1.06385803223		2.51012039185
1.06698298454		2.14983940125
1.07011198997		2.78413677216
1.07323503494		2.86025238037
1.07635903358		2.45937633514
1.07948493958		2.22595500946
1.08261108398		2.82980632782
1.0857360363		2.80443382263
1.0888710022		2.41370677948
1.09198498726		2.3426656723
1.09510993958		2.87040138245
1.09823513031		2.74354171753
1.1013610363		2.3426656723
1.10448694229		2.47459983826
1.10761213303		2.89577293396
1.11074113846		2.66742610931
1.11386203766		2.2310295105
1.11698794365		2.58623600006
1.12012004852		2.91099643707
1.12323713303		2.61160755157
1.12636399269		2.14983940125
1.1295030117		2.67250061035
1.13261604309		2.91099643707
1.13574194908		2.55071544647
1.13887310028		2.11939334869
1.14199113846		2.73339271545
1.14511704445		2.89069843292
1.14824295044		2.50504589081
1.15136909485		2.15491390228
1.15449810028		2.78413677216
1.15761995316		2.8501033783
1.1607439518		2.45937633514
1.16387009621		2.2310295105
1.16699314117		2.83488082886
1.17012095451		2.79936027527
1.17324399948		2.41370677948
1.17637205124		2.35788917542
1.17950391769		2.87547588348
1.18262004852		2.73339271545
1.18574714661		2.33251667023
1.18888092041		2.49489688873
1.19199800491		2.89577293396
1.19512200356		2.66742610931
1.19825100899		2.22595500946
1.2013759613		2.59638500214
1.20449900627		2.91099643707
1.20762610435		2.60653305054
1.21074795723		2.14476490021
1.21386599541		2.67250061035
1.21699309349		2.90592193604
1.22013092041		2.54564094543
1.22325110435		2.12446784973
1.22638201714		2.74354171753
1.22951006889		2.88055038452
1.2326259613		2.49997138977
1.23575305939		2.15998840332
1.23888206482		2.78921127319
1.24200201035		2.84502887726
1.2451300621		2.45430183411
1.24825191498		2.24625301361
1.25137996674		2.8399553299
1.25450396538		2.78921127319
1.25763201714		2.40355873108
1.2607550621		2.37311172485
1.26388192177		2.87547588348
1.26700592041		2.72324466705
1.27015995979		2.31221961975
1.27326798439		2.51012039185
1.27638196945		2.89577293396
1.27950811386		2.65727710724
1.28263401985		2.21580600739
1.28575706482		2.60145950317
1.28888511658		2.90592193604
1.29201197624		2.59638500214
1.29513311386		2.14476490021
1.29825901985		2.68264961243
1.30138492584		2.90592193604
1.30451393127		2.5405664444
1.30763411522		2.12446784973
1.31076598167		2.74861621857
1.31389093399		2.88055038452
1.3170170784		2.49489688873
1.32014298439		2.17521095276
1.32327103615		2.79936027527
1.32638907433		2.8399553299
1.32951402664		2.44922733307
1.33263897896		2.26147556305
1.33576607704		2.84502887726
1.33889102936		2.78413677216
1.34201407433		2.39848423004
1.34513998032		2.38833522797
1.34826612473		2.87547588348
1.35139012337		2.71309566498
1.3545191288		2.31221961975
1.35764098167		2.52026939392
1.36076998711		2.89577293396
1.36389493942		2.64712810516
1.36701893806		2.20565795898
1.37014508247		2.61668205261
1.37326812744		2.91099643707
1.37639498711		2.58623600006
1.37952709198		2.13461589813
1.38264608383		2.69279766083
1.38577008247		2.900847435
1.38890194893		2.5405664444
1.39201998711		2.13461589813
1.39514708519		2.74861621857
1.39827299118		2.87040138245
1.40140104294		2.4898223877
1.40452194214		2.1802854538
1.40764713287		2.79936027527
1.41077494621		2.83488082886
1.41390109062		2.44415378571
1.41702198982		2.27669906616
1.42015695572		2.8501033783
1.4232749939		2.77906227112
1.42640113831		2.393409729
1.42953395844		2.40355873108
1.43265199661		2.88055038452
1.43578004837		2.70802116394
1.43890714645		2.30207061768
1.44202804565		2.53041744232
1.44515299797		2.89577293396
1.44828605652		2.6420545578
1.45140504837		2.19550895691
1.45452904701		2.62683105469
1.45765399933		2.91099643707
1.46078205109		2.58116149902
1.46390509605		2.12954235077
1.46703100204		2.69787216187
1.47016096115		2.89577293396
1.47328305244		2.53041744232
1.47640705109		2.13461589813
1.47953295708		2.75876522064
1.48265814781		2.87040138245
1.48578596115		2.48474884033
1.48891210556		2.19043445587
1.4920361042		2.80950832367
1.49516296387		2.82980632782
1.49828505516		2.43907928467
1.50141096115		2.2817735672
1.50453495979		2.8501033783
1.5076611042		2.76891326904
1.51078796387		2.38833522797
1.51391196251		2.41878128052
1.51704096794		2.88055038452
1.52016496658		2.69787216187
1.52328896523		2.28684806824
1.52641510963		2.54564094543
1.52954602242		2.900847435
1.53266310692		2.6420545578
1.53579092026		2.19043445587
1.53892302513		2.63190555573
1.54204010963		2.90592193604
1.5451669693		2.57608699799
1.54829001427		2.13461589813
1.55141711235		2.7029466629
1.55454301834		2.89577293396
1.55766606331		2.52534389496
1.56079411507		2.13461589813
1.56391811371		2.76383876801
1.56704306602		2.87040138245
1.57017111778		2.48474884033
1.57329392433		2.20058345795
1.57642102242		2.81458282471
1.57955312729		2.81965732574
1.58267092705		2.43907928467
1.58579611778		2.30207061768
1.58892703056		2.85517787933
1.59204792976		2.76383876801
1.5951731205		2.37311172485
1.59829807281		2.43400478363
1.60142612457		2.88562393188
1.60454893112		2.69787216187
1.60767292976		2.2817735672
1.6108019352		2.55578994751
1.61393213272		2.900847435
1.61705112457		2.62683105469
1.62017703056		2.1802854538
1.62330102921		2.6420545578
1.6264269352		2.90592193604
1.62955904007		2.57101249695
1.63267803192		2.12954235077
1.63580107689		2.71309566498
1.63893413544		2.89577293396
1.6420519352		2.52026939392
1.64517998695		2.14476490021
1.6483309269		2.77398777008
1.65143108368		2.86532688141
1.65455508232		2.47459983826
1.65768098831		2.21073246002
1.66080713272		2.81458282471
1.66393113136		2.81458282471
1.66705799103		2.42893028259
1.67018795013		2.31729412079
1.67331004143		2.86025238037
1.6764330864		2.74861621857
1.67956709862		2.36296367645
1.68268299103		2.44415378571
1.68580913544		2.88562393188
1.68894195557		2.68264961243
1.69206213951		2.26655006409
1.69518494606		2.56086444855
1.69831109047		2.900847435
1.70143604279		2.62175655365
1.70456695557		2.17521095276
1.70768594742		2.6522026062
1.71081995964		2.900847435
1.71393704414		2.56593894958
1.7170650959		2.12954235077
1.72018814087		2.71817016602
1.72331309319		2.89069843292
1.72643899918		2.51519489288
1.72957396507		2.14983940125
1.73269104958		2.76891326904
1.73581504822		2.86025238037
1.73894810677		2.46952533722
1.74206614494		2.22088050842
1.74519205093		2.81965732574
1.74831604958		2.80950832367
1.75144314766		2.42893028259
1.75456809998		2.32744312286
1.75769400597		2.86025238037
1.76082015038		2.74354171753
1.76394510269		2.35788917542
1.76706910133		2.45937633514
1.77019810677		2.88562393188
1.77332115173		2.67757511139
1.77644515038		2.26147556305
1.7795779705		2.57608699799
1.78269910812		2.89577293396
1.78582191467		2.61160755157
1.7889559269		2.16506290436
1.7920730114		2.66235160828
1.79519796371		2.900847435
1.79832196236		2.56086444855
1.80145311356		2.12954235077
1.8045759201		2.72324466705
1.80770492554		2.89069843292
1.81082892418		2.51012039185
1.81395101547		2.15491390228
1.8170800209		2.77398777008
1.82020401955		2.8501033783
1.82332801819		2.46445083618
1.82645392418		2.2310295105
1.8295841217		2.82980632782
1.83270406723		2.79936027527
1.83582901955		2.41878128052
1.83896112442		2.3426656723
1.8420779705		2.86532688141
1.84520411491		2.73846721649
1.8483300209		2.35281467438
1.8514559269		2.47459983826
1.85457992554		2.89069843292
1.85770511627		2.66742610931
1.86083292961		2.24625301361
1.86395692825		2.5913105011
1.86708211899		2.900847435
1.87021207809		2.60145950317
1.87333893776		2.15998840332
1.8764591217		2.66742610931
1.87958502769		2.900847435
1.88271212578		2.55578994751
1.88583397865		2.12954235077
1.88896608353		2.72831821442
1.89208507538		2.88055038452
1.89521193504		2.50504589081
1.89833712578		2.15998840332
1.90146207809		2.78413677216
1.90459394455		2.84502887726
1.9077129364		2.45937633514
1.91083908081		2.24117851257
1.91396403313		2.83488082886
1.91708803177		2.79428577423
1.92021512985		2.41878128052
1.92334008217		2.36296367645
1.92646598816		2.86532688141
1.92959904671		2.72831821442
1.93271398544		2.3426656723
1.93584108353		2.4898223877
1.93897294998		2.89069843292
1.94209003448		2.66235160828
1.94521713257		2.23610401154
1.94834208488		2.59638500214
1.95146894455		2.900847435
1.95459508896		2.60145950317
1.95771813393		2.15491390228
1.96084809303		2.67250061035
1.96396899223		2.900847435
1.96709394455		2.55071544647
1.97022199631		2.13461589813
1.97334814072		2.73846721649
1.97647213936		2.88055038452
1.97960400581		2.49997138977
1.98272204399		2.1701374054
1.98584699631		2.78921127319
1.98898005486		2.8399553299
1.99209809303		2.45430183411
1.99522614479		2.24625301361
1.99834895134		2.83488082886
2.00148701668		2.78413677216
2.00460195541		2.40863323212
2.00772714615		2.37311172485
2.01085400581		2.87040138245
2.01397705078		2.71817016602
2.0171020031		2.32744312286
2.02023100853		2.49997138977
2.02335214615		2.89069843292
2.02647900581		2.65727710724
2.02961111069		2.22595500946
2.03273010254		2.60145950317
2.03585410118		2.900847435
2.0389881134		2.5913105011
2.04210615158		2.15491390228
2.04523015022		2.68264961243
2.04835605621		2.900847435
2.05148506165		2.5405664444
2.05461001396		2.13461589813
2.05773305893		2.74354171753
2.06085991859		2.88055038452
2.06398391724		2.49489688873
2.06711006165		2.17521095276
2.07023906708		2.78921127319
2.07336211205		2.83488082886
2.07648706436		2.45430183411
2.07961702347		2.26655006409
2.08273696899		2.8399553299
2.0858631134		2.77906227112
2.08899307251		2.40355873108
2.09211206436		2.38833522797
2.09523701668		2.87547588348
2.09838199615		2.70802116394
2.10148906708		2.32236862183
2.10461592674		2.51519489288
2.10773897171		2.89069843292
2.11086702347		2.64712810516
2.11398911476		2.22088050842
2.11711502075		2.61668205261
2.12024497986		2.900847435
2.12336611748		2.5913105011
2.1265001297		2.14476490021
2.12962293625		2.68772315979
2.13274407387		2.89577293396
2.13586997986		2.5405664444
2.13899993896		2.13969039917
2.14211893082		2.74861621857
2.14524412155		2.87040138245
2.14836907387		2.4898223877
2.1514980793		2.18535995483
2.15461993217		2.79428577423
2.15774512291		2.82980632782
2.16087603569		2.44922733307
2.16399598122		2.27669906616
2.16712093353		2.84502887726
2.17024993896		2.76891326904
2.17337203026		2.39848423004
2.17650008202		2.39848423004
2.17963004112		2.87547588348
2.18274903297		2.70802116394
2.18587613106		2.30714511871
2.18900513649		2.53041744232
2.19212508202		2.89069843292
2.19525504112		2.6420545578
2.19837403297		2.20565795898
2.20150399208		2.62175655365
2.20462703705		2.900847435
2.20775103569		2.58116149902
2.21088004112		2.14476490021
2.21400094032		2.69279766083
2.21712803841		2.89577293396
2.22025513649		2.53041744232
2.22337913513		2.14476490021
2.2265059948		2.7536907196
2.22963809967		2.86532688141
2.23275709152		2.48474884033
2.23588013649		2.19550895691
2.23901200294		2.80443382263
2.2421309948		2.82473182678
2.24525809288		2.43907928467
2.24838399887		2.30714511871
2.25151014328		2.84502887726
2.25463294983		2.76891326904
2.25776004791		2.393409729
2.26088404655		2.41878128052
2.26400995255		2.87547588348
2.26713609695		2.69787216187
2.27026510239		2.29699611664
2.27338504791		2.5405664444
2.276512146		2.89577293396
2.27963709831		2.63698005676
2.28276109695		2.19550895691
2.28588795662		2.63190555573
2.28902006149		2.900847435
2.29214310646		2.57608699799
2.29526305199		2.14476490021
2.29838895798		2.7029466629
2.30151605606		2.89069843292
2.30464100838		2.52534389496
2.30776500702		2.14476490021
2.31089496613		2.75876522064
2.31401610374		2.86532688141
2.31714010239		2.47967433929
2.32026791573		2.20565795898
2.32339406013		2.80950832367
2.32651805878		2.81965732574
2.32964992523		2.43907928467
2.33276796341		2.30207061768
2.33589410782		2.8501033783
2.33902692795		2.76383876801
2.34214496613		2.38326072693
2.34526991844		2.43907928467
2.34839606285		2.88055038452
2.35152411461		2.69279766083
2.35464501381		2.28684806824
2.3577709198		2.55071544647
2.36089897156		2.89577293396
2.36402201653		2.62683105469
2.36714696884		2.19043445587
2.37027692795		2.6420545578
2.37339711189		2.900847435
2.376527071		2.56593894958
2.37965106964		2.14476490021
2.38277506828		2.70802116394
2.38590192795		2.88562393188
2.38905096054		2.52026939392
2.392152071		2.14983940125
2.39527606964		2.76383876801
2.39840102196		2.85517787933
2.40152812004		2.47459983826
2.40465211868		2.21073246002
2.40777897835		2.80950832367
2.41090512276		2.80950832367
2.4140329361		2.43400478363
2.41715312004		2.32236862183
2.4202849865		2.85517787933
2.42340612411		2.7536907196
2.42653012276		2.37311172485
2.42966294289		2.44922733307
2.43277907372		2.88055038452
2.43590903282		2.68264961243
2.43903899193		2.27669906616
2.44215893745		2.56086444855
2.44528102875		2.89577293396
2.44841003418		2.60653305054
2.45153713226		2.18535995483
2.45466113091		2.64712810516
2.45778393745		2.89577293396
2.46091103554		2.56593894958
2.46403408051		2.13461589813
2.46716308594		2.71817016602
2.47029304504		2.89069843292
2.47341299057		2.51519489288
2.47653603554		2.15491390228
2.47967195511		2.76891326904
2.48278808594		2.85517787933
2.48591804504		2.47459983826
2.48904109001		2.22088050842
2.49216413498		2.81458282471
2.49529194832		2.80443382263
2.49841403961		2.42385578156
2.50154209137		2.32744312286
2.50466799736		2.85517787933
2.50779104233		2.74354171753
2.51091694832		2.36296367645
2.51404094696		2.45937633514
2.5171661377		2.88055038452
2.52029395103		2.67757511139
2.523416996		2.27162456512
2.52654194832		2.57608699799
2.52967715263		2.89577293396
2.53279399872		2.61160755157
2.53591895103		2.1802854538
2.53905296326		2.65727710724
2.54217004776		2.89577293396
2.5452940464		2.56086444855
2.54842305183		2.13461589813
2.55155110359		2.71817016602
2.55467295647		2.88562393188
2.5577981472		2.51012039185
2.56092715263		2.15998840332
2.56404709816		2.77906227112
2.56717514992		2.8501033783
2.57030105591		2.46952533722
2.57342410088		2.23610401154
2.57654905319		2.81965732574
2.57967495918		2.79428577423
2.58280706406		2.41878128052
2.58592796326		2.34774017334
2.58905696869		2.86532688141
2.59217596054		2.73846721649
2.59530115128		2.35788917542
2.59842801094		2.48474884033
2.6015560627		2.88562393188
2.60467791557		2.67250061035
2.60780310631		2.25640106201
2.6109290123		2.58116149902
2.61405396461		2.900847435
2.61717891693		2.60653305054
2.62030696869		2.1701374054
2.62343001366		2.66235160828
2.62655711174		2.89577293396
2.62968206406		2.55578994751
2.63281011581		2.13969039917
2.63593292236		2.72831821442
2.63906598091		2.87547588348
2.64218401909		2.50504589081
2.64530801773		2.1701374054
2.64843511581		2.78413677216
2.65156412125		2.8399553299
2.65469002724		2.46445083618
2.65780997276		2.24117851257
2.6609389782		2.82980632782
2.66406011581		2.79428577423
2.66718506813		2.41878128052
2.67031598091		2.36296367645
2.67343997955		2.86025238037
2.6765639782		2.72831821442
2.67972803116		2.33759117126
2.68281292915		2.4898223877
2.68594002724		2.88562393188
2.68907403946		2.66235160828
2.69218993187		2.24625301361
2.6953151226		2.59638500214
2.69844007492		2.900847435
2.70156598091		2.60145950317
2.70469212532		2.16506290436
2.70781707764		2.66742610931
2.71094107628		2.89069843292
2.71406602859		2.55071544647
2.71719408035		2.13969039917
2.72031903267		2.73339271545
2.72344207764		2.87547588348
2.7265689373		2.49997138977
2.72977399826		2.18535995483
2.73282194138		2.78413677216
2.7359650135		2.83488082886
2.73907995224		2.45937633514
2.74219799042		2.25132751465
2.74532294273		2.82980632782
2.74844813347		2.77906227112
2.75157594681		2.40863323212
2.75469899178		2.37818622589
2.75782203674		2.86532688141
2.76094913483		2.71817016602
2.76407408714		2.33759117126
2.76719999313		2.49997138977
2.77032804489		2.89069843292
2.77345013618		2.65727710724
2.77658104897		2.23610401154
2.77973794937		2.61160755157
2.78282499313		2.89577293396
2.78595209122		2.59638500214
2.78908109665		2.16506290436
2.79220199585		2.68264961243
2.79533004761		2.89577293396
2.79845309258		2.5405664444
2.80158305168		2.13969039917
2.80470609665		2.73846721649
2.80783009529		2.87040138245
2.81095600128		2.49489688873
2.81407999992		2.1802854538
2.81720709801		2.78921127319
2.820333004		2.82980632782
2.82345795631		2.45430183411
2.82658314705		2.26655006409
2.8297419548		2.83488082886
2.83283209801		2.77906227112
2.83595705032		2.40863323212
2.83909010887		2.38833522797
2.84220814705		2.87040138245
2.84533214569		2.71817016602
2.84845900536		2.31729412079
2.85158395767		2.51519489288
2.85471105576		2.89069843292
2.8578350544		2.6522026062
2.86096215248		2.22595500946
2.86408805847		2.61160755157
2.86721205711		2.89577293396
2.87034201622		2.5913105011
2.87347197533		2.15998840332
2.87658715248		2.68264961243
2.87975001335		2.89069843292
2.88283991814		2.53549194336
2.88596606255		2.14476490021
2.889097929		2.74861621857
2.89221310616		2.87040138245
2.89534091949		2.49489688873
2.89846611023		2.19550895691
2.90159296989		2.79428577423
2.90472102165		2.82980632782
2.90784192085		2.44922733307
2.91096901894		2.2817735672
2.91409611702		2.8399553299
2.91721701622		2.77398777008
2.9203441143		2.39848423004
2.92347002029		2.40355873108
2.92659401894		2.87040138245
2.92980599403		2.69279766083
2.93284392357		2.32236862183
2.93597197533		2.53041744232
2.93910312653		2.88562393188
2.94221997261		2.6420545578
2.94534397125		2.22088050842
2.94847393036		2.62683105469
2.95159912109		2.89577293396
2.95472407341		2.58623600006
2.95784902573		2.14983940125
2.96097397804		2.69279766083
2.96409893036		2.89069843292
2.96722602844		2.53549194336
2.97035598755		2.14983940125
2.9734749794		2.7536907196
2.97659897804		2.86532688141
2.97976207733		2.48474884033
2.98285102844		2.19550895691
2.98597598076		2.79936027527
2.98910999298		2.81965732574
2.99222898483		2.44415378571
2.99535298347		2.28684806824
2.99848008156		2.84502887726
3.00160598755		2.76891326904
3.00472712517		2.393409729
3.00785398483		2.41370677948
3.01098299026		2.87040138245
3.01410603523		2.69787216187
3.01723098755		2.30714511871
3.02035903931		2.5405664444
3.02348208427		2.89069843292
3.02660799026		2.63698005676
3.02981615067		2.19550895691
3.03286004066		2.63190555573
3.03598403931		2.89577293396
3.03911614418		2.58116149902
3.04223394394		2.15491390228
3.04536104202		2.69279766083
3.04848814011		2.88562393188
3.05160999298		2.53041744232
3.05473613739		2.14983940125
3.05786514282		2.7536907196
3.06098914146		2.86025238037
3.06411194801		2.47967433929
3.06724596024		2.20565795898
3.07036709785		2.80950832367
3.0734910965		2.81965732574
3.07661294937		2.43907928467
3.0797791481		2.31729412079
3.08286499977		2.8501033783
3.08598995209		2.75876522064
3.08912205696		2.38833522797
3.09224009514		2.43400478363
3.0953669548		2.87547588348
3.09851002693		2.68264961243
3.10161805153		2.29699611664
3.1047410965		2.55071544647
3.10786795616		2.88562393188
3.11099410057		2.62683105469
3.11411905289		2.20058345795
3.11724305153		2.63698005676
3.12037301064		2.89577293396
3.12349414825		2.57101249695
3.12662196159		2.14983940125
3.12984108925		2.71309566498
3.13288903236		2.88562393188
3.13600206375		2.52026939392
3.1391351223		2.15998840332
3.14225101471		2.75876522064
3.1453909874		2.85517787933
3.14851808548		2.46952533722
3.15162801743		2.22088050842
3.15475511551		2.80950832367
3.15787911415		2.80950832367
3.16100692749		2.43400478363
3.16413593292		2.32236862183
3.16725492477		2.8501033783
3.17038106918		2.7536907196
3.17350697517		2.37818622589
3.17664694786		2.45430183411
3.1797940731		2.88055038452
3.18288302422		2.68264961243
3.18600797653		2.28684806824
3.18913912773		2.56593894958
3.19227194786		2.89577293396
3.19538402557		2.62175655365
3.19850897789		2.19043445587
3.20163607597		2.64712810516
3.20476102829		2.89577293396
3.20788407326		2.56593894958
3.21101307869		2.14983940125
3.21413612366		2.70802116394
3.21726107597		2.88055038452
3.22038793564		2.51519489288
3.22352313995		2.15998840332
3.22663712502		2.76891326904
3.22985100746		2.84502887726
3.23289108276		2.46952533722
3.23601508141		2.22595500946
3.2391500473		2.81458282471
3.24226498604		2.80443382263
3.24539113045		2.42893028259
3.24851512909		2.3426656723
3.25164198875		2.85517787933
3.2547659874		2.74354171753
3.25789213181		2.36803817749
3.26102304459		2.45937633514
3.26413297653		2.88055038452
3.26726412773		2.67250061035
3.27039813995		2.27162456512
3.27353692055		2.57608699799
3.2766430378		2.89577293396
3.27980113029		2.61160755157
3.2828950882		2.19043445587
3.28602004051		2.65727710724
3.28915405273		2.89577293396
3.29227304459		2.56086444855
3.29539608955		2.14476490021
3.29852104187		2.72324466705
3.30164003372		2.88055038452
3.3047709465		2.51519489288
3.30788898468		2.16506290436
3.31102705002		2.77398777008
3.31414794922		2.84502887726
3.3172750473		2.46952533722
3.32042598724		2.24117851257
3.32352495193		2.82473182678
3.32665109634		2.79936027527
3.32981610298		2.41878128052
3.33290195465		2.3426656723
3.33602499962		2.85517787933
3.33915805817		2.73846721649
3.34227800369		2.36296367645
3.34541702271		2.47967433929
3.34852814674		2.88055038452
3.35165500641		2.67250061035
3.35477995872		2.26655006409
3.35791110992		2.58623600006
3.36103510857		2.89069843292
3.36415600777		2.60653305054
3.36729812622		2.17521095276
3.37040901184		2.66235160828
3.37353205681		2.89577293396
3.37665510178		2.56086444855
3.37982010841		2.14476490021
3.38290810585		2.72324466705
3.38603401184		2.87547588348
3.38916611671		2.50504589081
3.39229798317		2.18535995483
3.39541006088		2.77398777008
3.39853596687		2.83488082886
3.40166497231		2.46445083618
3.4047870636		2.24625301361
3.40791010857		2.82980632782
3.411039114		2.78921127319
3.41416192055		2.41878128052
3.41728711128		2.36296367645
3.42041397095		2.86025238037
3.42353892326		2.72831821442
3.42666292191		2.35281467438
3.42987298965		2.51519489288
3.43291497231		2.88055038452
3.43604111671		2.65727710724
3.43917393684		2.25132751465
3.44229102135		2.59638500214
3.44541597366		2.89069843292
3.44854307175		2.59638500214
3.45166802406		2.17521095276
3.4547970295		2.66742610931
3.4579179287		2.89577293396
3.46104001999		2.55071544647
3.46415805817		2.15491390228
3.46728491783		2.72831821442
3.47042298317		2.87040138245
3.47356200218		2.49997138977
3.47667002678		2.1802854538
3.4798309803		2.78413677216
3.48291993141		2.8399553299
3.48604512215		2.45937633514
3.48917293549		2.25132751465
3.4922990799		2.82473182678
3.49542403221		2.78413677216
3.49854707718		2.41370677948
3.50167393684		2.37818622589
3.50481295586		2.86025238037
3.50792503357		2.71817016602
3.51105093956		2.3426656723
3.51417398453		2.49997138977
3.51730108261		2.88562393188
3.52043914795		2.6522026062
3.52355098724		2.24625301361
3.52667593956		2.60145950317
3.52988791466		2.89577293396
3.53292798996		2.59638500214
3.53605103493		2.1701374054
3.53918600082		2.67250061035
3.542304039		2.89069843292
3.54544305801		2.5405664444
3.5485560894		2.14983940125
3.55168700218		2.73846721649
3.55480599403		2.87040138245
3.55792808533		2.49997138977
3.56105709076		2.18535995483
3.56418013573		2.78413677216
3.56730699539		2.83488082886
3.57043409348		2.45430183411
3.57355713844		2.26655006409
3.57669901848		2.82980632782
3.57984495163		2.76891326904
3.58293414116		2.41370677948
3.58606004715		2.38833522797
3.58919095993		2.86025238037
3.59232211113		2.70802116394
3.59543895721		2.33251667023
3.59856295586		2.52534389496
3.60169005394		2.88562393188
3.60481095314		2.6522026062
3.60793614388		2.2310295105
3.61106300354		2.61160755157
3.6141910553		2.89577293396
3.61731004715		2.58623600006
3.62044095993		2.16506290436
3.62357497215		2.68264961243
3.62668800354		2.88562393188
3.62989997864		2.53041744232
3.63294100761		2.14983940125
3.63606500626		2.74354171753
3.63919901848		2.86532688141
3.64231705666		2.4898223877
3.6454410553		2.19550895691
3.64857292175		2.79428577423
3.65169215202		2.82473182678
3.65481901169		2.44922733307
3.657943964		2.2817735672
3.6610660553		2.82980632782
3.6641869545		2.76891326904
3.66730999947		2.39848423004
3.6704480648		2.40355873108
3.67358708382		2.87040138245
3.67669606209		2.70802116394
3.67985796928		2.31729412079
3.68294501305		2.52534389496
3.6860730648		2.88562393188
3.68920397758		2.6420545578
3.69232201576		2.2310295105
3.6954460144		2.61668205261
3.69857406616		2.89069843292
3.7016980648		2.58116149902
3.70482707024		2.15998840332
3.70794892311		2.69279766083
3.71107697487		2.88562393188
3.71420192719		2.53549194336
3.71732592583		2.15491390228
3.72047710419		2.74861621857
3.72357606888		2.86025238037
3.72670292854		2.4898223877
3.72991204262		2.21580600739
3.73295307159		2.79428577423
3.73607802391		2.81965732574
3.73921203613		2.44922733307
3.74233007431		2.29699611664
3.74547696114		2.8399553299
3.74857997894		2.75876522064
3.75170612335		2.393409729
3.75483107567		2.41370677948
3.75795602798		2.86532688141
3.76109313965		2.69787216187
3.76421308517		2.31729412079
3.76735210419		2.54564094543
3.77045798302		2.89069843292
3.77358293533		2.63698005676
3.77670693398		2.21580600739
3.77998900414		2.6522026062
3.78308701515		2.89577293396
3.78620910645		2.56086444855
3.78933906555		2.14983940125
3.7924721241		2.71309566498
3.79558706284		2.88055038452
3.79871892929		2.51519489288
3.80184006691		2.1701374054
3.80496406555		2.76383876801
3.80808591843		2.84502887726
3.8112180233		2.46952533722
3.8143389225		2.2310295105
3.81747794151		2.81458282471
3.82059001923		2.79936027527
3.82371807098		2.42893028259
3.82684111595		2.33759117126
3.82997202873		2.8501033783
3.83308792114		2.73846721649
3.8362159729		2.37311172485
3.83934807777		2.46445083618
3.84247493744		2.88055038452
3.84559297562		2.67250061035
3.84873914719		2.27162456512
3.8518409729		2.57608699799
3.85496807098		2.89069843292
3.8580930233		2.61160755157
3.8612139225		2.19043445587
3.86434698105		2.65727710724
3.86746501923		2.89577293396
3.87060213089		2.55578994751
3.87372493744		2.14983940125
3.87684607506		2.71817016602
3.87998199463		2.87040138245
3.88309693336		2.51012039185
3.88622307777		2.17521095276
3.88935494423		2.77398777008
3.89247298241		2.84502887726
3.8956091404		2.46445083618
3.89873313904		2.24117851257
3.9018509388		2.81965732574
3.90497398376		2.79428577423
3.90810012817		2.42893028259
3.91123104095		2.35788917542
3.91435194016		2.85517787933
3.91747903824		2.73339271545
3.92060303688		2.35788917542
3.92372608185		2.47967433929
3.92685413361		2.88055038452
3.92998695374		2.66742610931
3.93310594559		2.26655006409
3.93622708321		2.58623600006
3.93936800957		2.89069843292
3.94248008728		2.60653305054
3.94562292099		2.1802854538
3.94873809814		2.66235160828
3.95185613632		2.89069843292
3.95498204231		2.55578994751
3.9581079483		2.15491390228
3.96123409271		2.72831821442
3.9643740654		2.87040138245
3.96748304367		2.50504589081
3.97060799599		2.1802854538
3.9737341404		2.77906227112
3.97686195374		2.8399553299
3.97999310493		2.46445083618
3.98310995102		2.25132751465
3.98623609543		2.82473182678
3.98936796188		2.78921127319
3.99251198769		2.41370677948
3.99561095238		2.36296367645
3.99874401093		2.86025238037
4.00186109543		2.72324466705
4.00498700142		2.35281467438
4.00811195374		2.49489688873
4.01124215126		2.88055038452
4.01436400414		2.66235160828
4.01750397682		2.25132751465
4.02061510086		2.5913105011
4.02374005318		2.89069843292
4.02686715126		2.60145950317
4.02999806404		2.1802854538
4.03311610222		2.66742610931
4.036247015		2.89069843292
4.03939199448		2.5405664444
4.04249310493		2.14983940125
4.04561710358		2.72831821442
4.0487511158		2.87040138245
4.05187106133		2.49997138977
4.05499410629		2.1802854538
4.05812096596		2.77906227112
4.06123805046		2.83488082886
4.06437802315		2.45430183411
4.06748700142		2.26147556305
4.07062506676		2.82980632782
4.07375001907		2.77906227112
4.07687091827		2.41370677948
4.07999706268		2.38326072693
4.08312392235		2.86025238037
4.08625006676		2.71309566498
4.08938097954		2.3426656723
4.09249997139		2.50504589081
4.09562397003		2.88055038452
4.09875702858		2.6522026062
4.10187506676		2.24625301361
4.10500001907		2.60145950317
4.10812497139		2.89069843292
4.1112549305		2.59638500214
4.11437702179		2.1701374054
4.11750197411		2.67757511139
4.12063097954		2.89069843292
4.12375211716		2.54564094543
4.1268799305		2.15491390228
4.13000702858		2.73846721649
4.13313293457		2.86532688141
4.13625311852		2.49489688873
4.13938593864		2.19043445587
4.14250397682		2.78413677216
4.14564609528		2.82473182678
4.14876294136		2.45430183411
4.15188312531		2.27669906616
4.15500712395		2.82980632782
4.15813207626		2.77398777008
4.16126012802		2.40863323212
4.16438293457		2.393409729
4.16750812531		2.86025238037
4.17063593864		2.71309566498
4.17375993729		2.33759117126
4.1768860817		2.52026939392
4.18001198769		2.88562393188
4.18313503265		2.64712810516
4.18625998497		2.24117851257
4.18939614296		2.61668205261
4.19252204895		2.89069843292
4.19563698769		2.58623600006
4.19877004623		2.16506290436
4.20188999176		2.68264961243
4.20501208305		2.88562393188
4.20813703537		2.53549194336
4.21126699448		2.15998840332
4.21439099312		2.74354171753
4.21753311157		2.86025238037
4.22064113617		2.4898223877
4.22376704216		2.20058345795
4.22689414024		2.78921127319
4.23002505302		2.81965732574
4.2331430912		2.44922733307
4.23626899719		2.28684806824
4.23940014839		2.83488082886
4.24251794815		2.76383876801
4.24564313889		2.40355873108
4.24879002571		2.41370677948
4.25189495087		2.86532688141
4.2550201416		2.69787216187
4.25814509392		2.32744312286
4.26126408577		2.53041744232
4.26440000534		2.88562393188
4.26751708984		2.63698005676
4.27065110207		2.22595500946
4.27377700806		2.62175655365
4.27689909935		2.89069843292
4.28002309799		2.58116149902
4.28314709663		2.16506290436
4.2862739563		2.68772315979
4.2894051075		2.88562393188
4.29252409935		2.53549194336
4.2956609726		2.15998840332
4.29878401756		2.7536907196
4.30189299583		2.86025238037
4.30501699448		2.4898223877
4.30814313889		2.20565795898
4.31128311157		2.79936027527
4.31440401077		2.81458282471
4.31752896309		2.44415378571
4.3206551075		2.29699611664
4.32377815247		2.8399553299
4.32691502571		2.75876522064
4.33003306389		2.39848423004
4.33315491676		2.41878128052
4.33628201485		2.86532688141
4.33941197395		2.69279766083
4.34253096581		2.31221961975
4.34567213058		2.54564094543
4.34878993034		2.89069843292
4.35190796852		2.63190555573
4.35503411293		2.21580600739
4.35815596581		2.62683105469
4.36128592491		2.89069843292
4.36440992355		2.57608699799
4.36753511429		2.15998840332
4.37066102028		2.69279766083
4.37378406525		2.88055038452
4.37691402435		2.52534389496
4.38003802299		2.15998840332
4.38316106796		2.75876522064
4.38628602028		2.85517787933
4.38941812515		2.48474884033
4.39256691933		2.22088050842
4.39566302299		2.79936027527
4.39879894257		2.80950832367
4.40191292763		2.44415378571
4.40503907204		2.31221961975
4.408162117		2.8399553299
4.41129612923		2.7536907196
4.41441607475		2.393409729
4.41755509377		2.43907928467
4.42066907883		2.87040138245
4.42379808426		2.68264961243
4.42691898346		2.30714511871
4.43004512787		2.55071544647
4.43317008018		2.88562393188
4.43629312515		2.62683105469
4.43944501877		2.20565795898
4.44254493713		2.63698005676
4.44567012787		2.89069843292
4.44880199432		2.57101249695
4.45192098618		2.15491390228
4.45504498482		2.7029466629
4.45817112923		2.87547588348
4.46128892899		2.52026939392
4.46442914009		2.16506290436
4.46753811836		2.75876522064
4.47067594528		2.84502887726
4.47380113602		2.47967433929
4.47692203522		2.2310295105
4.48006892204		2.80950832367
4.48317408562		2.79936027527
4.48630094528		2.43400478363
4.48942804337		2.32744312286
4.49255108833		2.84502887726
4.49567604065		2.74861621857
4.49881196022		2.37818622589
4.50192594528		2.45430183411
4.50505304337		2.87040138245
4.50817704201		2.68264961243
4.51130914688		2.29699611664
4.51442813873		2.56086444855
4.51755309105		2.88562393188
4.52069211006		2.61668205261
4.52380514145		2.20565795898
4.526927948		2.6420545578
4.53005599976		2.89069843292
4.5331799984		2.56593894958
4.53630495071		2.15491390228
4.53943705559		2.70802116394
4.54255414009		2.88055038452
4.54570102692		2.51519489288
4.54881501198		2.1701374054
4.5519361496		2.75876522064
4.55506014824		2.84502887726
4.55818295479		2.47459983826
4.56131100655		2.2310295105
4.56443500519		2.80950832367
4.56755900383		2.79936027527
4.57068610191		2.43400478363
4.57381010056		2.33251667023
4.57693600655		2.84502887726
4.58006501198		2.73846721649
4.58318710327		2.37311172485
4.58631205559		2.45937633514
4.58944606781		2.87547588348
4.59257292747		2.67250061035
4.59568715096		2.28684806824
4.59882092476		2.57101249695
4.60194206238		2.88562393188
4.60506391525		2.61160755157
4.60819005966		2.19550895691
4.61132001877		2.6522026062
4.61444091797		2.89069843292
4.61758613586		2.56086444855
4.62069392204		2.15491390228
4.62381696701		2.71309566498
4.62694406509		2.87040138245
4.6300740242		2.51012039185
4.63319301605		2.17521095276
4.63632106781		2.76891326904
4.63945007324		2.8399553299
4.64256906509		2.46952533722
4.64569401741		2.24117851257
4.64884400368		2.81965732574
4.65194797516		2.79428577423
4.65507292747		2.42385578156
4.65819692612		2.34774017334
4.66131591797		2.8501033783
4.66444993019		2.72831821442
4.66756510735		2.36803817749
4.67070603371		2.47967433929
4.67382693291		2.87040138245
4.67694997787		2.66742610931
4.68007493019		2.27162456512
4.68320012093		2.58623600006
4.68632602692		2.88562393188
4.6894569397		2.60145950317
4.69257593155		2.19043445587
4.69571208954		2.66235160828
4.69883298874		2.88562393188
4.70195102692		2.55578994751
4.70507693291		2.15491390228
4.70820212364		2.71817016602
4.71133112907		2.86532688141
4.71446013451		2.50504589081
4.71758103371		2.1802854538
4.72070598602		2.77398777008
4.72382998466		2.83488082886
4.72695612907		2.46445083618
4.73008394241		2.25132751465
4.73320508003		2.81965732574
4.7363319397		2.78413677216
4.73946404457		2.42385578156
4.74258303642		2.36296367645
4.74572300911		2.85517787933
4.74884200096		2.72324466705
4.75195813179		2.35281467438
4.75508403778		2.4898223877
4.75821113586		2.88055038452
4.76133513451		2.66235160828
4.76446008682		2.26147556305
4.76758503914		2.58623600006
4.77071499825		2.89069843292
4.77383708954		2.60145950317
4.77696704865		2.18535995483
4.78008794785		2.66742610931
4.78321409225		2.88562393188
4.7863380909		2.55071544647
4.78947305679		2.15491390228
4.79261493683		2.72831821442
4.79571700096		2.87040138245
4.79884815216		2.49997138977
4.80196714401		2.1802854538
4.80509114265		2.77398777008
4.8082151413		2.82980632782
4.81135010719		2.45937633514
4.81446695328		2.26147556305
4.81760692596		2.82473182678
4.82071805		2.77906227112
4.82384109497		2.41878128052
4.82696914673		2.37818622589
4.83009409904		2.85517787933
4.83322000504		2.71309566498
4.83634400368		2.34774017334
4.83949398994		2.51519489288
4.8425951004		2.88055038452
4.84572005272		2.6522026062
4.84885191917		2.25132751465
4.85197210312		2.60145950317
4.85509610176		2.88562393188
4.85822296143		2.59638500214
4.86134004593		2.1802854538
4.86448001862		2.67757511139
4.86758995056		2.88055038452
4.87072992325		2.5405664444
4.87385296822		2.15491390228
4.87697601318		2.73339271545
4.88010191917		2.86532688141
4.88322591782		2.49997138977
4.88635110855		2.19043445587
4.88948202133		2.78413677216
4.89260101318		2.82980632782
4.89572811127		2.45937633514
4.8988609314		2.27669906616
4.90197992325		2.82473182678
4.90510296822		2.77398777008
4.90823411942		2.40863323212
4.91135311127		2.38833522797
4.91447997093		2.86025238037
4.91760611534		2.70802116394
4.92073702812		2.33251667023
4.9238550663		2.51519489288
4.92698192596		2.87547588348
4.93010902405		2.64712810516
4.93323206902		2.24625301361
4.93635702133		2.61160755157
4.9395070076		2.89069843292
4.94260692596		2.5913105011
4.94574999809		2.1701374054
4.94886612892		2.68264961243
4.95198512077		2.88562393188
4.95511102676		2.5405664444
4.95823407173		2.15491390228
4.96135902405		2.73846721649
4.96448493004		2.86025238037
4.9676129818		2.4898223877
4.97073698044		2.20565795898
4.97386193275		2.78413677216
4.97698497772		2.81965732574
4.98011493683		2.44922733307
4.9832379818		2.2817735672
4.98636293411		2.82980632782
4.98949599266		2.76383876801
4.99262809753		2.40355873108
4.99573993683		2.40355873108
4.9988720417		2.86532688141
