0.000131130218506		2.52026939392
0.00398111343384		2.46952533722
0.00673222541809		2.7029466629
0.00948214530945		2.36803817749
0.0122241973877		2.59638500214
0.0149722099304		2.60145950317
0.0177681446075		2.37818622589
0.0204741954803		2.7029466629
0.023225069046		2.46952533722
0.025975227356		2.47967433929
0.0287380218506		2.69787216187
0.0314791202545		2.36803817749
0.0342252254486		2.61160755157
0.0369760990143		2.58623600006
0.0397381782532		2.37818622589
0.0424761772156		2.70802116394
0.0452291965485		2.45430183411
0.0479781627655		2.4898223877
0.0507302284241		2.68772315979
0.0534791946411		2.35788917542
0.0561361312866		2.61668205261
0.0588622093201		2.5913105011
0.0616052150726		2.37818622589
0.0643532276154		2.70802116394
0.0669782161713		2.47459983826
0.0696210861206		2.45430183411
0.0723659992218		2.70802116394
0.0751140117645		2.37818622589
0.0778660774231		2.5913105011
0.0806159973145		2.61160755157
0.0833671092987		2.36296367645
0.0861160755157		2.69787216187
0.0888671875		2.47459983826
0.0916171073914		2.46952533722
0.0943670272827		2.7029466629
0.0971162319183		2.37311172485
0.0998780727386		2.60653305054
0.102620124817		2.59638500214
0.10536813736		2.37311172485
0.108127117157		2.70802116394
0.110868215561		2.45937633514
0.113619089127		2.48474884033
0.116369009018		2.69279766083
0.119121074677		2.36296367645
0.121871232986		2.62175655365
0.124620199203		2.58116149902
0.127373218536		2.38326072693
0.130125045776		2.70802116394
0.132874011993		2.44415378571
0.135631084442		2.49997138977
0.13837313652		2.68264961243
0.141130208969		2.36296367645
0.14387512207		2.63698005676
0.146623134613		2.56593894958
0.14937710762		2.393409729
0.152124166489		2.71309566498
0.15487408638		2.43400478363
0.157624006271		2.52026939392
0.16037607193		2.67757511139
0.163129091263		2.35788917542
0.165875196457		2.64712810516
0.168631076813		2.55071544647
0.171377182007		2.40355873108
0.174127101898		2.71817016602
0.176878213882		2.42385578156
0.179631233215		2.53549194336
0.182377099991		2.66742610931
0.185129165649		2.35788917542
0.187888145447		2.66235160828
0.190629005432		2.53549194336
0.193379163742		2.41370677948
0.196129083633		2.71817016602
0.198887109756		2.40863323212
0.201637029648		2.54564094543
0.204381227493		2.65727710724
0.207132101059		2.35788917542
0.209885120392		2.67250061035
0.212633132935		2.52026939392
0.2153840065		2.42385578156
0.2181391716		2.71817016602
0.220884084702		2.393409729
0.223635196686		2.56086444855
0.226391077042		2.63698005676
0.2291431427		2.36296367645
0.231891155243		2.68264961243
0.234638214111		2.50504589081
0.237385034561		2.43907928467
0.240136146545		2.71309566498
0.242887020111		2.38326072693
0.245637178421		2.58116149902
0.248424053192		2.62175655365
0.251137018204		2.36296367645
0.253887176514		2.68772315979
0.256640195847		2.4898223877
0.259392023087		2.45430183411
0.262138128281		2.71309566498
0.264888048172		2.37818622589
0.267642021179		2.59638500214
0.270392179489		2.61160755157
0.273140192032		2.36803817749
0.275891065598		2.69787216187
0.278648138046		2.47459983826
0.281392097473		2.46445083618
0.284142017365		2.7029466629
0.286895036697		2.36803817749
0.289644002914		2.60653305054
0.29239320755		2.59638500214
0.295146226883		2.37311172485
0.297899007797		2.70802116394
0.300644159317		2.45430183411
0.303394079208		2.47967433929
0.306145191193		2.69279766083
0.308896064758		2.36296367645
0.311660051346		2.62175655365
0.31439614296		2.58623600006
0.317145109177		2.38326072693
0.319899082184		2.71309566498
0.322647094727		2.44415378571
0.325397014618		2.49997138977
0.328157186508		2.68772315979
0.330897092819		2.36296367645
0.333650112152		2.63190555573
0.336399078369		2.57101249695
0.339150190353		2.393409729
0.34189915657		2.71309566498
0.344651222229		2.43400478363
0.347400188446		2.51519489288
0.350153207779		2.67250061035
0.352901220322		2.35788917542
0.355649232864		2.6522026062
0.358439207077		2.54564094543
0.361153125763		2.40355873108
0.363901138306		2.71817016602
0.366653203964		2.41878128052
0.369405031204		2.53041744232
0.372153043747		2.66742610931
0.374909162521		2.35788917542
0.377655029297		2.66235160828
0.380405187607		2.5405664444
0.383155107498		2.41370677948
0.385907173157		2.71817016602
0.388663053513		2.40863323212
0.391407012939		2.54564094543
0.394156217575		2.65727710724
0.396911144257		2.35788917542
0.399661064148		2.66742610931
0.402407169342		2.52534389496
0.405158042908		2.42385578156
0.407918214798		2.71817016602
0.410675048828		2.39848423004
0.413409233093		2.56086444855
0.416160106659		2.6420545578
0.418911218643		2.36296367645
0.421661138535		2.68264961243
0.424410104752		2.51012039185
0.427161216736		2.43400478363
0.429921150208		2.70802116394
0.432663202286		2.38833522797
0.435412168503		2.57608699799
0.438174009323		2.62175655365
0.440913200378		2.36296367645
0.443664073944		2.69279766083
0.446412086487		2.49489688873
0.449167013168		2.45430183411
0.451915025711		2.70802116394
0.454666137695		2.37311172485
0.457415103912		2.58623600006
0.460166215897		2.61160755157
0.462917089462		2.36296367645
0.465665102005		2.69787216187
0.468454122543		2.46952533722
0.471168041229		2.46445083618
0.473917007446		2.7029466629
0.476668119431		2.37311172485
0.479421138763		2.60653305054
0.482173204422		2.59638500214
0.484918117523		2.37818622589
0.487678050995		2.71309566498
0.490420103073		2.45937633514
0.493168115616		2.47967433929
0.4959192276		2.69787216187
0.498680114746		2.36296367645
0.501419067383		2.62175655365
0.504171133041		2.58623600006
0.506922006607		2.37818622589
0.509673118591		2.70802116394
0.512422084808		2.44922733307
0.5151720047		2.49997138977
0.517929077148		2.68772315979
0.520672082901		2.36296367645
0.523422002792		2.63190555573
0.526172161102		2.57101249695
0.528925180435		2.38833522797
0.531675100327		2.71309566498
0.534424066544		2.43400478363
0.537176132202		2.51012039185
0.539932012558		2.67757511139
0.542676210403		2.35788917542
0.545426130295		2.6420545578
0.548183202744		2.55071544647
0.550929069519		2.40355873108
0.553678035736		2.71817016602
0.55643415451		2.42385578156
0.559180021286		2.52534389496
0.561927080154		2.66742610931
0.564677000046		2.35788917542
0.567443132401		2.66235160828
0.570181131363		2.53549194336
0.572928190231		2.41370677948
0.575683116913		2.71817016602
0.578466176987		2.40355873108
0.581180095673		2.5405664444
0.58393406868		2.65727710724
0.586681127548		2.35788917542
0.589434146881		2.67250061035
0.592182159424		2.52534389496
0.594931125641		2.42385578156
0.597681999207		2.71309566498
0.600437164307		2.39848423004
0.603184223175		2.55578994751
0.605935096741		2.6420545578
0.608691215515		2.35788917542
0.611434221268		2.68264961243
0.614185094833		2.51012039185
0.616935014725		2.43400478363
0.619688034058		2.70802116394
0.622438192368		2.38326072693
0.625187158585		2.57608699799
0.627937078476		2.62683105469
0.63068819046		2.36296367645
0.633437156677		2.68772315979
0.636189222336		2.49489688873
0.638941049576		2.44922733307
0.641689062119		2.70802116394
0.644445180893		2.37818622589
0.647190093994		2.5913105011
0.649941205978		2.61668205261
0.652695178986		2.36803817749
0.655441999435		2.69787216187
0.65819811821		2.47967433929
0.660941123962		2.46952533722
0.663699150085		2.7029466629
0.666442155838		2.37311172485
0.669193029404		2.60145950317
0.671942234039		2.59638500214
0.674692153931		2.36803817749
0.677443027496		2.70802116394
0.680194139481		2.46445083618
0.682945013046		2.47967433929
0.685695171356		2.69787216187
0.688486099243		2.36296367645
0.691199064255		2.62175655365
0.693946123123		2.58623600006
0.696696043015		2.38326072693
0.699449062347		2.71309566498
0.702195167542		2.44922733307
0.704949140549		2.49997138977
0.707775115967		2.68264961243
0.71044921875		2.36296367645
0.713198184967		2.63190555573
0.715950012207		2.57101249695
0.718701124191		2.38833522797
0.721449136734		2.70802116394
0.7242000103		2.43400478363
0.726954221725		2.51012039185
0.72970199585		2.67757511139
0.73245215416		2.35788917542
0.735202074051		2.64712810516
0.73796415329		2.55578994751
0.740702152252		2.40355873108
0.743459224701		2.71309566498
0.746205091476		2.42385578156
0.748956203461		2.53041744232
0.751706123352		2.66742610931
0.75445318222		2.35788917542
0.757203102112		2.65727710724
0.759960174561		2.5405664444
0.762706041336		2.41370677948
0.765456199646		2.71817016602
0.768211126328		2.40863323212
0.770955085754		2.5405664444
0.773706197739		2.65727710724
0.776455163956		2.35788917542
0.779208183289		2.67250061035
0.781957149506		2.52534389496
0.784707069397		2.42385578156
0.787457227707		2.71309566498
0.790208101273		2.39848423004
0.792958021164		2.56086444855
0.795710086823		2.6420545578
0.798541069031		2.36296367645
0.801211118698		2.67757511139
0.803961038589		2.51012039185
0.806710004807		2.43400478363
0.809465169907		2.71309566498
0.812211036682		2.38833522797
0.814962148666		2.57608699799
0.817719221115		2.63190555573
0.820463180542		2.36296367645
0.823218107224		2.69279766083
0.825964212418		2.49489688873
0.828722000122		2.44922733307
0.831463098526		2.70802116394
0.834213018417		2.37818622589
0.836965084076		2.58623600006
0.839729070663		2.61668205261
0.842465162277		2.36803817749
0.845216035843		2.69787216187
0.847966194153		2.47459983826
0.850718021393		2.46445083618
0.853483200073		2.7029466629
0.85621714592		2.37311172485
0.858970165253		2.60145950317
0.861720085144		2.60145950317
0.864469051361		2.37311172485
0.867219209671		2.7029466629
0.869968175888		2.46445083618
0.872719049454		2.47967433929
0.875468015671		2.69787216187
0.878228187561		2.36296367645
0.880970001221		2.61668205261
0.883722066879		2.58623600006
0.886472225189		2.38326072693
0.889224052429		2.70802116394
0.891971111298		2.44922733307
0.894722223282		2.49489688873
0.897473096848		2.68264961243
0.900227069855		2.35788917542
0.902979135513		2.63190555573
0.905731201172		2.57608699799
0.908519029617		2.393409729
0.911226034164		2.71817016602
0.913976192474		2.43400478363
0.916724205017		2.51012039185
0.919479131699		2.67757511139
0.922224998474		2.35788917542
0.924977064133		2.64712810516
0.927735090256		2.55578994751
0.930477142334		2.39848423004
0.933232069016		2.71817016602
0.935982227325		2.42385578156
0.93873000145		2.52534389496
0.941478013992		2.66742610931
0.944229125977		2.35281467438
0.946978092194		2.65727710724
0.949732065201		2.5405664444
0.952479124069		2.40863323212
0.955231189728		2.71817016602
0.957988023758		2.40863323212
0.960730075836		2.5405664444
0.963483095169		2.65727710724
0.966232061386		2.35788917542
0.968985080719		2.66742610931
0.971733093262		2.52534389496
0.974484205246		2.42385578156
0.977235078812		2.71309566498
0.97998714447		2.39848423004
0.982733011246		2.56086444855
0.985485076904		2.6420545578
0.988242149353		2.35788917542
0.990987062454		2.67757511139
0.993741035461		2.51012039185
0.99648809433		2.43400478363
0.999238014221		2.71309566498
1.00198721886		2.38833522797
1.00473713875		2.57608699799
1.00748610497		2.62175655365
1.01024103165		2.36296367645
1.01298904419		2.68772315979
1.01574611664		2.49489688873
1.0185251236		2.45430183411
1.02123904228		2.70802116394
1.02398920059		2.38326072693
1.02673912048		2.58623600006
1.02949714661		2.61668205261
1.03224110603		2.36803817749
1.03499221802		2.69279766083
1.03774213791		2.47967433929
1.0404920578		2.46445083618
1.04324221611		2.7029466629
1.045992136		2.37311172485
1.04874515533		2.60145950317
1.05149316788		2.60145950317
1.05424213409		2.37311172485
1.05699801445		2.7029466629
1.05974006653		2.45937633514
1.0624871254		2.47459983826
1.06523513794		2.69787216187
1.06786322594		2.37311172485
1.07062005997		2.59638500214
1.07337212563		2.60653305054
1.07612204552		2.36803817749
1.07887816429		2.70802116394
1.08162212372		2.46952533722
1.08437204361		2.47459983826
1.08712315559		2.69787216187
1.08987402916		2.36803817749
1.0926232338		2.61160755157
1.09537410736		2.5913105011
1.09812521935		2.37818622589
1.10087609291		2.70802116394
1.10362410545		2.44922733307
1.10637402534		2.4898223877
1.10912799835		2.68772315979
1.11188101768		2.36296367645
1.11462521553		2.63190555573
1.11738300323		2.57608699799
1.12012720108		2.38833522797
1.12287712097		2.71309566498
1.12562704086		2.43907928467
1.12837815285		2.51012039185
1.13112902641		2.68264961243
1.1338801384		2.36296367645
1.13662815094		2.63698005676
1.1393802166		2.56086444855
1.14213204384		2.39848423004
1.14488101006		2.71817016602
1.14763021469		2.42385578156
1.15038514137		2.52026939392
1.15313005447		2.67250061035
1.15588212013		2.35788917542
1.15863704681		2.6522026062
1.16138100624		2.54564094543
1.16413712502		2.40355873108
1.16688418388		2.71817016602
1.16963505745		2.40863323212
1.17238211632		2.53549194336
1.17513513565		2.66235160828
1.17789316177		2.35788917542
1.18063402176		2.66742610931
1.18338418007		2.53041744232
1.18613600731		2.41878128052
1.18888616562		2.71309566498
1.19163918495		2.40355873108
1.19438719749		2.55578994751
1.19713711739		2.64712810516
1.19989109039		2.35788917542
1.20263814926		2.67757511139
1.20538806915		2.51519489288
1.2081451416		2.43400478363
1.2108900547		2.71309566498
1.21363902092		2.393409729
1.21638822556		2.57101249695
1.21914100647		2.63698005676
1.22189021111		2.35788917542
1.22464108467		2.68772315979
1.22739100456		2.49997138977
1.23014307022		2.44415378571
1.23289418221		2.71309566498
1.23564219475		2.38326072693
1.23843002319		2.5913105011
1.24114322662		2.62175655365
1.24389410019		2.36803817749
1.24664306641		2.69279766083
1.24940109253		2.47967433929
1.25214409828		2.45937633514
1.25489401817		2.7029466629
1.25764513016		2.36803817749
1.26039814949		2.59638500214
1.26314616203		2.60653305054
1.26589608192		2.36803817749
1.2686522007		2.7029466629
1.27139806747		2.46445083618
1.27415323257		2.46952533722
1.276897192		2.69787216187
1.27964901924		2.36803817749
1.28239703178		2.61160755157
1.28514814377		2.5913105011
1.28790807724		2.37311172485
1.29064917564		2.70802116394
1.29339909554		2.45430183411
1.29614901543		2.4898223877
1.29890322685		2.69279766083
1.3016500473		2.36296367645
1.30440402031		2.62683105469
1.3071501255		2.57608699799
1.30990099907		2.38326072693
1.31265211105		2.71309566498
1.31540107727		2.43907928467
1.31815910339		2.51012039185
1.32090401649		2.68264961243
1.32365202904		2.35788917542
1.32640504837		2.6420545578
1.32915520668		2.56086444855
1.3319041729		2.39848423004
1.33465909958		2.71309566498
1.33740615845		2.42893028259
1.34015512466		2.52026939392
1.34290719032		2.67250061035
1.34565520287		2.35788917542
1.34849405289		2.66742610931
1.35116004944		2.54564094543
1.35390710831		2.40863323212
1.35665822029		2.71817016602
1.3594121933		2.41370677948
1.36215901375		2.53549194336
1.36490821838		2.66235160828
1.36766219139		2.35788917542
1.37041115761		2.66742610931
1.3731610775		2.53041744232
1.37591099739		2.41878128052
1.37866806984		2.71817016602
1.38141012192		2.40863323212
1.38416218758		2.55071544647
1.38691210747		2.64712810516
1.38966417313		2.35788917542
1.39241313934		2.67757511139
1.395165205		2.51519489288
1.39792108536		2.42893028259
1.40066504478		2.71309566498
1.403414011		2.38833522797
1.40616416931		2.57101249695
1.40891814232		2.63698005676
1.41166520119		2.35788917542
1.4144141674		2.68772315979
1.41716623306		2.49997138977
1.419932127		2.44415378571
1.42266702652		2.70802116394
1.42541718483		2.38326072693
1.42816901207		2.58116149902
1.43091917038		2.62175655365
1.43366909027		2.36296367645
1.43641805649		2.69279766083
1.43917012215		2.48474884033
1.44192004204		2.45430183411
1.44466805458		2.7029466629
1.44741821289		2.37311172485
1.45019507408		2.60145950317
1.45292210579		2.60653305054
1.45567107201		2.36803817749
1.45846009254		2.7029466629
1.46117210388		2.46952533722
1.46392607689		2.47459983826
1.46667313576		2.69787216187
1.46942400932		2.36803817749
1.47217321396		2.61160755157
1.47492408752		2.5913105011
1.47767400742		2.37818622589
1.4804251194		2.7029466629
1.48317313194		2.45430183411
1.48592400551		2.48474884033
1.48868203163		2.68772315979
1.49142622948		2.36296367645
1.49417614937		2.62683105469
1.49692702293		2.58116149902
1.49967813492		2.38326072693
1.50242710114		2.71309566498
1.50518107414		2.43907928467
1.50793600082		2.50504589081
1.5106780529		2.68772315979
1.51342821121		2.35788917542
1.51618003845		2.6420545578
1.51893210411		2.56086444855
1.52168107033		2.393409729
1.52443122864		2.71309566498
1.5271821022		2.42385578156
1.52993917465		2.52026939392
1.53268122673		2.67757511139
1.53543305397		2.35788917542
1.53818917274		2.65727710724
1.5409321785		2.54564094543
1.5436861515		2.40355873108
1.54643511772		2.71309566498
1.54918813705		2.41878128052
1.55193519592		2.53549194336
1.55468320847		2.66235160828
1.55743408203		2.35788917542
1.56018519402		2.66742610931
1.56293511391		2.53549194336
1.5656850338		2.41878128052
1.56847214699		2.71309566498
1.57118701935		2.40355873108
1.57393717766		2.55071544647
1.57668709755		2.6522026062
1.57943916321		2.36296367645
1.58218717575		2.67757511139
1.58494019508		2.52026939392
1.5876891613		2.43400478363
1.59044504166		2.71817016602
1.59319019318		2.393409729
1.59593820572		2.56593894958
1.59869217873		2.63698005676
1.60144019127		2.35788917542
1.60419011116		2.68264961243
1.60694003105		2.49997138977
1.60969305038		2.44415378571
1.61244106293		2.70802116394
1.61519217491		2.37818622589
1.61794900894		2.58116149902
1.62069010735		2.62175655365
1.62344312668		2.36296367645
1.62619400024		2.69279766083
1.62895417213		2.4898223877
1.63169503212		2.45430183411
1.63444519043		2.7029466629
1.63719415665		2.37311172485
1.63994908333		2.5913105011
1.6426961422		2.60653305054
1.64544820786		2.36803817749
1.64820504189		2.7029466629
1.65094709396		2.46952533722
1.65369701385		2.46952533722
1.65644907951		2.69787216187
1.6591989994		2.36803817749
1.66194915771		2.60653305054
1.66469812393		2.5913105011
1.6674489975		2.37311172485
1.67019915581		2.70802116394
1.6729490757		2.45937633514
1.67570614815		2.4898223877
1.67848420143		2.69279766083
1.68120217323		2.36296367645
1.68395209312		2.62175655365
1.68670010567		2.58116149902
1.68945813179		2.38326072693
1.69220209122		2.71309566498
1.6949532032		2.43907928467
1.69777607918		2.51519489288
1.7004570961		2.68264961243
1.70320606232		2.35788917542
1.70595812798		2.63698005676
1.70870804787		2.56593894958
1.71145510674		2.393409729
1.71420407295		2.71309566498
1.71695613861		2.42893028259
1.71971011162		2.52026939392
1.72245621681		2.67757511139
1.72520422935		2.35788917542
1.7279651165		2.6522026062
1.73070716858		2.54564094543
1.73345804214		2.40355873108
1.73620820045		2.71817016602
1.73896121979		2.41878128052
1.74170923233		2.53549194336
1.74445819855		2.66235160828
1.74721002579		2.35788917542
1.7499601841		2.66235160828
1.75271010399		2.53549194336
1.75546121597		2.41370677948
1.75821805		2.71817016602
1.76096606255		2.40355873108
1.76371121407		2.55071544647
1.76646113396		2.6522026062
1.76921510696		2.35788917542
1.77196407318		2.67757511139
1.77471423149		2.51519489288
1.77746319771		2.42893028259
1.7802131176		2.71309566498
1.78296518326		2.393409729
1.7857131958		2.56593894958
1.7884991169		2.63190555573
1.79121518135		2.35788917542
1.79396510124		2.68772315979
1.79671621323		2.50504589081
1.79947018623		2.44415378571
1.80221605301		2.71817016602
1.80496811867		2.38833522797
1.80772614479		2.58116149902
1.81046700478		2.62175655365
1.81321716309		2.36296367645
1.81597208977		2.69279766083
1.81872010231		2.48474884033
1.82146906853		2.44922733307
1.82421803474		2.70802116394
1.82697105408		2.37311172485
1.82972621918		2.59638500214
1.8324701786		2.60653305054
1.8352200985		2.36803817749
1.83797907829		2.69787216187
1.84072208405		2.46952533722
1.84347200394		2.46952533722
1.84624004364		2.69787216187
1.84897422791		2.36803817749
1.85172200203		2.61160755157
1.85447216034		2.5913105011
1.85722517967		2.37311172485
1.85997509956		2.7029466629
1.86272406578		2.45430183411
1.86547517776		2.48474884033
1.86823320389		2.68772315979
1.87098312378		2.36296367645
1.87372517586		2.62175655365
1.87647819519		2.58116149902
1.87922906876		2.37818622589
1.88197612762		2.71309566498
1.88472700119		2.44415378571
1.88747811317		2.51012039185
1.89022922516		2.68264961243
1.89297914505		2.35788917542
1.89573121071		2.63698005676
1.89856100082		2.55071544647
1.90123009682		2.393409729
1.90398216248		2.71309566498
1.90673208237		2.42893028259
1.90948200226		2.52026939392
1.91223311424		2.67757511139
1.91498303413		2.35788917542
1.91773819923		2.6522026062
1.92048215866		2.55071544647
1.92323112488		2.40355873108
1.92598509789		2.71817016602
1.92873215675		2.41370677948
1.93148112297		2.53041744232
1.9342250824		2.66742610931
1.93685007095		2.35788917542
1.93961000443		2.64712810516
1.94235920906		2.55071544647
1.94510817528		2.39848423004
1.94786810875		2.71817016602
1.95061016083		2.41878128052
1.95336103439		2.53041744232
1.9561111927		2.66742610931
1.95886301994		2.35281467438
1.96161222458		2.66235160828
1.9643599987		2.5405664444
1.96711301804		2.41370677948
1.96986317635		2.71817016602
1.97261214256		2.40863323212
1.97536301613		2.54564094543
1.9781191349		2.6522026062
1.98086309433		2.35281467438
1.98361301422		2.67250061035
1.98636412621		2.52534389496
1.98911619186		2.42385578156
1.99187517166		2.71309566498
1.99461603165		2.393409729
1.99736618996		2.56086444855
2.00011515617		2.6420545578
2.00286316872		2.35788917542
2.00561714172		2.68264961243
2.00837516785		2.50504589081
2.0111181736		2.43400478363
2.01386713982		2.71309566498
2.01662302017		2.38326072693
2.01937222481		2.57608699799
2.02211904526		2.62683105469
2.02487015724		2.36296367645
2.02762007713		2.69787216187
2.03037214279		2.4898223877
2.03312110901		2.44922733307
2.0358710289		2.70802116394
2.0386300087		2.37311172485
2.04137206078		2.5913105011
2.04412317276		2.61160755157
2.0468711853		2.36296367645
2.04962301254		2.69787216187
2.05237317085		2.47459983826
2.05512714386		2.46445083618
2.05788016319		2.7029466629
2.06062412262		2.36803817749
2.06337499619		2.60653305054
2.0661251545		2.59638500214
2.06887722015		2.37311172485
2.0716252327		2.70802116394
2.07437610626		2.45937633514
2.07712602615		2.47967433929
2.07987904549		2.69279766083
2.08262705803		2.36296367645
2.08537912369		2.61668205261
2.08813905716		2.58116149902
2.0908780098		2.37818622589
2.09362912178		2.71309566498
2.096378088		2.44415378571
2.09913706779		2.49997138977
2.10189914703		2.68264961243
2.10463023186		2.35788917542
2.10738015175		2.63190555573
2.11013007164		2.57101249695
2.11288022995		2.38833522797
2.11563014984		2.71817016602
2.11838102341		2.43400478363
2.12113118172		2.51519489288
2.12388515472		2.67757511139
2.12663221359		2.35788917542
2.12938308716		2.64712810516
2.13213300705		2.55071544647
2.13488316536		2.39848423004
2.13763618469		2.71817016602
2.14038515091		2.41878128052
2.14313602448		2.52534389496
2.14588618279		2.66742610931
2.14864301682		2.35788917542
2.15138316154		2.65727710724
2.1541352272		2.5405664444
2.15688419342		2.41370677948
2.15963816643		2.71817016602
2.16238617897		2.40863323212
2.16513705254		2.54564094543
2.16790413857		2.65727710724
2.17063808441		2.35788917542
2.1733880043		2.67250061035
2.17613911629		2.52534389496
2.17889213562		2.42385578156
2.18164014816		2.71817016602
2.18439006805		2.39848423004
2.18714523315		2.56086444855
2.18989300728		2.6420545578
2.19264221191		2.35788917542
2.19538903236		2.68264961243
2.19814801216		2.50504589081
2.20089316368		2.43907928467
2.20364403725		2.71309566498
2.20639300346		2.38326072693
2.2091460228		2.57608699799
2.21189403534		2.62683105469
2.21464300156		2.35788917542
2.21739506721		2.68772315979
2.2201461792		2.4898223877
2.22289609909		2.44922733307
2.22564601898		2.70802116394
2.22848320007		2.36803817749
2.2311501503		2.5913105011
2.23389816284		2.61160755157
2.23664712906		2.36296367645
2.23939919472		2.69787216187
2.24214506149		2.47459983826
2.24490022659		2.46445083618
2.24764919281		2.7029466629
2.2503991127		2.36803817749
2.25315022469		2.60653305054
2.25590205193		2.59638500214
2.25865721703		2.37311172485
2.26140022278		2.70802116394
2.26415300369		2.45937633514
2.266903162		2.48474884033
2.26965212822		2.69787216187
2.2724070549		2.36296367645
2.27515220642		2.61668205261
2.27790808678		2.58623600006
2.28065419197		2.37818622589
2.28340411186		2.70802116394
2.28615403175		2.44922733307
2.28890419006		2.49489688873
2.2916560173		2.68772315979
2.29440522194		2.35788917542
2.2971560955		2.63698005676
2.29990720749		2.57101249695
2.30265617371		2.38833522797
2.3054060936		2.71309566498
2.30816221237		2.43400478363
2.31090402603		2.51012039185
2.31365799904		2.67757511139
2.31640505791		2.35281467438
2.31916022301		2.64712810516
2.32190918922		2.55578994751
2.32465815544		2.39848423004
2.32740712166		2.71309566498
2.33015918732		2.41878128052
2.33291220665		2.53041744232
2.33565807343		2.66742610931
2.33850002289		2.35788917542
2.34116315842		2.65727710724
2.34391713142		2.53549194336
2.34666109085		2.40863323212
2.34941220284		2.71309566498
2.35216212273		2.40863323212
2.35491013527		2.54564094543
2.35766816139		2.6522026062
2.36041617393		2.35281467438
2.36316418648		2.67250061035
2.36591315269		2.52026939392
2.36867117882		2.42385578156
2.37141609192		2.71817016602
2.37416601181		2.393409729
2.37691617012		2.56086444855
2.37966704369		2.6420545578
2.3824160099		2.35788917542
2.38516902924		2.68264961243
2.38792300224		2.50504589081
2.39066505432		2.43400478363
2.39341902733		2.71309566498
2.39616823196		2.38833522797
2.3989200592		2.57608699799
2.40166902542		2.63190555573
2.40442013741		2.36296367645
2.40719103813		2.69279766083
2.4099252224		2.49489688873
2.41267299652		2.44922733307
2.41542005539		2.70802116394
2.41817808151		2.37311172485
2.42092204094		2.5913105011
2.42367219925		2.61668205261
2.4264190197		2.36803817749
2.42917704582		2.69787216187
2.43192720413		2.47459983826
2.43467116356		2.46445083618
2.43742108345		2.7029466629
2.44017720222		2.36803817749
2.44292902946		2.60653305054
2.44567418098		2.60145950317
2.44846105576		2.37311172485
2.45117807388		2.70802116394
2.45392608643		2.45937633514
2.45667719841		2.47967433929
2.4594271183		2.69279766083
2.46217918396		2.36296367645
2.46492815018		2.62175655365
2.46767807007		2.58116149902
2.47042822838		2.37818622589
2.47317814827		2.71309566498
2.47592806816		2.44415378571
2.47868514061		2.49997138977
2.48142910004		2.68264961243
2.48417901993		2.36296367645
2.48693013191		2.63190555573
2.48968219757		2.57101249695
2.49243021011		2.38833522797
2.49518322945		2.71309566498
2.49793815613		2.43400478363
2.50068306923		2.51012039185
2.50343203545		2.68264961243
2.50618100166		2.35788917542
2.50893306732		2.64712810516
2.51168417931		2.55578994751
2.51443314552		2.39848423004
2.51718401909		2.71817016602
2.51995015144		2.41878128052
2.52268409729		2.52534389496
2.52543401718		2.66742610931
2.52819705009		2.35788917542
2.53093600273		2.65727710724
2.53368711472		2.5405664444
2.53643608093		2.40863323212
2.53918910027		2.71817016602
2.54193711281		2.40863323212
2.54468822479		2.5405664444
2.54743719101		2.65727710724
2.55018806458		2.35788917542
2.55293917656		2.67250061035
2.55568909645		2.53041744232
2.55847501755		2.42893028259
2.56118917465		2.71817016602
2.56394100189		2.393409729
2.56668806076		2.55578994751
2.56944417953		2.6420545578
2.57219099998		2.35788917542
2.57493805885		2.67757511139
2.57772517204		2.50504589081
2.58044314384		2.43400478363
2.58319711685		2.71309566498
2.58594512939		2.38326072693
2.58869409561		2.57101249695
2.5914452076		2.62683105469
2.59419417381		2.35788917542
2.59694314003		2.69279766083
2.59969615936		2.4898223877
2.60244512558		2.44922733307
2.60519504547		2.71309566498
2.60795402527		2.37311172485
2.61069607735		2.5913105011
2.61345219612		2.61668205261
2.61620020866		2.36296367645
2.61895012856		2.69787216187
2.62169718742		2.47967433929
2.62444806099		2.45937633514
2.6271982193		2.7029466629
2.62995219231		2.36296367645
2.63269710541		2.60145950317
2.63545012474		2.60145950317
2.63820815086		2.37311172485
2.64095115662		2.70802116394
2.64370107651		2.45937633514
2.6464509964		2.47459983826
2.64920401573		2.69279766083
2.6519510746		2.36296367645
2.65470218658		2.61668205261
2.65745210648		2.58623600006
2.66020321846		2.37311172485
2.662951231		2.71309566498
2.66570305824		2.44922733307
2.66848707199		2.49489688873
2.67120718956		2.68772315979
2.6739552021		2.36296367645
2.67670202255		2.63190555573
2.67933511734		2.5913105011
2.68208003044		2.37818622589
2.68483018875		2.70802116394
2.68758106232		2.44415378571
2.69033718109		2.4898223877
2.69308209419		2.69279766083
2.69583415985		2.36296367645
2.69859719276		2.63190555573
2.70133399963		2.57608699799
2.70408511162		2.38326072693
2.7068362236		2.71309566498
2.70958614349		2.43907928467
2.71233606339		2.51012039185
2.71508407593		2.68264961243
2.71784114838		2.35788917542
2.72058606148		2.64712810516
2.72333621979		2.55578994751
2.72610402107		2.39848423004
2.72883915901		2.71817016602
2.73158717155		2.42385578156
2.73433709145		2.52534389496
2.73708701134		2.67250061035
2.739839077		2.35788917542
2.74259018898		2.6522026062
2.7453391552		2.54564094543
2.74809718132		2.40863323212
2.7508392334		2.71309566498
2.75359010696		2.40863323212
2.75634002686		2.5405664444
2.75909209251		2.65727710724
2.76184415817		2.35788917542
2.76459217072		2.66742610931
2.76734209061		2.53041744232
2.77009415627		2.41878128052
2.77284407616		2.71309566498
2.77559304237		2.40355873108
2.7783510685		2.55578994751
2.78109407425		2.64712810516
2.78384900093		2.35788917542
2.78659415245		2.67757511139
2.78934621811		2.51519489288
2.79210114479		2.43400478363
2.79484415054		2.71309566498
2.79759311676		2.37818622589
2.80035114288		2.56593894958
2.80309820175		2.63190555573
2.80584406853		2.35788917542
2.80860614777		2.68772315979
2.81134819984		2.49997138977
2.81409716606		2.44415378571
2.81684803963		2.70802116394
2.81960105896		2.37818622589
2.82234621048		2.58623600006
2.82510113716		2.62175655365
2.82785201073		2.36803817749
2.83060216904		2.69279766083
2.83335113525		2.47967433929
2.83610200882		2.45937633514
2.83885622025		2.7029466629
2.841599226		2.37311172485
2.84435319901		2.59638500214
2.84710216522		2.60653305054
2.84985423088		2.36803817749
2.8526031971		2.7029466629
2.85535407066		2.46445083618
2.85811114311		2.47459983826
2.86085605621		2.69787216187
2.86360406876		2.36296367645
2.86635518074		2.61160755157
2.86911201477		2.58623600006
2.87185811996		2.37818622589
2.87460517883		2.70802116394
2.87735700607		2.45430183411
2.88010907173		2.4898223877
2.88285803795		2.69279766083
2.88560819626		2.36296367645
2.88836622238		2.63190555573
2.89111018181		2.57608699799
2.89386200905		2.38833522797
2.89661121368		2.71309566498
2.8993601799		2.43400478363
2.90210914612		2.50504589081
2.90486907959		2.67757511139
2.90761208534		2.35281467438
2.910364151		2.6420545578
2.91311311722		2.56086444855
2.91586518288		2.39848423004
2.91862106323		2.71309566498
2.92136216164		2.42385578156
2.92411208153		2.52026939392
2.92686200142		2.67250061035
2.92961406708		2.35788917542
2.93236303329		2.65727710724
2.93511414528		2.54564094543
2.93787121773		2.40863323212
2.94061517715		2.71817016602
2.94336509705		2.41370677948
2.94611620903		2.5405664444
2.94886922836		2.66235160828
2.95161700249		2.35788917542
2.95437121391		2.66742610931
2.95711708069		2.53041744232
2.95986914635		2.41878128052
2.96261715889		2.71817016602
2.96536922455		2.40355873108
2.96812820435		2.55578994751
2.97086906433		2.64712810516
2.97361922264		2.35281467438
2.97637104988		2.67757511139
2.97912216187		2.51519489288
2.98187112808		2.42893028259
2.98462104797		2.71817016602
2.98737215996		2.38833522797
2.99012112617		2.56593894958
2.99287104607		2.63190555573
2.99562215805		2.36296367645
2.99837303162		2.68772315979
3.0011241436		2.49997138977
3.00387406349		2.43907928467
3.00662302971		2.70802116394
3.00937509537		2.37818622589
3.01212406158		2.57608699799
3.01487421989		2.62175655365
3.01762700081		2.36296367645
3.02037715912		2.69279766083
3.02312707901		2.48474884033
3.02587509155		2.45430183411
3.02863621712		2.7029466629
3.03138017654		2.37311172485
3.03412818909		2.59638500214
3.03687500954		2.60653305054
3.03968501091		2.36803817749
3.0423810482		2.7029466629
3.04512906075		2.46445083618
3.04788923264		2.47459983826
3.05063009262		2.69787216187
3.05338311195		2.36803817749
3.05613303185		2.61160755157
3.05888199806		2.5913105011
3.06163215637		2.37311172485
3.06438302994		2.70802116394
3.06713414192		2.45430183411
3.06988406181		2.4898223877
3.07263207436		2.68772315979
3.07538318634		2.35788917542
3.07814216614		2.62175655365
3.08088302612		2.57608699799
3.0836482048		2.38326072693
3.08638620377		2.71309566498
3.08913803101		2.43907928467
3.09188508987		2.50504589081
3.09463500977		2.68264961243
3.0973880291		2.35788917542
3.10013914108		2.6420545578
3.1028881073		2.56086444855
3.10563802719		2.393409729
3.1084280014		2.71817016602
3.11113905907		2.42385578156
3.11388921738		2.52026939392
3.11663913727		2.67250061035
3.11939311028		2.35281467438
3.12213921547		2.65727710724
3.12489509583		2.54564094543
3.12764215469		2.40863323212
3.13039207458		2.71309566498
3.13314223289		2.41370677948
3.13589310646		2.53549194336
3.13864922523		2.66235160828
3.14139413834		2.35788917542
3.14414620399		2.66742610931
3.14689302444		2.53041744232
3.14964604378		2.41878128052
3.15239500999		2.71817016602
3.15514707565		2.40355873108
3.15790200233		2.55578994751
3.16064405441		2.64712810516
3.1633951664		2.35788917542
3.16614603996		2.67757511139
3.1688990593		2.51519489288
3.17164611816		2.42893028259
3.17439508438		2.71817016602
3.17714905739		2.393409729
3.17990016937		2.56593894958
3.18264913559		2.63698005676
3.18539619446		2.35788917542
3.18815612793		2.68772315979
3.19089818001		2.49997138977
3.19364905357		2.43907928467
3.19639921188		2.71309566498
3.19915103912		2.38326072693
3.20190000534		2.58116149902
3.20465111732		2.62175655365
3.20740413666		2.36296367645
3.21015620232		2.69787216187
3.21290206909		2.48474884033
3.2156522274		2.45430183411
3.21848320961		2.69787216187
3.22115302086		2.37311172485
3.22390604019		2.59638500214
3.22665405273		2.61160755157
3.22940921783		2.36803817749
3.23215413094		2.7029466629
3.23490214348		2.46445083618
3.23765420914		2.47967433929
3.2404050827		2.69787216187
3.24315500259		2.36296367645
3.2459051609		2.60653305054
3.2486641407		2.5913105011
3.25140619278		2.37311172485
3.25415706635		2.70802116394
3.25690722466		2.44922733307
3.25966000557		2.48474884033
3.26240706444		2.69279766083
3.2651591301		2.36296367645
3.26791620255		2.62683105469
3.27066111565		2.57608699799
3.27341222763		2.38326072693
3.27616000175		2.70802116394
3.27891016006		2.43907928467
3.28166103363		2.50504589081
3.28441214561		2.68264961243
3.28716206551		2.35788917542
3.28991508484		2.63698005676
3.29266214371		2.56593894958
3.29542016983		2.393409729
3.29817008972		2.71817016602
3.3009121418		2.42385578156
3.30366301537		2.52026939392
3.30641412735		2.67250061035
3.30916810036		2.35788917542
3.31191301346		2.6522026062
3.31466507912		2.54564094543
3.31741404533		2.40863323212
3.32016921043		2.71817016602
3.32291603088		2.41370677948
3.3256649971		2.53549194336
3.32849907875		2.6522026062
3.33116912842		2.35788917542
3.33391809464		2.66235160828
3.33666920662		2.53041744232
3.33942103386		2.41370677948
3.3421690464		2.71309566498
3.34491920471		2.40355873108
3.3476691246		2.55578994751
3.35042119026		2.6522026062
3.35317111015		2.35788917542
3.35592103004		2.68264961243
3.35867810249		2.52026939392
3.36142110825		2.42385578156
3.36417222023		2.71817016602
3.36692214012		2.393409729
3.36967420578		2.56593894958
3.372423172		2.63698005676
3.37517309189		2.35788917542
3.37793207169		2.68772315979
3.38067913055		2.49997138977
3.3834271431		2.44415378571
3.38617420197		2.71309566498
3.38892602921		2.38326072693
3.39167308807		2.58116149902
3.39442706108		2.62683105469
3.39717507362		2.36296367645
3.39993309975		2.69787216187
3.40267801285		2.48474884033
3.40542602539		2.45430183411
3.40818715096		2.70802116394
3.41092705727		2.37311172485
3.41367912292		2.5913105011
3.41642904282		2.60653305054
3.41918110847		2.36803817749
3.42192816734		2.7029466629
3.424680233		2.46952533722
3.42742919922		2.46952533722
3.43018102646		2.7029466629
3.43293309212		2.36296367645
3.43568015099		2.60653305054
3.43847107887		2.58623600006
3.44118118286		2.37818622589
3.44393205643		2.70802116394
3.44668221474		2.45430183411
3.44943404198		2.48474884033
3.45218420029		2.69279766083
3.4549331665		2.36296367645
3.45768404007		2.62683105469
3.46043419838		2.57608699799
3.46318507195		2.38326072693
3.46593999863		2.71309566498
3.46869206429		2.43907928467
3.47143721581		2.50504589081
3.47418618202		2.68772315979
3.47693514824		2.35788917542
3.47968816757		2.63698005676
3.48243713379		2.56593894958
3.48518800735		2.393409729
3.48796200752		2.71309566498
3.49068903923		2.42893028259
3.49343800545		2.52026939392
3.49619317055		2.67250061035
3.49894118309		2.35281467438
3.50168919563		2.6522026062
3.50444102287		2.55071544647
3.50719022751		2.40863323212
3.50994610786		2.72324466705
3.51269221306		2.41370677948
3.51544308662		2.53549194336
3.51820206642		2.66235160828
3.52094507217		2.35281467438
3.52369403839		2.66742610931
3.52644300461		2.53549194336
3.52919507027		2.41878128052
3.53194522858		2.71817016602
3.53469419479		2.40355873108
3.53744411469		2.55071544647
3.54019522667		2.6522026062
3.54294514656		2.35788917542
3.54569506645		2.67250061035
3.54848814011		2.51012039185
3.55120301247		2.42893028259
3.55394601822		2.71817016602
3.5566971302		2.393409729
3.55945014954		2.56593894958
3.56219911575		2.63698005676
3.5649471283		2.35788917542
3.56773114204		2.68772315979
3.57045006752		2.49997138977
3.5732011795		2.43907928467
3.57595205307		2.70802116394
3.57870101929		2.37818622589
3.5814511776		2.58116149902
3.58420205116		2.62683105469
3.58695101738		2.36296367645
3.58970117569		2.69279766083
3.59245300293		2.48474884033
3.59520506859		2.45430183411
3.59795212746		2.7029466629
3.60070300102		2.37311172485
3.60345315933		2.59638500214
3.60620212555		2.61160755157
3.60895609856		2.36803817749
3.6117041111		2.7029466629
3.61445403099		2.47459983826
3.61720514297		2.46952533722
3.61995601654		2.69787216187
3.62270402908		2.36803817749
3.62545704842		2.61160755157
3.62820911407		2.5913105011
3.63095712662		2.36803817749
3.63370800018		2.70802116394
3.63646411896		2.44922733307
3.63921022415		2.4898223877
3.64195919037		2.69279766083
3.64470815659		2.35788917542
3.64745807648		2.62175655365
3.65021300316		2.57608699799
3.65295910835		2.38326072693
3.65571022034		2.71309566498
3.65849518776		2.43907928467
3.66121220589		2.50504589081
3.66396212578		2.68264961243
3.66671204567		2.35788917542
3.66946315765		2.63698005676
3.67221713066		2.56086444855
3.67496299744		2.393409729
3.67772006989		2.71817016602
3.68046307564		2.42893028259
3.68321418762		2.51519489288
3.68596410751		2.67757511139
3.68872714043		2.35788917542
3.69146513939		2.64712810516
3.69421720505		2.54564094543
3.69696617126		2.39848423004
3.6997179985		2.71309566498
3.70246911049		2.41370677948
3.70521712303		2.53549194336
3.70797300339		2.66742610931
3.71071720123		2.35281467438
3.7134680748		2.66235160828
3.71621704102		2.53549194336
3.71897006035		2.41370677948
3.72172522545		2.71817016602
3.72447013855		2.40355873108
3.72722005844		2.55071544647
3.72997617722		2.6522026062
3.73272109032		2.35281467438
3.7354722023		2.67250061035
3.73822903633		2.51519489288
3.74097204208		2.42893028259
3.74372220039		2.71309566498
3.74647307396		2.393409729
3.74922609329		2.56086444855
3.75197601318		2.63698005676
3.75472402573		2.35788917542
3.75747418404		2.68772315979
3.76022815704		2.50504589081
3.76297402382		2.44415378571
3.76572418213		2.71817016602
3.76851201057		2.37818622589
3.77122712135		2.57608699799
3.77397608757		2.62683105469
3.77672719955		2.36296367645
3.77947711945		2.69279766083
3.78222608566		2.48474884033
3.78497600555		2.44922733307
3.78773522377		2.70802116394
3.79047822952		2.37311172485
3.79322814941		2.59638500214
3.79597711563		2.61160755157
3.79873108864		2.36803817749
3.80148005486		2.7029466629
3.80423021317		2.46952533722
3.80698513985		2.46445083618
3.80973505974		2.7029466629
3.81248021126		2.36803817749
3.8152320385		2.60653305054
3.8179872036		2.59638500214
3.8207321167		2.37311172485
3.82348203659		2.7029466629
3.82623410225		2.45937633514
3.82898902893		2.48474884033
3.83173322678		2.69279766083
3.83448505402		2.36296367645
3.83723521233		2.62175655365
3.83998513222		2.58116149902
3.84273505211		2.37818622589
3.84548616409		2.71309566498
3.84824109077		2.43907928467
3.85098600388		2.49997138977
3.85373616219		2.68264961243
3.85648703575		2.35788917542
3.85923910141		2.63698005676
3.86198711395		2.56593894958
3.86473703384		2.38833522797
3.8674890995		2.71309566498
3.87024021149		2.42893028259
3.87298822403		2.51519489288
3.87573814392		2.67757511139
3.87852716446		2.35281467438
3.88124108315		2.64712810516
3.88399100304		2.55071544647
3.88674020767		2.40355873108
3.88949513435		2.71817016602
3.89224815369		2.41370677948
3.89499211311		2.53041744232
3.89774918556		2.66235160828
3.90049314499		2.35788917542
3.903247118		2.66742610931
3.90600013733		2.53041744232
3.9087460041		2.41370677948
3.91149616241		2.71817016602
3.91424512863		2.40355873108
3.91699504852		2.54564094543
3.91974711418		2.6522026062
3.9224960804		2.35281467438
3.92524504662		2.67757511139
3.92800521851		2.51519489288
3.93074607849		2.42385578156
3.93349719048		2.71817016602
3.93624806404		2.393409729
3.93899822235		2.56593894958
3.9417681694		2.63698005676
3.94449806213		2.35788917542
3.94724917412		2.68264961243
3.95000720024		2.50504589081
3.95275115967		2.43400478363
3.95549917221		2.70802116394
3.95825815201		2.38326072693
3.96100020409		2.57608699799
3.96375012398		2.62683105469
3.96650004387		2.35788917542
3.96925401688		2.69279766083
3.97200202942		2.4898223877
3.97475123405		2.44922733307
3.97750902176		2.70802116394
3.98025512695		2.37311172485
3.9830031395		2.5913105011
3.98575305939		2.61160755157
3.98853611946		2.36803817749
3.99125409126		2.7029466629
3.99400401115		2.47459983826
3.99675512314		2.46445083618
3.9995071888		2.69787216187
4.00225520134		2.36803817749
4.00500512123		2.60653305054
4.00776219368		2.59638500214
4.01050806046		2.36803817749
4.013256073		2.70802116394
4.01600718498		2.45937633514
4.01876020432		2.48474884033
4.02150917053		2.69787216187
4.02426314354		2.36296367645
4.02701020241		2.62175655365
4.02977013588		2.57608699799
4.03251099586		2.37818622589
4.03525900841		2.70802116394
4.03801822662		2.43907928467
4.04076123238		2.49997138977
4.04351115227		2.68772315979
4.04626107216		2.35788917542
4.04901409149		2.63698005676
4.05176305771		2.56593894958
4.05451321602		2.38833522797
4.05726408958		2.71817016602
4.06001400948		2.42893028259
4.06277012825		2.51519489288
4.06551408768		2.67757511139
4.0682721138		2.35281467438
4.0710132122		2.64712810516
4.07376503944		2.55071544647
4.07651305199		2.40355873108
4.07926702499		2.71817016602
4.0820171833		2.41878128052
4.08476614952		2.53041744232
4.08751916885		2.66235160828
4.09026908875		2.35281467438
4.09301710129		2.65727710724
4.09576821327		2.53549194336
4.09860110283		2.42385578156
4.10126900673		2.71817016602
4.10402202606		2.40355873108
4.10676908493		2.54564094543
4.10952115059		2.6522026062
4.11227416992		2.35788917542
4.11501908302		2.67250061035
4.11777710915		2.51519489288
4.12052202225		2.42385578156
4.12327122688		2.71817016602
4.12602114677		2.38833522797
4.12877416611		2.56086444855
4.13152217865		2.6420545578
4.13427209854		2.35788917542
4.1370241642		2.68264961243
4.13977503777		2.50504589081
4.14252305031		2.43907928467
4.14527511597		2.71309566498
4.14803910255		2.38326072693
4.15077400208		2.57608699799
4.15352606773		2.62683105469
4.15627622604		2.35788917542
4.15902614594		2.69279766083
4.16177606583		2.4898223877
4.16452622414		2.45430183411
4.1672770977		2.70802116394
4.17002820969		2.37311172485
4.1727771759		2.5913105011
4.17552804947		2.61160755157
4.17828607559		2.36803817749
4.18103003502		2.7029466629
4.18377804756		2.47459983826
4.18653011322		2.46445083618
4.18928313255		2.7029466629
4.19202899933		2.36803817749
4.19478011131		2.60145950317
4.19753217697		2.58623600006
4.20028805733		2.37311172485
4.20303201675		2.70802116394
4.20578122139		2.45937633514
4.20856618881		2.48474884033
4.21128416061		2.69279766083
4.21403408051		2.36296367645
4.2167840004		2.62175655365
4.21953606606		2.58116149902
4.22228503227		2.38326072693
4.22503399849		2.71309566498
4.22778606415		2.43907928467
4.23053407669		2.49489688873
4.23329210281		2.68264961243
4.23603701591		2.35788917542
4.2387881279		2.63190555573
4.24153709412		2.56593894958
4.2442882061		2.38833522797
4.24703907967		2.71817016602
4.24978899956		2.42893028259
4.25253915787		2.51012039185
4.25528812408		2.67757511139
4.25804805756		2.35281467438
4.26079010963		2.64712810516
4.26354217529		2.55071544647
4.26629209518		2.39848423004
4.26904201508		2.71309566498
4.27179312706		2.41878128052
4.27454304695		2.53041744232
4.27729415894		2.66235160828
4.28004622459		2.35281467438
4.28279209137		2.66235160828
4.28554320335		2.53549194336
4.28830122948		2.40863323212
4.29104304314		2.71817016602
4.2937951088		2.40355873108
4.29654502869		2.54564094543
4.29929709435		2.6522026062
4.30204415321		2.35788917542
4.30479717255		2.67250061035
4.30754518509		2.51012039185
4.31030106544		2.42385578156
4.31304717064		2.71309566498
4.31579709053		2.393409729
4.31856012344		2.56086444855
4.32129907608		2.6420545578
4.32404708862		2.35281467438
4.32680010796		2.68264961243
4.32955121994		2.50504589081
4.33230018616		2.43400478363
4.3350481987		2.71309566498
4.3378071785		2.38326072693
4.34055018425		2.57608699799
4.34330201149		2.62683105469
4.34604907036		2.36296367645
4.34880208969		2.69279766083
4.35155105591		2.4898223877
4.35430216789		2.44922733307
4.35705208778		2.70802116394
4.35980319977		2.37818622589
4.36255502701		2.58623600006
4.36530804634		2.61160755157
4.368060112		2.36803817749
4.37080407143		2.69787216187
4.37355422974		2.47459983826
4.37630915642		2.46445083618
4.37905716896		2.69787216187
4.3818051815		2.36296367645
4.38455510139		2.60145950317
4.38730621338		2.59638500214
4.39005613327		2.36803817749
4.39280700684		2.7029466629
4.39555907249		2.45937633514
4.39831519127		2.48474884033
4.4010591507		2.69787216187
4.40381407738		2.36296367645
4.4065592289		2.61668205261
4.40931105614		2.58116149902
4.41205906868		2.37818622589
4.41480922699		2.71309566498
4.41756010056		2.43400478363
4.420317173		2.49997138977
4.42306113243		2.68264961243
4.425812006		2.35788917542
4.42858409882		2.63698005676
4.43131303787		2.56593894958
4.43406414986		2.38833522797
4.43681311607		2.71309566498
4.43956708908		2.42893028259
4.44231319427		2.51519489288
4.44506502151		2.67757511139
4.44782018661		2.35281467438
4.45056509972		2.6522026062
4.45331811905		2.55071544647
4.45606803894		2.39848423004
4.45881700516		2.71309566498
4.46156716347		2.41878128052
4.46431922913		2.52534389496
4.46706700325		2.66742610931
4.46982002258		2.35788917542
4.47256922722		2.66235160828
4.47531914711		2.5405664444
4.47807502747		2.41370677948
4.48081922531		2.71309566498
4.48356699944		2.40355873108
4.48632001877		2.54564094543
4.48907899857		2.65727710724
4.49182009697		2.35281467438
4.49457120895		2.67250061035
4.49732017517		2.52534389496
4.50007104874		2.42385578156
4.5028231144		2.71309566498
4.50557422638		2.393409729
4.50833106041		2.55578994751
4.51107311249		2.6420545578
4.51382303238		2.35788917542
4.51657319069		2.68264961243
4.51932621002		2.50504589081
4.52207612991		2.43907928467
4.5248260498		2.71309566498
4.52757716179		2.37818622589
4.53032708168		2.57101249695
4.5330760479		2.62683105469
4.53582715988		2.35788917542
4.538585186		2.69279766083
4.54132604599		2.4898223877
4.54407715797		2.44922733307
4.54682612419		2.70802116394
4.54957914352		2.37311172485
4.55233216286		2.5913105011
4.55507802963		2.61668205261
4.55783605576		2.36803817749
4.56057906151		2.69787216187
4.56333017349		2.47459983826
4.56607913971		2.46445083618
4.56883311272		2.7029466629
4.57158017159		2.36803817749
4.57433819771		2.60653305054
4.57708215714		2.59638500214
4.5798330307		2.37311172485
4.58258414268		2.7029466629
4.5853331089		2.45937633514
4.58809018135		2.47967433929
4.59083509445		2.69787216187
4.59358310699		2.36296367645
4.59633207321		2.61668205261
4.59908509254		2.58623600006
4.60183501244		2.37818622589
4.60458517075		2.71309566498
4.60733604431		2.44415378571
4.6100871563		2.49489688873
4.61283516884		2.68772315979
4.61558914185		2.35281467438
4.61834406853		2.63190555573
4.62108612061		2.56593894958
4.6238360405		2.38326072693
4.62658810616		2.70802116394
4.62934422493		2.43400478363
4.63209199905		2.50504589081
4.63483905792		2.67757511139
4.63759112358		2.35281467438
4.64034318924		2.6420545578
4.64309215546		2.55071544647
4.645840168		2.39848423004
4.64859700203		2.71817016602
4.65134215355		2.41878128052
4.65409207344		2.52534389496
4.65684318542		2.66742610931
4.65959906578		2.35281467438
4.66234207153		2.65727710724
4.66509103775		2.53549194336
4.66784906387		2.40863323212
4.6705930233		2.71817016602
4.67334413528		2.40863323212
4.67609405518		2.54564094543
4.67884612083		2.6522026062
4.68159508705		2.35788917542
4.68434619904		2.67250061035
4.68709611893		2.52534389496
4.68985319138		2.42385578156
4.69259810448		2.71309566498
4.69534921646		2.39848423004
4.69810509682		2.56086444855
4.70084810257		2.6420545578
4.70359921455		2.35788917542
4.70634818077		2.68264961243
4.70910000801		2.50504589081
4.71184921265		2.43400478363
4.71460008621		2.71817016602
4.7173511982		2.38833522797
4.72010111809		2.57101249695
4.7228500843		2.62683105469
4.72560119629		2.35788917542
4.72836112976		2.68772315979
4.7311000824		2.49489688873
4.73385214806		2.44922733307
4.73660206795		2.71309566498
4.73935604095		2.37311172485
4.74210214615		2.58623600006
4.7448580265		2.61160755157
4.74760317802		2.37311172485
4.75035905838		2.69787216187
4.75310611725		2.47459983826
4.75585603714		2.46445083618
4.75861120224		2.7029466629
4.76135516167		2.36803817749
4.76410508156		2.60145950317
4.76685905457		2.60145950317
4.76960802078		2.37311172485
4.77235817909		2.7029466629
4.77510809898		2.45937633514
4.77786612511		2.47967433929
4.78060722351		2.69279766083
4.78335905075		2.36296367645
4.78610801697		2.61668205261
4.7888610363		2.58623600006
4.79161119461		2.37818622589
4.7943611145		2.70802116394
4.79710912704		2.44415378571
4.79986214638		2.49489688873
4.80261111259		2.68772315979
4.80535912514		2.35788917542
4.80812120438		2.63190555573
4.81086301804		2.57101249695
4.81361317635		2.38326072693
4.81636309624		2.71309566498
4.8191151619		2.43400478363
4.82186412811		2.51012039185
4.82461619377		2.67757511139
4.82736515999		2.35281467438
4.83012104034		2.6420545578
4.83286714554		2.55071544647
4.83561611176		2.39848423004
4.83837223053		2.71817016602
4.84111499786		2.41878128052
4.84386610985		2.52534389496
4.84661722183		2.66742610931
4.8493680954		2.35281467438
4.85211706161		2.65727710724
4.85486721992		2.53549194336
4.85761809349		2.40863323212
4.86037015915		2.71817016602
4.86312007904		2.40863323212
4.86586904526		2.5405664444
4.86862707138		2.65727710724
4.87137007713		2.35281467438
4.87411999702		2.67250061035
4.87687015533		2.52534389496
4.87962317467		2.41878128052
4.88237214088		2.71309566498
4.8851211071		2.393409729
4.88787722588		2.55578994751
4.89062404633		2.6420545578
4.89337301254		2.35788917542
4.89612317085		2.68264961243
4.89887499809		2.51012039185
4.90162611008		2.43400478363
4.90437912941		2.71817016602
4.90712618828		2.38326072693
4.90987706184		2.57101249695
4.91262602806		2.62683105469
4.91538214684		2.36296367645
4.91813111305		2.68772315979
4.92087602615		2.49489688873
4.92362713814		2.44922733307
4.9263780117		2.70802116394
4.92912817001		2.37818622589
4.9318780899		2.58623600006
4.93462920189		2.61668205261
4.93737912178		2.36296367645
4.94012904167		2.69787216187
4.94287800789		2.47459983826
4.94563007355		2.45937633514
4.94838118553		2.7029466629
4.95113110542		2.36803817749
4.95387911797		2.60145950317
4.9566321373		2.60145950317
4.95938301086		2.37311172485
4.9621322155		2.7029466629
4.96488022804		2.45937633514
4.96763205528		2.48474884033
4.97038507462		2.69279766083
4.97313308716		2.36296367645
4.97588300705		2.61160755157
4.97864103317		2.58623600006
4.98138523102		2.37818622589
4.98413610458		2.71309566498
4.9868850708		2.44922733307
4.98963713646		2.49489688873
4.99238801003		2.68772315979
4.99513506889		2.35788917542
4.99789309502		2.63190555573
