0.000124931335449		2.39848423004
0.00267100334167		2.63190555573
0.00529885292053		2.51519489288
0.00792384147644		2.49997138977
0.0105438232422		2.6420545578
0.0131688117981		2.393409729
0.0157959461212		2.68772315979
0.0184888839722		2.39848423004
0.0210428237915		2.62175655365
0.0236818790436		2.52026939392
0.0262939929962		2.4898223877
0.0289278030396		2.63698005676
0.0315477848053		2.393409729
0.0341689586639		2.68772315979
0.0367949008942		2.40355873108
0.0394279956818		2.62175655365
0.0420467853546		2.52026939392
0.0446748733521		2.48474884033
0.047297000885		2.64712810516
0.0499289035797		2.38833522797
0.0525798797607		2.68772315979
0.0551769733429		2.40863323212
0.0577998161316		2.61668205261
0.0604259967804		2.52534389496
0.0630497932434		2.48474884033
0.0656728744507		2.64712810516
0.0683588981628		2.393409729
0.0709338188171		2.68772315979
0.0735569000244		2.40863323212
0.076183795929		2.61160755157
0.0788109302521		2.53041744232
0.0814337730408		2.47459983826
0.084056854248		2.64712810516
0.0866839885712		2.38833522797
0.0893127918243		2.68772315979
0.091933965683		2.41370677948
0.0945608615875		2.60653305054
0.0971858501434		2.53549194336
0.0998117923737		2.47459983826
0.102435827255		2.6522026062
0.105062961578		2.38326072693
0.107695817947		2.68264961243
0.110311985016		2.41370677948
0.112939834595		2.60145950317
0.115565776825		2.53549194336
0.118195772171		2.46952533722
0.120815992355		2.6522026062
0.123443841934		2.38326072693
0.126064777374		2.68264961243
0.128691911697		2.41878128052
0.131313800812		2.59638500214
0.133945941925		2.5405664444
0.136566877365		2.46445083618
0.139191865921		2.65727710724
0.141816854477		2.38326072693
0.144441843033		2.68264961243
0.147065877914		2.42385578156
0.149693965912		2.59638500214
0.152316808701		2.54564094543
0.154945850372		2.46445083618
0.157567977905		2.64712810516
0.160320997238		2.393409729
0.162943840027		2.68772315979
0.165568828583		2.41370677948
0.168202877045		2.60653305054
0.170821905136		2.53041744232
0.17344379425		2.47459983826
0.176070928574		2.6522026062
0.178696870804		2.38326072693
0.181322813034		2.68264961243
0.183948993683		2.41878128052
0.186572790146		2.60145950317
0.189197778702		2.53549194336
0.191825866699		2.46952533722
0.194447994232		2.6522026062
0.197072982788		2.38326072693
0.199708938599		2.68264961243
0.202323913574		2.41878128052
0.204950809479		2.59638500214
0.20757484436		2.53041744232
0.210200786591		2.46952533722
0.212825775146		2.65727710724
0.215456008911		2.38326072693
0.218082904816		2.68264961243
0.220700979233		2.42385578156
0.223325967789		2.59638500214
0.22595000267		2.54564094543
0.228579998016		2.46445083618
0.231206893921		2.65727710724
0.233830928802		2.38326072693
0.236455917358		2.68264961243
0.239081859589		2.41878128052
0.241703987122		2.5913105011
0.244327783585		2.54564094543
0.246957778931		2.46445083618
0.249585866928		2.66235160828
0.252206802368		2.38326072693
0.254829883575		2.68264961243
0.25745677948		2.42385578156
0.260082006454		2.58623600006
0.26270699501		2.54564094543
0.265331983566		2.45937633514
0.267963886261		2.66235160828
0.270583868027		2.37818622589
0.273206949234		2.67757511139
0.275834798813		2.42893028259
0.278465986252		2.58623600006
0.281085968018		2.55578994751
0.283710956573		2.44922733307
0.286334991455		2.66235160828
0.288962841034		2.37818622589
0.291584968567		2.67757511139
0.294212818146		2.42893028259
0.296844005585		2.58116149902
0.29946398735		2.56086444855
0.302087783813		2.44922733307
0.304711818695		2.66742610931
0.307334899902		2.37818622589
0.309963941574		2.67757511139
0.31258893013		2.43400478363
0.315213918686		2.57608699799
0.31784081459		2.56086444855
0.320469856262		2.44415378571
0.323089838028		2.67250061035
0.325715780258		2.37818622589
0.328393936157		2.67757511139
0.330964803696		2.43907928467
0.333592891693		2.57101249695
0.336217880249		2.56593894958
0.338844776154		2.43907928467
0.341467857361		2.67250061035
0.344092845917		2.38326072693
0.346717834473		2.67757511139
0.349343776703		2.43907928467
0.351969957352		2.56593894958
0.354594945908		2.57101249695
0.357218980789		2.43907928467
0.359851837158		2.67250061035
0.36247086525		2.37818622589
0.365095853806		2.67250061035
0.367731809616		2.43907928467
0.370347976685		2.56593894958
0.372970819473		2.57608699799
0.375600814819		2.43400478363
0.378237009048		2.67250061035
0.380847930908		2.38326072693
0.383474826813		2.67250061035
0.386096000671		2.44922733307
0.388724803925		2.55578994751
0.391363859177		2.57608699799
0.393975973129		2.43400478363
0.396600961685		2.67757511139
0.39922785759		2.37818622589
0.401850938797		2.66742610931
0.404476881027		2.45430183411
0.407102823257		2.55578994751
0.409729003906		2.58623600006
0.412352800369		2.42385578156
0.414976835251		2.67757511139
0.417602777481		2.37818622589
0.420231819153		2.66742610931
0.42285490036		2.45430183411
0.425478935242		2.55071544647
0.428113937378		2.58623600006
0.430729866028		2.42385578156
0.433354854584		2.68264961243
0.435981988907		2.37818622589
0.438606977463		2.66235160828
0.441231966019		2.45937633514
0.4438560009		2.54564094543
0.446482896805		2.5913105011
0.449111938477		2.42385578156
0.451730966568		2.67757511139
0.454358816147		2.38326072693
0.456984996796		2.66235160828
0.45961689949		2.46445083618
0.462234973907		2.5405664444
0.464859962463		2.5913105011
0.467483997345		2.42385578156
0.470111846924		2.68264961243
0.47273683548		2.38326072693
0.475360870361		2.65727710724
0.477992773056		2.46445083618
0.480609893799		2.5405664444
0.483237981796		2.59638500214
0.485861778259		2.41878128052
0.488492965698		2.68264961243
0.491114854813		2.38326072693
0.493738889694		2.6522026062
0.496364831924		2.46952533722
0.498990774155		2.5405664444
0.501616001129		2.60145950317
0.504238843918		2.41370677948
0.506864786148		2.68264961243
0.509491920471		2.38326072693
0.512115001678		2.6522026062
0.514739990234		2.46952533722
0.517365932465		2.53041744232
0.519995927811		2.60653305054
0.522616863251		2.41370677948
0.525241851807		2.68264961243
0.527876853943		2.38833522797
0.530497789383		2.64712810516
0.533118963242		2.47967433929
0.535749912262		2.53041744232
0.538452863693		2.59638500214
0.541013002396		2.41370677948
0.543618917465		2.68772315979
0.546243906021		2.38326072693
0.548873901367		2.64712810516
0.551495790482		2.47967433929
0.554119825363		2.52026939392
0.556746959686		2.61160755157
0.559373855591		2.40355873108
0.561997890472		2.68772315979
0.564622879028		2.38833522797
0.567248821259		2.6420545578
0.569875001907		2.4898223877
0.572497844696		2.52026939392
0.575125932693		2.61668205261
0.577758789062		2.40355873108
0.580375909805		2.68264961243
0.583003997803		2.38833522797
0.585626840591		2.6420545578
0.588293790817		2.48474884033
0.590874910355		2.51519489288
0.593499898911		2.62175655365
0.596126794815		2.40355873108
0.598752975464		2.68772315979
0.601376771927		2.38833522797
0.604001998901		2.63190555573
0.606628894806		2.49489688873
0.609256982803		2.51012039185
0.611879825592		2.62683105469
0.614507913589		2.39848423004
0.617130994797		2.68264961243
0.619756937027		2.393409729
0.622385978699		2.63190555573
0.625005960464		2.49997138977
0.627629995346		2.52026939392
0.630259990692		2.62683105469
0.632881879807		2.39848423004
0.635507822037		2.68772315979
0.638141870499		2.393409729
0.640758991241		2.62683105469
0.643383979797		2.50504589081
0.646008968353		2.49997138977
0.648639917374		2.63190555573
0.651258945465		2.393409729
0.65388584137		2.68772315979
0.656509876251		2.40355873108
0.659136772156		2.62683105469
0.661759853363		2.51012039185
0.664386987686		2.49489688873
0.667010784149		2.63190555573
0.669636964798		2.393409729
0.672261953354		2.68772315979
0.674888849258		2.393409729
0.67751288414		2.62683105469
0.680139780045		2.51012039185
0.682765007019		2.4898223877
0.685387849808		2.63698005676
0.688022851944		2.38833522797
0.690640926361		2.68772315979
0.693264961243		2.40355873108
0.695894002914		2.62175655365
0.698522806168		2.52026939392
0.70113992691		2.4898223877
0.703772783279		2.6420545578
0.706393003464		2.39848423004
0.709023952484		2.68264961243
0.711645841599		2.40355873108
0.714266777039		2.61668205261
0.716892957687		2.52026939392
0.719519853592		2.48474884033
0.722142934799		2.6420545578
0.724768877029		2.38833522797
0.727391958237		2.68264961243
0.730023860931		2.40355873108
0.732643842697		2.61160755157
0.73527097702		2.52534389496
0.737903833389		2.47967433929
0.740522861481		2.64712810516
0.743148803711		2.38833522797
0.74576997757		2.68264961243
0.748406887054		2.40863323212
0.751020908356		2.60653305054
0.753648996353		2.53041744232
0.756273984909		2.47459983826
0.758900880814		2.6522026062
0.761523008347		2.38326072693
0.764149904251		2.68772315979
0.766774892807		2.41370677948
0.769403934479		2.60653305054
0.772025823593		2.53549194336
0.774649858475		2.46952533722
0.777275800705		2.64712810516
0.779901981354		2.38833522797
0.782524824142		2.68264961243
0.785158872604		2.41370677948
0.78778386116		2.60145950317
0.790402889252		2.53549194336
0.793027877808		2.46445083618
0.795654773712		2.6522026062
0.798317909241		2.38326072693
0.80090379715		2.67757511139
0.803527832031		2.41878128052
0.806155920029		2.59638500214
0.808780908585		2.5405664444
0.811406850815		2.45937633514
0.814047813416		2.65727710724
0.816655874252		2.38326072693
0.819283008575		2.68264961243
0.821906805038		2.42385578156
0.824532985687		2.5913105011
0.82715678215		2.54564094543
0.829782962799		2.45937633514
0.832407951355		2.66235160828
0.835032939911		2.37818622589
0.837686777115		2.68264961243
0.840284824371		2.42385578156
0.842909812927		2.58623600006
0.845533847809		2.55071544647
0.848158836365		2.45430183411
0.850785970688		2.66235160828
0.853412866592		2.38326072693
0.856040000916		2.67757511139
0.858663797379		2.42893028259
0.86128783226		2.58623600006
0.863912820816		2.55578994751
0.866540908813		2.45430183411
0.869163990021		2.66742610931
0.871797800064		2.38326072693
0.87441277504		2.68264961243
0.877038955688		2.42893028259
0.879664897919		2.58116149902
0.882290840149		2.56086444855
0.884914875031		2.44415378571
0.887539863586		2.66742610931
0.890167951584		2.37818622589
0.892790794373		2.67757511139
0.89541387558		2.42893028259
0.898047924042		2.57608699799
0.900668859482		2.56086444855
0.903292894363		2.44415378571
0.905916929245		2.66742610931
0.90855383873		2.37818622589
0.911170005798		2.67250061035
0.913793802261		2.43907928467
0.916418790817		2.57608699799
0.919047832489		2.57101249695
0.921672821045		2.43907928467
0.924294948578		2.67250061035
0.926919937134		2.37818622589
0.929548978806		2.67757511139
0.932173967361		2.43907928467
0.934795856476		2.57101249695
0.937422990799		2.56593894958
0.940051794052		2.43907928467
0.942672967911		2.67250061035
0.945295810699		2.37818622589
0.947934865952		2.66742610931
0.950548887253		2.44415378571
0.953174829483		2.56086444855
0.95579791069		2.57608699799
0.958428859711		2.43400478363
0.961050987244		2.67757511139
0.963674783707		2.37818622589
0.966299772263		2.66742610931
0.96892786026		2.44415378571
0.971550941467		2.56086444855
0.974175930023		2.57608699799
0.976801872253		2.43400478363
0.979429006577		2.67757511139
0.98205280304		2.37818622589
0.984678983688		2.66742610931
0.987305879593		2.44922733307
0.989928007126		2.55578994751
0.992553949356		2.58116149902
0.995178937912		2.42893028259
0.997811794281		2.67757511139
1.00042891502		2.37818622589
1.00305485725		2.66235160828
1.00568079948		2.45430183411
1.00835490227		2.55578994751
1.0109307766		2.58623600006
1.01355695724		2.42385578156
1.0161819458		2.67757511139
1.01880788803		2.37818622589
1.02143192291		2.66235160828
1.02405786514		2.45937633514
1.0266828537		2.54564094543
1.02931594849		2.5913105011
1.03194093704		2.42385578156
1.03455877304		2.68264961243
1.03718590736		2.37818622589
1.0398209095		2.66235160828
1.04243588448		2.46445083618
1.04506278038		2.54564094543
1.0476899147		2.59638500214
1.05031180382		2.41878128052
1.05293798447		2.68264961243
1.0555639267		2.38326072693
1.05819392204		2.65727710724
1.06081390381		2.46445083618
1.06343698502		2.5405664444
1.06606984138		2.60145950317
1.06869292259		2.41878128052
1.0713160038		2.68264961243
1.07394099236		2.38326072693
1.07656598091		2.65727710724
1.07919383049		2.46952533722
1.08181595802		2.53041744232
1.08444190025		2.60145950317
1.08706688881		2.41370677948
1.08969283104		2.68264961243
1.0923178196		2.38326072693
1.09494185448		2.6522026062
1.0975689888		2.46445083618
1.10019493103		2.53041744232
1.10281896591		2.60653305054
1.10544300079		2.41370677948
1.10807585716		2.68264961243
1.11069989204		2.38326072693
1.11332178116		2.64712810516
1.11594581604		2.47967433929
1.11857295036		2.52534389496
1.12119698524		2.61160755157
1.12382292747		2.40863323212
1.12644696236		2.68772315979
1.12907385826		2.38833522797
1.13169693947		2.6420545578
1.1343228817		2.48474884033
1.13694882393		2.52534389496
1.13957595825		2.61668205261
1.14219784737		2.40355873108
1.14482498169		2.68772315979
1.14744997025		2.38326072693
1.15007781982		2.6420545578
1.15269994736		2.4898223877
1.15532493591		2.51519489288
1.15795898438		2.61668205261
1.16057682037		2.40355873108
1.16320085526		2.68772315979
1.16582679749		2.38833522797
1.16845679283		2.63698005676
1.17107796669		2.49489688873
1.17370486259		2.51012039185
1.17632889748		2.62175655365
1.17895483971		2.40355873108
1.18157982826		2.68772315979
1.18420290947		2.393409729
1.18683099747		2.63698005676
1.1894569397		2.49997138977
1.19208788872		2.51012039185
1.19470691681		2.62175655365
1.19733095169		2.39848423004
1.19995689392		2.68772315979
1.20258188248		2.393409729
1.20520687103		2.63190555573
1.20784783363		2.49489688873
1.21045684814		2.50504589081
1.21308279037		2.62683105469
1.21571278572		2.39848423004
1.21841883659		2.68264961243
1.2210829258		2.38833522797
1.22371077538		2.6420545578
1.22633385658		2.48474884033
1.22896289825		2.52026939392
1.23158597946		2.61668205261
1.23421192169		2.40863323212
1.23683691025		2.68264961243
1.23946499825		2.38833522797
1.2420899868		2.6420545578
1.24471378326		2.4898223877
1.24733686447		2.51519489288
1.24996685982		2.61668205261
1.25258898735		2.40355873108
1.25521683693		2.68772315979
1.25783896446		2.393409729
1.26046395302		2.63698005676
1.26308894157		2.49489688873
1.26571583748		2.51012039185
1.26839089394		2.61160755157
1.27096700668		2.39848423004
1.2735979557		2.68264961243
1.27621483803		2.393409729
1.27883887291		2.63190555573
1.28145980835		2.49997138977
1.28408384323		2.50504589081
1.28671097755		2.62175655365
1.28934693336		2.40355873108
1.29196596146		2.68772315979
1.29459190369		2.39848423004
1.29721879959		2.63190555573
1.29984593391		2.49997138977
1.3024699688		2.50504589081
1.30509281158		2.63190555573
1.30772686005		2.39848423004
1.31034398079		2.68264961243
1.31297183037		2.393409729
1.31559491158		2.63190555573
1.31822299957		2.50504589081
1.32084798813		2.49997138977
1.32347178459		2.63190555573
1.32609796524		2.393409729
1.32872390747		2.68772315979
1.33134579659		2.393409729
1.33397293091		2.62175655365
1.33660078049		2.51012039185
1.33922481537		2.49489688873
1.34184885025		2.63190555573
1.34447479248		2.38833522797
1.34709787369		2.68772315979
1.34972786903		2.39848423004
1.35235095024		2.62175655365
1.35497999191		2.51519489288
1.35760188103		2.49997138977
1.36022782326		2.63698005676
1.36285400391		2.38833522797
1.36547684669		2.68772315979
1.36811280251		2.39848423004
1.37072682381		2.61668205261
1.37335300446		2.52026939392
1.37598085403		2.48474884033
1.37860488892		2.6420545578
1.3812289238		2.38326072693
1.38388895988		2.68264961243
1.38648080826		2.40863323212
1.38910794258		2.61160755157
1.39173078537		2.52534389496
1.39435386658		2.48474884033
1.39698195457		2.64712810516
1.39960885048		2.38833522797
1.40223288536		2.68772315979
1.40485596657		2.40355873108
1.4074819088		2.61160755157
1.41010785103		2.52534389496
1.41273283958		2.47967433929
1.41535997391		2.64712810516
1.4179918766		2.38326072693
1.42061090469		2.68264961243
1.42323684692		2.40863323212
1.42585778236		2.60653305054
1.42849087715		2.53041744232
1.43111300468		2.46952533722
1.43373680115		2.6522026062
1.43636894226		2.38326072693
1.4389898777		2.68264961243
1.44161081314		2.40863323212
1.4442358017		2.60145950317
1.44686198235		2.53549194336
1.44949483871		2.46952533722
1.45211291313		2.6522026062
1.45474100113		2.38326072693
1.45736479759		2.68264961243
1.45999193192		2.41878128052
1.4626147747		2.59638500214
1.46524190903		2.54564094543
1.46787285805		2.46445083618
1.47049093246		2.65727710724
1.47311592102		2.38326072693
1.47574090958		2.67757511139
1.47840499878		2.41370677948
1.48099184036		2.5913105011
1.48361682892		2.5405664444
1.48624300957		2.45937633514
1.48887181282		2.65727710724
1.49149394035		2.38326072693
1.49412083626		2.68264961243
1.49674582481		2.41878128052
1.49937081337		2.58623600006
1.50199484825		2.55071544647
1.50461983681		2.45430183411
1.50724577904		2.66235160828
1.50987291336		2.37818622589
1.51249599457		2.68264961243
1.5151219368		2.42385578156
1.51775979996		2.58623600006
1.52037286758		2.55578994751
1.52299690247		2.44922733307
1.5256228447		2.66235160828
1.52833199501		2.38326072693
1.53087592125		2.67757511139
1.53349900246		2.42385578156
1.53612399101		2.58116149902
1.53875088692		2.55578994751
1.5413749218		2.44922733307
1.54400491714		2.66742610931
1.54662489891		2.37818622589
1.54925298691		2.67757511139
1.55187988281		2.42893028259
1.55450296402		2.57608699799
1.55712580681		2.56086444855
1.55975484848		2.44922733307
1.56237792969		2.66742610931
1.56500291824		2.37818622589
1.5676279068		2.68264961243
1.5702559948		2.43400478363
1.57288098335		2.57608699799
1.57550382614		2.56593894958
1.5781378746		2.44415378571
1.58075594902		2.66742610931
1.5833799839		2.37818622589
1.58600497246		2.67250061035
1.58863186836		2.43907928467
1.59126091003		2.57101249695
1.59388184547		2.56593894958
1.59650588036		2.43907928467
1.59913897514		2.67250061035
1.60175800323		2.37818622589
1.60438299179		2.67250061035
1.60700678825		2.43907928467
1.60963582993		2.56593894958
1.61225795746		2.57101249695
1.61488389969		2.43400478363
1.61750888824		2.67250061035
1.62013888359		2.37818622589
1.62275981903		2.67250061035
1.62538695335		2.44922733307
1.62801790237		2.56086444855
1.63063693047		2.57608699799
1.63326096535		2.43400478363
1.63588690758		2.67757511139
1.63851881027		2.37818622589
1.64113783836		2.66742610931
1.64376187325		2.44922733307
1.64638900757		2.55578994751
1.64902186394		2.57608699799
1.65163993835		2.42893028259
1.65426492691		2.67757511139
1.65688991547		2.37818622589
1.6595158577		2.66235160828
1.66213989258		2.44922733307
1.66476583481		2.55071544647
1.66739177704		2.58623600006
1.67001795769		2.42893028259
1.67264294624		2.67757511139
1.67526578903		2.37818622589
1.67789983749		2.66235160828
1.68052697182		2.45430183411
1.68314290047		2.55071544647
1.6857688427		2.5913105011
1.68840193748		2.42385578156
1.69102096558		2.67757511139
1.69364500046		2.38326072693
1.69626998901		2.66235160828
1.69889879227		2.45937633514
1.7015209198		2.54564094543
1.7041490078		2.5913105011
1.70677185059		2.41878128052
1.70939779282		2.68264961243
1.71202397346		2.37818622589
1.71464681625		2.65727710724
1.7172729969		2.46445083618
1.71990799904		2.5405664444
1.72252488136		2.59638500214
1.72514796257		2.41878128052
1.72778081894		2.67757511139
1.73039984703		2.38833522797
1.73302483559		2.6522026062
1.73565077782		2.46445083618
1.7383658886		2.55071544647
1.74102687836		2.58116149902
1.74365496635		2.42893028259
1.74627780914		2.67757511139
1.7489027977		2.37818622589
1.75152778625		2.66235160828
1.75415277481		2.45430183411
1.75677680969		2.55071544647
1.75940394402		2.58623600006
1.76204800606		2.42893028259
1.7646548748		2.67757511139
1.7672829628		2.37818622589
1.76990485191		2.66235160828
1.77253198624		2.45937633514
1.7751557827		2.54564094543
1.77778983116		2.5913105011
1.78040599823		2.42385578156
1.78303194046		2.68264961243
1.78566479683		2.37818622589
1.78832483292		2.66235160828
1.7909078598		2.46445083618
1.79353380203		2.5405664444
1.79615879059		2.59638500214
1.79878592491		2.42385578156
1.80140995979		2.68264961243
1.80403590202		2.37818622589
1.8066599369		2.65727710724
1.80928683281		2.46445083618
1.81191086769		2.5405664444
1.81453585625		2.60145950317
1.81715893745		2.41370677948
1.81979179382		2.68264961243
1.82241296768		2.38326072693
1.82503890991		2.6522026062
1.82769489288		2.46445083618
1.83028793335		2.53549194336
1.83291292191		2.60145950317
1.83553695679		2.41370677948
1.83817100525		2.68264961243
1.84079098701		2.38326072693
1.84341883659		2.6522026062
1.84603977203		2.47967433929
1.8486700058		2.53041744232
1.85129094124		2.60653305054
1.85391592979		2.41370677948
1.85654091835		2.68264961243
1.8591709137		2.38833522797
1.86179280281		2.64712810516
1.86442089081		2.47967433929
1.86704277992		2.52534389496
1.86967086792		2.60653305054
1.87229299545		2.40863323212
1.87491989136		2.68264961243
1.87754583359		2.38326072693
1.88017177582		2.64712810516
1.8827958107		2.47967433929
1.88542199135		2.52026939392
1.88805580139		2.61160755157
1.89067077637		2.40355873108
1.89329600334		2.68772315979
1.89593100548		2.38833522797
1.89855289459		2.64712810516
1.90117287636		2.48474884033
1.90379786491		2.51519489288
1.90642499924		2.61668205261
1.90906000137		2.40355873108
1.91167378426		2.68772315979
1.9142999649		2.38833522797
1.91692399979		2.6420545578
1.91955494881		2.49489688873
1.9221739769		2.51012039185
1.92480683327		2.61668205261
1.92742800713		2.40863323212
1.93005490303		2.68264961243
1.93267679214		2.38833522797
1.93530297279		2.63698005676
1.93793797493		2.49489688873
1.94055485725		2.50504589081
1.94317984581		2.62175655365
1.94580483437		2.39848423004
1.94843792915		2.68772315979
1.95105481148		2.38833522797
1.95367884636		2.63190555573
1.95630693436		2.49997138977
1.95892977715		2.50504589081
1.96155500412		2.62683105469
1.96417999268		2.39848423004
1.96680498123		2.68772315979
1.96943283081		2.393409729
1.97205686569		2.62683105469
1.9746799469		2.50504589081
1.97730588913		2.49997138977
1.97993278503		2.63190555573
1.98255777359		2.393409729
1.98518300056		2.68264961243
1.98781585693		2.39848423004
1.99043488503		2.62175655365
1.99306297302		2.51012039185
1.99568581581		2.49997138977
1.99834990501		2.62683105469
2.00093698502		2.393409729
2.0035598278		2.68772315979
2.00620388985		2.39848423004
2.00881481171		2.62683105469
2.01143693924		2.51012039185
2.01406288147		2.4898223877
2.01668691635		2.63698005676
2.01931500435		2.38833522797
2.02193784714		2.68772315979
2.02456498146		2.39848423004
2.02719092369		2.61668205261
2.02982091904		2.51519489288
2.0324409008		2.48474884033
2.03506493568		2.63698005676
2.03769993782		2.38833522797
2.04031777382		2.68264961243
2.04294085503		2.40355873108
2.04556798935		2.61668205261
2.04819083214		2.52026939392
2.05081796646		2.47967433929
2.05344295502		2.6420545578
2.05607295036		2.38833522797
2.05869293213		2.68264961243
2.06132078171		2.40863323212
2.06394386292		2.61160755157
2.06656980515		2.52534389496
2.06919693947		2.47967433929
2.07182192802		2.64712810516
2.07444691658		2.38833522797
2.07707095146		2.68264961243
2.07969689369		2.40863323212
2.0823237896		2.60653305054
2.08494997025		2.52534389496
2.08757686615		2.48474884033
2.09019899368		2.6522026062
2.09282398224		2.38326072693
2.09544897079		2.68264961243
2.09808278084		2.41370677948
2.10069680214		2.60145950317
2.10332894325		2.53041744232
2.10594892502		2.46952533722
2.1085767746		2.6522026062
2.11120080948		2.38326072693
2.11382699013		2.68772315979
2.11645293236		2.41370677948
2.11907792091		2.60145950317
2.12170290947		2.5405664444
2.12433290482		2.46445083618
2.12695193291		2.6522026062
2.12957882881		2.38326072693
2.13220286369		2.68264961243
2.13482880592		2.41878128052
2.13745379448		2.60653305054
2.14008378983		2.5405664444
2.14270496368		2.45937633514
2.14533185959		2.65727710724
2.14796280861		2.37818622589
2.15058088303		2.68264961243
2.15320396423		2.41878128052
2.15583181381		2.5913105011
2.15846085548		2.54564094543
2.16108298302		2.45937633514
2.16370582581		2.66235160828
2.16633081436		2.37818622589
2.16896390915		2.68264961243
2.17158389091		2.42385578156
2.1742079258		2.58623600006
2.17683386803		2.55071544647
2.17946100235		2.45430183411
2.18208479881		2.66235160828
2.18470883369		2.37818622589
2.18733382225		2.67757511139
2.18996095657		2.42893028259
2.1925868988		2.58116149902
2.19521093369		2.55578994751
2.19784498215		2.45430183411
2.20046281815		2.66742610931
2.20308899879		2.37818622589
2.20571184158		2.67757511139
2.20838594437		2.41878128052
2.21096277237		2.58116149902
2.21358799934		2.56086444855
2.21621489525		2.44922733307
2.21884179115		2.66742610931
2.22146177292		2.37818622589
2.22408986092		2.67757511139
2.22671484947		2.43400478363
2.2293419838		2.57608699799
2.23197388649		2.56086444855
2.23460078239		2.44415378571
2.23721694946		2.66742610931
2.23984694481		2.37818622589
2.24246788025		2.67757511139
2.24509191513		2.43907928467
2.2477209568		2.57608699799
2.25034880638		2.56593894958
2.25296878815		2.43907928467
2.25559592247		2.66742610931
2.25822591782		2.37311172485
2.26084399223		2.67250061035
2.26347184181		2.43907928467
2.26609492302		2.56593894958
2.26872181892		2.57101249695
2.27134895325		2.43907928467
2.27396988869		2.67250061035
2.27659678459		2.37818622589
2.27922487259		2.67250061035
2.28184700012		2.44415378571
2.28447079659		2.56593894958
2.28709793091		2.57608699799
2.28972482681		2.42893028259
2.29234981537		2.67757511139
2.29497385025		2.37818622589
2.29762387276		2.67757511139
2.30022597313		2.44415378571
2.30285191536		2.55578994751
2.30547380447		2.58116149902
2.30811095238		2.42893028259
2.31072592735		2.67757511139
2.31335091591		2.37818622589
2.31597495079		2.66742610931
2.31861186028		2.44922733307
2.32122683525		2.55578994751
2.32385396957		2.58623600006
2.32647681236		2.42893028259
2.32910585403		2.67757511139
2.33173298836		2.37818622589
2.3343539238		2.66742610931
2.33697986603		2.45430183411
2.33960580826		2.55071544647
2.34222984314		2.58623600006
2.34485697746		2.42385578156
2.34747982025		2.67757511139
2.35010695457		2.37818622589
2.35272979736		2.66235160828
2.35535883904		2.45937633514
2.35798883438		2.55071544647
2.36061000824		2.58623600006
2.3632338047		2.42385578156
2.36585783958		2.68264961243
2.36849093437		2.37818622589
2.37110900879		2.65727710724
2.37373685837		2.45937633514
2.37636184692		2.5405664444
2.37898683548		2.5913105011
2.38160991669		2.41878128052
2.38423585892		2.68264961243
2.38686180115		2.38326072693
2.38948893547		2.65727710724
2.3921148777		2.45937633514
2.39473700523		2.5405664444
2.39736485481		2.60145950317
2.39998888969		2.41878128052
2.4026119709		2.68264961243
2.40523886681		2.37818622589
2.40787291527		2.65727710724
2.41048979759		2.46445083618
2.41312289238		2.53549194336
2.41573882103		2.60145950317
2.41844892502		2.41878128052
2.42099094391		2.68264961243
2.42361688614		2.38326072693
2.42624187469		2.6522026062
2.42886996269		2.47459983826
2.43149399757		2.53041744232
2.43411779404		2.60653305054
2.43673992157		2.40863323212
2.43937087059		2.68264961243
2.44199085236		2.38326072693
2.44461989403		2.6522026062
2.44724392891		2.47967433929
2.44987177849		2.52534389496
2.4524948597		2.61160755157
2.45512080193		2.40863323212
2.45775389671		2.68264961243
2.46037077904		2.38326072693
2.46299695969		2.64712810516
2.46562385559		2.47967433929
2.46828985214		2.52534389496
2.47087287903		2.61160755157
2.47349786758		2.40863323212
2.47612500191		2.68264961243
2.47875094414		2.38326072693
2.48137497902		2.6420545578
2.48399782181		2.4898223877
2.48662590981		2.52026939392
2.48925089836		2.61668205261
2.49187684059		2.40355873108
2.49450683594		2.68264961243
2.49712896347		2.38833522797
2.49975180626		2.6420545578
2.50237679482		2.4898223877
2.5050008297		2.51519489288
2.50762796402		2.61668205261
2.51025390625		2.39848423004
2.51287794113		2.68772315979
2.51550388336		2.38833522797
2.51813697815		2.63698005676
2.52075386047		2.4898223877
2.5233798027		2.51012039185
2.52600479126		2.62683105469
2.52862977982		2.39848423004
2.53125596046		2.68264961243
2.53388094902		2.393409729
2.5365049839		2.63190555573
2.53913378716		2.49489688873
2.54175686836		2.50504589081
2.54438281059		2.62683105469
2.54700493813		2.393409729
2.54963493347		2.68772315979
2.55225992203		2.393409729
2.55488395691		2.62683105469
2.55750894547		2.49489688873
2.56013989449		2.50504589081
2.56275987625		2.62683105469
2.56538581848		2.39848423004
2.56801700592		2.68772315979
2.57063698769		2.393409729
2.57326078415		2.62175655365
2.57589197159		2.51012039185
2.57851886749		2.49997138977
2.58113789558		2.63698005676
2.58376193047		2.393409729
2.5863878727		2.68772315979
2.58901500702		2.39848423004
2.59163999557		2.62175655365
2.59426379204		2.51519489288
2.59688997269		2.49489688873
2.59951686859		2.63698005676
2.60215997696		2.393409729
2.60476398468		2.68772315979
2.60739278793		2.40355873108
2.61001777649		2.61668205261
2.61264181137		2.51519489288
2.61527180672		2.4898223877
2.61789989471		2.6420545578
2.62051796913		2.38833522797
2.62314295769		2.68772315979
2.62576794624		2.40355873108
2.62847399712		2.62683105469
2.63101792336		2.52026939392
2.63364386559		2.47967433929
2.63626885414		2.63698005676
2.63889694214		2.38833522797
2.64151883125		2.68264961243
2.64414691925		2.40355873108
2.64677000046		2.61160755157
2.64940094948		2.52534389496
2.65202188492		2.47967433929
2.65464687347		2.64712810516
2.65727782249		2.38833522797
2.65989780426		2.68264961243
2.66252279282		2.40863323212
2.66514992714		2.61160755157
2.66778182983		2.53041744232
2.67039990425		2.47459983826
2.67302393913		2.6522026062
2.67564988136		2.38326072693
2.67831587791		2.68772315979
2.68090295792		2.41370677948
2.6835258007		2.60145950317
2.68615293503		2.53549194336
2.68877696991		2.46952533722
2.69140100479		2.6522026062
2.6940279007		2.38326072693
2.69665288925		2.68264961243
2.69927883148		2.41370677948
2.70190286636		2.60145950317
2.70452880859		2.53549194336
2.70715284348		2.46445083618
2.7097799778		2.6522026062
2.71240592003		2.37818622589
2.71502900124		2.68264961243
2.7177298069		2.40863323212
2.72028183937		2.59638500214
2.7229077816		2.54564094543
2.72552990913		2.46445083618
2.72816777229		2.65727710724
2.73078179359		2.38326072693
2.73340797424		2.68264961243
2.7360367775		2.42385578156
2.73866581917		2.5913105011
2.74128293991		2.54564094543
2.74391078949		2.45430183411
2.74653697014		2.66235160828
2.74916100502		2.37818622589
2.75178384781		2.68264961243
2.75440979004		2.42385578156
2.75703692436		2.58623600006
2.75966382027		2.54564094543
2.76228380203		2.45430183411
2.76490998268		2.65727710724
2.76753592491		2.37818622589
2.77016496658		2.68264961243
2.77278590202		2.42385578156
2.77541589737		2.58623600006
2.77804493904		2.55578994751
2.78066396713		2.44922733307
2.78328895569		2.66235160828
2.78591394424		2.37818622589
2.78854489326		2.67757511139
2.7911658287		2.42893028259
2.79378986359		2.57608699799
2.79641699791		2.55578994751
2.79904294014		2.44922733307
2.80166697502		2.66742610931
2.80429077148		2.37818622589
2.80691885948		2.67250061035
2.80954480171		2.43400478363
2.81216788292		2.57608699799
2.81479382515		2.56593894958
2.81741881371		2.44415378571
2.82005286217		2.67250061035
2.82266998291		2.37818622589
2.82529377937		2.67757511139
2.82792782784		2.43400478363
2.83054590225		2.57101249695
2.83317184448		2.56593894958
2.83579492569		2.43907928467
2.83842778206		2.66742610931
2.84104681015		2.37818622589
2.84367179871		2.67757511139
2.84629678726		2.43907928467
2.8489279747		2.57101249695
2.85154795647		2.57101249695
2.8541738987		2.43907928467
2.85679888725		2.67250061035
2.85942697525		2.37818622589
2.86205077171		2.67250061035
2.86467480659		2.44415378571
2.86729884148		2.56086444855
2.8699259758		2.57101249695
2.87255096436		2.43400478363
2.87517595291		2.67250061035
2.87781000137		2.37818622589
2.8804268837		2.67250061035
2.88305187225		2.44922733307
2.88567590714		2.56086444855
2.88835692406		2.57101249695
2.8909277916		2.43400478363
2.89355397224		2.67757511139
2.89617991447		2.37818622589
2.89880681038		2.66742610931
2.90143680573		2.44922733307
2.90406298637		2.55578994751
2.9066798687		2.58623600006
2.90931391716		2.42893028259
2.91193199158		2.67757511139
2.91455578804		2.37818622589
2.91718196869		2.66235160828
2.91981387138		2.44922733307
2.92243385315		2.55071544647
2.92505693436		2.58623600006
2.92769193649		2.42893028259
2.93030786514		2.67757511139
2.9329328537		2.37818622589
2.93555998802		2.66235160828
2.93819189072		2.45937633514
2.94080877304		2.55071544647
2.94344782829		2.58623600006
2.94605994225		2.42385578156
2.94868588448		2.68264961243
2.95131278038		2.38326072693
2.95393586159		2.65727710724
2.95656299591		2.45937633514
2.95918893814		2.5405664444
2.96181082726		2.5913105011
2.96443581581		2.41878128052
2.96706295013		2.68264961243
2.96968889236		2.38326072693
2.97231292725		2.65727710724
2.97493886948		2.46445083618
2.97756385803		2.54564094543
2.98019194603		2.60145950317
2.98281884193		2.41370677948
2.98543977737		2.68264961243
2.98807477951		2.37818622589
2.99069094658		2.65727710724
2.99331688881		2.46952533722
2.99594187737		2.53549194336
2.99856996536		2.60145950317
3.00119185448		2.41370677948
3.00381779671		2.68264961243
3.00644397736		2.38326072693
3.00906991959		2.6522026062
3.01169300079		2.47459983826
3.01431798935		2.53041744232
3.01694583893		2.60145950317
3.01957178116		2.40863323212
3.02219700813		2.68264961243
3.02481985092		2.38833522797
3.02744579315		2.65727710724
3.0300757885		2.47459983826
3.03269696236		2.52534389496
3.03532099724		2.61160755157
3.03795695305		2.41370677948
3.04061698914		2.68264961243
3.04320192337		2.38326072693
3.04582500458		2.64712810516
3.04848980904		2.47459983826
3.05107688904		2.52026939392
3.05370187759		2.61160755157
3.05632591248		2.40863323212
3.05895280838		2.68772315979
3.06157684326		2.38833522797
3.06421089172		2.64712810516
3.06682682037		2.48474884033
3.06945586205		2.51519489288
3.07207894325		2.61668205261
3.07470297813		2.40355873108
3.0773267746		2.68264961243
3.07995581627		2.38833522797
3.08257889748		2.63698005676
3.08520483971		2.4898223877
3.08783698082		2.51519489288
3.09045481682		2.62175655365
3.09307980537		2.40355873108
3.09570598602		2.68772315979
3.09837293625		2.38833522797
3.10095691681		2.63190555573
3.10358190536		2.49997138977
3.1062078476		2.50504589081
3.10883498192		2.62175655365
3.11146187782		2.39848423004
3.11408400536		2.68772315979
3.11670899391		2.393409729
3.11933493614		2.63190555573
3.1219599247		2.49997138977
3.12459087372		2.50504589081
3.12720894814		2.62683105469
3.12983798981		2.393409729
3.13246178627		2.68772315979
3.13508677483		2.393409729
3.13772082329		2.62683105469
3.14033794403		2.50504589081
3.14296293259		2.49997138977
3.14559483528		2.62683105469
3.14821982384		2.39848423004
3.15083789825		2.68772315979
3.15346384048		2.39848423004
3.15608882904		2.62175655365
3.15871596336		2.50504589081
3.16134095192		2.49489688873
3.16396594048		2.63190555573
3.16658997536		2.393409729
3.16921687126		2.68264961243
3.17184090614		2.39848423004
3.17446780205		2.62175655365
3.1770927906		2.51012039185
3.17971897125		2.4898223877
3.18234300613		2.63698005676
3.18496894836		2.38833522797
3.18759298325		2.68264961243
3.19021987915		2.39848423004
3.19284486771		2.62175655365
3.19546890259		2.52026939392
3.19810199738		2.4898223877
3.20071983337		2.6420545578
3.2033457756		2.38833522797
3.20597195625		2.68264961243
3.20859694481		2.40355873108
3.21122193336		2.61668205261
3.21384596825		2.52534389496
3.21647000313		2.47967433929
3.21909785271		2.64712810516
3.22172379494		2.38833522797
3.22434878349		2.68264961243
3.22697782516		2.40355873108
3.22960090637		2.61160755157
3.23222494125		2.52534389496
3.23484778404		2.47967433929
3.2374727726		2.63698005676
3.24011182785		2.38833522797
3.24272489548		2.68264961243
3.24535083771		2.40863323212
3.24797797203		2.60653305054
3.25060200691		2.53041744232
3.25322890282		2.47459983826
3.2558529377		2.64712810516
3.25848579407		2.38326072693
3.26110291481		2.68264961243
3.26372885704		2.40863323212
3.2663538456		2.60653305054
3.26897978783		2.53041744232
3.27160477638		2.46952533722
3.27423095703		2.6522026062
3.27685499191		2.38833522797
3.27948188782		2.68264961243
3.28210377693		2.41370677948
3.28472900391		2.59638500214
3.28735780716		2.53549194336
3.28998184204		2.46445083618
3.29260492325		2.65727710724
3.29523181915		2.38326072693
3.2978618145		2.68264961243
3.30048394203		2.41370677948
3.30310893059		2.59638500214
3.30573582649		2.5405664444
3.30840492249		2.46952533722
3.31098389626		2.65727710724
3.31360888481		2.37818622589
3.31623578072		2.67757511139
3.31886386871		2.41878128052
3.32148694992		2.5913105011
3.3241109848		2.54564094543
3.32673597336		2.46445083618
3.32937979698		2.65727710724
3.33198785782		2.38326072693
3.33461284637		2.68264961243
3.3372387886		2.42385578156
3.33986377716		2.58623600006
3.34248900414		2.55071544647
3.34511399269		2.44922733307
3.34774684906		2.66235160828
3.35036587715		2.37818622589
3.35299086571		2.68264961243
3.35561490059		2.42385578156
3.35826992989		2.5913105011
3.36086797714		2.55071544647
3.36349177361		2.44922733307
3.36611700058		2.66235160828
3.36874389648		2.37818622589
3.37136888504		2.67757511139
3.37399291992		2.43400478363
3.37661886215		2.58116149902
3.37923979759		2.56086444855
3.38186097145		2.44922733307
3.38448691368		2.66742610931
3.38710999489		2.37818622589
3.38975191116		2.67757511139
3.39236879349		2.43400478363
3.39499497414		2.57608699799
3.39762091637		2.55578994751
3.40024900436		2.44415378571
3.40286898613		2.66742610931
3.40549588203		2.37818622589
3.4081299305		2.67250061035
3.41074585915		2.43907928467
3.41337180138		2.57101249695
3.41599988937		2.56593894958
3.41862487793		2.43907928467
3.42124986649		2.67250061035
3.42387294769		2.37311172485
3.42649888992		2.67250061035
3.42912578583		2.44415378571
3.43174886703		2.57101249695
3.43437480927		2.57101249695
3.43700098991		2.43907928467
3.43962788582		2.67250061035
3.4422519207		2.37818622589
3.44487500191		2.66742610931
3.44750595093		2.42893028259
3.45013189316		2.56593894958
3.45275187492		2.57101249695
3.45537781715		2.43400478363
3.45801186562		2.67250061035
3.46062898636		2.37818622589
3.46325278282		2.67250061035
3.46587777138		2.44415378571
3.46851277351		2.56086444855
3.47113585472		2.57608699799
3.47375583649		2.42893028259
3.47637891769		2.67757511139
3.47900795937		2.37818622589
3.48162984848		2.66742610931
3.48425579071		2.44922733307
3.48688387871		2.55578994751
3.48950791359		2.58116149902
3.49213290215		2.42893028259
3.4947578907		2.67757511139
3.49738287926		2.38326072693
3.50000882149		2.66742610931
3.50263381004		2.45430183411
3.50525784492		2.55071544647
3.50789093971		2.58623600006
3.51050877571		2.42385578156
3.51313495636		2.67757511139
3.51575994492		2.37818622589
3.51846885681		2.67250061035
3.52101182938		2.45430183411
3.52363777161		2.54564094543
3.52626180649		2.5913105011
3.52888894081		2.42385578156
3.53151297569		2.68264961243
3.53413891792		2.37818622589
3.5367629528		2.66235160828
3.53939080238		2.46445083618
3.54201388359		2.5405664444
3.54463887215		2.5913105011
3.54726481438		2.41878128052
3.54988980293		2.68264961243
3.55252194405		2.38326072693
3.55513978004		2.65727710724
3.55777478218		2.46445083618
3.56039381027		2.53549194336
3.56301784515		2.59638500214
3.56564378738		2.41370677948
3.56830191612		2.67757511139
3.57089090347		2.37818622589
3.5735168457		2.6522026062
3.57615184784		2.46445083618
3.57877087593		2.53549194336
3.58139395714		2.60145950317
3.58401799202		2.41370677948
3.5866458416		2.68264961243
3.58927178383		2.38326072693
3.59189486504		2.6522026062
3.59452080727		2.47459983826
3.59714484215		2.53041744232
3.59977388382		2.60145950317
3.60239696503		2.41370677948
3.60502099991		2.68264961243
3.60768294334		2.37818622589
3.61027383804		2.6522026062
3.6128988266		2.47459983826
3.61552500725		2.52534389496
3.61815690994		2.60653305054
3.62077379227		2.40863323212
3.62340188026		2.68264961243
3.62602496147		2.38326072693
3.62865281105		2.6420545578
3.63127779961		2.47967433929
3.63390398026		2.52534389496
3.63652682304		2.61160755157
3.63915491104		2.40355873108
3.64177584648		2.68264961243
3.64440178871		2.38833522797
3.64702796936		2.6420545578
3.6496617794		2.48474884033
3.65227794647		2.51519489288
3.6549038887		2.61668205261
3.65752887726		2.40863323212
3.66015696526		2.68772315979
3.66277980804		2.38833522797
3.66540694237		2.63698005676
3.66803693771		2.4898223877
3.67065477371		2.51519489288
3.67328095436		2.62175655365
3.67590689659		2.39848423004
3.67853784561		2.68772315979
3.6811568737		2.38833522797
3.68378186226		2.63698005676
3.68640780449		2.49489688873
3.68903493881		2.51012039185
3.69165897369		2.62683105469
3.6942858696		2.39848423004
3.69690990448		2.68772315979
3.69953584671		2.393409729
3.70215892792		2.63190555573
3.70478487015		2.49997138977
3.70741200447		2.50504589081
3.71003580093		2.62683105469
3.71266293526		2.39848423004
3.71529197693		2.68264961243
3.71792078018		2.393409729
3.72053694725		2.63190555573
3.72316384315		2.50504589081
3.72578692436		2.49997138977
3.72841978073		2.63190555573
3.73103690147		2.393409729
3.7336628437		2.68772315979
3.73629188538		2.393409729
3.73891687393		2.62683105469
3.74153780937		2.51012039185
3.74416780472		2.49997138977
3.7467918396		2.63190555573
3.74941778183		2.393409729
3.75204396248		2.68772315979
3.75466799736		2.393409729
3.75729179382		2.62175655365
3.75992083549		2.51012039185
3.7625617981		2.49489688873
3.76516795158		2.6420545578
3.76780295372		2.393409729
3.77041983604		2.68772315979
3.77304291725		2.39848423004
3.77567100525		2.61668205261
3.77838587761		2.49997138977
3.7810459137		2.50504589081
3.7836728096		2.62683105469
3.78629589081		2.39848423004
3.78892278671		2.68772315979
3.79154896736		2.393409729
3.79417085648		2.62683105469
3.79680299759		2.49997138977
3.79942679405		2.50504589081
3.80204987526		2.63190555573
3.80467295647		2.393409729
3.80730080605		2.68772315979
3.80992388725		2.393409729
3.81254887581		2.62683105469
3.81517386436		2.50504589081
3.81780099869		2.49997138977
3.82042479515		2.63190555573
3.82305288315		2.393409729
3.82567477226		2.68772315979
3.828373909		2.38833522797
3.83092784882		2.62175655365
3.83355283737		2.51012039185
3.83617782593		2.49489688873
3.83880496025		2.63698005676
3.84142780304		2.38833522797
3.84405398369		2.68772315979
3.84667992592		2.39848423004
3.84931087494		2.61668205261
3.85192894936		2.51012039185
3.85455393791		2.4898223877
3.85717988014		2.63698005676
3.85980892181		2.38833522797
3.8624329567		2.68772315979
3.86505794525		2.39848423004
3.86768889427		2.62175655365
3.87030696869		2.52026939392
3.87293291092		2.48474884033
3.87555789948		2.6420545578
3.87819480896		2.38833522797
3.88080978394		2.68772315979
3.88343381882		2.40863323212
3.8860578537		2.61160755157
3.88868689537		2.52534389496
3.89130997658		2.47967433929
3.89393687248		2.64712810516
3.89656186104		2.38326072693
3.89918684959		2.68772315979
3.90181183815		2.40863323212
3.90443682671		2.61160755157
3.90706181526		2.52534389496
3.90969491005		2.47459983826
3.91231989861		2.6420545578
3.91493797302		2.38326072693
3.91756296158		2.68772315979
3.92032194138		2.39848423004
3.9229388237		2.62683105469
3.92556595802		2.51012039185
3.92820000648		2.4898223877
3.93081688881		2.63698005676
3.93344283104		2.393409729
3.93606686592		2.68772315979
3.93869280815		2.40355873108
3.9413189888		2.61668205261
3.94394278526		2.51519489288
3.94656896591		2.4898223877
3.94919586182		2.6420545578
3.95181894302		2.38833522797
3.95444297791		2.68772315979
3.95706892014		2.39848423004
3.9597029686		2.61668205261
3.9623208046		2.51519489288
3.96494579315		2.48474884033
3.96756887436		2.6420545578
3.97019696236		2.38833522797
3.97281980515		2.68264961243
3.97544789314		2.40355873108
3.97807884216		2.61160755157
3.98069787025		2.52534389496
3.98332285881		2.47967433929
3.98594880104		2.6420545578
3.9885737896		2.38326072693
3.99119877815		2.68772315979
3.99382400513		2.40355873108
3.99644994736		2.60653305054
3.99907684326		2.53041744232
4.00170087814		2.47967433929
4.00432491302		2.6522026062
4.00695085526		2.38326072693
4.00957798958		2.68264961243
4.01220297813		2.40863323212
4.0148267746		2.60653305054
4.01745200157		2.52026939392
4.02008199692		2.47459983826
4.02270483971		2.6522026062
4.02532982826		2.37818622589
4.02796196938		2.68264961243
4.0305788517		2.41370677948
4.03320384026		2.60145950317
4.03582978249		2.5405664444
4.03845977783		2.46445083618
4.04108500481		2.6522026062
4.04370594025		2.37818622589
4.0463309288		2.68264961243
4.04896187782		2.41370677948
4.05158185959		2.5913105011
4.05420684814		2.5405664444
4.05683279037		2.45937633514
4.05945777893		2.65727710724
4.06208395958		2.38326072693
4.06470990181		2.68264961243
4.06733393669		2.41878128052
4.06995987892		2.5913105011
4.07258486748		2.54564094543
4.07520890236		2.45937633514
4.07784199715		2.65727710724
4.08046197891		2.38326072693
4.0830848217		2.68264961243
4.08571195602		2.42385578156
4.08838200569		2.5913105011
4.09095978737		2.55071544647
4.09358477592		2.44922733307
4.09621286392		2.66235160828
4.09883999825		2.37818622589
4.10146284103		2.67757511139
4.10408997536		2.42385578156
4.10671377182		2.58116149902
4.10934185982		2.55071544647
4.1119658947		2.44922733307
4.11458992958		2.66235160828
4.11721491814		2.37818622589
4.11984777451		2.67757511139
4.12247300148		2.42893028259
4.12509298325		2.58116149902
4.12772679329		2.55578994751
4.13034296036		2.44415378571
4.13296580315		2.66742610931
4.13559484482		2.37818622589
4.13822484016		2.67757511139
4.14084386826		2.42893028259
4.14347100258		2.57608699799
4.14609384537		2.56086444855
4.14872193336		2.44415378571
4.15134477615		2.66742610931
4.15397000313		2.37818622589
4.15659379959		2.67250061035
4.15922093391		2.43400478363
4.16184592247		2.57101249695
4.16446995735		2.56593894958
4.16709780693		2.43907928467
4.16972398758		2.67250061035
4.17234897614		2.37818622589
4.17497181892		2.67250061035
4.17759799957		2.43400478363
4.18022489548		2.56593894958
4.18284797668		2.57101249695
4.18547391891		2.43907928467
4.18810582161		2.67250061035
4.19072389603		2.37818622589
4.19334888458		2.67250061035
4.19597387314		2.43907928467
4.19860196114		2.56593894958
4.20122480392		2.57101249695
4.20385694504		2.43400478363
4.20647597313		2.67757511139
4.20910382271		2.37818622589
4.21172881126		2.67250061035
4.21435284615		2.44415378571
4.2169778347		2.56086444855
4.21960377693		2.58116149902
4.22222781181		2.42893028259
4.22485399246		2.67757511139
4.22747898102		2.37818622589
4.23010993004		2.67250061035
4.2327299118		2.44922733307
4.23535585403		2.55578994751
4.2379899025		2.58116149902
4.24060583115		2.42893028259
4.24323296547		2.67757511139
4.24585700035		2.37818622589
4.24849486351		2.66742610931
4.25110888481		2.45430183411
4.25373387337		2.55071544647
4.2563598156		2.58623600006
4.25898385048		2.42385578156
4.2616109848		2.67757511139
4.26424384117		2.37818622589
4.26685881615		2.65727710724
4.26948690414		2.45430183411
4.2721118927		2.54564094543
4.27473688126		2.5913105011
4.27736091614		2.42385578156
4.27998685837		2.68264961243
4.28261184692		2.38326072693
4.28524184227		2.65727710724
4.28786897659		2.45937633514
4.29048895836		2.54564094543
4.29311180115		2.5913105011
4.29573893547		2.41878128052
4.29840397835		2.67757511139
4.30098795891		2.38326072693
4.30361700058		2.65727710724
4.30623984337		2.46445083618
4.3088657856		2.53549194336
4.31149291992		2.5913105011
4.31411480904		2.41370677948
4.31673979759		2.68264961243
4.31937384605		2.37818622589
4.32199287415		2.65727710724
4.3246178627		2.46445083618
4.32724499702		2.53549194336
4.32987093925		2.59638500214
4.33249282837		2.41370677948
4.33511781693		2.68264961243
4.33775281906		2.37818622589
4.3403699398		2.6522026062
4.34299492836		2.47459983826
4.34561991692		2.53041744232
4.34828186035		2.60145950317
4.3508708477		2.41370677948
4.35349583626		2.68264961243
4.35612082481		2.38326072693
4.35874986649		2.6522026062
4.36137294769		2.47967433929
4.36399793625		2.52534389496
4.36662697792		2.60653305054
4.36925077438		2.40863323212
4.37187290192		2.68264961243
4.37449884415		2.38833522797
4.37712597847		2.64712810516
4.37975382805		2.47967433929
4.38237595558		2.52026939392
4.38500189781		2.61160755157
4.38762593269		2.40863323212
4.39024996758		2.68264961243
4.39287781715		2.38833522797
4.39550089836		2.64712810516
4.39813494682		2.48474884033
4.40075182915		2.51519489288
4.40337777138		2.61668205261
4.40600180626		2.40355873108
4.40862894058		2.68264961243
4.41125297546		2.38833522797
4.41387891769		2.6420545578
4.41650390625		2.4898223877
4.41913080215		2.51519489288
4.42175388336		2.61668205261
4.42438483238		2.39848423004
4.42700481415		2.68264961243
4.42963385582		2.38833522797
4.43225884438		2.63698005676
4.43488097191		2.49489688873
4.43750596046		2.52534389496
4.44027590752		2.60653305054
4.44288277626		2.40863323212
4.44550800323		2.68772315979
4.44813990593		2.38326072693
4.45076084137		2.6522026062
4.45338392258		2.47967433929
4.45600986481		2.52534389496
4.45863485336		2.61160755157
4.46126079559		2.40355873108
4.46388578415		2.68772315979
4.46650981903		2.38326072693
4.46913790703		2.64712810516
4.47176384926		2.48474884033
4.47438788414		2.52026939392
4.4770128727		2.61160755157
4.47963881493		2.40355873108
4.48226284981		2.68772315979
4.48488879204		2.38833522797
4.48751497269		2.6420545578
4.49014091492		2.4898223877
4.49276590347		2.51519489288
4.49539089203		2.61668205261
4.49802398682		2.40355873108
4.50063991547		2.68772315979
4.50326800346		2.38833522797
4.50588989258		2.6420545578
4.50852298737		2.4898223877
4.51113986969		2.51012039185
4.51376795769		2.62175655365
4.5163898468		2.39848423004
4.51902079582		2.68772315979
4.52164196968		2.38833522797
4.52426981926		2.63698005676
4.52689385414		2.49489688873
4.52952694893		2.51012039185
4.53214383125		2.62175655365
4.53476881981		2.393409729
4.53739500046		2.68772315979
4.54002594948		2.393409729
4.54264497757		2.63190555573
4.54527282715		2.49997138977
4.54790496826		2.50504589081
4.55052280426		2.63190555573
4.55314779282		2.393409729
4.55577278137		2.68772315979
4.55840396881		2.38833522797
4.56102490425		2.62683105469
4.56364798546		2.50504589081
4.56627392769		2.49997138977
4.56889986992		2.63190555573
4.5715239048		2.393409729
4.57414793968		2.68772315979
4.57677578926		2.393409729
4.57940077782		2.62683105469
4.58202600479		2.50504589081
4.58465099335		2.49489688873
4.5872759819		2.63190555573
4.58990097046		2.38833522797
4.59252691269		2.68772315979
4.59515285492		2.39848423004
4.59778594971		2.62175655365
4.60040688515		2.51519489288
4.60302996635		2.4898223877
4.60565495491		2.63698005676
4.60832095146		2.38833522797
4.61090898514		2.68264961243
4.61353182793		2.39848423004
4.61615681648		2.61668205261
4.61878395081		2.52026939392
4.62140583992		2.48474884033
4.62403297424		2.6420545578
4.62665700912		2.38833522797
4.62928390503		2.68264961243
4.63190889359		2.40355873108
4.63453292847		2.61160755157
4.63715791702		2.52026939392
4.63979196548		2.47967433929
4.64240884781		2.64712810516
4.64503693581		2.38326072693
4.64768886566		2.68264961243
4.65028786659		2.40355873108
4.65290880203		2.60653305054
4.65553593636		2.52534389496
4.65816688538		2.47459983826
4.66078877449		2.64712810516
4.66341090202		2.38326072693
4.66603684425		2.68264961243
4.66866397858		2.40355873108
4.67128586769		2.60653305054
4.67391300201		2.53041744232
4.67654180527		2.47459983826
4.67916584015		2.6522026062
4.68178987503		2.38326072693
4.68441486359		2.68772315979
4.68704080582		2.41370677948
4.68966698647		2.60145950317
4.69229793549		2.53549194336
4.69491696358		2.46952533722
4.69754195213		2.64712810516
4.70016694069		2.38326072693
4.70279383659		2.68264961243
4.70541787148		2.41370677948
4.70805191994		2.59638500214
4.71066689491		2.53549194336
4.71329379082		2.46445083618
4.7159178257		2.65727710724
4.71854877472		2.38326072693
4.7211689949		2.68264961243
4.72379493713		2.41878128052
4.72642087936		2.5913105011
4.72904777527		2.54564094543
4.73167085648		2.45937633514
4.73429489136		2.65727710724
4.73692083359		2.37818622589
4.73954796791		2.67757511139
4.74216985703		2.42385578156
4.74479985237		2.5913105011
4.7474219799		2.53549194336
4.75005197525		2.45937633514
4.75267481804		2.66235160828
4.75530195236		2.37818622589
4.75793099403		2.68264961243
4.7605547905		2.41878128052
4.76317381859		2.58623600006
4.76579999924		2.55071544647
4.76843190193		2.45430183411
4.7710518837		2.66235160828
4.77368187904		2.37818622589
4.77631092072		2.67757511139
4.77892684937		2.42385578156
4.78155183792		2.58116149902
4.78417682648		2.55578994751
4.78680300713		2.44922733307
4.78942894936		2.66742610931
4.79205393791		2.37818622589
4.79467797279		2.67757511139
4.79730391502		2.42385578156
4.79996585846		2.58623600006
4.80255484581		2.55578994751
4.80518078804		2.44415378571
4.80780982971		2.66742610931
4.81043291092		2.37311172485
4.81305789948		2.67757511139
4.81568384171		2.43400478363
4.81839394569		2.58623600006
4.8210568428		2.54564094543
4.82368683815		2.45430183411
4.82630777359		2.66235160828
4.82893586159		2.37818622589
4.83155989647		2.67757511139
4.83418297768		2.42385578156
4.83680891991		2.5913105011
4.8394370079		2.54564094543
4.84205985069		2.45430183411
4.84468579292		2.66235160828
4.8473098278		2.37818622589
4.84993982315		2.67757511139
4.85256099701		2.42385578156
4.85519194603		2.58623600006
4.8578209877		2.55071544647
4.86043787003		2.44922733307
4.86306381226		2.66235160828
4.86568880081		2.37818622589
4.86835289001		2.67757511139
4.87094092369		2.42385578156
4.87356686592		2.58116149902
4.87618899345		2.55578994751
4.87881779671		2.44922733307
4.88143992424		2.66742610931
4.88406586647		2.37818622589
4.8866918087		2.67250061035
4.88931798935		2.42893028259
4.89194083214		2.57608699799
4.89456582069		2.56086444855
4.89719295502		2.44415378571
4.89981985092		2.66742610931
4.90244293213		2.37818622589
4.90506696701		2.67250061035
4.90769481659		2.43400478363
4.91032290459		2.57101249695
4.9129447937		2.56593894958
4.91556978226		2.43907928467
4.91820478439		2.66742610931
4.92082190514		2.37311172485
4.92344594002		2.67250061035
4.92607283592		2.43907928467
4.92869997025		2.56593894958
4.93132090569		2.57101249695
4.93394780159		2.43400478363
4.9365799427		2.66742610931
4.93919992447		2.37818622589
4.94182181358		2.66742610931
4.94445085526		2.43907928467
4.94707489014		2.56086444855
4.94970083237		2.57608699799
4.95233392715		2.43400478363
4.95495080948		2.67250061035
4.95757484436		2.37818622589
4.96033096313		2.67757511139
4.9629509449		2.42893028259
4.96557593346		2.57608699799
4.96820378304		2.56086444855
4.97082686424		2.44415378571
4.9734518528		2.66742610931
4.97607779503		2.37311172485
4.97870492935		2.67757511139
4.98132777214		2.43400478363
4.98395490646		2.57608699799
4.98657989502		2.56593894958
4.98920679092		2.44415378571
4.99183082581		2.66742610931
4.99445581436		2.37311172485
4.99707984924		2.67250061035
4.99970984459		2.43400478363
