0.000130891799927		2.5405664444
0.00404500961304		2.40863323212
0.00680994987488		2.74861621857
0.00954699516296		2.42385578156
0.0122928619385		2.45937633514
0.0150818824768		2.74354171753
0.0177979469299		2.37311172485
0.0205450057983		2.52534389496
0.0232949256897		2.71817016602
0.0260529518127		2.33759117126
0.028795003891		2.58116149902
0.0315458774567		2.67757511139
0.0342960357666		2.32744312286
0.0370528697968		2.6522026062
0.0398020744324		2.62175655365
0.0425488948822		2.32744312286
0.0452978610992		2.69279766083
0.0480570793152		2.55578994751
0.0507979393005		2.35281467438
0.0535509586334		2.72831821442
0.0563440322876		2.4898223877
0.0590510368347		2.38833522797
0.0618028640747		2.74861621857
0.0645530223846		2.43907928467
0.0673060417175		2.43907928467
0.070051908493		2.74861621857
0.0728039741516		2.38326072693
0.0755579471588		2.50504589081
0.0783140659332		2.72324466705
0.0810639858246		2.34774017334
0.0838098526001		2.56086444855
0.0865650177002		2.68772315979
0.0893120765686		2.32744312286
0.09206199646		2.62683105469
0.0948119163513		2.63190555573
0.0975639820099		2.32744312286
0.100316047668		2.68264961243
0.10306596756		2.57608699799
0.105851888657		2.3426656723
0.108561038971		2.72324466705
0.111315965652		2.51519489288
0.114063978195		2.37311172485
0.116817951202		2.74861621857
0.119567871094		2.44922733307
0.122315883636		2.42385578156
0.12507390976		2.7536907196
0.127819061279		2.39848423004
0.130568027496		2.48474884033
0.133316040039		2.73339271545
0.136074066162		2.35281467438
0.138817071915		2.55071544647
0.141576051712		2.69787216187
0.144319057465		2.33251667023
0.14706993103		2.60653305054
0.149823904037		2.6522026062
0.152567863464		2.32236862183
0.15532708168		2.66742610931
0.15806889534		2.59638500214
0.160820960999		2.33759117126
0.163572072983		2.71309566498
0.166322946548		2.53549194336
0.169071912766		2.36296367645
0.171823978424		2.74354171753
0.174571037292		2.46952533722
0.17733001709		2.41370677948
0.180074930191		2.74861621857
0.182824850082		2.41370677948
0.185572862625		2.46445083618
0.188324928284		2.74354171753
0.191077947617		2.36803817749
0.193824052811		2.53041744232
0.196577072144		2.71309566498
0.199326038361		2.33251667023
0.202077865601		2.5913105011
0.204827070236		2.66235160828
0.207577943802		2.32744312286
0.210330963135		2.6522026062
0.213077068329		2.61160755157
0.215869903564		2.33251667023
0.218577861786		2.69787216187
0.221328020096		2.55071544647
0.224081993103		2.35281467438
0.226839065552		2.73846721649
0.229578971863		2.4898223877
0.232331991196		2.393409729
0.235086917877		2.74861621857
0.237832069397		2.42893028259
0.240581035614		2.44922733307
0.243330955505		2.74354171753
0.246083974838		2.37818622589
0.24883389473		2.51012039185
0.251582860947		2.72324466705
0.254332065582		2.3426656723
0.257083892822		2.57101249695
0.259834051132		2.68264961243
0.262589931488		2.32744312286
0.265341997147		2.63190555573
0.268084049225		2.63190555573
0.270833969116		2.32744312286
0.273586034775		2.68772315979
0.27633690834		2.56593894958
0.279085874557		2.3426656723
0.281836032867		2.72831821442
0.284586906433		2.51012039185
0.287343978882		2.38326072693
0.290090084076		2.74861621857
0.292836904526		2.44922733307
0.295592069626		2.43400478363
0.298337936401		2.74861621857
0.301089048386		2.393409729
0.303843021393		2.4898223877
0.306590080261		2.73339271545
0.309340000153		2.35281467438
0.312098026276		2.55578994751
0.314842939377		2.69279766083
0.317591905594		2.33251667023
0.320343017578		2.61668205261
0.323091983795		2.64712810516
0.325875997543		2.32744312286
0.328593969345		2.66742610931
0.331342935562		2.58623600006
0.334090948105		2.33759117126
0.336843967438		2.71817016602
0.339592933655		2.52534389496
0.342344045639		2.36803817749
0.345102071762		2.74354171753
0.347846031189		2.46445083618
0.350599050522		2.41878128052
0.353344917297		2.7536907196
0.356098890305		2.40863323212
0.358846902847		2.47459983826
0.361597061157		2.73846721649
0.364348888397		2.35788917542
0.367099046707		2.53549194336
0.369848966599		2.70802116394
0.37259888649		2.33251667023
0.375347852707		2.59638500214
0.378099918365		2.65727710724
0.380848884583		2.32236862183
0.383600950241		2.65727710724
0.386354923248		2.60145950317
0.389100074768		2.33251667023
0.391856908798		2.7029466629
0.394599914551		2.54564094543
0.397361040115		2.35788917542
0.400102853775		2.73846721649
0.402852058411		2.48474884033
0.405608892441		2.40355873108
0.408352851868		2.74861621857
0.411124944687		2.42385578156
0.413853883743		2.45430183411
0.41660785675		2.74861621857
0.419353961945		2.37818622589
0.422103881836		2.51519489288
0.42485499382		2.71309566498
0.427607059479		2.3426656723
0.430356025696		2.57608699799
0.433105945587		2.67250061035
0.435893058777		2.32744312286
0.438607931137		2.6420545578
0.441359043121		2.61668205261
0.444108009338		2.32744312286
0.446860074997		2.69279766083
0.449609041214		2.56593894958
0.452358961105		2.34774017334
0.455132007599		2.73339271545
0.457862854004		2.49997138977
0.46061205864		2.38326072693
0.463360071182		2.7536907196
0.466112852097		2.44415378571
0.468862056732		2.43907928467
0.471613883972		2.74861621857
0.474362850189		2.38326072693
0.477113962173		2.49997138977
0.479866027832		2.72831821442
0.482620000839		2.3426656723
0.485370874405		2.56086444855
0.488113880157		2.68772315979
0.490864038467		2.32744312286
0.493614912033		2.62175655365
0.496366977692		2.6420545578
0.499114990234		2.32744312286
0.501864910126		2.67757511139
0.504613876343		2.58116149902
0.507366895676		2.33759117126
0.510114908218		2.72324466705
0.512867927551		2.52026939392
0.515622854233		2.37311172485
0.518368959427		2.74354171753
0.521118879318		2.45937633514
0.523868083954		2.42385578156
0.526622056961		2.7536907196
0.529368877411		2.40355873108
0.532119035721		2.47967433929
0.534869909286		2.73339271545
0.537621974945		2.35788917542
0.540369033813		2.5405664444
0.543120861053		2.7029466629
0.545906066895		2.33251667023
0.548620939255		2.60145950317
0.551373958588		2.65727710724
0.55412197113		2.32236862183
0.556879043579		2.66235160828
0.55962395668		2.59638500214
0.562372922897		2.33251667023
0.56513094902		2.70802116394
0.567897081375		2.53549194336
0.570625066757		2.36296367645
0.573374986649		2.73846721649
0.576125860214		2.47459983826
0.578876018524		2.40355873108
0.581624984741		2.74861621857
0.5843770504		2.41878128052
0.587132930756		2.46445083618
0.589878082275		2.74354171753
0.592627048492		2.36803817749
0.59538602829		2.52534389496
0.598129987717		2.71817016602
0.600879907608		2.33759117126
0.603630065918		2.58623600006
0.606381893158		2.66742610931
0.609128952026		2.32236862183
0.611881017685		2.64712810516
0.614629030228		2.61668205261
0.617384910583		2.33251667023
0.620130062103		2.69787216187
0.622883081436		2.55578994751
0.625640869141		2.35281467438
0.628382921219		2.73339271545
0.631134033203		2.49489688873
0.633882045746		2.393409729
0.636633872986		2.7536907196
0.639384031296		2.43400478363
0.642132997513		2.44415378571
0.644891023636		2.74861621857
0.647639989853		2.37818622589
0.650384902954		2.50504589081
0.653141021729		2.72324466705
0.65597987175		2.33759117126
0.658761024475		2.5913105011
0.661514043808		2.66742610931
0.664263010025		2.32236862183
0.667016029358		2.64712810516
0.669762849808		2.61160755157
0.672513008118		2.32744312286
0.675271987915		2.69787216187
0.678013086319		2.55071544647
0.680763959885		2.34774017334
0.683515071869		2.73339271545
0.686266899109		2.4898223877
0.689015865326		2.393409729
0.691765069962		2.7536907196
0.694515943527		2.43400478363
0.697269916534		2.44415378571
0.700016021729		2.74861621857
0.702766895294		2.37818622589
0.705518007278		2.50504589081
0.708268880844		2.72324466705
0.71101808548		2.3426656723
0.713767051697		2.56593894958
0.716521024704		2.68264961243
0.719269037247		2.32236862183
0.722018003464		2.63190555573
0.724766969681		2.62683105469
0.727520942688		2.32744312286
0.730272054672		2.68264961243
0.733020067215		2.57608699799
0.735810041428		2.3426656723
0.738525867462		2.72831821442
0.741272926331		2.50504589081
0.744032859802		2.37818622589
0.746773958206		2.74861621857
0.749523878098		2.44922733307
0.75227189064		2.42893028259
0.755024909973		2.74861621857
0.757902860641		2.37311172485
0.760648965836		2.51012039185
0.763398885727		2.72324466705
0.766152858734		2.3426656723
0.768899917603		2.57101249695
0.771650075912		2.67757511139
0.774399995804		2.32744312286
0.777153015137		2.63698005676
0.779901981354		2.62683105469
0.782654047012		2.32744312286
0.785404920578		2.68772315979
0.788153886795		2.56593894958
0.790904998779		2.3426656723
0.793653964996		2.72831821442
0.796406984329		2.50504589081
0.799156904221		2.37818622589
0.801903963089		2.74861621857
0.804655075073		2.44415378571
0.807405948639		2.43400478363
0.810154914856		2.74861621857
0.812906980515		2.393409729
0.815664052963		2.49489688873
0.818407058716		2.72831821442
0.821157932281		2.35281467438
0.823916912079		2.55578994751
0.826658964157		2.69279766083
0.829408884048		2.32744312286
0.832159996033		2.61668205261
0.834909915924		2.63698005676
0.837660074234		2.32744312286
0.840409994125		2.67757511139
0.843159914017		2.58623600006
0.845942020416		2.33759117126
0.848661899567		2.71817016602
0.851412057877		2.52534389496
0.854177951813		2.36803817749
0.856914997101		2.74354171753
0.859662055969		2.46445083618
0.862413883209		2.40863323212
0.865171909332		2.7536907196
0.867913961411		2.40863323212
0.870663881302		2.46952533722
0.87341594696		2.73846721649
0.876167058945		2.36296367645
0.878915071487		2.53549194336
0.881664037704		2.7029466629
0.88441491127		2.33251667023
0.887166976929		2.59638500214
0.889917850494		2.66235160828
0.892664909363		2.32236862183
0.895426034927		2.65727710724
0.898167848587		2.60145950317
0.900918960571		2.33251667023
0.90367102623		2.7029466629
0.906420946121		2.5405664444
0.90917301178		2.35788917542
0.911921977997		2.73846721649
0.914670944214		2.48474884033
0.917425870895		2.40355873108
0.920171976089		2.7536907196
0.922921895981		2.42385578156
0.925679922104		2.45937633514
0.928422927856		2.74354171753
0.931170940399		2.37311172485
0.933922052383		2.51519489288
0.936676025391		2.71817016602
0.939423084259		2.3426656723
0.942172050476		2.58116149902
0.944925069809		2.67250061035
0.947673082352		2.32236862183
0.950423955917		2.63698005676
0.953175067902		2.62175655365
0.955926895142		2.32744312286
0.958675861359		2.69279766083
0.961425065994		2.56086444855
0.964174985886		2.34774017334
0.966928958893		2.72831821442
0.96967792511		2.49997138977
0.97242808342		2.38326072693
0.975188016891		2.74861621857
0.977931976318		2.43907928467
0.980680942535		2.43907928467
0.983430862427		2.74861621857
0.986186981201		2.38326072693
0.988929033279		2.49997138977
0.991677999496		2.72831821442
0.994436979294		2.3426656723
0.997183084488		2.56086444855
0.999934911728		2.68264961243
1.00268101692		2.32744312286
1.00543904305		2.62175655365
1.0081808567		2.6420545578
1.01093292236		2.32744312286
1.01368308067		2.67757511139
1.01643490791		2.58116149902
1.01918196678		2.33759117126
1.02193307877		2.72324466705
1.02468490601		2.52026939392
1.02743506432		2.37311172485
1.03018593788		2.74861621857
1.03293585777		2.45937633514
1.0356900692		2.42385578156
1.03843593597		2.7536907196
1.04118585587		2.39848423004
1.04393601418		2.47967433929
1.0466940403		2.73846721649
1.0494389534		2.35281467438
1.05219006538		2.54564094543
1.05493807793		2.68772315979
1.05781793594		2.32236862183
1.06056499481		2.62683105469
1.06331396103		2.6420545578
1.06607294083		2.32744312286
1.06881594658		2.67757511139
1.0715649128		2.57608699799
1.07431793213		2.3426656723
1.07706785202		2.72324466705
1.07982993126		2.51519489288
1.08256697655		2.37311172485
1.085324049		2.74861621857
1.08806705475		2.45430183411
1.09081697464		2.42385578156
1.09356784821		2.74861621857
1.09632205963		2.39848423004
1.09907007217		2.48474884033
1.10181903839		2.73339271545
1.10457086563		2.35788917542
1.10732293129		2.54564094543
1.11007189751		2.69787216187
1.11282205582		2.33251667023
1.11557888985		2.60653305054
1.11833000183		2.6522026062
1.12107300758		2.32236862183
1.12382292747		2.66235160828
1.12657499313		2.5913105011
1.129322052		2.33251667023
1.13207292557		2.70802116394
1.13482403755		2.53041744232
1.13757491112		2.35788917542
1.14032506943		2.74354171753
1.14307498932		2.46952533722
1.14586091042		2.40863323212
1.14857387543		2.74861621857
1.15132498741		2.41370677948
1.15407705307		2.46445083618
1.1568300724		2.74354171753
1.15957903862		2.36296367645
1.16233086586		2.52534389496
1.1650929451		2.70802116394
1.16782999039		2.33759117126
1.17057800293		2.5913105011
1.17333102226		2.66742610931
1.17608499527		2.32744312286
1.17882990837		2.64712810516
1.18158102036		2.61668205261
1.18433094025		2.32744312286
1.1870880127		2.69787216187
1.18983197212		2.55578994751
1.19258189201		2.35281467438
1.19533395767		2.73339271545
1.19808292389		2.48474884033
1.20083403587		2.393409729
1.20358300209		2.74861621857
1.20633506775		2.42893028259
1.2090818882		2.44415378571
1.21183395386		2.74861621857
1.21458506584		2.37818622589
1.21733689308		2.51012039185
1.2200858593		2.72324466705
1.22283697128		2.34774017334
1.22559285164		2.57101249695
1.22833800316		2.68264961243
1.23109006882		2.32744312286
1.23383903503		2.63190555573
1.23658895493		2.63190555573
1.23933792114		2.32236862183
1.24208903313		2.68772315979
1.24483799934		2.56593894958
1.247590065		2.3426656723
1.25034499168		2.72831821442
1.25309085846		2.51012039185
1.2559299469		2.38833522797
1.258715868		2.7536907196
1.26146793365		2.42893028259
1.26421689987		2.44415378571
1.26696801186		2.74861621857
1.2697160244		2.37311172485
1.27246785164		2.51012039185
1.2752289772		2.71817016602
1.27797007561		2.3426656723
1.28071784973		2.57101249695
1.28346800804		2.67757511139
1.2862200737		2.32744312286
1.28896903992		2.63190555573
1.29172205925		2.62683105469
1.2944688797		2.32744312286
1.29722285271		2.68772315979
1.29997086525		2.56593894958
1.30272197723		2.3426656723
1.30547690392		2.73339271545
1.30822300911		2.50504589081
1.310972929		2.37818622589
1.31372284889		2.74861621857
1.3164730072		2.44415378571
1.31922292709		2.42893028259
1.32197499275		2.74861621857
1.32472300529		2.38833522797
1.32747387886		2.49489688873
1.33022499084		2.73339271545
1.33297491074		2.35281467438
1.33573508263		2.55578994751
1.33847498894		2.69279766083
1.3412258625		2.32744312286
1.34398007393		2.61668205261
1.34672999382		2.6420545578
1.34947896004		2.32236862183
1.3522310257		2.67250061035
1.35497808456		2.57101249695
1.35785794258		2.34774017334
1.36060404778		2.72831821442
1.36335301399		2.50504589081
1.36610603333		2.38326072693
1.36885499954		2.7536907196
1.37160491943		2.44415378571
1.37435603142		2.43400478363
1.37710905075		2.74354171753
1.37985491753		2.38833522797
1.38260698318		2.49489688873
1.38535904884		2.73339271545
1.38810801506		2.35281467438
1.39085793495		2.55578994751
1.39360785484		2.68772315979
1.39636206627		2.32744312286
1.39910793304		2.61668205261
1.40186095238		2.6420545578
1.40460801125		2.32744312286
1.40736198425		2.67250061035
1.41011095047		2.58623600006
1.41286301613		2.33759117126
1.41561102867		2.71309566498
1.4183549881		2.52534389496
1.42110896111		2.37311172485
1.42385601997		2.74861621857
1.42661690712		2.46445083618
1.42936396599		2.41370677948
1.43211698532		2.7536907196
1.4348628521		2.39848423004
1.43761491776		2.47459983826
1.44036507607		2.74354171753
1.44311404228		2.35788917542
1.44590091705		2.54564094543
1.44861602783		2.7029466629
1.451390028		2.33251667023
1.45411705971		2.60145950317
1.45687389374		2.65727710724
1.45961785316		2.32236862183
1.46236801147		2.65727710724
1.46512508392		2.59638500214
1.46786689758		2.33251667023
1.47061800957		2.70802116394
1.47336697578		2.5405664444
1.47612285614		2.35281467438
1.47887086868		2.74354171753
1.48162198067		2.47967433929
1.48437094688		2.39848423004
1.48712301254		2.7536907196
1.48987102509		2.41878128052
1.49262094498		2.45937633514
1.49537086487		2.74354171753
1.49812102318		2.36803817749
1.50087094307		2.51519489288
1.50362205505		2.71817016602
1.50637888908		2.33251667023
1.50912690163		2.58116149902
1.51188397408		2.67250061035
1.51462197304		2.32236862183
1.51737499237		2.6420545578
1.52012491226		2.61668205261
1.5228729248		2.32744312286
1.5256319046		2.69279766083
1.52837705612		2.56086444855
1.53112506866		2.34774017334
1.53387498856		2.73339271545
1.53662800789		2.49489688873
1.53937602043		2.38833522797
1.54212808609		2.74861621857
1.54487586021		2.42893028259
1.54763007164		2.43907928467
1.55037903786		2.74354171753
1.55312895775		2.38326072693
1.55595898628		2.51519489288
1.55875587463		2.71309566498
1.56150388718		2.3426656723
1.56425499916		2.58623600006
1.56700706482		2.66742610931
1.56975793839		2.32744312286
1.5725069046		2.64712810516
1.57525706291		2.61668205261
1.5780069828		2.32744312286
1.58075785637		2.69279766083
1.58350801468		2.55578994751
1.58626389503		2.34774017334
1.58900904655		2.73339271545
1.59176492691		2.49489688873
1.59450793266		2.38326072693
1.59726285934		2.74861621857
1.60001301765		2.43400478363
1.60276293755		2.44415378571
1.60551595688		2.74861621857
1.60826301575		2.37818622589
1.61101102829		2.50504589081
1.61376190186		2.72831821442
1.61651301384		2.34774017334
1.61926293373		2.56593894958
1.62201404572		2.68264961243
1.62476587296		2.32744312286
1.62751603127		2.62683105469
1.63026285172		2.63698005676
1.6330139637		2.32744312286
1.63579893112		2.68772315979
1.63851594925		2.57608699799
1.64126586914		2.33759117126
1.64401698112		2.72324466705
1.64676785469		2.51012039185
1.649518013		2.37311172485
1.65226602554		2.74861621857
1.65501785278		2.43400478363
1.65789699554		2.44415378571
1.66064405441		2.74861621857
1.66339588165		2.37818622589
1.66614603996		2.50504589081
1.66889405251		2.72324466705
1.6716439724		2.3426656723
1.67439508438		2.56593894958
1.67715287209		2.68264961243
1.67989802361		2.32744312286
1.68264603615		2.63190555573
1.68540287018		2.63190555573
1.68814992905		2.32744312286
1.69089794159		2.68264961243
1.69364690781		2.57101249695
1.69640088081		2.3426656723
1.69914889336		2.72324466705
1.70190000534		2.51012039185
1.70464897156		2.37311172485
1.70740008354		2.74861621857
1.71015095711		2.44922733307
1.71289992332		2.42385578156
1.71565699577		2.74861621857
1.71840000153		2.393409729
1.72115087509		2.4898223877
1.7239010334		2.73339271545
1.72665405273		2.35281467438
1.72940397263		2.55071544647
1.73215293884		2.69279766083
1.73490285873		2.32744312286
1.73765587807		2.61160755157
1.74040293694		2.64712810516
1.74315285683		2.32236862183
1.74593997002		2.67757511139
1.74865603447		2.58623600006
1.75140500069		2.33251667023
1.75415492058		2.71309566498
1.75690698624		2.53041744232
1.7596578598		2.36296367645
1.76241207123		2.74354171753
1.76516389847		2.46952533722
1.76791787148		2.40863323212
1.77065587044		2.7536907196
1.7734079361		2.40863323212
1.77616000175		2.46952533722
1.7789080143		2.74354171753
1.78165888786		2.36296367645
1.78440999985		2.53041744232
1.78716802597		2.71309566498
1.78991389275		2.33251667023
1.79266285896		2.5913105011
1.79541993141		2.66235160828
1.79816293716		2.32236862183
1.80091190338		2.6522026062
1.80366206169		2.60653305054
1.80641508102		2.33251667023
1.80916404724		2.7029466629
1.81191205978		2.55071544647
1.81466293335		2.35281467438
1.81741499901		2.73846721649
1.82016396523		2.48474884033
1.82291388512		2.393409729
1.82567286491		2.7536907196
1.82841491699		2.42385578156
1.83116602898		2.45430183411
1.83391499519		2.74861621857
1.83666801453		2.37311172485
1.83941698074		2.51012039185
1.84216690063		2.71817016602
1.84491705894		2.3426656723
1.84768891335		2.57608699799
1.85042190552		2.67757511139
1.85316801071		2.32236862183
1.85592985153		2.63698005676
1.85866999626		2.62175655365
1.86141991615		2.32744312286
1.86417293549		2.68772315979
1.8669219017		2.56593894958
1.86966991425		2.3426656723
1.87242794037		2.72831821442
1.87517905235		2.50504589081
1.87792205811		2.38326072693
1.88067388535		2.7536907196
1.88342285156		2.44415378571
1.88617491722		2.43400478363
1.88892388344		2.74861621857
1.89167189598		2.38833522797
1.89442491531		2.49997138977
1.8971760273		2.73339271545
1.89992308617		2.34774017334
1.90267395973		2.55578994751
1.90543198586		2.68772315979
1.90817594528		2.32744312286
1.91092586517		2.61668205261
1.91367888451		2.6420545578
1.91642904282		2.32236862183
1.91917800903		2.67250061035
1.92192602158		2.58116149902
1.92467594147		2.33759117126
1.9274289608		2.72324466705
1.93017888069		2.52026939392
1.93293404579		2.37311172485
1.93567991257		2.74354171753
1.93842792511		2.45937633514
1.94117903709		2.41878128052
1.94393897057		2.7536907196
1.94668292999		2.40355873108
1.94943094254		2.47967433929
1.95218086243		2.73846721649
1.95493102074		2.35281467438
1.95781207085		2.56086444855
1.96055793762		2.68772315979
1.96330690384		2.32236862183
1.96606588364		2.62175655365
1.96880888939		2.6420545578
1.9715590477		2.32236862183
1.97430896759		2.67250061035
1.9770629406		2.57608699799
1.97981095314		2.33759117126
1.98255896568		2.71817016602
1.98531198502		2.52026939392
1.98805999756		2.36803817749
1.99081087112		2.74354171753
1.99356293678		2.45937633514
1.99631404877		2.41878128052
1.99906396866		2.7536907196
2.0018119812		2.40355873108
2.00456285477		2.47967433929
2.0073158741		2.73846721649
2.01006388664		2.35788917542
2.0128159523		2.53549194336
2.01556491852		2.7029466629
2.01832103729		2.32744312286
2.02106690407		2.60653305054
2.0238199234		2.65727710724
2.02656793594		2.32236862183
2.02931690216		2.66235160828
2.03206896782		2.59638500214
2.03481698036		2.33251667023
2.03756785393		2.70802116394
2.04031991959		2.53549194336
2.04307103157		2.36296367645
2.04585289955		2.73846721649
2.04857301712		2.47967433929
2.0513188839		2.40355873108
2.05406785011		2.7536907196
2.05682301521		2.41878128052
2.05957102776		2.45937633514
2.06232094765		2.74354171753
2.0650780201		2.36803817749
2.06782603264		2.52534389496
2.07057094574		2.71309566498
2.0733230114		2.33759117126
2.07607889175		2.58623600006
2.07882404327		2.66742610931
2.08157300949		2.32236862183
2.08432388306		2.6420545578
2.08707690239		2.61160755157
2.08982491493		2.32744312286
2.09257292747		2.69279766083
2.09532690048		2.55578994751
2.0980758667		2.35281467438
2.10082697868		2.73339271545
2.10359406471		2.49489688873
2.10632991791		2.38833522797
2.10907888412		2.7536907196
2.11182689667		2.43400478363
2.11457896233		2.44415378571
2.11745905876		2.74354171753
2.1202070713		2.36296367645
2.1229569912		2.53041744232
2.12571597099		2.70802116394
2.12845492363		2.33251667023
2.13120508194		2.58623600006
2.13395690918		2.66742610931
2.13670802116		2.32236862183
2.13945603371		2.6420545578
2.14220786095		2.61160755157
2.14495992661		2.33251667023
2.1477060318		2.69279766083
2.15045595169		2.55071544647
2.15320706367		2.35281467438
2.15596485138		2.73339271545
2.15870904922		2.49489688873
2.16146206856		2.38833522797
2.16421198845		2.74861621857
2.16696190834		2.42893028259
2.16971206665		2.44922733307
2.17246103287		2.74354171753
2.17521286011		2.37818622589
2.17795991898		2.50504589081
2.18071103096		2.72324466705
2.18346190453		2.3426656723
2.18622088432		2.56593894958
2.18896794319		2.68264961243
2.19171404839		2.32236862183
2.19446396828		2.63190555573
2.19721388817		2.62683105469
2.19997286797		2.32744312286
2.20271396637		2.68264961243
2.2054669857		2.57101249695
2.20821595192		2.3426656723
2.21096587181		2.72324466705
2.2137169838		2.51012039185
2.21647000313		2.37818622589
2.2192158699		2.74861621857
2.22196793556		2.44922733307
2.22471785545		2.42893028259
2.22746801376		2.74861621857
2.23021697998		2.393409729
2.23296999931		2.4898223877
2.23572587967		2.73339271545
2.23847007751		2.35281467438
2.24122095108		2.55071544647
2.24397087097		2.69279766083
2.24672293663		2.32236862183
2.2494699955		2.61160755157
2.25222086906		2.64712810516
2.25497102737		2.32744312286
2.25785207748		2.68264961243
2.26059699059		2.57101249695
2.26335191727		2.3426656723
2.26609897614		2.72831821442
2.26884794235		2.51012039185
2.27159905434		2.37818622589
2.27435398102		2.74861621857
2.27710199356		2.44415378571
2.27985191345		2.43400478363
2.28259992599		2.74861621857
2.28535985947		2.38833522797
2.28810405731		2.49489688873
2.29085206985		2.72831821442
2.29360103607		2.34774017334
2.29635286331		2.55071544647
2.29910206795		2.69279766083
2.30185198784		2.32744312286
2.3046040535		2.61668205261
2.30735492706		2.64712810516
2.31010389328		2.32236862183
2.31285595894		2.66742610931
2.31561303139		2.58623600006
2.31835603714		2.33251667023
2.32110500336		2.71309566498
2.32385706902		2.52534389496
2.32660794258		2.36296367645
2.32935595512		2.74354171753
2.33210802078		2.45937633514
2.334856987		2.41878128052
2.33760905266		2.7536907196
2.3403570652		2.40355873108
2.34310889244		2.47459983826
2.3458969593		2.73339271545
2.34860992432		2.35788917542
2.35135889053		2.53549194336
2.35411000252		2.7029466629
2.35686087608		2.32744312286
2.35961484909		2.59638500214
2.36236190796		2.66235160828
2.36511898041		2.32236862183
2.36786198616		2.6522026062
2.37061095238		2.60145950317
2.37336301804		2.33251667023
2.37611794472		2.70802116394
2.37886285782		2.54564094543
2.38161206245		2.35788917542
2.38436508179		2.73846721649
2.38712000847		2.47967433929
2.38986301422		2.39848423004
2.39261293411		2.7536907196
2.39537191391		2.41878128052
2.39811587334		2.45430183411
2.40086603165		2.74861621857
2.40361404419		2.37311172485
2.4063680172		2.51519489288
2.40913796425		2.71817016602
2.41186690331		2.33759117126
2.41461706161		2.57608699799
2.41737103462		2.67757511139
2.42011904716		2.32236862183
2.42286896706		2.63698005676
2.42562603951		2.61668205261
2.42836904526		2.32236862183
2.43111896515		2.69279766083
2.43387007713		2.56086444855
2.43662190437		2.34774017334
2.43936991692		2.72831821442
2.4421210289		2.49997138977
2.44487690926		2.393409729
2.44762206078		2.74861621857
2.45037102699		2.43907928467
2.45312285423		2.43400478363
2.45595502853		2.74354171753
2.45875000954		2.36803817749
2.46149897575		2.52026939392
2.46425104141		2.71817016602
2.46700000763		2.3426656723
2.46974992752		2.58116149902
2.47250199318		2.67250061035
2.47525191307		2.32236862183
2.47799992561		2.6420545578
2.4807510376		2.61668205261
2.48350286484		2.32744312286
2.48625302315		2.69279766083
2.48900294304		2.56086444855
2.49175095558		2.34774017334
2.49450206757		2.72831821442
2.49725604057		2.49997138977
2.50000286102		2.38326072693
2.50275301933		2.74861621857
2.5055129528		2.43907928467
2.50825405121		2.43907928467
2.5110039711		2.74861621857
2.51375389099		2.38326072693
2.51650691032		2.49997138977
2.51925396919		2.72831821442
2.52200698853		2.3426656723
2.52475690842		2.56086444855
2.5275080204		2.68772315979
2.53026294708		2.32744312286
2.53300786018		2.62175655365
2.53576087952		2.63698005676
2.53850889206		2.32236862183
2.54126191139		2.68264961243
2.54400992393		2.57608699799
2.54676008224		2.33759117126
2.54951095581		2.71817016602
2.55226492882		2.51519489288
2.55501103401		2.38326072693
2.55788803101		2.7536907196
2.5606379509		2.43400478363
2.56338691711		2.43907928467
2.56613898277		2.74861621857
2.56888985634		2.37818622589
2.57163786888		2.49997138977
2.57438898087		2.72324466705
2.57713985443		2.3426656723
2.57988786697		2.56086444855
2.58264088631		2.68264961243
2.58538985252		2.32744312286
2.58814191818		2.62683105469
2.59088897705		2.63698005676
2.59364199638		2.32236862183
2.59639501572		2.67757511139
2.59914207458		2.57608699799
2.60189199448		2.33759117126
2.60464191437		2.72324466705
2.60738396645		2.51519489288
2.6101360321		2.37311172485
2.612885952		2.74354171753
2.61564397812		2.45430183411
2.61839389801		2.42385578156
2.62114405632		2.7536907196
2.62389397621		2.393409729
2.62664604187		2.48474884033
2.62939190865		2.73846721649
2.63214802742		2.35281467438
2.63489508629		2.55071544647
2.63764286041		2.69787216187
2.64039587975		2.32744312286
2.64314699173		2.61160755157
2.64592885971		2.64712810516
2.64864802361		2.32236862183
2.65139889717		2.66742610931
2.65414786339		2.5913105011
2.6568980217		2.33759117126
2.65964698792		2.71309566498
2.66239905357		2.53041744232
2.66515398026		2.36296367645
2.66789889336		2.73846721649
2.67064785957		2.46952533722
2.67339992523		2.40863323212
2.67615008354		2.7536907196
2.67889904976		2.41370677948
2.68165206909		2.45937633514
2.68440198898		2.74354171753
2.68715286255		2.36296367645
2.68990206718		2.53041744232
2.69265294075		2.71309566498
2.69540286064		2.33759117126
2.69815397263		2.58623600006
2.70090889931		2.66742610931
2.7036550045		2.31729412079
2.70640587807		2.6522026062
2.70915603638		2.61160755157
2.71190595627		2.32744312286
2.71465492249		2.69787216187
2.71740698814		2.55071544647
2.7201590538		2.35281467438
2.72290587425		2.73339271545
2.72566390038		2.48474884033
2.72842788696		2.393409729
2.73115897179		2.74861621857
2.733907938		2.42893028259
2.73666000366		2.44922733307
2.7394080162		2.74354171753
2.74215888977		2.37818622589
2.74490785599		2.51519489288
2.74765992165		2.72324466705
2.75041103363		2.33759117126
2.75316095352		2.57101249695
2.7559940815		2.66742610931
2.75878691673		2.32236862183
2.76153707504		2.6522026062
2.76428604126		2.60653305054
2.76703691483		2.33251667023
2.76978802681		2.7029466629
2.77253603935		2.55071544647
2.77528786659		2.35281467438
2.77803897858		2.73846721649
2.78078794479		2.48474884033
2.78353595734		2.393409729
2.78629899025		2.7536907196
2.78903889656		2.42893028259
2.79179096222		2.44922733307
2.7945420742		2.74354171753
2.79729390144		2.37311172485
2.80004405975		2.51012039185
2.8027920723		2.71817016602
2.80554890633		2.33759117126
2.80829596519		2.57101249695
2.81104588509		2.68264961243
2.8137948513		2.32236862183
2.81654596329		2.63698005676
2.81929397583		2.62683105469
2.8220448494		2.32236862183
2.82479500771		2.68772315979
2.8275449276		2.56593894958
2.83029508591		2.3426656723
2.83304595947		2.72831821442
2.83583402634		2.49997138977
2.83854699135		2.37818622589
2.84129905701		2.74861621857
2.84404706955		2.43907928467
2.84679889679		2.42893028259
2.84954690933		2.74861621857
2.85229897499		2.38833522797
2.85505485535		2.49997138977
2.8577978611		2.72831821442
2.86054992676		2.34774017334
2.86329698563		2.55578994751
2.86605501175		2.69279766083
2.86879897118		2.32744312286
2.87155795097		2.61668205261
2.8743019104		2.64712810516
2.87705492973		2.32744312286
2.87980294228		2.67250061035
2.88255000114		2.58623600006
2.88530898094		2.33759117126
2.8880610466		2.72324466705
2.89080405235		2.52534389496
2.89355301857		2.36803817749
2.89630508423		2.74354171753
2.89905405045		2.45937633514
2.90180397034		2.41370677948
2.90455985069		2.7536907196
2.90731287003		2.40355873108
2.91005587578		2.47459983826
2.91280889511		2.73846721649
2.91556501389		2.35788917542
2.91830801964		2.5405664444
2.92105793953		2.70802116394
2.92380785942		2.33251667023
2.92655801773		2.60145950317
2.92931008339		2.65727710724
2.93205785751		2.32236862183
2.9348089695		2.66235160828
2.93756103516		2.60145950317
2.9403090477		2.33251667023
2.94305992126		2.7029466629
2.94584703445		2.53549194336
2.94856190681		2.35788917542
2.9513130188		2.73846721649
2.95406198502		2.47459983826
2.95682001114		2.40355873108
2.95956301689		2.74861621857
2.96231293678		2.42385578156
2.96506905556		2.45937633514
2.96781396866		2.74861621857
2.97056603432		2.36803817749
2.97331404686		2.52026939392
2.97607302666		2.71309566498
2.97881603241		2.33759117126
2.98156499863		2.58116149902
2.98431706429		2.67250061035
2.98707103729		2.32236862183
2.98981785774		2.6420545578
2.99256801605		2.61668205261
2.99532389641		2.32744312286
2.99806904793		2.69279766083
3.00081801414		2.56086444855
3.00356888771		2.3426656723
3.00631999969		2.73339271545
3.00906991959		2.49997138977
3.0118188858		2.38326072693
3.01456904411		2.7536907196
3.01732397079		2.43400478363
3.02007007599		2.43907928467
3.02281999588		2.74861621857
3.02557706833		2.38326072693
3.0283229351		2.49997138977
3.03107190132		2.72324466705
3.03382396698		2.3426656723
3.0365729332		2.56086444855
3.03932404518		2.68772315979
3.04207801819		2.32236862183
3.04482603073		2.63190555573
3.04758000374		2.63698005676
3.05032587051		2.32236862183
3.05307602882		2.68264961243
3.05591797829		2.56086444855
3.05870389938		2.34774017334
3.06145095825		2.73339271545
3.06420493126		2.49489688873
3.06695389748		2.38833522797
3.06970191002		2.74861621857
3.07249808311		2.42385578156
3.07521295547		2.44415378571
3.07795500755		2.74861621857
3.08070397377		2.37818622589
3.08345293999		2.50504589081
3.08622193336		2.72324466705
3.0889570713		2.3426656723
3.09170508385		2.56593894958
3.09445595741		2.68772315979
3.09721088409		2.32236862183
3.09995698929		2.62683105469
3.10270905495		2.63698005676
3.1054649353		2.32236862183
3.1082098484		2.68264961243
3.11096096039		2.57608699799
3.11370897293		2.33759117126
3.11646008492		2.72324466705
3.11921191216		2.51519489288
3.12195897102		2.37311172485
3.12471008301		2.74354171753
3.12746596336		2.44922733307
3.13020992279		2.42385578156
3.13296103477		2.7536907196
3.13571286201		2.39848423004
3.13846206665		2.48474884033
3.14121294022		2.73339271545
3.14396500587		2.35281467438
3.14671397209		2.54564094543
3.14946389198		2.69787216187
3.15221500397		2.33251667023
3.15496301651		2.62683105469
3.15784502029		2.63190555573
3.16059088707		2.32744312286
3.16334104538		2.68264961243
3.16609406471		2.57101249695
3.1688439846		2.33759117126
3.17158985138		2.72324466705
3.17434096336		2.51012039185
3.1770939827		2.37311172485
3.17984199524		2.74354171753
3.18259096146		2.44922733307
3.18534398079		2.42385578156
3.18809390068		2.74861621857
3.19084405899		2.393409729
3.19359493256		2.48474884033
3.19634699821		2.73339271545
3.19909501076		2.35788917542
3.20184493065		2.55071544647
3.20459485054		2.69787216187
3.20734906197		2.32744312286
3.21009588242		2.61160755157
3.21285295486		2.64712810516
3.21559691429		2.32236862183
3.21834897995		2.67250061035
3.22109794617		2.5913105011
3.22384691238		2.33251667023
3.22659993172		2.70802116394
3.22934889793		2.53041744232
3.23210191727		2.35788917542
3.23485088348		2.74354171753
3.23760104179		2.46445083618
3.2403550148		2.41370677948
3.2430999279		2.74861621857
3.24588704109		2.40355873108
3.24860405922		2.46952533722
3.25135207176		2.74354171753
3.25410199165		2.36296367645
3.25685501099		2.53549194336
3.25960302353		2.70802116394
3.26235699654		2.33251667023
3.26511192322		2.5913105011
3.26785492897		2.66235160828
3.27060484886		2.31729412079
3.27335500717		2.6522026062
3.27610588074		2.61160755157
3.27885603905		2.32744312286
3.28160405159		2.69787216187
3.28435707092		2.54564094543
3.28711104393		2.35281467438
3.28985786438		2.73846721649
3.29260802269		2.48474884033
3.29535889626		2.39848423004
3.29811692238		2.74861621857
3.30086088181		2.42893028259
3.30360889435		2.44922733307
3.30636286736		2.74354171753
3.3091108799		2.37818622589
3.31185889244		2.51012039185
3.3146109581		2.71817016602
3.31736803055		2.33759117126
3.32012104988		2.57101249695
3.32286095619		2.67757511139
3.32561802864		2.32236862183
3.32836103439		2.63698005676
3.33111190796		2.62683105469
3.33386206627		2.32236862183
3.33661699295		2.68772315979
3.33936405182		2.56593894958
3.34211397171		2.3426656723
3.34486508369		2.73339271545
3.34761786461		2.50504589081
3.35036802292		2.37818622589
3.35311603546		2.74861621857
3.3559319973		2.43400478363
3.35861802101		2.42893028259
3.36136698723		2.74861621857
3.36411595345		2.38833522797
3.36686992645		2.49489688873
3.36962008476		2.72831821442
3.37236785889		2.34774017334
3.37511992455		2.55578994751
3.37786793709		2.69279766083
3.38062000275		2.32744312286
3.3833758831		2.61668205261
3.38612699509		2.6420545578
3.38886904716		2.32236862183
3.3916208744		2.67757511139
3.39437007904		2.58623600006
3.39712405205		2.33759117126
3.3998708725		2.71309566498
3.40262198448		2.52026939392
3.40537786484		2.36803817749
3.40812706947		2.74354171753
3.41087198257		2.45937633514
3.41362404823		2.41878128052
3.41637992859		2.74861621857
3.41912388802		2.40355873108
3.42187404633		2.47967433929
3.42462706566		2.73846721649
3.42737698555		2.35788917542
3.43012690544		2.53549194336
3.43287587166		2.7029466629
3.43563294411		2.32744312286
3.43837785721		2.59638500214
3.44112706184		2.65727710724
3.44387698174		2.32236862183
3.44663095474		2.65727710724
3.44937801361		2.60145950317
3.4521279335		2.32744312286
3.45487999916		2.71309566498
3.45776104927		2.51519489288
3.46050596237		2.36803817749
3.46325707436		2.74354171753
3.46601486206		2.45937633514
3.46876192093		2.42385578156
3.47150492668		2.7536907196
3.47425603867		2.40355873108
3.477009058		2.47967433929
3.47975897789		2.73846721649
3.48250889778		2.35281467438
3.48526501656		2.5405664444
3.48800992966		2.7029466629
3.49077486992		2.33251667023
3.49351096153		2.60145950317
3.49626803398		2.65727710724
3.49901008606		2.32236862183
3.50176095963		2.65727710724
3.50450992584		2.59638500214
3.5072619915		2.33251667023
3.51001000404		2.70802116394
3.51276087761		2.5405664444
3.51551795006		2.35788917542
3.51826190948		2.73846721649
3.5210108757		2.47459983826
3.52376294136		2.40355873108
3.52651500702		2.7536907196
3.52926301956		2.41878128052
3.53201389313		2.45937633514
3.53476405144		2.74861621857
3.537514925		2.36803817749
3.54026603699		2.52026939392
3.54301404953		2.71817016602
3.54580593109		2.33251667023
3.54851508141		2.58623600006
3.55126690865		2.67250061035
3.55402088165		2.32236862183
3.5567688942		2.64712810516
3.55951786041		2.61160755157
3.56226992607		2.32744312286
3.56501793861		2.7029466629
3.56789803505		2.53549194336
3.57064390182		2.35788917542
3.57339501381		2.73846721649
3.57615399361		2.47459983826
3.57889485359		2.40863323212
3.5816450119		2.7536907196
3.58439588547		2.41370677948
3.58715105057		2.46445083618
3.58989596367		2.74354171753
3.59264707565		2.36296367645
3.59540486336		2.52534389496
3.59815096855		2.71309566498
3.60089707375		2.33759117126
3.60364699364		2.58116149902
3.60640192032		2.66742610931
3.60915088654		2.32236862183
3.61190104485		2.64712810516
3.61465191841		2.61668205261
3.61740493774		2.32744312286
3.62015104294		2.69279766083
3.6229019165		2.55578994751
3.62565898895		2.34774017334
3.62840199471		2.73339271545
3.6311519146		2.49489688873
3.63390207291		2.38833522797
3.63665390015		2.74861621857
3.63940787315		2.42893028259
3.64215397835		2.44415378571
3.64490294456		2.74861621857
3.64765501022		2.37818622589
3.65040493011		2.51012039185
3.65315389633		2.72324466705
3.65598487854		2.33759117126
3.65877985954		2.58623600006
3.6615319252		2.66742610931
3.66428399086		2.32236862183
3.66703391075		2.64712810516
3.66978406906		2.61160755157
3.6725320816		2.32744312286
3.67528986931		2.69787216187
3.67803406715		2.55071544647
3.68078398705		2.34774017334
3.68353486061		2.73339271545
3.68628692627		2.4898223877
3.68903398514		2.38833522797
3.6917848587		2.74861621857
3.69453692436		2.42893028259
3.69728803635		2.44415378571
3.70003604889		2.74861621857
3.70278596878		2.37818622589
3.70553708076		2.51012039185
3.70828700066		2.72324466705
3.71103692055		2.3426656723
3.71378803253		2.57101249695
3.7165389061		2.67757511139
3.71929001808		2.32236862183
3.7220389843		2.63190555573
3.72479486465		2.62683105469
3.72754192352		2.32236862183
3.73028993607		2.68264961243
3.73304104805		2.56593894958
3.73582792282		2.3426656723
3.73853993416		2.72324466705
3.74129104614		2.50504589081
3.74404191971		2.37818622589
3.74679493904		2.74861621857
3.74954295158		2.44415378571
3.75229692459		2.42893028259
3.7551150322		2.74861621857
3.75792193413		2.37311172485
3.76066994667		2.51012039185
3.76342105865		2.71817016602
3.76617288589		2.33759117126
3.76892185211		2.57101249695
3.77167201042		2.67757511139
3.77442097664		2.32236862183
3.77717399597		2.63190555573
3.77991986275		2.62683105469
3.78267192841		2.32744312286
3.78542494774		2.68772315979
3.78817296028		2.56593894958
3.79092288017		2.3426656723
3.79367303848		2.72831821442
3.79642605782		2.50504589081
3.79917502403		2.37818622589
3.80192399025		2.74354171753
3.80467700958		2.44415378571
3.80742692947		2.43400478363
3.81017994881		2.7536907196
3.81292700768		2.393409729
3.81567597389		2.49489688873
3.81842708588		2.72831821442
3.82117700577		2.35281467438
3.82392787933		2.55578994751
3.82667899132		2.69279766083
3.82942795753		2.32744312286
3.8321890831		2.61160755157
3.83492898941		2.63698005676
3.8376789093		2.32236862183
3.84043002129		2.67250061035
3.8431789875		2.58623600006
3.84593701363		2.33759117126
3.84868097305		2.71817016602
3.85143089294		2.52534389496
3.85418105125		2.36803817749
3.85693407059		2.74354171753
3.85968208313		2.46445083618
3.8624329567		2.41878128052
3.86519002914		2.7536907196
3.8679330349		2.40863323212
3.87068295479		2.47459983826
3.87343406677		2.73846721649
3.87618589401		2.35788917542
3.87893486023		2.53549194336
3.88168406487		2.70802116394
3.88443398476		2.33251667023
3.88718605042		2.59638500214
3.88993501663		2.65727710724
3.89268708229		2.32236862183
3.89544296265		2.65727710724
3.89818787575		2.60145950317
3.90093803406		2.33251667023
3.90368795395		2.7029466629
3.90643906593		2.5405664444
3.90918898582		2.35281467438
3.91193890572		2.73846721649
3.9146900177		2.47967433929
3.91744208336		2.39848423004
3.92019295692		2.7536907196
3.92294192314		2.41878128052
3.92569994926		2.45430183411
3.92844486237		2.74354171753
3.93119287491		2.36803817749
3.93394303322		2.52026939392
3.93669295311		2.71817016602
3.93944191933		2.33759117126
3.94219398499		2.58116149902
3.94496297836		2.66235160828
3.94782590866		2.32236862183
3.95056891441		2.66235160828
3.95331907272		2.60145950317
3.95607089996		2.33251667023
3.95881986618		2.70802116394
3.96157002449		2.5405664444
3.96432304382		2.35788917542
3.96707296371		2.74354171753
3.96982097626		2.47967433929
3.97257184982		2.40355873108
3.97532606125		2.7536907196
3.97807407379		2.41878128052
3.9808280468		2.45937633514
3.98357605934		2.74354171753
3.9863319397		2.36803817749
3.98907589912		2.52026939392
3.99182391167		2.71817016602
3.99457597733		2.33251667023
3.99733304977		2.57608699799
4.00007605553		2.67250061035
4.00282597542		2.32236862183
4.00558400154		2.64712810516
4.00833392143		2.61668205261
4.01107692719		2.32744312286
4.01382803917		2.69279766083
4.01657986641		2.55578994751
4.01932907104		2.34774017334
4.02207899094		2.73339271545
4.02482795715		2.4898223877
4.02758193016		2.38833522797
4.03033089638		2.74861621857
4.03307986259		2.43400478363
4.03586697578		2.44415378571
4.0385799408		2.74861621857
4.04133200645		2.38326072693
4.04408097267		2.49997138977
4.04683995247		2.71817016602
4.04958200455		2.34774017334
4.05233407021		2.56086444855
4.05509185791		2.68264961243
4.05783605576		2.32236862183
4.06058502197		2.62683105469
4.06333398819		2.63698005676
4.06609201431		2.32744312286
4.06883788109		2.67757511139
4.07158303261		2.57608699799
4.07433605194		2.33759117126
4.07708692551		2.72831821442
4.07983493805		2.52026939392
4.08258700371		2.36803817749
4.08534288406		2.74861621857
4.08808898926		2.44922733307
4.09083604813		2.42385578156
4.09358692169		2.7536907196
4.0963408947		2.393409729
4.09908890724		2.48474884033
4.10183906555		2.73339271545
4.10458898544		2.35281467438
4.10734605789		2.54564094543
4.11009192467		2.7029466629
4.11284089088		2.32744312286
4.11559987068		2.60653305054
4.11834192276		2.6522026062
4.12109303474		2.32236862183
4.12384295464		2.66742610931
4.12659406662		2.5913105011
4.12934494019		2.33251667023
4.13209295273		2.71309566498
4.13484287262		2.53041744232
4.13759899139		2.36296367645
4.14034485817		2.74354171753
4.14309287071		2.46952533722
4.14587903023		2.41370677948
4.14859390259		2.74861621857
4.15135288239		2.40863323212
4.15409588814		2.46445083618
4.15684700012		2.73846721649
4.15959501266		2.36296367645
4.16234588623		2.52534389496
4.16510391235		2.70802116394
4.16785001755		2.33251667023
4.17059803009		2.5913105011
4.17334794998		2.66742610931
4.17610001564		2.32236862183
4.17884993553		2.6522026062
4.18159985542		2.61160755157
4.18435406685		2.32744312286
4.18710589409		2.69787216187
4.18985104561		2.55578994751
4.19260191917		2.35281467438
4.19535803795		2.73846721649
4.19809985161		2.4898223877
4.20085191727		2.38833522797
4.2036049366		2.74861621857
4.20635795593		2.42893028259
4.20910286903		2.44922733307
4.21185398102		2.74354171753
4.21460390091		2.37311172485
4.21735692024		2.51012039185
4.22010588646		2.71817016602
4.22285485268		2.3426656723
4.22561502457		2.57101249695
4.22835898399		2.68264961243
4.23110795021		2.32236862183
4.2338578701		2.63190555573
4.23661398888		2.62683105469
4.2393579483		2.32744312286
4.24210786819		2.68264961243
4.2448580265		2.56086444855
4.24760890007		2.34774017334
4.25036001205		2.72324466705
4.25310897827		2.51012039185
4.25594091415		2.38833522797
4.25873589516		2.74861621857
4.26148700714		2.42385578156
4.26424598694		2.44922733307
4.26698708534		2.74354171753
4.26973605156		2.37311172485
4.27248597145		2.51012039185
4.27524399757		2.71817016602
4.27798700333		2.33759117126
4.28073906898		2.57101249695
4.2834880352		2.68264961243
4.28624105453		2.32236862183
4.28898906708		2.63190555573
4.29173898697		2.62683105469
4.29448890686		2.32744312286
4.29724192619		2.68772315979
4.29998993874		2.56593894958
4.30273985863		2.3426656723
4.30549788475		2.72831821442
4.3082420826		2.50504589081
4.31099295616		2.37818622589
4.31374192238		2.74861621857
4.31649398804		2.44415378571
4.31924200058		2.42893028259
4.32199597359		2.74861621857
4.32474303246		2.38833522797
4.3274948597		2.49489688873
4.33024406433		2.72831821442
4.33299303055		2.34774017334
4.33574485779		2.55071544647
4.33849287033		2.69279766083
4.34124588966		2.32744312286
4.34399485588		2.61668205261
4.34674906731		2.64712810516
4.34949588776		2.32236862183
4.35224986076		2.67250061035
4.35499691963		2.56593894958
4.35787701607		2.34774017334
4.36062407494		2.72831821442
4.36337590218		2.49997138977
4.36612486839		2.38326072693
4.36887598038		2.74861621857
4.37162399292		2.43907928467
4.37437486649		2.43400478363
4.37712693214		2.74861621857
4.37987685204		2.38833522797
4.38262701035		2.49489688873
4.385379076		2.73339271545
4.3881289959		2.34774017334
4.39087796211		2.55578994751
4.393627882		2.69279766083
4.39637899399		2.32744312286
4.39912891388		2.62175655365
4.40187907219		2.6420545578
4.40462803841		2.32236862183
4.4073870182		2.67757511139
4.41013002396		2.58116149902
4.41287994385		2.33759117126
4.41563200951		2.71817016602
4.41838097572		2.52026939392
4.42112994194		2.36803817749
4.4238820076		2.74354171753
4.42663288116		2.45937633514
4.4293820858		2.41878128052
4.43213391304		2.74861621857
4.43488287926		2.39848423004
4.43763303757		2.47459983826
4.44038891792		2.73339271545
4.44313406944		2.35788917542
4.44591903687		2.54564094543
4.44863605499		2.7029466629
4.45138692856		2.33251667023
4.45413398743		2.59638500214
4.45689105988		2.65727710724
4.45963788033		2.32236862183
4.46238708496		2.65727710724
4.46514391899		2.59638500214
4.46788692474		2.32744312286
4.47063803673		2.70802116394
4.47338891029		2.53549194336
4.47614002228		2.35788917542
4.47889089584		2.73846721649
4.48163795471		2.47967433929
4.48439002037		2.40355873108
4.48714208603		2.74861621857
4.48989105225		2.41370677948
4.49264597893		2.45937633514
4.4953930378		2.74354171753
4.49814105034		2.36803817749
4.5008919239		2.52026939392
4.50364303589		2.71817016602
4.50639390945		2.33759117126
4.50914406776		2.58116149902
4.51189398766		2.67250061035
4.51464390755		2.32236862183
4.51739597321		2.6420545578
4.5201458931		2.61668205261
4.52289390564		2.32744312286
4.52565193176		2.69279766083
4.52839899063		2.55578994751
4.53114390373		2.34774017334
4.53389406204		2.72831821442
4.53664708138		2.49489688873
4.53939700127		2.38833522797
4.54214692116		2.7536907196
4.54489707947		2.42893028259
4.54764986038		2.43907928467
4.55039906502		2.74354171753
4.55314993858		2.38326072693
4.55597686768		2.51519489288
4.55877494812		2.71817016602
4.56152486801		2.33251667023
4.56427502632		2.58116149902
4.56702899933		2.66742610931
4.5697748661		2.32236862183
4.57252597809		2.6420545578
4.57528305054		2.61668205261
4.5780339241		2.32744312286
4.58077502251		2.69279766083
4.58352589607		2.55578994751
4.58628296852		2.35281467438
4.58902907372		2.73339271545
4.59177708626		2.49489688873
4.59452795982		2.38833522797
4.59728193283		2.74354171753
4.6000289917		2.43400478363
4.60277986526		2.43907928467
4.60553693771		2.74861621857
4.60828399658		2.37818622589
4.61103105545		2.50504589081
4.61378097534		2.72324466705
4.61653804779		2.33759117126
4.61928200722		2.56593894958
4.62203192711		2.68772315979
4.62478399277		2.32744312286
4.62753486633		2.62683105469
4.6302819252		2.63698005676
4.63303494453		2.32236862183
4.63581991196		2.68264961243
4.63853406906		2.57608699799
4.64128494263		2.3426656723
4.64403390884		2.72324466705
4.64678788185		2.51012039185
4.64953589439		2.37311172485
4.6522860527		2.74861621857
4.65510606766		2.43907928467
4.65791487694		2.44415378571
4.66066288948		2.74861621857
4.66341900826		2.37818622589
4.66616606712		2.50504589081
4.66891503334		2.72324466705
4.67166590691		2.3426656723
4.67441487312		2.56593894958
4.67716693878		2.68264961243
4.67991495132		2.32744312286
4.68266487122		2.63190555573
4.68542289734		2.62683105469
4.68816804886		2.32744312286
4.6909160614		2.68264961243
4.69366693497		2.57608699799
4.69642186165		2.3426656723
4.69916701317		2.72324466705
4.70191907883		2.51012039185
4.70466804504		2.37311172485
4.70741987228		2.74861621857
4.71016788483		2.44415378571
4.71291995049		2.42893028259
4.71567487717		2.74861621857
4.71842002869		2.393409729
4.72116994858		2.4898223877
4.72391891479		2.72831821442
4.72667503357		2.35281467438
4.72942495346		2.55071544647
4.732172966		2.69279766083
4.73492288589		2.32744312286
4.73767495155		2.61160755157
4.74042391777		2.64712810516
4.74317407608		2.32236862183
4.74593305588		2.67250061035
4.74867796898		2.58623600006
4.75142502785		2.33759117126
4.75417590141		2.71309566498
4.75692796707		2.52534389496
4.75967502594		2.36296367645
4.76242494583		2.74354171753
4.76518297195		2.46445083618
4.76792693138		2.40863323212
4.7706758976		2.74861621857
4.77342700958		2.40863323212
4.77618002892		2.46952533722
4.77892899513		2.74354171753
4.781676054		2.36296367645
4.78443002701		2.53041744232
4.78718400002		2.70802116394
4.78992891312		2.33251667023
4.7926800251		2.5913105011
4.79543805122		2.66235160828
4.79818105698		2.32236862183
4.80093193054		2.65727710724
4.80367994308		2.60653305054
4.80643486977		2.33251667023
4.80918288231		2.69787216187
4.81193184853		2.54564094543
4.81468391418		2.34774017334
4.81743407249		2.73846721649
4.82018303871		2.48474884033
4.8229329586		2.393409729
4.8256919384		2.7536907196
4.82843494415		2.42385578156
4.83118486404		2.44922733307
4.83394098282		2.74354171753
4.83668994904		2.37311172485
4.8394370079		2.51012039185
4.84218597412		2.71817016602
4.84493708611		2.33759117126
4.84768795967		2.57608699799
4.85043692589		2.67757511139
4.8531870842		2.32236862183
4.855946064		2.63698005676
4.85869002342		2.62175655365
4.86143898964		2.32744312286
4.86418890953		2.68772315979
4.86694288254		2.56086444855
4.86968803406		2.3426656723
4.87244391441		2.72831821442
4.87519788742		2.49997138977
4.87794208527		2.38326072693
4.88069295883		2.74861621857
4.88344097137		2.44415378571
4.88619303703		2.43400478363
4.8889439106		2.74861621857
4.89169287682		2.38833522797
4.8944439888		2.49489688873
4.89719605446		2.73339271545
4.89994287491		2.34774017334
4.90269398689		2.55578994751
4.90545296669		2.68772315979
4.90819406509		2.32744312286
4.91094589233		2.61668205261
4.91369605064		2.6420545578
4.91644787788		2.32236862183
4.91920185089		2.67757511139
4.92194604874		2.57608699799
4.92469787598		2.33759117126
4.92744803429		2.71817016602
4.9301970005		2.52026939392
4.93294596672		2.36296367645
4.93569898605		2.74354171753
4.93844890594		2.45937633514
4.94119787216		2.41370677948
4.94394898415		2.7536907196
4.9467010498		2.40355873108
4.94945001602		2.47967433929
4.95220208168		2.73846721649
4.9549510479		2.34774017334
4.95783090591		2.56086444855
4.96057796478		2.68772315979
4.963326931		2.32744312286
4.96607899666		2.61668205261
4.96882891655		2.63698005676
4.97157788277		2.32236862183
4.97432994843		2.67757511139
4.97707986832		2.57608699799
4.97982788086		2.33759117126
4.98257994652		2.71817016602
4.9853310585		2.52026939392
4.98808097839		2.36803817749
4.99083185196		2.74354171753
4.99358201027		2.45937633514
4.99633288383		2.41878128052
4.99908185005		2.7536907196
