0.000128030776978		2.6522026062
0.00258302688599		2.56593894958
0.00509405136108		2.49489688873
0.00758695602417		2.57608699799
0.0100800991058		2.48474884033
0.0125811100006		2.58116149902
0.015084028244		2.47967433929
0.0175809860229		2.5913105011
0.0200819969177		2.47967433929
0.022586107254		2.58623600006
0.0250859260559		2.47459983826
0.0275850296021		2.59638500214
0.0300829410553		2.46445083618
0.0325860977173		2.60145950317
0.0350909233093		2.46445083618
0.0375859737396		2.60653305054
0.0400869846344		2.45937633514
0.0425879955292		2.60653305054
0.0450909137726		2.45937633514
0.0475869178772		2.61160755157
0.0501201152802		2.45430183411
0.0525860786438		2.61668205261
0.0550889968872		2.44415378571
0.057587146759		2.62683105469
0.0600879192352		2.43907928467
0.0625951290131		2.62683105469
0.0650999546051		2.43907928467
0.0675990581512		2.62683105469
0.0700960159302		2.43400478363
0.0726070404053		2.63190555573
0.0750970840454		2.43400478363
0.0776009559631		2.63698005676
0.0801010131836		2.42893028259
0.0826089382172		2.6420545578
0.0850999355316		2.42385578156
0.0876040458679		2.64712810516
0.0901050567627		2.42385578156
0.0926089286804		2.64712810516
0.0951011180878		2.41878128052
0.0976009368896		2.6522026062
0.10010099411		2.41370677948
0.102611064911		2.6522026062
0.105102062225		2.40863323212
0.107600927353		2.65727710724
0.110104084015		2.40355873108
0.112612962723		2.65727710724
0.115103960037		2.40355873108
0.117608070374		2.66235160828
0.120105981827		2.39848423004
0.122611999512		2.66235160828
0.125105142593		2.39848423004
0.127614021301		2.66742610931
0.130105018616		2.39848423004
0.132614135742		2.67250061035
0.135105133057		2.39848423004
0.137607097626		2.67757511139
0.140106916428		2.393409729
0.142612934113		2.67757511139
0.145108938217		2.38833522797
0.147609949112		2.68264961243
0.150107145309		2.38326072693
0.152616977692		2.68264961243
0.155107975006		2.38326072693
0.157609939575		2.68264961243
0.160109996796		2.37818622589
0.162616014481		2.68264961243
0.165111064911		2.37818622589
0.167613983154		2.68264961243
0.170110940933		2.37818622589
0.17261505127		2.68772315979
0.175112962723		2.37311172485
0.177613973618		2.68772315979
0.180112123489		2.37818622589
0.182625055313		2.68772315979
0.185116052628		2.37311172485
0.187616109848		2.68772315979
0.190114021301		2.37311172485
0.192615032196		2.69279766083
0.195116043091		2.36803817749
0.19761800766		2.69279766083
0.200115919113		2.36803817749
0.20262503624		2.69787216187
0.205122947693		2.37311172485
0.207616090775		2.69279766083
0.210117101669		2.36803817749
0.212624073029		2.69279766083
0.215116024017		2.37311172485
0.217617988586		2.69279766083
0.220118045807		2.36803817749
0.22262597084		2.69279766083
0.225117921829		2.36803817749
0.22761797905		2.69787216187
0.230119943619		2.36803817749
0.232628107071		2.69279766083
0.235121011734		2.37311172485
0.23762011528		2.69787216187
0.240122079849		2.37818622589
0.242629051208		2.69279766083
0.245121955872		2.37311172485
0.247622966766		2.69279766083
0.250127077103		2.37311172485
0.252629995346		2.69279766083
0.255121946335		2.37311172485
0.257622003555		2.69279766083
0.260122060776		2.37818622589
0.262632131577		2.68772315979
0.265123128891		2.37818622589
0.267626047134		2.68772315979
0.270124912262		2.37818622589
0.27263212204		2.69279766083
0.275125026703		2.37818622589
0.277625083923		2.68772315979
0.280123949051		2.38326072693
0.282638072968		2.68772315979
0.285125017166		2.38326072693
0.287626981735		2.68264961243
0.29012799263		2.38326072693
0.292633056641		2.68264961243
0.295125961304		2.38833522797
0.297629117966		2.67757511139
0.300127029419		2.393409729
0.302636146545		2.67757511139
0.30512714386		2.393409729
0.307627916336		2.67757511139
0.310128927231		2.39848423004
0.312637090683		2.67250061035
0.31513094902		2.39848423004
0.317631959915		2.66742610931
0.320130109787		2.40355873108
0.322639942169		2.66742610931
0.325132131577		2.40355873108
0.32763504982		2.66235160828
0.330132961273		2.40863323212
0.332639932632		2.66235160828
0.335134029388		2.40863323212
0.337631940842		2.6522026062
0.340134143829		2.41370677948
0.342639923096		2.6522026062
0.345134019852		2.41878128052
0.347634077072		2.64712810516
0.350134134293		2.42385578156
0.352641105652		2.64712810516
0.355134963989		2.42893028259
0.357634067535		2.6420545578
0.36014008522		2.43400478363
0.362645149231		2.63698005676
0.365136146545		2.43400478363
0.367639064789		2.63190555573
0.370137929916		2.43907928467
0.372656106949		2.63190555573
0.375141143799		2.43907928467
0.377638101578		2.62175655365
0.380140066147		2.44415378571
0.382646083832		2.62175655365
0.385138034821		2.45430183411
0.38763999939		2.61160755157
0.390139102936		2.45430183411
0.392647027969		2.61160755157
0.395141124725		2.45937633514
0.397644042969		2.60653305054
0.400141000748		2.45937633514
0.402648925781		2.60653305054
0.405141115189		2.46952533722
0.407645940781		2.59638500214
0.410141944885		2.47459983826
0.412648916245		2.59638500214
0.415143966675		2.47967433929
0.417643070221		2.58623600006
0.42014503479		2.48474884033
0.422652006149		2.58623600006
0.425143957138		2.4898223877
0.4276471138		2.57608699799
0.430144071579		2.49489688873
0.43265414238		2.57608699799
0.435147047043		2.49997138977
0.437652111053		2.57101249695
0.440146923065		2.50504589081
0.442646980286		2.57101249695
0.44514799118		2.50504589081
0.447651147842		2.56086444855
0.450148105621		2.51012039185
0.452661037445		2.56086444855
0.455151081085		2.51519489288
0.457648992538		2.55071544647
0.460150003433		2.52026939392
0.462656021118		2.54564094543
0.465151071548		2.52534389496
0.467649936676		2.5405664444
0.470150947571		2.53549194336
0.472656965256		2.53549194336
0.475151062012		2.53549194336
0.477653026581		2.53549194336
0.480153083801		2.5405664444
0.482660055161		2.52534389496
0.485153913498		2.54564094543
0.487656116486		2.52026939392
0.490150928497		2.55071544647
0.492663145065		2.52026939392
0.495155096054		2.55578994751
0.497653961182		2.51012039185
0.500155925751		2.55578994751
0.502660989761		2.51012039185
0.505162000656		2.56086444855
0.507656097412		2.49997138977
0.51015496254		2.56593894958
0.512665987015		2.49997138977
0.5151720047		2.57101249695
0.51765704155		2.4898223877
0.52015709877		2.57608699799
0.522665023804		2.4898223877
0.525156021118		2.58116149902
0.527657032013		2.48474884033
0.530157089233		2.58623600006
0.532665967941		2.48474884033
0.53515791893		2.5913105011
0.537657976151		2.47459983826
0.540158033371		2.59638500214
0.542666912079		2.47459983826
0.545161008835		2.60145950317
0.547660112381		2.46445083618
0.550161123276		2.60653305054
0.552670001984		2.45937633514
0.555160999298		2.60653305054
0.557662010193		2.44922733307
0.560162067413		2.61160755157
0.562669992447		2.45430183411
0.565161943436		2.62175655365
0.567665100098		2.44922733307
0.570163011551		2.62175655365
0.572667121887		2.44415378571
0.575164079666		2.62683105469
0.57766699791		2.44415378571
0.58016705513		2.63190555573
0.582674026489		2.44415378571
0.585173130035		2.63190555573
0.587666034698		2.43400478363
0.590165138245		2.63698005676
0.592679977417		2.43400478363
0.595165967941		2.6420545578
0.597666025162		2.42893028259
0.600166082382		2.64712810516
0.602673053741		2.42385578156
0.605168104172		2.64712810516
0.607667922974		2.42385578156
0.610167980194		2.6522026062
0.612678050995		2.41878128052
0.615170001984		2.65727710724
0.617670059204		2.41370677948
0.620168924332		2.65727710724
0.622678041458		2.40863323212
0.625169992447		2.66235160828
0.627670049667		2.40355873108
0.630171060562		2.66235160828
0.63267993927		2.40355873108
0.635170936584		2.66742610931
0.637671947479		2.39848423004
0.640173912048		2.67250061035
0.642679929733		2.39848423004
0.645173072815		2.67250061035
0.647675037384		2.393409729
0.650172948837		2.67757511139
0.652681112289		2.393409729
0.655174016953		2.67757511139
0.657674074173		2.38833522797
0.660174131393		2.67250061035
0.662682056427		2.38833522797
0.665177106857		2.67757511139
0.667676925659		2.38326072693
0.670181035995		2.68264961243
0.672683954239		2.38833522797
0.675183057785		2.68264961243
0.67767906189		2.37818622589
0.680176019669		2.68264961243
0.682683944702		2.37818622589
0.685178995132		2.68772315979
0.687680006027		2.37311172485
0.690180063248		2.68772315979
0.692680120468		2.37311172485
0.695182085037		2.68772315979
0.69767999649		2.36803817749
0.700182914734		2.69279766083
0.702691078186		2.37311172485
0.7051820755		2.69279766083
0.707679986954		2.37311172485
0.710180997849		2.68772315979
0.712688922882		2.36803817749
0.715182065964		2.69279766083
0.717680931091		2.37311172485
0.720183134079		2.69787216187
0.722693920135		2.37311172485
0.725182056427		2.69279766083
0.727687120438		2.37311172485
0.730185985565		2.69787216187
0.73269200325		2.36803817749
0.73518705368		2.69787216187
0.737685918808		2.37311172485
0.740185976028		2.69787216187
0.742694139481		2.37311172485
0.745185136795		2.69279766083
0.747693061829		2.36803817749
0.750185966492		2.69279766083
0.752694129944		2.37311172485
0.755187988281		2.69279766083
0.75768995285		2.37311172485
0.760187149048		2.69279766083
0.762695074081		2.37311172485
0.765187978745		2.69279766083
0.767691135406		2.37311172485
0.77018904686		2.69279766083
0.772691965103		2.37311172485
0.775207996368		2.69279766083
0.77769112587		2.37818622589
0.780189037323		2.69279766083
0.782700061798		2.37818622589
0.785192012787		2.68772315979
0.787692070007		2.37818622589
0.790189981461		2.68772315979
0.792699098587		2.38833522797
0.795195102692		2.68772315979
0.797693014145		2.38326072693
0.800198078156		2.68264961243
0.802703142166		2.38833522797
0.805194139481		2.68264961243
0.807698965073		2.38833522797
0.810194969177		2.68264961243
0.812704086304		2.393409729
0.815196990967		2.67757511139
0.817695140839		2.393409729
0.820197105408		2.67250061035
0.822704076767		2.393409729
0.825201034546		2.67250061035
0.827698945999		2.40355873108
0.830201148987		2.67250061035
0.832705974579		2.40355873108
0.835200071335		2.66742610931
0.837700128555		2.40863323212
0.840199947357		2.66235160828
0.842710018158		2.40863323212
0.845200061798		2.65727710724
0.847700119019		2.41370677948
0.850198030472		2.65727710724
0.852710008621		2.41370677948
0.855201005936		2.6522026062
0.85770201683		2.41878128052
0.860203027725		2.6522026062
0.862710952759		2.41878128052
0.86520409584		2.64712810516
0.867702960968		2.42893028259
0.87020111084		2.6420545578
0.872712135315		2.42893028259
0.875204086304		2.63190555573
0.877704143524		2.43400478363
0.880206108093		2.63190555573
0.882710933685		2.43400478363
0.88520693779		2.63190555573
0.887714147568		2.43907928467
0.890203952789		2.62683105469
0.89271402359		2.44415378571
0.895205974579		2.62175655365
0.897706031799		2.45430183411
0.90020608902		2.61160755157
0.902719974518		2.44922733307
0.905208110809		2.61160755157
0.907706975937		2.45937633514
0.910207986832		2.60653305054
0.912718057632		2.45937633514
0.915207147598		2.60145950317
0.917710065842		2.46952533722
0.920211076736		2.59638500214
0.922717094421		2.46952533722
0.925209999084		2.59638500214
0.927710056305		2.47459983826
0.930212020874		2.58623600006
0.932719945908		2.47967433929
0.935210943222		2.58116149902
0.93771314621		2.48474884033
0.940212011337		2.57608699799
0.942713022232		2.4898223877
0.945215940475		2.57608699799
0.947715044022		2.49997138977
0.950212955475		2.57101249695
0.952723026276		2.50504589081
0.955214977264		2.56593894958
0.957715034485		2.50504589081
0.960215091705		2.56086444855
0.962723016739		2.51012039185
0.965215921402		2.55578994751
0.967720031738		2.51519489288
0.970216035843		2.55071544647
0.972718000412		2.52026939392
0.975217103958		2.55071544647
0.97771692276		2.53041744232
0.980221033096		2.5405664444
0.982728004456		2.52534389496
0.98521900177		2.5405664444
0.987716913223		2.53549194336
0.99022102356		2.53041744232
0.992727041245		2.5405664444
0.995219945908		2.52534389496
0.997720003128		2.54564094543
1.00022006035		2.52026939392
1.00272798538		2.55071544647
1.00521993637		2.51519489288
1.00772094727		2.55578994751
1.01022195816		2.51012039185
1.01273012161		2.55578994751
1.01522803307		2.51012039185
1.0177230835		2.56593894958
1.02022314072		2.50504589081
1.02273106575		2.57101249695
1.02522397041		2.49997138977
1.02772307396		2.57608699799
1.03022313118		2.49489688873
1.03272604942		2.57608699799
1.03522610664		2.4898223877
1.03772711754		2.58116149902
1.04022407532		2.48474884033
1.04273414612		2.58116149902
1.04522705078		2.47967433929
1.04772996902		2.58623600006
1.0502269268		2.47459983826
1.05273413658		2.59638500214
1.05522608757		2.46445083618
1.0577340126		2.59638500214
1.06022906303		2.46952533722
1.06273698807		2.60145950317
1.06522893906		2.45937633514
1.0677280426		2.60653305054
1.07023000717		2.45430183411
1.07273602486		2.61160755157
1.07523012161		2.45430183411
1.07773113251		2.61668205261
1.0802321434		2.44922733307
1.08274006844		2.62175655365
1.08523201942		2.44415378571
1.08773207664		2.62683105469
1.09023308754		2.43907928467
1.0927400589		2.63190555573
1.09523296356		2.43907928467
1.09773206711		2.63190555573
1.100233078		2.43400478363
1.10273909569		2.63698005676
1.10523295403		2.42893028259
1.10773301125		2.6420545578
1.11023402214		2.42385578156
1.11274313927		2.64712810516
1.11523509026		2.42385578156
1.11773514748		2.6522026062
1.12023496628		2.41878128052
1.12274312973		2.6522026062
1.12523412704		2.41370677948
1.12773895264		2.65727710724
1.13023710251		2.41370677948
1.13274407387		2.66235160828
1.135242939		2.40863323212
1.1377389431		2.66235160828
1.14023804665		2.40863323212
1.14274501801		2.66235160828
1.14524006844		2.40355873108
1.14773893356		2.66742610931
1.15023899078		2.39848423004
1.15274810791		2.67250061035
1.15524196625		2.39848423004
1.15774607658		2.67250061035
1.16023993492		2.393409729
1.16274905205		2.67250061035
1.16524004936		2.38833522797
1.16774392128		2.67757511139
1.17024207115		2.38833522797
1.17274403572		2.67757511139
1.17524313927		2.38326072693
1.17774200439		2.68264961243
1.18024396896		2.38326072693
1.18275094032		2.68264961243
1.18524503708		2.38326072693
1.18774604797		2.68264961243
1.1902449131		2.38326072693
1.192745924		2.68264961243
1.19524598122		2.37818622589
1.19774603844		2.68772315979
1.20024800301		2.37818622589
1.20275402069		2.68772315979
1.20524907112		2.37311172485
1.20775008202		2.68772315979
1.21024799347		2.37311172485
1.21275997162		2.68772315979
1.21524810791		2.37311172485
1.21774792671		2.69279766083
1.22024798393		2.37311172485
1.22275495529		2.69279766083
1.22524905205		2.37311172485
1.22775197029		2.69279766083
1.23025012016		2.36803817749
1.2327580452		2.69787216187
1.2352540493		2.37311172485
1.23775196075		2.69279766083
1.24025201797		2.36803817749
1.24275994301		2.69279766083
1.24525308609		2.36803817749
1.24775409698		2.68772315979
1.25025606155		2.36803817749
1.25276112556		2.69787216187
1.25525403023		2.36803817749
1.25775194168		2.69279766083
1.26025414467		2.36803817749
1.26276397705		2.69279766083
1.26525592804		2.37311172485
1.26775598526		2.69279766083
1.27025508881		2.37311172485
1.27276492119		2.69279766083
1.2752571106		2.37311172485
1.27775597572		2.69279766083
1.28025603294		2.37311172485
1.28276395798		2.69279766083
1.28525710106		2.37311172485
1.28775906563		2.69279766083
1.29026293755		2.37818622589
1.29276514053		2.68772315979
1.29525899887		2.38326072693
1.29775905609		2.68772315979
1.30025911331		2.37818622589
1.30276608467		2.68772315979
1.30525994301		2.37818622589
1.307762146		2.68772315979
1.3102619648		2.38326072693
1.31276893616		2.68772315979
1.31525993347		2.38326072693
1.31778597832		2.68772315979
1.32026314735		2.38833522797
1.32277107239		2.68264961243
1.32526302338		2.393409729
1.32776403427		2.67250061035
1.33026504517		2.393409729
1.33277201653		2.67757511139
1.33526492119		2.393409729
1.33776402473		2.67250061035
1.3402659893		2.40355873108
1.34277296066		2.67250061035
1.34526610374		2.40355873108
1.3477640152		2.66235160828
1.35026597977		2.40355873108
1.35276794434		2.66235160828
1.35526609421		2.40863323212
1.35776591301		2.6522026062
1.360268116		2.40863323212
1.36277604103		2.65727710724
1.36527013779		2.41370677948
1.36777591705		2.6522026062
1.37027001381		2.41878128052
1.37277007103		2.64712810516
1.37527012825		2.41878128052
1.37777113914		2.64712810516
1.38027095795		2.42385578156
1.38277196884		2.6420545578
1.38527202606		2.42893028259
1.38776993752		2.63698005676
1.3902721405		2.43400478363
1.39278006554		2.63190555573
1.39527010918		2.43907928467
1.39777398109		2.63190555573
1.40027213097		2.44415378571
1.40277910233		2.62683105469
1.40526604652		2.44415378571
1.40776395798		2.62175655365
1.41026711464		2.45430183411
1.41277003288		2.61668205261
1.41527295113		2.45430183411
1.41777300835		2.60653305054
1.4202709198		2.45937633514
1.42278194427		2.60653305054
1.42527508736		2.46445083618
1.42777395248		2.60145950317
1.4302740097		2.46952533722
1.43278098106		2.60145950317
1.43527507782		2.47459983826
1.43777608871		2.58623600006
1.44027495384		2.47967433929
1.4427781105		2.5913105011
1.44528412819		2.47967433929
1.44778108597		2.58623600006
1.45027899742		2.48474884033
1.45278692245		2.58116149902
1.45527911186		2.4898223877
1.45777702332		2.57608699799
1.46027898788		2.49997138977
1.46278691292		2.57101249695
1.46528100967		2.49997138977
1.46778106689		2.56593894958
1.47028112411		2.51012039185
1.4727871418		2.56086444855
1.47528195381		2.51012039185
1.47778105736		2.55578994751
1.48028111458		2.52026939392
1.48278903961		2.55071544647
1.48528194427		2.52026939392
1.48778414726		2.54564094543
1.49028301239		2.52534389496
1.49279212952		2.54564094543
1.49528694153		2.52534389496
1.49778604507		2.5405664444
1.50028610229		2.5405664444
1.50279307365		2.53549194336
1.50528407097		2.5405664444
1.50778508186		2.52534389496
1.51028513908		2.54564094543
1.51279401779		2.52534389496
1.51528596878		2.55071544647
1.51778697968		2.52026939392
1.5202870369		2.55071544647
1.52279901505		2.51519489288
1.52528691292		2.55578994751
1.52779102325		2.50504589081
1.53028798103		2.56086444855
1.53279709816		2.50504589081
1.53529000282		2.57101249695
1.53778910637		2.49997138977
1.54029011726		2.57608699799
1.54279708862		2.49997138977
1.54528999329		2.58116149902
1.54779005051		2.4898223877
1.5502910614		2.58116149902
1.55279898643		2.48474884033
1.55529093742		2.5913105011
1.55779099464		2.47459983826
1.56029200554		2.5913105011
1.56279993057		2.47459983826
1.56529211998		2.59638500214
1.56779313087		2.46952533722
1.57029414177		2.60145950317
1.57279491425		2.46952533722
1.57529711723		2.60145950317
1.57779598236		2.45937633514
1.58029413223		2.60653305054
1.58280205727		2.45430183411
1.58529496193		2.61160755157
1.5877969265		2.44922733307
1.5902941227		2.61668205261
1.59280514717		2.45430183411
1.59529709816		2.62175655365
1.59779810905		2.44415378571
1.60030293465		2.62175655365
1.60280799866		2.43907928467
1.60529708862		2.63190555573
1.60780191422		2.43907928467
1.61029791832		2.63190555573
1.61280608177		2.43400478363
1.61530208588		2.63698005676
1.61779904366		2.42893028259
1.62030291557		2.6420545578
1.62280797958		2.42893028259
1.62530112267		2.6420545578
1.62780308723		2.41878128052
1.63030195236		2.6522026062
1.63281011581		2.41878128052
1.6353020668		2.6522026062
1.6378030777		2.41370677948
1.64030408859		2.65727710724
1.64281105995		2.40863323212
1.64530205727		2.65727710724
1.64780497551		2.40355873108
1.65030503273		2.65727710724
1.65281200409		2.40863323212
1.65530514717		2.66742610931
1.65780305862		2.40355873108
1.66030502319		2.67250061035
1.66281294823		2.40355873108
1.66530704498		2.66742610931
1.66780614853		2.393409729
1.67030501366		2.67250061035
1.67281508446		2.39848423004
1.67530798912		2.67757511139
1.67782497406		2.39848423004
1.68030905724		2.67757511139
1.68281507492		2.38833522797
1.68530797958		2.67757511139
1.68781304359		2.38833522797
1.69030809402		2.68264961243
1.69281196594		2.38326072693
1.69531106949		2.68264961243
1.69781112671		2.38326072693
1.70031905174		2.68264961243
1.70282006264		2.37818622589
1.70531392097		2.68772315979
1.70781111717		2.37818622589
1.7103099823		2.68772315979
1.71282100677		2.37818622589
1.71531295776		2.68772315979
1.71781301498		2.37311172485
1.72031497955		2.68772315979
1.72282099724		2.37818622589
1.72531414032		2.69279766083
1.7278149128		2.37311172485
1.73031401634		2.68772315979
1.73282194138		2.37311172485
1.73531293869		2.69279766083
1.73781514168		2.36803817749
1.74031710625		2.69279766083
1.74282407761		2.36803817749
1.74531698227		2.69279766083
1.74781703949		2.36803817749
1.75031900406		2.69279766083
1.75282812119		2.36803817749
1.75532412529		2.69279766083
1.7578189373		2.36803817749
1.76031899452		2.69787216187
1.76282691956		2.37311172485
1.76532101631		2.69787216187
1.76782011986		2.37311172485
1.77031993866		2.69279766083
1.77282214165		2.36803817749
1.7753200531		2.69279766083
1.77782297134		2.36803817749
1.78032112122		2.69279766083
1.78283214569		2.37311172485
1.78532314301		2.69279766083
1.78782200813		2.37818622589
1.79031991959		2.69279766083
1.79282999039		2.36803817749
1.79532408714		2.68772315979
1.79782295227		2.37311172485
1.80032205582		2.69279766083
1.80283212662		2.37818622589
1.80532312393		2.68772315979
1.8078250885		2.37818622589
1.81032514572		2.68772315979
1.81283307076		2.37818622589
1.81532502174		2.68264961243
1.81782698631		2.38326072693
1.82032513618		2.68772315979
1.82283711433		2.37818622589
1.82532596588		2.68264961243
1.82782793045		2.38326072693
1.83032894135		2.68264961243
1.83283901215		2.38833522797
1.83533000946		2.67757511139
1.83782911301		2.38833522797
1.8403301239		2.67757511139
1.84283709526		2.393409729
1.84532999992		2.67250061035
1.84783196449		2.39848423004
1.85033011436		2.67250061035
1.85283613205		2.39848423004
1.85533213615		2.66742610931
1.85783100128		2.40355873108
1.86033201218		2.66235160828
1.86283802986		2.40355873108
1.86533308029		2.66235160828
1.86783194542		2.40863323212
1.87033200264		2.65727710724
1.87284207344		2.41370677948
1.87533211708		2.65727710724
1.87783312798		2.41878128052
1.88033509254		2.6522026062
1.88284301758		2.41878128052
1.88533592224		2.64712810516
1.88783502579		2.42385578156
1.89033508301		2.6420545578
1.89284300804		2.42385578156
1.89533901215		2.6420545578
1.89783811569		2.42893028259
1.90033698082		2.63698005676
1.90284609795		2.43400478363
1.90533614159		2.63190555573
1.90783691406		2.43907928467
1.91035509109		2.63190555573
1.91284608841		2.43907928467
1.91533899307		2.62175655365
1.91783905029		2.44922733307
1.92034006119		2.62175655365
1.92284703255		2.44922733307
1.9253411293		2.61668205261
1.92784500122		2.44922733307
1.930341959		2.61160755157
1.93284797668		2.45937633514
1.93533992767		2.60145950317
1.93783998489		2.46445083618
1.94034409523		2.60653305054
1.94284200668		2.46952533722
1.94534301758		2.59638500214
1.9478430748		2.47459983826
1.95034313202		2.59638500214
1.95285105705		2.47967433929
1.95534491539		2.58623600006
1.95784306526		2.48474884033
1.96034407616		2.58623600006
1.96285295486		2.48474884033
1.96534514427		2.57608699799
1.96784710884		2.4898223877
1.97034597397		2.57101249695
1.97284913063		2.49489688873
1.97534894943		2.57101249695
1.97784805298		2.49997138977
1.9803481102		2.56593894958
1.98285698891		2.50504589081
1.98535013199		2.56086444855
1.98785495758		2.51012039185
1.99034905434		2.55578994751
1.99285793304		2.51519489288
1.99535012245		2.55071544647
1.99785113335		2.52534389496
2.00035095215		2.55071544647
2.00285792351		2.52534389496
2.00535106659		2.5405664444
2.00785398483		2.53041744232
2.01035094261		2.53549194336
2.01285910606		2.53549194336
2.01535105705		2.53041744232
2.01785302162		2.54564094543
2.02035403252		2.53041744232
2.02285909653		2.5405664444
2.02535414696		2.52026939392
2.02785396576		2.55071544647
2.03035402298		2.51519489288
2.03285503387		2.55578994751
2.03535795212		2.51519489288
2.03785395622		2.56086444855
2.04035592079		2.50504589081
2.04286313057		2.56086444855
2.04535603523		2.49997138977
2.04785704613		2.57101249695
2.05035591125		2.49997138977
2.05286407471		2.57101249695
2.05535793304		2.49489688873
2.05785894394		2.57608699799
2.06035709381		2.48474884033
2.0628631115		2.58116149902
2.06536412239		2.4898223877
2.06785798073		2.58623600006
2.07035899162		2.47967433929
2.07286810875		2.58623600006
2.07536005974		2.47459983826
2.07786011696		2.59638500214
2.08036112785		2.46952533722
2.08287096024		2.59638500214
2.08536291122		2.46445083618
2.08786702156		2.60145950317
2.09036207199		2.46445083618
2.09286999702		2.61160755157
2.09536194801		2.45430183411
2.09786295891		2.61160755157
2.10036301613		2.44922733307
2.10287094116		2.61668205261
2.10536408424		2.44415378571
2.10786414146		2.62175655365
2.11036396027		2.43907928467
2.11287307739		2.62683105469
2.11536502838		2.43907928467
2.11786413193		2.63190555573
2.12036514282		2.43400478363
2.12287402153		2.63190555573
2.12536692619		2.43400478363
2.12786698341		2.63698005676
2.13036799431		2.42385578156
2.13287401199		2.6420545578
2.13536810875		2.42893028259
2.13786911964		2.64712810516
2.14037013054		2.41878128052
2.14287996292		2.64712810516
2.14536905289		2.41878128052
2.14787006378		2.6522026062
2.15036892891		2.41878128052
2.15287899971		2.6522026062
2.15537214279		2.41370677948
2.15787100792		2.66235160828
2.16037011147		2.40863323212
2.1628780365		2.66235160828
2.16537308693		2.40355873108
2.1678750515		2.66235160828
2.17037200928		2.40355873108
2.17287492752		2.66742610931
2.17537593842		2.40355873108
2.17787504196		2.66742610931
2.18037414551		2.39848423004
2.18288302422		2.67250061035
2.1853749752		2.393409729
2.18789505959		2.67250061035
2.19037508965		2.393409729
2.19287610054		2.67757511139
2.19537591934		2.38833522797
2.19787693024		2.67757511139
2.20037913322		2.38833522797
2.20288491249		2.67757511139
2.20537900925		2.38326072693
2.20787811279		2.68264961243
2.21037912369		2.38326072693
2.21288609505		2.68772315979
2.21537899971		2.37818622589
2.2178800106		2.68772315979
2.22038412094		2.37818622589
2.22288703918		2.68772315979
2.22537994385		2.37818622589
2.22788000107		2.68772315979
2.23038005829		2.37818622589
2.23288702965		2.68772315979
2.23538208008		2.37311172485
2.2378821373		2.69279766083
2.24038314819		2.37311172485
2.24289298058		2.69279766083
2.24538302422		2.37311172485
2.24788713455		2.69279766083
2.25038814545		2.37311172485
2.25289106369		2.69279766083
2.25538706779		2.37311172485
2.2578830719		2.69279766083
2.26038408279		2.37311172485
2.26289200783		2.69787216187
2.26538610458		2.36803817749
2.26788496971		2.69787216187
2.27038693428		2.36803817749
2.27289295197		2.69787216187
2.2753880024		2.37311172485
2.27788591385		2.69787216187
2.28038692474		2.36803817749
2.28289699554		2.69787216187
2.28538703918		2.37311172485
2.28788805008		2.69279766083
2.29038906097		2.37311172485
2.29289603233		2.69279766083
2.295388937		2.37311172485
2.29789400101		2.69279766083
2.30039000511		2.37311172485
2.30289793015		2.69279766083
2.30538892746		2.37311172485
2.30789113045		2.68772315979
2.31039094925		2.37818622589
2.31289696693		2.69279766083
2.31539201736		2.37818622589
2.31789112091		2.69279766083
2.32039093971		2.37818622589
2.32290101051		2.68772315979
2.32539200783		2.38326072693
2.32789707184		2.68772315979
2.33039593697		2.38326072693
2.33290314674		2.68772315979
2.33539605141		2.38326072693
2.33789610863		2.68264961243
2.34039711952		2.38326072693
2.34290313721		2.68264961243
2.34539699554		2.38833522797
2.34789705276		2.67757511139
2.35039710999		2.393409729
2.35290408134		2.67250061035
2.35539793968		2.393409729
2.35789608955		2.67250061035
2.36039805412		2.393409729
2.36290097237		2.67250061035
2.36539793015		2.39848423004
2.36790013313		2.66742610931
2.37039995193		2.40355873108
2.37290406227		2.66742610931
2.37540602684		2.40863323212
2.3779001236		2.66235160828
2.38040208817		2.40863323212
2.38290691376		2.65727710724
2.38540101051		2.41370677948
2.38790512085		2.65727710724
2.39040207863		2.41370677948
2.39290904999		2.65727710724
2.39540195465		2.41878128052
2.39790201187		2.64712810516
2.40040397644		2.41878128052
2.40290999413		2.64712810516
2.40540409088		2.42893028259
2.40790700912		2.63698005676
2.41040110588		2.43400478363
2.41291093826		2.63698005676
2.41540813446		2.43400478363
2.41790509224		2.62683105469
2.42040491104		2.43907928467
2.42291307449		2.63190555573
2.42540597916		2.44415378571
2.4279050827		2.62683105469
2.4304060936		2.44415378571
2.43291401863		2.62683105469
2.43540692329		2.45430183411
2.43790698051		2.61668205261
2.44040703773		2.45430183411
2.44290804863		2.61160755157
2.44541096687		2.45937633514
2.44791007042		2.60653305054
2.45040893555		2.46445083618
2.45292401314		2.60145950317
2.45541191101		2.46445083618
2.45791006088		2.59638500214
2.4604101181		2.47459983826
2.46291899681		2.59638500214
2.46541213989		2.47967433929
2.46791291237		2.5913105011
2.47041201591		2.48474884033
2.47291994095		2.58623600006
2.47541213036		2.48474884033
2.47793006897		2.58116149902
2.48041701317		2.49489688873
2.48292207718		2.57608699799
2.48541498184		2.49489688873
2.48791909218		2.57101249695
2.49041414261		2.50504589081
2.49292397499		2.57101249695
2.49541497231		2.50504589081
2.49791812897		2.56086444855
2.50041699409		2.51519489288
2.50292396545		2.55578994751
2.50541806221		2.51519489288
2.50791692734		2.54564094543
2.51041793823		2.52026939392
2.51292610168		2.54564094543
2.51541900635		2.52534389496
2.51791906357		2.5405664444
2.52041912079		2.53041744232
2.52292704582		2.5405664444
2.52541995049		2.5405664444
2.52791905403		2.53041744232
2.53042411804		2.5405664444
2.53293013573		2.53041744232
2.53542113304		2.54564094543
2.53792309761		2.52026939392
2.54042005539		2.55071544647
2.5429289341		2.52026939392
2.54542303085		2.55578994751
2.54792094231		2.51012039185
2.5504219532		2.56086444855
2.55293107033		2.51012039185
2.55542397499		2.56086444855
2.55792403221		2.49997138977
2.56042408943		2.56593894958
2.56293106079		2.49997138977
2.56542611122		2.57608699799
2.56792807579		2.49489688873
2.57042503357		2.57608699799
2.57292604446		2.4898223877
2.57542705536		2.58116149902
2.57792711258		2.48474884033
2.58042693138		2.58623600006
2.58293604851		2.48474884033
2.58542895317		2.5913105011
2.58792614937		2.47459983826
2.59043002129		2.59638500214
2.5929350853		2.47459983826
2.59542894363		2.60145950317
2.59793114662		2.46445083618
2.6004281044		2.60653305054
2.60293698311		2.46445083618
2.60543012619		2.60653305054
2.60793614388		2.45430183411
2.61043214798		2.60653305054
2.61293697357		2.44922733307
2.61543393135		2.61668205261
2.61793112755		2.44922733307
2.62043213844		2.62175655365
2.62294006348		2.44415378571
2.62543296814		2.62683105469
2.62793111801		2.43400478363
2.63043308258		2.63190555573
2.63294005394		2.43907928467
2.63543391228		2.63190555573
2.63793492317		2.43400478363
2.64043307304		2.63698005676
2.64294314384		2.42893028259
2.64543509483		2.6420545578
2.64793992043		2.42385578156
2.65043592453		2.64712810516
2.65294313431		2.41878128052
2.65543699265		2.64712810516
2.65793609619		2.41878128052
2.66043710709		2.6522026062
2.66294503212		2.41370677948
2.66543698311		2.6522026062
2.66794013977		2.41370677948
2.6704390049		2.65727710724
2.67294597626		2.40863323212
2.67543911934		2.66235160828
2.67793893814		2.40355873108
2.6804420948		2.66235160828
2.68294811249		2.40355873108
2.68544602394		2.66742610931
2.68794298172		2.39848423004
2.69044208527		2.67250061035
2.69294214249		2.393409729
2.69544005394		2.67250061035
2.69794201851		2.393409729
2.70044207573		2.67757511139
2.70295000076		2.393409729
2.70544695854		2.67250061035
2.70794296265		2.38833522797
2.71044492722		2.67757511139
2.71295213699		2.38833522797
2.71544694901		2.68264961243
2.7179441452		2.38326072693
2.72044610977		2.68264961243
2.72295308113		2.38326072693
2.72544503212		2.68264961243
2.72794795036		2.37818622589
2.73044395447		2.68264961243
2.73295402527		2.37818622589
2.7354490757		2.68772315979
2.73794698715		2.37311172485
2.74045014381		2.69279766083
2.74295902252		2.37818622589
2.74545001984		2.69279766083
2.74795007706		2.37311172485
2.75044894218		2.69279766083
2.75295710564		2.37311172485
2.75545191765		2.69279766083
2.75794911385		2.37311172485
2.76045107841		2.69279766083
2.76296401024		2.37311172485
2.76545095444		2.69279766083
2.7679541111		2.37311172485
2.77045202255		2.69279766083
2.77295303345		2.37311172485
2.77545309067		2.69279766083
2.77795314789		2.37311172485
2.78045392036		2.69279766083
2.78295898438		2.37311172485
2.78545403481		2.69279766083
2.78795409203		2.37311172485
2.79045295715		2.69787216187
2.79295706749		2.36803817749
2.79545593262		2.69787216187
2.79795598984		2.37311172485
2.80045700073		2.69787216187
2.80301403999		2.37311172485
2.80558395386		2.69787216187
2.8080830574		2.37311172485
2.81058311462		2.69279766083
2.81312012672		2.37311172485
2.81558299065		2.69279766083
2.81808209419		2.36803817749
2.82058405876		2.69279766083
2.82312107086		2.36803817749
2.82558512688		2.69279766083
2.82808303833		2.36803817749
2.8305850029		2.69279766083
2.833122015		2.37311172485
2.83558511734		2.69279766083
2.83808493614		2.36803817749
2.84059095383		2.68772315979
2.84317207336		2.36803817749
2.84571194649		2.69787216187
2.84821295738		2.37311172485
2.8507130146		2.69787216187
2.85321998596		2.36803817749
2.85572099686		2.69279766083
2.85821413994		2.37311172485
2.86071300507		2.69279766083
2.8632209301		2.37311172485
2.86571407318		2.69279766083
2.8682141304		2.37818622589
2.8707139492		2.69279766083
2.87322092056		2.37311172485
2.87571406364		2.68772315979
2.87821698189		2.37311172485
2.88071703911		2.68772315979
2.88322496414		2.37311172485
2.88571500778		2.68264961243
2.88821697235		2.38326072693
2.89071798325		2.68264961243
2.89322400093		2.38326072693
2.89572000504		2.68264961243
2.89821791649		2.38326072693
2.90071797371		2.68264961243
2.90322613716		2.38326072693
2.9057199955		2.67757511139
2.90821909904		2.38833522797
2.91072106361		2.67757511139
2.91322803497		2.393409729
2.9157230854		2.67250061035
2.91822695732		2.393409729
2.92072200775		2.67250061035
2.92322802544		2.393409729
2.92572212219		2.67250061035
2.92822098732		2.39848423004
2.93072199821		2.66742610931
2.9332280159		2.39848423004
2.93573403358		2.66742610931
2.93822312355		2.40355873108
2.94072294235		2.66235160828
2.94322896004		2.40863323212
2.94572496414		2.65727710724
2.94822597504		2.40863323212
2.95072603226		2.65727710724
2.95323014259		2.41878128052
2.95572805405		2.6522026062
2.95822691917		2.41878128052
2.96072793007		2.64712810516
2.96323394775		2.41878128052
2.96572804451		2.6420545578
2.9682290554		2.42385578156
2.97072792053		2.6420545578
2.97323608398		2.42893028259
2.97573304176		2.6420545578
2.97822904587		2.43400478363
2.980727911		2.63190555573
2.9832379818		2.43400478363
2.98572993279		2.62683105469
2.98823094368		2.43907928467
2.99073004723		2.62683105469
2.99323797226		2.44415378571
2.99573898315		2.62175655365
2.99823212624		2.44922733307
3.00073313713		2.61668205261
3.00324106216		2.44922733307
3.00573301315		2.61160755157
3.0082321167		2.45937633514
3.01073408127		2.60653305054
3.0132420063		2.45937633514
3.01574206352		2.60145950317
3.01823210716		2.46952533722
3.02073502541		2.60145950317
3.02324295044		2.47459983826
3.02573513985		2.5913105011
3.02823495865		2.47967433929
3.03073596954		2.58623600006
3.03324913979		2.47967433929
3.03573703766		2.58623600006
3.03823399544		2.4898223877
3.04078006744		2.58623600006
3.04324913025		2.4898223877
3.04573702812		2.57608699799
3.04823803902		2.49489688873
3.05073904991		2.57101249695
3.05324602127		2.49997138977
3.05574297905		2.56593894958
3.05824112892		2.50504589081
3.06073999405		2.56086444855
3.06324791908		2.50504589081
3.06574296951		2.55578994751
3.06824111938		2.51012039185
3.07073998451		2.55071544647
3.07325410843		2.52026939392
3.07574105263		2.55071544647
3.07824492455		2.52534389496
3.08074402809		2.54564094543
3.08324813843		2.53041744232
3.08574509621		2.53549194336
3.08824396133		2.53549194336
3.09074211121		2.53041744232
3.09325003624		2.5405664444
3.09575295448		2.53041744232
3.09824514389		2.5405664444
3.10074591637		2.52026939392
3.1032500267		2.55071544647
3.10574913025		2.52026939392
3.1082470417		2.55071544647
3.11074614525		2.51519489288
3.11325502396		2.55578994751
3.11574697495		2.51012039185
3.11824798584		2.56086444855
3.12074899673		2.49997138977
3.12325310707		2.56086444855
3.12574911118		2.49997138977
3.12825012207		2.57101249695
3.13074994087		2.49489688873
3.13325691223		2.57608699799
3.13575410843		2.4898223877
3.13824892044		2.58116149902
3.14074993134		2.48474884033
3.14325594902		2.58623600006
3.14575004578		2.47967433929
3.14825201035		2.5913105011
3.15075492859		2.47967433929
3.15325903893		2.5913105011
3.15575003624		2.46952533722
3.15825295448		2.59638500214
3.16075205803		2.46445083618
3.1632630825		2.60145950317
3.16575407982		2.46445083618
3.16825413704		2.60145950317
3.17077207565		2.45937633514
3.17326807976		2.60653305054
3.17576599121		2.45430183411
3.17825603485		2.61668205261
3.18075609207		2.44922733307
3.18326306343		2.61668205261
3.18575692177		2.44415378571
3.18825602531		2.62683105469
3.19075798988		2.43907928467
3.19326114655		2.62683105469
3.19575691223		2.43907928467
3.19825792313		2.63190555573
3.20075893402		2.43400478363
3.20326495171		2.63698005676
3.20576310158		2.42893028259
3.20825910568		2.6420545578
3.21076011658		2.42385578156
3.21326804161		2.6420545578
3.21576309204		2.41878128052
3.21826195717		2.64712810516
3.22076106071		2.42385578156
3.22326993942		2.64712810516
3.22576212883		2.41878128052
3.22826695442		2.6522026062
3.23076295853		2.41370677948
3.23326897621		2.65727710724
3.23576498032		2.41370677948
3.23826599121		2.65727710724
3.24076199532		2.40863323212
3.24326992035		2.66235160828
3.24576711655		2.39848423004
3.24826598167		2.66742610931
3.25076699257		2.39848423004
3.25327396393		2.67250061035
3.25577497482		2.393409729
3.25826501846		2.67250061035
3.26076507568		2.393409729
3.26327395439		2.67250061035
3.26576709747		2.393409729
3.2682659626		2.67757511139
3.2707669735		2.38833522797
3.27327609062		2.67757511139
3.27576899529		2.38833522797
3.27827095985		2.67757511139
3.28076791763		2.38326072693
3.28327512741		2.67757511139
3.28576898575		2.38326072693
3.28826904297		2.68264961243
3.29077196121		2.38326072693
3.2932779789		2.68772315979
3.29577207565		2.37818622589
3.29827308655		2.68772315979
3.30077004433		2.37311172485
3.30328011513		2.68772315979
3.30577707291		2.37818622589
3.30827093124		2.69279766083
3.31077313423		2.37311172485
3.31328010559		2.68772315979
3.31577301025		2.37311172485
3.31827306747		2.69279766083
3.32077598572		2.37311172485
3.3232820034		2.69279766083
3.32577395439		2.37311172485
3.32827591896		2.69279766083
3.33077597618		2.36803817749
3.33328294754		2.69279766083
3.33578705788		2.37311172485
3.33827614784		2.69279766083
3.34077692032		2.37311172485
3.34327912331		2.69279766083
3.34577798843		2.36803817749
3.34827709198		2.69279766083
3.35077810287		2.36803817749
3.35328006744		2.69787216187
3.35578107834		2.36803817749
3.35827803612		2.69787216187
3.36078000069		2.37311172485
3.36328411102		2.69279766083
3.3657810688		2.37311172485
3.36828303337		2.68772315979
3.37078094482		2.37311172485
3.37329006195		2.69279766083
3.37578511238		2.36803817749
3.37828207016		2.69279766083
3.38078093529		2.37311172485
3.38328909874		2.69279766083
3.38578295708		2.37311172485
3.3882830143		2.69279766083
3.39078307152		2.37818622589
3.39328503609		2.68772315979
3.39578604698		2.37818622589
3.39828300476		2.68772315979
3.40078496933		2.37818622589
3.40328598022		2.68264961243
3.40578508377		2.38326072693
3.40828514099		2.68264961243
3.41078805923		2.38326072693
3.41328907013		2.68264961243
3.41579699516		2.38326072693
3.41828608513		2.68264961243
3.42078900337		2.38833522797
3.42328906059		2.67757511139
3.42578697205		2.38833522797
3.42828893661		2.67757511139
3.43078708649		2.393409729
3.43329191208		2.67757511139
3.43578910828		2.39848423004
3.43828892708		2.66742610931
3.44078803062		2.40355873108
3.4432990551		2.66742610931
3.44579291344		2.40355873108
3.44829511642		2.66742610931
3.45079112053		2.40355873108
3.45329713821		2.66235160828
3.45579695702		2.40863323212
3.45829200745		2.65727710724
3.46079611778		2.40863323212
3.46329498291		2.65727710724
3.46579313278		2.41878128052
3.46829605103		2.6522026062
3.4707930088		2.41878128052
3.47329711914		2.64712810516
3.47579407692		2.41878128052
3.47829413414		2.64712810516
3.48079514503		2.42893028259
3.4832971096		2.6420545578
3.48579502106		2.43400478363
3.48829507828		2.63698005676
3.49079608917		2.43400478363
3.49329900742		2.63190555573
3.4958050251		2.43400478363
3.49829792976		2.63190555573
3.50079894066		2.43907928467
3.50329899788		2.62683105469
3.50580000877		2.44415378571
3.50830006599		2.62175655365
3.51079893112		2.44922733307
3.51330113411		2.61668205261
3.51580095291		2.45430183411
3.51830005646		2.61668205261
3.52080202103		2.45937633514
3.52330207825		2.60653305054
3.52580094337		2.45937633514
3.52830195427		2.60145950317
3.53080201149		2.46445083618
3.53330612183		2.60145950317
3.53580403328		2.47459983826
3.53830814362		2.59638500214
3.54080200195		2.47967433929
3.54330301285		2.58623600006
3.54580497742		2.47967433929
3.54830503464		2.58623600006
3.55080413818		2.47967433929
3.55330610275		2.58116149902
3.55580496788		2.49489688873
3.5583050251		2.57608699799
3.560806036		2.49489688873
3.56330800056		2.57101249695
3.56580495834		2.49997138977
3.56830596924		2.56593894958
3.57080507278		2.50504589081
3.57331705093		2.56593894958
3.57581591606		2.51012039185
3.57830810547		2.55578994751
3.58081102371		2.51012039185
3.58333396912		2.55578994751
3.58581399918		2.52026939392
3.58831000328		2.54564094543
3.59081196785		2.52534389496
3.59331202507		2.54564094543
3.59581112862		2.53041744232
3.59831213951		2.5405664444
3.60081100464		2.53549194336
3.60331201553		2.53041744232
3.60581111908		2.5405664444
3.60831093788		2.53041744232
3.61081314087		2.54564094543
3.61331605911		2.52534389496
3.61582303047		2.55071544647
3.61831498146		2.51519489288
3.62081408501		2.55071544647
3.62331604958		2.51519489288
3.6258161068		2.55578994751
3.62831401825		2.51012039185
3.63081502914		2.56086444855
3.63331794739		2.50504589081
3.63581609726		2.56593894958
3.63831710815		2.49489688873
3.64081597328		2.57101249695
3.64331912994		2.49489688873
3.6458170414		2.57608699799
3.64832305908		2.4898223877
3.65082001686		2.58116149902
3.65332007408		2.48474884033
3.65582704544		2.58623600006
3.65831804276		2.47967433929
3.66081809998		2.5913105011
3.66332292557		2.47459983826
3.66581892967		2.59638500214
3.66831898689		2.47459983826
3.67081999779		2.59638500214
3.67332196236		2.46445083618
3.6758210659		2.60145950317
3.67832112312		2.45937633514
3.68082213402		2.60653305054
3.68332505226		2.45430183411
3.68582296371		2.61160755157
3.68832206726		2.45430183411
3.69082093239		2.61668205261
3.69333004951		2.44922733307
3.69582700729		2.61668205261
3.69832491875		2.44415378571
3.70082306862		2.62175655365
3.70332813263		2.43907928467
3.70582699776		2.62683105469
3.70832395554		2.43907928467
3.71082496643		2.63190555573
3.71332597733		2.43400478363
3.71582794189		2.63190555573
3.71832799911		2.42893028259
3.72082805634		2.63698005676
3.72332906723		2.42893028259
3.72582602501		2.64712810516
3.72832798958		2.41878128052
3.73082900047		2.64712810516
3.73332905769		2.41878128052
3.7358379364		2.6522026062
3.73832798004		2.41370677948
3.74082899094		2.6522026062
3.7433321476		2.41370677948
3.74582910538		2.6522026062
3.74833106995		2.40863323212
3.75083112717		2.65727710724
3.75333404541		2.40863323212
3.75583195686		2.66235160828
3.75833106041		2.40355873108
3.76083397865		2.66742610931
3.76333594322		2.39848423004
3.76583194733		2.67250061035
3.76833510399		2.393409729
3.77083897591		2.67250061035
3.77334094048		2.393409729
3.77583909035		2.67250061035
3.77833414078		2.393409729
3.78083610535		2.67757511139
3.78333902359		2.38833522797
3.78583693504		2.67757511139
3.78833699226		2.38833522797
3.79083609581		2.68264961243
3.79333806038		2.38326072693
3.79583597183		2.68264961243
3.79833602905		2.38326072693
3.80083799362		2.68264961243
3.80333900452		2.37818622589
3.8058359623		2.68772315979
3.80833911896		2.37818622589
3.81083703041		2.68772315979
3.81334209442		2.38326072693
3.81585001945		2.68772315979
3.8183400631		2.37311172485
3.82083892822		2.69279766083
3.82334303856		2.37818622589
3.82583904266		2.69279766083
3.82834005356		2.37311172485
3.83084106445		2.68772315979
3.83334493637		2.36803817749
3.83584308624		2.69279766083
3.83834004402		2.37311172485
3.84084200859		2.69279766083
3.84334397316		2.37311172485
3.84584307671		2.69279766083
3.84835004807		2.37311172485
3.8508450985		2.69279766083
3.85334610939		2.36803817749
3.85584807396		2.69279766083
3.85834407806		2.37311172485
3.86084413528		2.69279766083
3.8633480072		2.37311172485
3.86584591866		2.69279766083
3.86834597588		2.36803817749
3.8708460331		2.69279766083
3.87334895134		2.37311172485
3.87584900856		2.69787216187
3.87834906578		2.37311172485
3.880849123		2.69279766083
3.8833501339		2.37311172485
3.8858499527		2.69279766083
3.88835000992		2.37311172485
3.89084911346		2.69279766083
3.89335298538		2.37311172485
3.89585804939		2.69279766083
3.89835095406		2.37311172485
3.9008500576		2.69279766083
3.90335202217		2.37818622589
3.90585207939		2.68772315979
3.90835094452		2.37311172485
3.91085004807		2.68772315979
3.91335606575		2.37818622589
3.91585302353		2.68264961243
3.91835308075		2.37818622589
3.92085313797		2.68264961243
3.92335605621		2.38326072693
3.92585992813		2.67757511139
3.92835402489		2.38326072693
3.93085312843		2.68264961243
3.93335914612		2.38833522797
3.93585705757		2.67757511139
3.93835401535		2.393409729
3.94085597992		2.67757511139
3.94336009026		2.393409729
3.94585704803		2.67250061035
3.94835495949		2.39848423004
3.95085906982		2.67250061035
3.95336008072		2.39848423004
3.9558570385		2.66742610931
3.95835804939		2.39848423004
3.96086192131		2.66742610931
3.96336007118		2.40355873108
3.96586108208		2.66235160828
3.9683611393		2.40863323212
3.97086000443		2.65727710724
3.97336602211		2.40863323212
3.97586894035		2.65727710724
3.97835993767		2.41370677948
3.98086094856		2.6522026062
3.98336195946		2.41878128052
3.98586201668		2.64712810516
3.98836302757		2.41878128052
3.99086308479		2.64712810516
3.99336504936		2.42385578156
3.99586391449		2.6420545578
3.99836611748		2.43400478363
4.0008649826		2.63698005676
4.00337100029		2.43400478363
4.00586605072		2.63698005676
4.00836396217		2.43907928467
4.01086401939		2.63190555573
4.01336598396		2.43907928467
4.01586794853		2.62683105469
4.0183660984		2.44415378571
4.02086591721		2.62175655365
4.02336907387		2.44922733307
4.02586698532		2.61668205261
4.02836704254		2.45430183411
4.03086900711		2.61160755157
4.03337693214		2.45430183411
4.03586912155		2.61160755157
4.03836798668		2.46445083618
4.04086995125		2.60145950317
4.04337096214		2.46952533722
4.04587101936		2.60145950317
4.04837203026		2.47459983826
4.05087208748		2.5913105011
4.0533721447		2.47967433929
4.05588102341		2.5913105011
4.05837202072		2.47967433929
4.06087112427		2.58116149902
4.06337404251		2.48474884033
4.06587195396		2.58116149902
4.06837391853		2.49489688873
4.07087302208		2.57608699799
4.07337498665		2.49489688873
4.07587409019		2.57101249695
4.07837414742		2.49997138977
4.08087992668		2.56593894958
4.08337807655		2.50504589081
4.08587694168		2.56086444855
4.08837509155		2.51012039185
4.09087705612		2.55578994751
4.09337592125		2.51519489288
4.09588003159		2.55578994751
4.09837603569		2.52534389496
4.10087609291		2.54564094543
4.10337901115		2.52534389496
4.10587596893		2.5405664444
4.10837697983		2.52534389496
4.11087799072		2.53549194336
4.11337804794		2.53549194336
4.11587810516		2.53041744232
4.11837911606		2.53549194336
4.12088108063		2.53041744232
4.12338209152		2.54564094543
4.12587809563		2.52534389496
4.1283800602		2.54564094543
4.13088202477		2.52026939392
4.13338398933		2.55071544647
4.13588905334		2.51519489288
4.13838291168		2.55578994751
4.14088201523		2.51012039185
4.14338493347		2.56086444855
4.14588308334		2.50504589081
4.14838409424		2.56593894958
4.15088510513		2.49997138977
4.15338492393		2.57101249695
4.15588498116		2.49489688873
4.15838909149		2.57608699799
4.16088414192		2.4898223877
4.16338610649		2.58116149902
4.16588401794		2.48474884033
4.16838598251		2.58623600006
4.17088603973		2.47967433929
4.17339110374		2.58623600006
4.17588996887		2.47967433929
4.17838692665		2.59638500214
4.1808860302		2.47459983826
4.18338894844		2.59638500214
4.18588900566		2.46445083618
4.18839097023		2.59638500214
4.19089102745		2.45937633514
4.19339108467		2.60653305054
4.19589114189		2.45937633514
4.19838905334		2.61160755157
4.20089197159		2.45430183411
4.20339393616		2.61668205261
4.20589113235		2.44922733307
4.20839214325		2.62175655365
4.21088910103		2.44415378571
4.21339297295		2.62683105469
4.2159011364		2.44415378571
4.21839308739		2.62683105469
4.22089314461		2.43907928467
4.22339391708		2.63190555573
4.2258939743		2.43400478363
4.22839403152		2.63698005676
4.23089504242		2.42893028259
4.23339605331		2.6420545578
4.23589897156		2.42893028259
4.23839497566		2.6420545578
4.24089598656		2.41878128052
4.24339795113		2.64712810516
4.24589800835		2.41878128052
4.24839806557		2.64712810516
4.25089812279		2.41370677948
4.25339913368		2.65727710724
4.25590109825		2.41370677948
4.2583990097		2.65727710724
4.26089692116		2.40863323212
4.26340007782		2.65727710724
4.26589894295		2.40863323212
4.26839995384		2.66235160828
4.27090001106		2.40355873108
4.27340197563		2.66742610931
4.27589893341		2.39848423004
4.27839994431		2.66742610931
4.28089904785		2.40355873108
4.28340196609		2.67250061035
4.28590202332		2.393409729
4.28840208054		2.67250061035
4.29090094566		2.393409729
4.29340600967		2.67250061035
4.29591202736		2.393409729
4.29840302467		2.67757511139
4.30090403557		2.38326072693
4.30340695381		2.68264961243
4.30590510368		2.38833522797
4.30840396881		2.68264961243
4.31090497971		2.38326072693
4.31341314316		2.68264961243
4.31590604782		2.37818622589
4.31840705872		2.68772315979
4.32090711594		2.37818622589
4.32340908051		2.68772315979
4.32590699196		2.37818622589
4.32841014862		2.68772315979
4.33090996742		2.37311172485
4.33341002464		2.68772315979
4.33590912819		2.37311172485
4.33841013908		2.69279766083
4.34090900421		2.37311172485
4.34341192245		2.68772315979
4.34591007233		2.37311172485
4.34840893745		2.69279766083
4.35090994835		2.36803817749
4.35341405869		2.69787216187
4.35591101646		2.36803817749
4.35841107368		2.69279766083
4.3609149456		2.36803817749
4.36341404915		2.69279766083
4.36591410637		2.37311172485
4.36841201782		2.69279766083
4.37091493607		2.36803817749
4.3734190464		2.69787216187
4.37592411041		2.37311172485
4.37841391563		2.69279766083
4.38091492653		2.37311172485
4.38341808319		2.69787216187
4.38591599464		2.37311172485
4.38841509819		2.69279766083
4.39092111588		2.37311172485
4.39341807365		2.69279766083
4.39591813087		2.37311172485
4.39841604233		2.68772315979
4.40091705322		2.37311172485
4.40341901779		2.68772315979
4.40591812134		2.37311172485
4.40841698647		2.69279766083
4.4109210968		2.37311172485
4.4134209156		2.68772315979
4.41592001915		2.37311172485
4.4184191227		2.68772315979
4.42092108727		2.37818622589
4.42342305183		2.68772315979
4.42592000961		2.38326072693
4.42842102051		2.68772315979
4.43092107773		2.38326072693
4.4334230423		2.68264961243
4.43592214584		2.38326072693
4.43842411041		2.68264961243
4.44092106819		2.38833522797
4.44342899323		2.67757511139
4.44592404366		2.38833522797
4.4484231472		2.67757511139
4.45092391968		2.393409729
4.45342612267		2.67757511139
4.45593214035		2.393409729
4.45842313766		2.67250061035
4.46092510223		2.393409729
4.46342897415		2.66742610931
4.46592593193		2.39848423004
4.46843194962		2.67250061035
4.47092413902		2.40355873108
4.47342896461		2.66235160828
4.47593092918		2.40355873108
4.47842812538		2.66235160828
4.48092699051		2.41370677948
4.48343014717		2.66235160828
4.48592710495		2.40863323212
4.48842692375		2.6522026062
4.49092912674		2.41370677948
4.49343013763		2.6522026062
4.4959321022		2.41878128052
4.49843001366		2.6522026062
4.50093007088		2.42893028259
4.50343298912		2.64712810516
4.5059299469		2.42385578156
4.50843191147		2.6420545578
4.51093006134		2.42893028259
4.51343297958		2.6420545578
4.51593208313		2.43400478363
4.51843500137		2.63698005676
4.52093195915		2.43400478363
4.52343511581		2.63190555573
4.52593207359		2.44415378571
4.52843403816		2.63190555573
4.53093314171		2.44922733307
4.53343605995		2.62175655365
4.53594398499		2.44415378571
4.5384349823		2.61668205261
4.54093599319		2.45430183411
4.54343891144		2.61160755157
4.54594111443		2.45937633514
4.54843711853		2.60653305054
4.55093598366		2.46445083618
4.55343794823		2.60653305054
4.55593800545		2.46952533722
4.5584359169		2.59638500214
4.56093811989		2.47459983826
4.56344103813		2.5913105011
4.56593894958		2.47459983826
4.56844091415		2.59638500214
4.57098007202		2.47459983826
4.57345199585		2.58623600006
4.57594299316		2.4898223877
4.57844114304		2.58116149902
4.58094406128		2.4898223877
4.58344292641		2.57608699799
4.58594298363		2.49489688873
4.58844304085		2.57101249695
4.59094214439		2.49997138977
4.59344291687		2.56593894958
4.59594202042		2.51012039185
4.59844303131		2.56086444855
4.60094308853		2.51012039185
4.60344600677		2.56086444855
4.60594511032		2.51519489288
4.60844492912		2.55578994751
4.61094498634		2.52026939392
4.61344599724		2.55071544647
4.61595392227		2.52534389496
4.6184489727		2.5405664444
4.62094712257		2.53041744232
4.62345194817		2.5405664444
4.6259469986		2.53549194336
4.62844800949		2.53549194336
4.63094711304		2.5405664444
4.63345098495		2.53041744232
4.6359500885		2.54564094543
4.63844704628		2.52534389496
4.64094805717		2.55071544647
4.64345002174		2.52026939392
4.64595103264		2.55071544647
4.64845013618		2.51012039185
4.65094900131		2.55578994751
4.65345311165		2.51012039185
4.65595293045		2.56086444855
4.65845012665		2.50504589081
4.66095113754		2.56593894958
4.66345214844		2.49997138977
4.66595101357		2.57101249695
4.66845297813		2.49489688873
4.67095208168		2.57608699799
4.6734559536		2.4898223877
4.67595410347		2.58116149902
4.67845392227		2.48474884033
4.68095493317		2.58623600006
4.68345499039		2.47967433929
4.68595409393		2.58623600006
4.6884560585		2.47967433929
4.6909570694		2.59638500214
4.69345712662		2.47459983826
4.6959631443		2.59638500214
4.69845604897		2.46445083618
4.70096111298		2.60653305054
4.70345902443		2.46445083618
4.70595908165		2.61160755157
4.70845913887		2.45937633514
4.71095895767		2.61160755157
4.71345996857		2.45937633514
4.71595811844		2.61668205261
4.71846294403		2.44415378571
4.72095894814		2.61668205261
4.72345995903		2.44415378571
4.72596001625		2.62175655365
4.7284591198		2.44415378571
4.73096013069		2.62683105469
4.73346495628		2.43907928467
4.73596405983		2.63190555573
4.73846101761		2.43400478363
4.74096107483		2.63698005676
4.74346399307		2.42893028259
4.74596500397		2.6420545578
4.74846196175		2.42385578156
4.75096392632		2.6420545578
4.7534661293		2.42385578156
4.75596308708		2.6522026062
4.75846409798		2.41878128052
4.76096510887		2.64712810516
4.76346707344		2.41878128052
4.76596498489		2.65727710724
4.76846599579		2.41878128052
4.77096605301		2.65727710724
4.77347111702		2.41370677948
4.7759771347		2.66235160828
4.77847313881		2.40863323212
4.78096604347		2.66235160828
4.78346896172		2.39848423004
4.78596806526		2.66235160828
4.78846693039		2.393409729
4.79097008705		2.66742610931
4.79347014427		2.39848423004
4.79597210884		2.67250061035
4.79847002029		2.39848423004
4.80096912384		2.67250061035
4.80347204208		2.38833522797
4.80596995354		2.67757511139
4.80847191811		2.38833522797
4.81097197533		2.68264961243
4.81347107887		2.38833522797
4.81597304344		2.67757511139
4.81847214699		2.38326072693
4.82097101212		2.68264961243
4.82347607613		2.38326072693
4.82597398758		2.68264961243
4.82847309113		2.38326072693
4.83097600937		2.68772315979
4.83347606659		2.37818622589
4.83597493172		2.68772315979
4.83847498894		2.37818622589
4.84097409248		2.68772315979
4.84347891808		2.37818622589
4.84597706795		2.68772315979
4.84847807884		2.37818622589
4.85097503662		2.69279766083
4.85347604752		2.37311172485
4.85598897934		2.69279766083
4.85847806931		2.37311172485
4.86097598076		2.69279766083
4.86348009109		2.37311172485
4.86606407166		2.68772315979
4.86860895157		2.37818622589
4.87110495567		2.68772315979
4.87360811234		2.37311172485
4.87610697746		2.68772315979
4.87860608101		2.36803817749
4.8811070919		2.69279766083
4.88360905647		2.37311172485
4.88610601425		2.69279766083
4.88860797882		2.37311172485
4.89110708237		2.69279766083
4.89360904694		2.36803817749
4.89610910416		2.69279766083
4.89860892296		2.36803817749
4.90110898018		2.69279766083
4.90361094475		2.36803817749
4.90610909462		2.69787216187
4.90860891342		2.36803817749
4.91110992432		2.69279766083
4.91360998154		2.36803817749
4.91611003876		2.69787216187
4.9186091423		2.36803817749
4.92111110687		2.69787216187
4.92361307144		2.37311172485
4.92611193657		2.69787216187
4.92861294746		2.36803817749
4.93111205101		2.69279766083
4.93362307549		2.36803817749
4.93611693382		2.69279766083
4.93861198425		2.37311172485
4.94111299515		2.69279766083
4.94361710548		2.37311172485
4.94611406326		2.68772315979
4.94861507416		2.37311172485
4.95111298561		2.68772315979
4.95362305641		2.37818622589
4.9561150074		2.69279766083
4.95861506462		2.37818622589
4.96111607552		2.68772315979
4.96361708641		2.37818622589
4.96611714363		2.68772315979
4.96861600876		2.37818622589
4.97111701965		2.68772315979
4.97362303734		2.38326072693
4.97612094879		2.68264961243
4.97861909866		2.38326072693
4.98111796379		2.68264961243
4.98361897469		2.38833522797
4.98611903191		2.67757511139
4.9886200428		2.38833522797
4.99111914635		2.67757511139
4.99362206459		2.393409729
4.99612092972		2.67250061035
4.99862194061		2.393409729
