0.000127077102661		2.7536907196
0.00484299659729		2.60145950317
0.00974607467651		2.19550895691
0.0144629478455		2.11431884766
0.0192160606384		2.51519489288
0.0239670276642		2.82473182678
0.0287189483643		2.80950832367
0.033506155014		2.74861621857
0.0383441448212		2.56086444855
0.0430929660797		2.07372379303
0.0478501319885		2.20565795898
0.0525939464569		2.60653305054
0.0573499202728		2.81965732574
0.0620930194855		2.80950832367
0.0668611526489		2.70802116394
0.071604013443		2.51519489288
0.0763881206512		2.02297973633
0.0812330245972		2.29699611664
0.0859811306		2.7029466629
0.0907299518585		2.81965732574
0.0955181121826		2.79936027527
0.100360155106		2.65727710724
0.105116128922		2.41370677948
0.10985994339		2.03820323944
0.114616155624		2.39848423004
0.119359970093		2.78921127319
0.12411904335		2.81458282471
0.128859996796		2.78413677216
0.133613109589		2.61160755157
0.138364076614		2.25132751465
0.143113136292		2.08894729614
0.147864103317		2.4898223877
0.152612924576		2.83488082886
0.157365083694		2.81458282471
0.162114143372		2.75876522064
0.166867017746		2.57608699799
0.171618938446		2.12954235077
0.176403045654		2.15998840332
0.181241035461		2.57101249695
0.186002016068		2.82473182678
0.190743923187		2.80950832367
0.195501089096		2.72324466705
0.200245141983		2.53549194336
0.205003023148		2.04327774048
0.209749937057		2.25132751465
0.214504003525		2.66235160828
0.21924996376		2.81458282471
0.224005937576		2.80443382263
0.228749036789		2.68264961243
0.233508110046		2.4898223877
0.238251924515		2.02297973633
0.243009090424		2.3426656723
0.247756004333		2.74354171753
0.252501964569		2.81458282471
0.257255077362		2.78921127319
0.262004137039		2.6420545578
0.266755104065		2.35281467438
0.271503925323		2.04835224152
0.276298046112		2.43400478363
0.281135082245		2.82473182678
0.285887956619		2.81458282471
0.290631055832		2.76891326904
0.295383930206		2.59638500214
0.300132989883		2.19550895691
0.304891109467		2.11939334869
0.309637069702		2.52534389496
0.314393043518		2.82980632782
0.319136142731		2.80950832367
0.32389497757		2.74354171753
0.328637123108		2.56086444855
0.333387136459		2.06864929199
0.338269948959		2.21073246002
0.343013048172		2.61668205261
0.347769975662		2.81965732574
0.352514982224		2.80443382263
0.357267141342		2.7029466629
0.362020015717		2.51519489288
0.366766929626		2.02805423737
0.371518135071		2.29699611664
0.376305103302		2.7029466629
0.381145954132		2.81458282471
0.385901927948		2.79936027527
0.390653133392		2.65727710724
0.395401954651		2.41878128052
0.400146961212		2.03820323944
0.404902935028		2.39848423004
0.409650087357		2.79428577423
0.414405107498		2.81458282471
0.419150114059		2.77906227112
0.423907995224		2.61668205261
0.428651094437		2.25640106201
0.433401107788		2.09402179718
0.438277959824		2.4898223877
0.443026065826		2.83488082886
0.447780132294		2.80950832367
0.452527046204		2.7536907196
0.457279920578		2.57101249695
0.462029933929		2.11939334869
0.466781139374		2.1701374054
0.471529960632		2.57101249695
0.476318120956		2.81965732574
0.481157064438		2.80950832367
0.485913991928		2.71817016602
0.490658044815		2.53041744232
0.495409011841		2.04327774048
0.500159025192		2.26147556305
0.504910945892		2.66742610931
0.509660959244		2.81458282471
0.514419078827		2.79936027527
0.519160985947		2.68264961243
0.523920059204		2.47967433929
0.528664112091		2.02297973633
0.533415079117		2.35281467438
0.538172960281		2.7536907196
0.542916059494		2.81458282471
0.547667980194		2.78921127319
0.552417039871		2.63698005676
0.557168006897		2.33759117126
0.561918973923		2.05342674255
0.566671133041		2.43400478363
0.571419000626		2.82473182678
0.576172113419		2.80950832367
0.580920934677		2.76891326904
0.58567905426		2.59638500214
0.59042096138		2.19550895691
0.595174074173		2.11939334869
0.599925994873		2.52534389496
0.604681968689		2.82980632782
0.609424114227		2.80950832367
0.614181041718		2.74354171753
0.618926048279		2.56086444855
0.623682975769		2.07879829407
0.628426074982		2.20058345795
0.633177042007		2.60653305054
0.6379301548		2.82473182678
0.64267706871		2.80950832367
0.647431135178		2.70802116394
0.652178049088		2.52534389496
0.656930923462		2.02805423737
0.661679983139		2.27669906616
0.666438102722		2.68772315979
0.671182155609		2.81458282471
0.675940036774		2.80443382263
0.680683135986		2.66742610931
0.68544793129		2.44415378571
0.690185070038		2.02805423737
0.694936037064		2.36803817749
0.699687004089		2.77398777008
0.704442977905		2.81458282471
0.709206104279		2.78921127319
0.71395111084		2.62683105469
0.718688964844		2.30207061768
0.72343993187		2.07372379303
0.728317022324		2.46445083618
0.733067035675		2.82980632782
0.737823963165		2.81458282471
0.742567062378		2.76383876801
0.747319936752		2.58623600006
0.752068996429		2.14983940125
0.756822109222		2.14476490021
0.761569976807		2.55578994751
0.766355037689		2.82473182678
0.7710750103		2.80950832367
0.775820970535		2.73339271545
0.780574083328		2.55071544647
0.78532910347		2.05850028992
0.790073156357		2.22088050842
0.794830083847		2.63698005676
0.799572944641		2.82473182678
0.804331064224		2.80443382263
0.80907702446		2.69787216187
0.813835144043		2.50504589081
0.818577051163		2.01790523529
0.82332611084		2.32236862183
0.82820892334		2.73339271545
0.832960128784		2.80950832367
0.837707042694		2.79428577423
0.842455148697		2.6522026062
0.847206115723		2.38326072693
0.851956129074		2.03820323944
0.8567070961		2.41370677948
0.861456155777		2.80443382263
0.866214990616		2.80950832367
0.870959043503		2.77398777008
0.875715970993		2.61160755157
0.88046002388		2.2310295105
0.88521695137		2.10416984558
0.889964103699		2.49997138977
0.89471912384		2.83488082886
0.899461984634		2.81458282471
0.904220104218		2.7536907196
0.908962965012		2.56593894958
0.91371512413		2.10924434662
0.918463945389		2.17521095276
0.923216104507		2.58116149902
0.927968025208		2.82473182678
0.932717084885		2.80950832367
0.937472105026		2.71817016602
0.942218065262		2.53549194336
0.946969985962		2.03820323944
0.951719999313		2.25640106201
0.956475973129		2.66742610931
0.961225986481		2.81458282471
0.965979099274		2.80443382263
0.97071313858		2.68772315979
0.975466966629		2.48474884033
0.980245113373		2.02297973633
0.984981060028		2.34774017334
0.989722967148		2.74861621857
0.994482040405		2.81458282471
0.999225139618		2.78921127319
1.00397610664		2.6420545578
1.00873112679		2.34774017334
1.01350998878		2.05342674255
1.01822900772		2.43400478363
1.02297902107		2.81965732574
1.02772903442		2.80950832367
1.03248000145		2.76891326904
1.0372300148		2.60145950317
1.0419819355		2.20058345795
1.04673409462		2.11431884766
1.0514819622		2.52026939392
1.05623197556		2.82980632782
1.06098508835		2.80950832367
1.06574392319		2.74354171753
1.07048511505		2.56086444855
1.07524299622		2.09402179718
1.07998609543		2.19550895691
1.08474302292		2.60145950317
1.08948493004		2.81965732574
1.09424209595		2.80443382263
1.09898900986		2.71309566498
1.10374593735		2.52026939392
1.10849094391		2.03820323944
1.11324501038		2.28684806824
1.11811995506		2.69279766083
1.12286496162		2.81458282471
1.12762308121		2.79936027527
1.13236713409		2.66742610931
1.13712096214		2.44415378571
1.14186811447		2.0331287384
1.14662313461		2.37818622589
1.15137004852		2.77906227112
1.15612697601		2.80950832367
1.16087198257		2.77906227112
1.16563010216		2.62175655365
1.17037415504		2.2919216156
1.1751229763		2.07372379303
1.17987394333		2.46445083618
1.18463206291		2.82473182678
1.18937492371		2.80950832367
1.19413614273		2.76383876801
1.1988761425		2.58116149902
1.20363497734		2.15491390228
1.20837807655		2.13969039917
1.2131280899		2.55071544647
1.21788597107		2.82473182678
1.22262907028		2.80950832367
1.22738194466		2.73339271545
1.23213005066		2.55071544647
1.23688292503		2.05850028992
1.24163007736		2.22595500946
1.24642515182		2.63190555573
1.25125813484		2.81965732574
1.25600910187		2.79936027527
1.26076006889		2.68772315979
1.26551699638		2.49997138977
1.27026104927		2.02297973633
1.27502512932		2.32744312286
1.279763937		2.72831821442
1.28465199471		2.81458282471
1.28938913345		2.78921127319
1.29414701462		2.64712810516
1.29889011383		2.37311172485
1.30364704132		2.04835224152
1.30838894844		2.41878128052
1.31313896179		2.80950832367
1.31789112091		2.80950832367
1.32264399529		2.76891326904
1.32739496231		2.60653305054
1.33214306831		2.22088050842
1.3368999958		2.10924434662
1.34164500237		2.51012039185
1.3464050293		2.83488082886
1.35114502907		2.80950832367
1.35590195656		2.7536907196
1.36064696312		2.56593894958
1.36540293694		2.10924434662
1.37015104294		2.1802854538
1.37490797043		2.58116149902
1.37965106964		2.81965732574
1.38440799713		2.80443382263
1.38915109634		2.71817016602
1.39391112328		2.53041744232
1.3986530304		2.03820323944
1.40340399742		2.27162456512
1.40828299522		2.68264961243
1.41303014755		2.81458282471
1.4177839756		2.79936027527
1.42253613472		2.67250061035
1.42728209496		2.45937633514
1.43203115463		2.02805423737
1.43678307533		2.36296367645
1.44153404236		2.76383876801
1.44631910324		2.80950832367
1.45116114616		2.78413677216
1.45590996742		2.62683105469
1.46065998077		2.2919216156
1.46542000771		2.07372379303
1.47016310692		2.45937633514
1.47493696213		2.82980632782
1.47966313362		2.80950832367
1.48442006111		2.76383876801
1.489164114		2.58623600006
1.49392414093		2.15998840332
1.49866604805		2.13969039917
1.5034160614		2.55578994751
1.5082950592		2.82473182678
1.51304411888		2.80950832367
1.51779508591		2.73339271545
1.52254509926		2.54564094543
1.52729606628		2.05850028992
1.53204607964		2.2310295105
1.53680109978		2.6420545578
1.54154706001		2.81965732574
1.54633402824		2.80443382263
1.55117297173		2.68772315979
1.55593013763		2.49997138977
1.5606739521		2.02805423737
1.56542992592		2.33251667023
1.57018113136		2.73339271545
1.57493305206		2.80950832367
1.57967615128		2.78921127319
1.58443212509		2.6522026062
1.58917713165		2.37311172485
1.59393811226		2.04327774048
1.59868407249		2.41878128052
1.6034309864		2.81458282471
1.60830807686		2.80950832367
1.61305594444		2.76891326904
1.61780810356		2.60145950317
1.62255597115		2.21073246002
1.62731099129		2.11431884766
1.63205909729		2.51519489288
1.63681006432		2.82980632782
1.64156103134		2.80443382263
1.6463470459		2.74354171753
1.65106296539		2.56593894958
1.65581202507		2.09909534454
1.66056203842		2.19043445587
1.665320158		2.59638500214
1.6700630188		2.81965732574
1.67482113838		2.80443382263
1.67956399918		2.70802116394
1.68432497978		2.52534389496
1.68906712532		2.03820323944
1.69382405281		2.27162456512
1.69856715202		2.67757511139
1.70331811905		2.81458282471
1.70819807053		2.79428577423
1.71294403076		2.66742610931
1.71770095825		2.44415378571
1.72244405746		2.0331287384
1.72719693184		2.36803817749
1.73195099831		2.77398777008
1.7367041111		2.80950832367
1.74144792557		2.78413677216
1.74620604515		2.62683105469
1.75095105171		2.30207061768
1.75570106506		2.06864929199
1.76045012474		2.45937633514
1.76520895958		2.82980632782
1.7699611187		2.80950832367
1.77470993996		2.76383876801
1.77945303917		2.58623600006
1.78421211243		2.1701374054
1.78895497322		2.13461589813
1.7937130928		2.5405664444
1.7984559536		2.82473182678
1.80320596695		2.80443382263
1.80796313286		2.73339271545
1.81271100044		2.55071544647
1.81745815277		2.06864929199
1.8222079277		2.21580600739
1.82696008682		2.62175655365
1.83171010017		2.81458282471
1.83646798134		2.79936027527
1.84121108055		2.69787216187
1.84597015381		2.51012039185
1.85071396828		2.02805423737
1.8554649353		2.30714511871
1.86021304131		2.70802116394
1.86497592926		2.81458282471
1.86971497536		2.78921127319
1.87447214127		2.65727710724
1.87921714783		2.42385578156
1.88397502899		2.03820323944
1.88871693611		2.393409729
1.89350104332		2.79428577423
1.89822292328		2.80950832367
1.90296912193		2.77398777008
1.90772104263		2.61668205261
1.91246914864		2.26147556305
1.91722393036		2.08894729614
1.92197704315		2.47967433929
1.92672514915		2.82980632782
1.93147993088		2.80443382263
1.93622493744		2.75876522064
1.94097614288		2.58116149902
1.94573092461		2.13969039917
1.95047497749		2.15491390228
1.9552321434		2.56086444855
1.95997714996		2.82473182678
1.9647359848		2.80443382263
1.96946907043		2.72831821442
1.97422599792		2.53549194336
1.97898197174		2.05342674255
1.98373508453		2.23610401154
1.98848104477		2.64712810516
1.9932320118		2.81965732574
1.99798297882		2.79936027527
2.00273299217		2.68772315979
2.00748705864		2.49997138977
2.01223897934		2.02297973633
2.01698613167		2.32236862183
2.02173709869		2.72831821442
2.02649402618		2.80950832367
2.03123497963		2.78921127319
2.03599309921		2.6522026062
2.04073596001		2.37818622589
2.04549407959		2.03820323944
2.05023813248		2.40863323212
2.05499601364		2.80443382263
2.05974006653		2.80950832367
2.06449699402		2.77398777008
2.06924009323		2.60653305054
2.0740070343		2.2310295105
2.07874202728		2.09909534454
2.0834980011		2.49997138977
2.08824300766		2.83488082886
2.09299302101		2.80443382263
2.09774494171		2.74861621857
2.10249614716		2.56593894958
2.10724711418		2.11431884766
2.11199593544		2.17521095276
2.11674904823		2.58116149902
2.12149810791		2.81965732574
2.12633514404		2.80443382263
2.13112711906		2.70802116394
2.13587594032		2.53041744232
2.14062595367		2.04327774048
2.14538192749		2.26655006409
2.15012693405		2.67250061035
2.15488314629		2.80950832367
2.15963411331		2.79428577423
2.16438698769		2.67250061035
2.1691300869		2.46445083618
2.17388510704		2.02805423737
2.1786301136		2.35788917542
2.1833820343		2.7536907196
2.18825602531		2.80950832367
2.19300699234		2.77906227112
2.19776010513		2.62683105469
2.20251297951		2.30714511871
2.20726013184		2.07372379303
2.21201014519		2.45430183411
2.21676111221		2.82980632782
2.22151112556		2.80443382263
2.22634410858		2.76383876801
2.23114013672		2.58116149902
2.23589396477		2.15998840332
2.24063897133		2.13461589813
2.24539709091		2.55071544647
2.2501449585		2.82473182678
2.25488996506		2.80443382263
2.25964307785		2.72831821442
2.26439905167		2.54564094543
2.26914215088		2.06357479095
2.27389907837		2.22088050842
2.27864408493		2.63190555573
2.28339505196		2.81458282471
2.28826808929		2.79936027527
2.29302000999		2.68772315979
2.29777097702		2.49997138977
2.30252099037		2.02297973633
2.30727910995		2.32744312286
2.31202411652		2.71817016602
2.31677412987		2.80950832367
2.32152295113		2.78921127319
2.32635402679		2.64712810516
2.33115100861		2.36803817749
2.33590292931		2.04327774048
2.34065294266		2.42385578156
2.34540915489		2.80443382263
2.35015392303		2.80443382263
2.35491013527		2.76891326904
2.35965394974		2.60145950317
2.36440992355		2.21580600739
2.36915612221		2.10924434662
2.37391400337		2.50504589081
2.37865614891		2.83488082886
2.38340592384		2.79936027527
2.3882830143		2.74354171753
2.39303302765		2.56593894958
2.39778614044		2.08894729614
2.4025349617		2.19043445587
2.40728998184		2.59638500214
2.4120349884		2.81458282471
2.4167881012		2.80443382263
2.42153811455		2.70802116394
2.42637610435		2.52026939392
2.43116497993		2.0331287384
2.43592405319		2.2919216156
2.44066405296		2.68772315979
2.44542312622		2.81458282471
2.45016598701		2.79428577423
2.45493006706		2.66235160828
2.45966696739		2.43907928467
2.46442604065		2.0331287384
2.46916913986		2.37311172485
2.4739279747		2.77398777008
2.47867107391		2.80950832367
2.48342204094		2.77906227112
2.4882979393		2.61668205261
2.49304699898		2.27162456512
2.4977991581		2.0838727951
2.50254797935		2.46445083618
2.50732707977		2.82980632782
2.51205015182		2.80443382263
2.51679992676		2.7536907196
2.52154994011		2.57608699799
2.52634000778		2.14476490021
2.53117799759		2.15998840332
2.53592705727		2.56593894958
2.54067897797		2.81965732574
2.54543399811		2.80443382263
2.55017900467		2.72324466705
2.5549390316		2.53549194336
2.55968308449		2.05342674255
2.5644390583		2.24117851257
2.56918096542		2.64712810516
2.57393908501		2.81458282471
2.57868313789		2.79428577423
2.58343100548		2.68264961243
2.58831000328		2.4898223877
2.59306097031		2.0331287384
2.59782195091		2.3426656723
2.60256910324		2.74354171753
2.6073141098		2.80950832367
2.61206197739		2.78413677216
2.61681413651		2.6420545578
2.62156295776		2.35281467438
2.62639808655		2.05342674255
2.63119101524		2.43907928467
2.63594794273		2.82473182678
2.6406929493		2.80443382263
2.64544796944		2.76383876801
2.65019512177		2.5913105011
2.65494799614		2.19550895691
2.65968608856		2.11939334869
2.66444015503		2.52534389496
2.66919493675		2.82980632782
2.67395114899		2.80443382263
2.67869496346		2.73846721649
2.68344402313		2.55578994751
2.68819713593		2.0838727951
2.69294714928		2.20058345795
2.69769692421		2.60653305054
2.70244693756		2.81965732574
2.70720005035		2.79936027527
2.71194815636		2.7029466629
2.71670103073		2.51519489288
2.72145104408		2.02805423737
2.7262070179		2.2817735672
2.73095202446		2.68772315979
2.73570394516		2.80950832367
2.74045610428		2.79428577423
2.74521207809		2.66235160828
2.749958992		2.44415378571
2.75470709801		2.02805423737
2.75945615768		2.36803817749
2.76421308517		2.76891326904
2.76895594597		2.80950832367
2.77371501923		2.77906227112
2.77845907211		2.62175655365
2.7832069397		2.29699611664
2.78796005249		2.06357479095
2.79271101952		2.45937633514
2.79746103287		2.82473182678
2.80221295357		2.79936027527
2.80696296692		2.75876522064
2.81171298027		2.58116149902
2.81647014618		2.16506290436
2.82121396065		2.13461589813
2.82597303391		2.5405664444
2.83071494102		2.82473182678
2.83547306061		2.80443382263
2.8402159214		2.73846721649
2.84497308731		2.54564094543
2.84972000122		2.06357479095
2.85447406769		2.21580600739
2.85922002792		2.62683105469
2.86397600174		2.81458282471
2.86872005463		2.79936027527
2.87355208397		2.68772315979
2.87835001945		2.50504589081
2.88309693336		2.02297973633
2.88785195351		2.32236862183
2.89259600639		2.71309566498
2.89735603333		2.81458282471
2.90210103989		2.78921127319
2.90685105324		2.6522026062
2.91159892082		2.39848423004
2.91641807556		2.04327774048
2.92122602463		2.41370677948
2.92598414421		2.80443382263
2.93072795868		2.80443382263
2.93548107147		2.76891326904
2.94023108482		2.60653305054
2.94498896599		2.22595500946
2.94973015785		2.10416984558
2.95448899269		2.49997138977
2.9592320919		2.82980632782
2.96398901939		2.80443382263
2.96873307228		2.74861621857
2.97348999977		2.56593894958
2.97823405266		2.10924434662
2.98298406601		2.17521095276
2.98773694038		2.57608699799
2.99248504639		2.81458282471
2.99723696709		2.80443382263
3.00198912621		2.71817016602
3.00674200058		2.53041744232
3.01149010658		2.04327774048
3.01627898216		2.26147556305
3.02111697197		2.67250061035
3.02587199211		2.81458282471
3.030616045		2.79428577423
3.03537511826		2.67250061035
3.04011702538		2.46445083618
3.04487895966		2.0331287384
3.04961800575		2.35281467438
3.05437707901		2.75876522064
3.05911898613		2.80950832367
3.06387495995		2.77906227112
3.06861901283		2.62683105469
3.07341599464		2.31221961975
3.07824897766		2.07372379303
3.08299899101		2.45430183411
3.08774995804		2.82473182678
3.09249806404		2.80443382263
3.09725213051		2.75876522064
3.10199999809		2.58623600006
3.10675406456		2.1701374054
3.11150193214		2.13461589813
3.11633896828		2.55071544647
3.1211309433		2.82473182678
3.12589001656		2.79936027527
3.13063097		2.72831821442
3.13538312912		2.54564094543
3.14013195038		2.06357479095
3.14488911629		2.22595500946
3.14963102341		2.63190555573
3.15439105034		2.81458282471
3.15913200378		2.79428577423
3.16389107704		2.68772315979
3.16863512993		2.51012039185
3.17338395119		2.02805423737
3.17814612389		2.31221961975
3.18288493156		2.71309566498
3.18763995171		2.80950832367
3.1924071312		2.78921127319
3.19713997841		2.6522026062
3.20188808441		2.40863323212
3.20664215088		2.03820323944
3.21139192581		2.40355873108
3.21614313126		2.79428577423
3.22089195251		2.80443382263
3.22565102577		2.77398777008
3.23039293289		2.61160755157
3.23515892029		2.24625301361
3.23989415169		2.09909534454
3.2446501255		2.48474884033
3.24939608574		2.82980632782
3.25414800644		2.80443382263
3.25889801979		2.7536907196
3.26365303993		2.57101249695
3.26839804649		2.12954235077
3.27314996719		2.16506290436
3.27789998055		2.57101249695
3.28264904022		2.81965732574
3.28740000725		2.80443382263
3.2921500206		2.72324466705
3.29690408707		2.53549194336
3.30165195465		2.04835224152
3.30641198158		2.24625301361
3.31115198135		2.6522026062
3.31591010094		2.81458282471
3.3206551075		2.79936027527
3.32541203499		2.68772315979
3.33016014099		2.49489688873
3.33490896225		2.02805423737
3.33966493607		2.33251667023
3.34441399574		2.73339271545
3.34915995598		2.80950832367
3.35391592979		2.78921127319
3.35865902901		2.64712810516
3.36341094971		2.35788917542
3.36828708649		2.05342674255
3.37303805351		2.43400478363
3.37778902054		2.81458282471
3.38253903389		2.80443382263
3.38729095459		2.76891326904
3.39204096794		2.60145950317
3.39679098129		2.20058345795
3.40154004097		2.11939334869
3.40637207031		2.52534389496
3.4111700058		2.82980632782
3.41592097282		2.80443382263
3.42066812515		2.74354171753
3.42542505264		2.55578994751
3.43016815186		2.07879829407
3.43492507935		2.20565795898
3.43966794014		2.60653305054
3.4444270134		2.81458282471
3.44917297363		2.80443382263
3.45392894745		2.7029466629
3.45867300034		2.51519489288
3.46342492104		2.0331287384
3.46830010414		2.30207061768
3.47305107117		2.7029466629
3.47780203819		2.80950832367
3.48255205154		2.78921127319
3.48730802536		2.66235160828
3.49205303192		2.42893028259
3.49680495262		2.03820323944
3.50155305862		2.38833522797
3.50638103485		2.78413677216
3.51118206978		2.80950832367
3.51593804359		2.77398777008
3.52068114281		2.61160755157
3.52543902397		2.25640106201
3.53019094467		2.09402179718
3.53493404388		2.48474884033
3.53968405724		2.82980632782
3.54443502426		2.80443382263
3.54918599129		2.7536907196
3.5539431572		2.57608699799
3.55868601799		2.13969039917
3.56343793869		2.16506290436
3.56831407547		2.57608699799
3.57306194305		2.81965732574
3.57781505585		2.80443382263
3.58256292343		2.71817016602
3.58732008934		2.53549194336
3.5920650959		2.04327774048
3.59682297707		2.25640106201
3.60157108307		2.66235160828
3.60640001297		2.81458282471
3.61119413376		2.79428577423
3.61594414711		2.67250061035
3.62069392204		2.46952533722
3.62544703484		2.0331287384
3.63019609451		2.35281467438
3.63497400284		2.75876522064
3.63969802856		2.80950832367
3.64445710182		2.77906227112
3.64919900894		2.63190555573
3.65395498276		2.33759117126
3.65870094299		2.05850028992
3.66345000267		2.44415378571
3.66832613945		2.82473182678
3.67307806015		2.80443382263
3.67782711983		2.76383876801
3.68257808685		2.5913105011
3.68733096123		2.1802854538
3.69208097458		2.12954235077
3.69683003426		2.5405664444
3.70158004761		2.82980632782
3.70641899109		2.79936027527
3.71120715141		2.73339271545
3.7159640789		2.54564094543
3.72070813179		2.06864929199
3.72546601295		2.22088050842
3.73021006584		2.62683105469
3.73495912552		2.81458282471
3.73970913887		2.79936027527
3.74446892738		2.68772315979
3.7492120266		2.51012039185
3.7539639473		2.02805423737
3.75871515274		2.31221961975
3.76349711418		2.70802116394
3.76833796501		2.80443382263
3.77308893204		2.78921127319
3.77784013748		2.6522026062
3.7825961113		2.39848423004
3.78734207153		2.04835224152
3.79209113121		2.40863323212
3.79684400558		2.79428577423
3.80159306526		2.80443382263
3.80642199516		2.76891326904
3.81122112274		2.60145950317
3.81597113609		2.22595500946
3.82071900368		2.10924434662
3.82547712326		2.50504589081
3.83022212982		2.82980632782
3.83498001099		2.80443382263
3.83972406387		2.74354171753
3.84448194504		2.56593894958
3.84922504425		2.11431884766
3.85398006439		2.1802854538
3.8587269783		2.58116149902
3.86351108551		2.81965732574
3.86835408211		2.79936027527
3.87310314178		2.70802116394
3.87785410881		2.52534389496
3.88260602951		2.04327774048
3.88735604286		2.27162456512
3.89210510254		2.67757511139
3.89685702324		2.80950832367
3.90160703659		2.79428577423
3.90643501282		2.66742610931
3.9112341404		2.44922733307
3.91599297523		2.03820323944
3.92073607445		2.37311172485
3.92549300194		2.77398777008
3.93024802208		2.80443382263
3.9349861145		2.77906227112
3.93973708153		2.62683105469
3.94448709488		2.30207061768
3.9492380619		2.07372379303
3.9539949894		2.45937633514
3.95873808861		2.82473182678
3.96349596977		2.80443382263
3.96823906898		2.76383876801
3.97299003601		2.58116149902
3.9777431488		2.1701374054
3.98249197006		2.13461589813
3.98724412918		2.54564094543
3.99199295044		2.82473182678
3.99674606323		2.79936027527
4.00149798393		2.72831821442
4.00633001328		2.54564094543
4.01112413406		2.06357479095
4.01587295532		2.2310295105
4.02062296867		2.63698005676
4.02537298203		2.81965732574
4.03012394905		2.79936027527
4.03488206863		2.69279766083
4.03962492943		2.50504589081
4.04438495636		2.02805423737
4.04912614822		2.31729412079
4.05388498306		2.71817016602
4.05862808228		2.80443382263
4.06337809563		2.78921127319
4.06825494766		2.64712810516
4.07300496101		2.37818622589
4.07775998116		2.04327774048
4.08250713348		2.41370677948
4.08725810051		2.79936027527
4.09200692177		2.80950832367
4.09675693512		2.76891326904
4.10150814056		2.60653305054
4.10635209084		2.21580600739
4.11113715172		2.11431884766
4.11589097977		2.51519489288
4.12063598633		2.82980632782
4.12539100647		2.80443382263
4.13013911247		2.73846721649
4.13488793373		2.56086444855
4.13964104652		2.09909534454
4.1443939209		2.19043445587
4.14913892746		2.5913105011
4.15389704704		2.81965732574
4.15864014626		2.80443382263
4.16341304779		2.70802116394
4.16826605797		2.51519489288
4.17301702499		2.03820323944
4.17777013779		2.28684806824
4.1825170517		2.68772315979
4.18727302551		2.80950832367
4.19202208519		2.79428577423
4.19677114487		2.66742610931
4.20152211189		2.44922733307
4.20635700226		2.0331287384
4.21115207672		2.37818622589
4.21589708328		2.77398777008
4.22064805031		2.80950832367
4.22541093826		2.77398777008
4.23014998436		2.62175655365
4.23490905762		2.2817735672
4.23965096474		2.07879829407
4.24440813065		2.46445083618
4.24915194511		2.82980632782
4.25390315056		2.80443382263
4.25865507126		2.75876522064
4.26340413094		2.57608699799
4.26828098297		2.14476490021
4.27303004265		2.15491390228
4.27778196335		2.56086444855
4.28253412247		2.81965732574
4.28728508949		2.79936027527
4.29203295708		2.72324466705
4.2967839241		2.5405664444
4.30153512955		2.05850028992
4.3063659668		2.24625301361
4.31116199493		2.6522026062
4.31592011452		2.80950832367
4.32066202164		2.78921127319
4.32542014122		2.68264961243
4.33016514778		2.4898223877
4.33491396904		2.02805423737
4.33966612816		2.33251667023
4.34441709518		2.73339271545
4.34916615486		2.80950832367
4.35392212868		2.78921127319
4.35866713524		2.63698005676
4.36341905594		2.35788917542
4.36829400063		2.05342674255
4.37304902077		2.43907928467
4.37779808044		2.81458282471
4.38254404068		2.79936027527
4.38729810715		2.76383876801
4.39204692841		2.5913105011
4.39679908752		2.20565795898
4.4015481472		2.11431884766
4.40638113022		2.52534389496
4.41117596626		2.82473182678
4.41592597961		2.79936027527
4.42067503929		2.73846721649
4.42542695999		2.55578994751
4.43017601967		2.07879829407
4.4349360466		2.20565795898
4.43967604637		2.61160755157
4.4444360733		2.81458282471
4.44917798042		2.79936027527
4.45393514633		2.69787216187
4.45868110657		2.52026939392
4.46342992783		2.03820323944
4.46830606461		2.30207061768
4.47305703163		2.69787216187
4.47780799866		2.80443382263
4.48256111145		2.78413677216
4.48730897903		2.65727710724
4.49205899239		2.42893028259
4.49681210518		2.03820323944
4.50155997276		2.38833522797
4.50639605522		2.78413677216
4.51118612289		2.79936027527
4.51594400406		2.76891326904
4.52069306374		2.60653305054
4.5254471302		2.25132751465
4.53018903732		2.09402179718
4.53494095802		2.48474884033
4.53969097137		2.82473182678
4.54444313049		2.79936027527
4.54919195175		2.74861621857
4.55394792557		2.57101249695
4.55869412422		2.13461589813
4.56344413757		2.16506290436
4.56832098961		2.57608699799
4.57307004929		2.81458282471
4.57782196999		2.79936027527
4.58257102966		2.71309566498
4.58732295036		2.53041744232
4.59207010269		2.04835224152
4.59683203697		2.25640106201
4.60157513618		2.65727710724
4.60640692711		2.80950832367
4.61120295525		2.78921127319
4.61595106125		2.67250061035
4.62070202827		2.46952533722
4.6254529953		2.02805423737
4.63020300865		2.35281467438
4.63496208191		2.7536907196
4.63970208168		2.80443382263
4.64446115494		2.78413677216
4.64920496941		2.63190555573
4.65396094322		2.33251667023
4.65870594978		2.05850028992
4.66345715523		2.44415378571
4.66833996773		2.82473182678
4.67308306694		2.79936027527
4.67783403397		2.75876522064
4.68258810043		2.58623600006
4.68733692169		2.17521095276
4.69208502769		2.12954235077
4.69683694839		2.53041744232
4.70158696175		2.82473182678
4.70641994476		2.80443382263
4.71121692657		2.73339271545
4.71611905098		2.5405664444
4.72083997726		2.06357479095
4.72559809685		2.2310295105
4.7303481102		2.63698005676
4.73509192467		2.81458282471
4.73984408379		2.79428577423
4.74459409714		2.68772315979
4.74934411049		2.49997138977
4.75409412384		2.02297973633
4.75884413719		2.31729412079
4.76360106468		2.72324466705
4.76834607124		2.80443382263
4.77309393883		2.78413677216
4.77784800529		2.6522026062
4.78259706497		2.393409729
4.78734898567		2.04327774048
4.79209899902		2.40355873108
4.79685115814		2.79428577423
4.80160307884		2.80443382263
4.80643606186		2.76383876801
4.81122899055		2.59638500214
4.81598496437		2.22088050842
4.82072901726		2.10924434662
4.82547998428		2.49997138977
4.83022809029		2.82980632782
4.83498597145		2.79936027527
4.83973002434		2.74354171753
4.84448695183		2.56593894958
4.84923005104		2.11431884766
4.85398602486		2.1802854538
4.85873198509		2.58623600006
4.8634929657		2.81458282471
4.86823415756		2.79936027527
4.87298512459		2.71309566498
4.87773704529		2.52534389496
4.88248705864		2.04327774048
4.88723707199		2.26147556305
4.89198899269		2.66742610931
4.89673900604		2.80950832367
4.90148901939		2.78921127319
4.9063270092		2.66742610931
4.91111707687		2.45937633514
4.91587114334		2.0331287384
4.9206161499		2.36296367645
4.92536902428		2.75876522064
4.93011498451		2.80443382263
4.93486714363		2.77906227112
4.93961906433		2.62683105469
4.94436907768		2.31729412079
4.94911909103		2.06864929199
4.95387411118		2.44922733307
4.95862007141		2.82473182678
4.96337795258		2.79936027527
4.96824908257		2.75876522064
4.97299695015		2.58116149902
4.97774910927		2.1701374054
4.98249793053		2.13461589813
4.98725199699		2.54564094543
4.99200201035		2.82473182678
4.99675297737		2.79936027527
