0.000128984451294		2.76383876801
0.00541186332703		2.67250061035
0.00953984260559		2.47967433929
0.013659954071		2.06357479095
0.0177819728851		2.49489688873
0.0219099521637		2.84502887726
0.0260329246521		2.74861621857
0.0301687717438		2.65727710724
0.0342857837677		2.43400478363
0.0384128093719		2.07372379303
0.0425379276276		2.54564094543
0.046660900116		2.83488082886
0.0507907867432		2.74861621857
0.0549139976501		2.64712810516
0.0590369701385		2.37311172485
0.0631639957428		2.09909534454
0.0672888755798		2.5913105011
0.0714259147644		2.82473182678
0.075544834137		2.73846721649
0.079705953598		2.62683105469
0.0838289260864		2.29699611664
0.0879240036011		2.11431884766
0.0920498371124		2.62683105469
0.0961728096008		2.81458282471
0.100302934647		2.73339271545
0.104426860809		2.61668205261
0.108551979065		2.25132751465
0.112675905228		2.15491390228
0.116801977158		2.67757511139
0.120927810669		2.80443382263
0.12505197525		2.72831821442
0.129187822342		2.60145950317
0.133304834366		2.20565795898
0.137435913086		2.20565795898
0.141686916351		2.72831821442
0.14580488205		2.79428577423
0.14993596077		2.71309566498
0.154055833817		2.58116149902
0.158188819885		2.14476490021
0.162308931351		2.25132751465
0.166432857513		2.76383876801
0.170560836792		2.77906227112
0.17468380928		2.7029466629
0.178811788559		2.56593894958
0.18293595314		2.11431884766
0.187060832977		2.2919216156
0.191188812256		2.79428577423
0.195313930511		2.76891326904
0.199438810349		2.69787216187
0.20356297493		2.55578994751
0.207694768906		2.08894729614
0.21182179451		2.3426656723
0.215939998627		2.81965732574
0.220064878464		2.76383876801
0.224189996719		2.69279766083
0.228322982788		2.53549194336
0.232442855835		2.07372379303
0.236567974091		2.393409729
0.240693807602		2.8399553299
0.244820833206		2.75876522064
0.248950958252		2.67757511139
0.253070831299		2.52026939392
0.257195949554		2.06864929199
0.261324882507		2.44415378571
0.265450000763		2.8399553299
0.269580841064		2.7536907196
0.273697853088		2.67250061035
0.277828931808		2.47967433929
0.281948804855		2.06864929199
0.286073923111		2.49489688873
0.290199995041		2.84502887726
0.294323921204		2.74354171753
0.298458814621		2.65727710724
0.302578926086		2.43907928467
0.306699991226		2.07879829407
0.310826778412		2.54564094543
0.314953804016		2.83488082886
0.319078922272		2.74354171753
0.323204994202		2.6420545578
0.327328920364		2.35788917542
0.331585884094		2.10416984558
0.33570599556		2.60145950317
0.339843988419		2.82473182678
0.343957901001		2.73846721649
0.348086833954		2.62683105469
0.352207899094		2.2919216156
0.356335878372		2.12446784973
0.360460996628		2.6522026062
0.364583969116		2.81458282471
0.368717908859		2.73339271545
0.372835874557		2.61160755157
0.37695980072		2.2310295105
0.381086826324		2.15998840332
0.385214805603		2.68772315979
0.389345884323		2.80443382263
0.393467903137		2.72831821442
0.397594928741		2.59638500214
0.401715993881		2.19043445587
0.405840873718		2.20565795898
0.409966945648		2.72831821442
0.414091825485		2.79428577423
0.418226957321		2.71309566498
0.422343969345		2.58116149902
0.426468849182		2.14983940125
0.430596828461		2.24625301361
0.434720993042		2.75876522064
0.438853979111		2.78413677216
0.442971944809		2.70802116394
0.447094917297		2.56593894958
0.45122385025		2.10924434662
0.455346822739		2.2919216156
0.459474802017		2.79428577423
0.463599920273		2.77398777008
0.467736959457		2.69787216187
0.47185087204		2.55071544647
0.475973844528		2.08894729614
0.480101823807		2.3426656723
0.484223842621		2.81458282471
0.488357782364		2.76891326904
0.492476940155		2.69279766083
0.496600866318		2.53549194336
0.500727891922		2.07372379303
0.504853963852		2.393409729
0.508985996246		2.8399553299
0.513104915619		2.75876522064
0.517229795456		2.68264961243
0.521368980408		2.51519489288
0.525484800339		2.06864929199
0.529691934586		2.45430183411
0.53386092186		2.84502887726
0.53799200058		2.7536907196
0.542106866837		2.66742610931
0.546233892441		2.46952533722
0.550362825394		2.06864929199
0.554485797882		2.51012039185
0.558617830276		2.8399553299
0.562735795975		2.74861621857
0.566862821579		2.65727710724
0.570988893509		2.41878128052
0.575114965439		2.08894729614
0.579243898392		2.56086444855
0.583363771439		2.82980632782
0.587528944016		2.73846721649
0.591615915298		2.6420545578
0.595744848251		2.35281467438
0.59987282753		2.10416984558
0.603991985321		2.60145950317
0.608123779297		2.82473182678
0.612242937088		2.73339271545
0.616387844086		2.62175655365
0.620495796204		2.2919216156
0.624620914459		2.12954235077
0.628750801086		2.6420545578
0.632869958878		2.80950832367
0.636994838715		2.72831821442
0.641126871109		2.60653305054
0.645245790482		2.23610401154
0.649382829666		2.15998840332
0.653495788574		2.68264961243
0.657623767853		2.80443382263
0.661750793457		2.72324466705
0.665875911713		2.59638500214
0.670001983643		2.19550895691
0.674124956131		2.20058345795
0.678250789642		2.72831821442
0.682376861572		2.79428577423
0.686504840851		2.71309566498
0.690629959106		2.57608699799
0.694753885269		2.14983940125
0.698885917664		2.24625301361
0.703004837036		2.75876522064
0.707129955292		2.77906227112
0.711253881454		2.70802116394
0.715381860733		2.56593894958
0.719508886337		2.11939334869
0.723638772964		2.2919216156
0.72776389122		2.78921127319
0.731882810593		2.76891326904
0.736009836197		2.69787216187
0.740135908127		2.55071544647
0.744258880615		2.08894729614
0.748391866684		2.3426656723
0.752510786057		2.81458282471
0.756637811661		2.76383876801
0.760764837265		2.68772315979
0.764886856079		2.53549194336
0.769019842148		2.06864929199
0.773137807846		2.393409729
0.777273893356		2.84502887726
0.781517982483		2.75876522064
0.785640001297		2.68264961243
0.789774894714		2.51012039185
0.793890953064		2.05342674255
0.798020839691		2.44922733307
0.802142858505		2.84502887726
0.806266784668		2.75876522064
0.810395956039		2.67250061035
0.814518928528		2.46445083618
0.818652868271		2.05342674255
0.822769880295		2.49489688873
0.826896905899		2.8399553299
0.831020832062		2.7536907196
0.835152864456		2.66742610931
0.839271783829		2.42385578156
0.843397855759		2.07879829407
0.847523927689		2.55578994751
0.85166478157		2.82980632782
0.855772972107		2.74354171753
0.859909772873		2.6420545578
0.864025831223		2.34774017334
0.868157863617		2.09402179718
0.872275829315		2.5913105011
0.876403808594		2.82473182678
0.880530834198		2.74354171753
0.884652853012		2.63190555573
0.888784885406		2.2919216156
0.892903804779		2.11939334869
0.897029876709		2.63698005676
0.901160001755		2.81458282471
0.905289888382		2.74354171753
0.909413814545		2.61668205261
0.913531780243		2.2310295105
0.917663812637		2.14983940125
0.921783924103		2.67250061035
0.925909996033		2.80443382263
0.930038928986		2.73339271545
0.9341609478		2.60145950317
0.938293933868		2.19043445587
0.942410945892		2.19550895691
0.946536779404		2.71817016602
0.950662851334		2.79428577423
0.954786777496		2.72831821442
0.958920955658		2.58623600006
0.963038921356		2.14476490021
0.967170953751		2.23610401154
0.971290826797		2.7536907196
0.975416898727		2.78413677216
0.979553937912		2.71817016602
0.983667850494		2.56593894958
0.987799882889		2.10924434662
0.991917848587		2.2817735672
0.99604177475		2.78413677216
1.00017094612		2.77398777008
1.00429391861		2.7029466629
1.008425951		2.55578994751
1.01254582405		2.0838727951
1.01666998863		2.32744312286
1.02079582214		2.81458282471
1.02491998672		2.76891326904
1.02905583382		2.69787216187
1.03317594528		2.53549194336
1.037296772		2.06864929199
1.04155397415		2.40355873108
1.04567599297		2.84502887726
1.04980897903		2.75876522064
1.05392599106		2.68772315979
1.05805182457		2.52026939392
1.06217598915		2.06357479095
1.06630277634		2.44922733307
1.07042980194		2.8399553299
1.07455396652		2.7536907196
1.07868385315		2.67250061035
1.08280396461		2.46952533722
1.08692884445		2.06357479095
1.09106087685		2.49997138977
1.09517979622		2.84502887726
1.09931397438		2.74861621857
1.10343289375		2.66235160828
1.10756993294		2.42893028259
1.11168193817		2.07879829407
1.11581492424		2.54564094543
1.11993980408		2.82473182678
1.12405991554		2.74354171753
1.12819290161		2.6420545578
1.13231086731		2.35788917542
1.13643884659		2.09909534454
1.14056277275		2.5913105011
1.14468693733		2.81965732574
1.14882087708		2.73339271545
1.1529378891		2.62683105469
1.1570649147		2.28684806824
1.1611969471		2.11431884766
1.16531682014		2.63698005676
1.16945195198		2.81458282471
1.17356681824		2.74354171753
1.17769289017		2.61668205261
1.18181777		2.24117851257
1.18594288826		2.14476490021
1.19006991386		2.67250061035
1.19419384003		2.80443382263
1.1983268261		2.73339271545
1.20244598389		2.60145950317
1.20657086372		2.18535995483
1.210698843		2.19043445587
1.21481990814		2.71309566498
1.21895480156		2.79428577423
1.22307181358		2.72831821442
1.22719883919		2.5913105011
1.23132300377		2.14983940125
1.23545479774		2.23610401154
1.23957681656		2.7536907196
1.24370098114		2.78413677216
1.24783182144		2.71817016602
1.25195288658		2.57101249695
1.25607800484		2.10924434662
1.26020884514		2.27669906616
1.2643289566		2.78413677216
1.26846385002		2.77398777008
1.27257990837		2.70802116394
1.2767059803		2.55578994751
1.28084993362		2.0838727951
1.28495597839		2.32744312286
1.2890868187		2.80950832367
1.29320693016		2.76891326904
1.29733490944		2.69787216187
1.30145978928		2.5405664444
1.30558896065		2.06864929199
1.30974578857		2.38326072693
1.31383395195		2.83488082886
1.31796598434		2.75876522064
1.32208585739		2.68772315979
1.32621097565		2.52026939392
1.33033680916		2.05850028992
1.33446192741		2.42893028259
1.33859491348		2.8399553299
1.34271478653		2.75876522064
1.34683895111		2.67757511139
1.35096788406		2.4898223877
1.3550889492		2.05850028992
1.35921788216		2.47967433929
1.36334490776		2.8399553299
1.36746692657		2.74861621857
1.37171983719		2.66235160828
1.37584280968		2.42893028259
1.37996983528		2.07372379303
1.38409399986		2.54564094543
1.38822889328		2.82980632782
1.39234399796		2.74354171753
1.39647078514		2.64712810516
1.40059685707		2.36296367645
1.40472197533		2.09909534454
1.40885281563		2.5913105011
1.41297292709		2.81965732574
1.41709899902		2.73846721649
1.42122387886		2.63190555573
1.42535281181		2.29699611664
1.42947483063		2.11939334869
1.433604002		2.63698005676
1.43773388863		2.80950832367
1.441852808		2.72831821442
1.44597792625		2.61160755157
1.45010495186		2.24625301361
1.45422792435		2.15491390228
1.45835494995		2.67757511139
1.46248078346		2.79936027527
1.46660780907		2.72831821442
1.47073078156		2.59638500214
1.47485589981		2.19550895691
1.47898793221		2.19550895691
1.48310899734		2.71817016602
1.48723196983		2.78921127319
1.49136590958		2.72324466705
1.4954829216		2.58116149902
1.49964594841		2.15491390228
1.50373482704		2.23610401154
1.50786685944		2.7536907196
1.51198291779		2.78413677216
1.51611185074		2.70802116394
1.52024579048		2.56593894958
1.5243639946		2.11939334869
1.5284948349		2.2817735672
1.53261399269		2.77906227112
1.53673887253		2.77398777008
1.54086589813		2.7029466629
1.5449898243		2.55071544647
1.54912281036		2.0838727951
1.55324292183		2.32236862183
1.55736899376		2.81965732574
1.56162691116		2.77398777008
1.56574583054		2.69787216187
1.56987595558		2.53549194336
1.57399177551		2.06864929199
1.57812595367		2.393409729
1.58224391937		2.83488082886
1.58636879921		2.76383876801
1.59049892426		2.68772315979
1.59462285042		2.51519489288
1.59875392914		2.05342674255
1.60287284851		2.43907928467
1.60699677467		2.8399553299
1.61112594604		2.7536907196
1.61524796486		2.67757511139
1.61938786507		2.47459983826
1.62350177765		2.05850028992
1.62763285637		2.49997138977
1.63175296783		2.8399553299
1.63587498665		2.7536907196
1.6400039196		2.66235160828
1.64412784576		2.42893028259
1.64825987816		2.07372379303
1.65237998962		2.54564094543
1.65650486946		2.82980632782
1.66063594818		2.74354171753
1.66475486755		2.64712810516
1.66889190674		2.35788917542
1.67300486565		2.09402179718
1.67713785172		2.58623600006
1.68125987053		2.81965732574
1.68538284302		2.73846721649
1.68951892853		2.63190555573
1.69363498688		2.30207061768
1.69776678085		2.11939334869
1.70188593864		2.63698005676
1.70601081848		2.81458282471
1.71013784409		2.73339271545
1.71426177025		2.61160755157
1.71839284897		2.24117851257
1.72251391411		2.15491390228
1.72663784027		2.67757511139
1.7307639122		2.79936027527
1.73488783836		2.72831821442
1.7390229702		2.59638500214
1.7431409359		2.20058345795
1.74726986885		2.20565795898
1.75152182579		2.73339271545
1.75564479828		2.78921127319
1.75977778435		2.71309566498
1.7638938427		2.57608699799
1.76802682877		2.13461589813
1.77214384079		2.25132751465
1.77626991272		2.76383876801
1.78039693832		2.77398777008
1.78451991081		2.70802116394
1.78865599632		2.56593894958
1.79277181625		2.10924434662
1.79689788818		2.2919216156
1.80102586746		2.79428577423
1.80514883995		2.77398777008
1.80928277969		2.69787216187
1.81340098381		2.55071544647
1.81753587723		2.0838727951
1.82165193558		2.34774017334
1.82577586174		2.81965732574
1.82990384102		2.76383876801
1.83402776718		2.69279766083
1.83815479279		2.53549194336
1.84227991104		2.07372379303
1.8464038372		2.39848423004
1.85053181648		2.8399553299
1.85465598106		2.75876522064
1.8587808609		2.68264961243
1.86290693283		2.52026939392
1.86703181267		2.06357479095
1.87115883827		2.44415378571
1.87528896332		2.8399553299
1.87941098213		2.7536907196
1.88353490829		2.67250061035
1.88766694069		2.47459983826
1.89177894592		2.06357479095
1.89590287209		2.49997138977
1.9000389576		2.8399553299
1.90415883064		2.74354171753
1.90829277039		2.6522026062
1.91241884232		2.43400478363
1.91653990746		2.07879829407
1.92066597939		2.54564094543
1.92478680611		2.82980632782
1.92891383171		2.73846721649
1.93304085732		2.63698005676
1.93716692924		2.36296367645
1.94129085541		2.09909534454
1.94542479515		2.5913105011
1.94954895973		2.81965732574
1.95366692543		2.73339271545
1.9577999115		2.62683105469
1.96191978455		2.30207061768
1.96604299545		2.11939334869
1.97016978264		2.62683105469
1.97429299355		2.80950832367
1.97842788696		2.72324466705
1.98254680634		2.61160755157
1.98667287827		2.24117851257
1.99079799652		2.14983940125
1.99492192268		2.67757511139
1.99905776978		2.80443382263
2.00317978859		2.73339271545
2.0073018074		2.59638500214
2.01142477989		2.20058345795
2.01554989815		2.19043445587
2.01970982552		2.71817016602
2.02380084991		2.79428577423
2.02793288231		2.72324466705
2.03205084801		2.58116149902
2.03617882729		2.15491390228
2.04030394554		2.2310295105
2.04442977905		2.7536907196
2.04856085777		2.78413677216
2.05268192291		2.71309566498
2.05680584908		2.57101249695
2.0609369278		2.11939334869
2.06505894661		2.27162456512
2.06918978691		2.78413677216
2.07330989838		2.77906227112
2.07743382454		2.7029466629
2.08156394958		2.55578994751
2.08568382263		2.08894729614
2.08981800079		2.33251667023
2.09393596649		2.80950832367
2.09806680679		2.76891326904
2.10218977928		2.69279766083
2.10631489754		2.53549194336
2.1104388237		2.07372379303
2.11456489563		2.37818622589
2.11869597435		2.83488082886
2.12281489372		2.75876522064
2.12694096565		2.68772315979
2.13107395172		2.52026939392
2.13518977165		2.06864929199
2.13932394981		2.42893028259
2.14344096184		2.84502887726
2.14757394791		2.7536907196
2.1516919136		2.67250061035
2.15581798553		2.49489688873
2.15994596481		2.06357479095
2.1640689373		2.47459983826
2.16820192337		2.84502887726
2.17231988907		2.74861621857
2.17647099495		2.66235160828
2.18057489395		2.44922733307
2.18469786644		2.07879829407
2.18882989883		2.52534389496
2.19294977188		2.83488082886
2.1970717907		2.74354171753
2.20120191574		2.64712810516
2.20532488823		2.393409729
2.20945882797		2.09402179718
2.21357488632		2.57101249695
2.21771097183		2.82473182678
2.22182798386		2.73846721649
2.22595596313		2.63698005676
2.2300798893		2.32744312286
2.23420381546		2.10924434662
2.23833680153		2.61668205261
2.24245595932		2.80950832367
2.24657988548		2.72831821442
2.25070977211		2.61668205261
2.25483489037		2.26655006409
2.25896286964		2.14476490021
2.26308393478		2.65727710724
2.26721096039		2.80950832367
2.27133488655		2.72831821442
2.27546095848		2.60145950317
2.27958488464		2.21580600739
2.2837100029		2.1802854538
2.2878408432		2.69787216187
2.29196095467		2.79428577423
2.29608678818		2.71817016602
2.30021476746		2.58623600006
2.30433797836		2.17521095276
2.30847191811		2.21580600739
2.31259083748		2.73846721649
2.31671595573		2.78921127319
2.32084083557		2.71309566498
2.3249669075		2.57101249695
2.32909798622		2.13461589813
2.33321785927		2.26147556305
2.33734083176		2.77398777008
2.34159588814		2.77398777008
2.34572196007		2.69787216187
2.34985184669		2.55071544647
2.35396885872		2.08894729614
2.35810089111		2.32236862183
2.36221981049		2.80950832367
2.36634492874		2.76891326904
2.37047481537		2.69279766083
2.37459778786		2.5405664444
2.37873077393		2.07372379303
2.38284993172		2.36803817749
2.38697981834		2.83488082886
2.39110088348		2.76383876801
2.39522480965		2.68772315979
2.39935088158		2.51519489288
2.40347599983		2.05850028992
2.40760779381		2.42385578156
2.4117269516		2.84502887726
2.41585278511		2.75876522064
2.41997981071		2.67757511139
2.4241039753		2.49489688873
2.4282310009		2.06357479095
2.43235588074		2.47967433929
2.43648099899		2.84502887726
2.44060587883		2.7536907196
2.44473195076		2.66235160828
2.44886493683		2.44922733307
2.45298290253		2.06864929199
2.45710682869		2.52026939392
2.46124076843		2.83488082886
2.46535897255		2.74354171753
2.46949291229		2.64712810516
2.47361779213		2.38833522797
2.47774386406		2.08894729614
2.48186278343		2.57101249695
2.48598790169		2.82473182678
2.49011492729		2.74354171753
2.49423694611		2.63190555573
2.49837088585		2.33251667023
2.50248980522		2.10924434662
2.5066177845		2.61160755157
2.51074194908		2.81458282471
2.51487183571		2.73339271545
2.51899385452		2.61668205261
2.52311778069		2.26147556305
2.5272397995		2.13969039917
2.53136992455		2.65727710724
2.53549385071		2.80443382263
2.53965783119		2.72831821442
2.54374480247		2.60145950317
2.54787993431		2.21580600739
2.55199384689		2.1802854538
2.5561208725		2.69279766083
2.56024980545		2.79936027527
2.56437182426		2.72324466705
2.56850600243		2.58623600006
2.57262396812		2.1802854538
2.57674884796		2.22088050842
2.58087587357		2.73846721649
2.58499979973		2.78413677216
2.58913183212		2.71817016602
2.59325098991		2.57101249695
2.59737682343		2.12954235077
2.60151195526		2.25640106201
2.60562777519		2.76891326904
2.60976099968		2.77906227112
2.61387777328		2.69787216187
2.61801099777		2.55578994751
2.62212991714		2.10416984558
2.62625479698		2.30207061768
2.63038182259		2.79936027527
2.63450598717		2.76891326904
2.63863992691		2.69787216187
2.64276480675		2.54564094543
2.64688396454		2.0838727951
2.65101099014		2.35788917542
2.65513396263		2.82980632782
2.65925979614		2.76383876801
2.66338777542		2.68264961243
2.66751885414		2.52534389496
2.67163681984		2.06864929199
2.6757619381		2.40863323212
2.67988991737		2.8399553299
2.68401288986		2.7536907196
2.68814682961		2.67757511139
2.69226789474		2.50504589081
2.69638895988		2.06864929199
2.70051693916		2.45937633514
2.70464086533		2.8399553299
2.70877385139		2.74861621857
2.71289086342		2.66742610931
2.71701693535		2.46445083618
2.72114491463		2.06864929199
2.72526884079		2.51012039185
2.72939777374		2.8399553299
2.733522892		2.74354171753
2.73765587807		2.6522026062
2.74177098274		2.41878128052
2.74589586258		2.0838727951
2.75002288818		2.55578994751
2.75414681435		2.82980632782
2.75827884674		2.73846721649
2.76239800453		2.63698005676
2.76652288437		2.34774017334
2.77066993713		2.10416984558
2.77477478981		2.59638500214
2.77890777588		2.81965732574
2.78302598		2.73339271545
2.78715276718		2.62175655365
2.79127597809		2.2817735672
2.79540085793		2.11939334869
2.7995288372		2.6420545578
2.80365586281		2.80950832367
2.8077878952		2.73846721649
2.81190395355		2.61160755157
2.81603193283		2.23610401154
2.82015800476		2.15998840332
2.82427978516		2.68772315979
2.82841491699		2.79936027527
2.83253192902		2.72831821442
2.83665800095		2.5913105011
2.84078478813		2.18535995483
2.84490990639		2.19550895691
2.84904098511		2.71817016602
2.85316085815		2.78921127319
2.85728478432		2.71817016602
2.86154699326		2.57608699799
2.86566495895		2.13461589813
2.86979699135		2.25640106201
2.87391495705		2.76891326904
2.87804484367		2.77906227112
2.88216495514		2.70802116394
2.88629078865		2.56086444855
2.89041781425		2.09909534454
2.89454078674		2.30207061768
2.8986787796		2.79428577423
2.9027929306		2.77398777008
2.90691685677		2.7029466629
2.91104388237		2.54564094543
2.91516900063		2.07879829407
2.91929483414		2.35281467438
2.92341995239		2.82473182678
2.927546978		2.76383876801
2.9316740036		2.68772315979
2.93579792976		2.52534389496
2.93992590904		2.06864929199
2.94404983521		2.40355873108
2.94818091393		2.8399553299
2.95229887962		2.75876522064
2.95642280579		2.68264961243
2.96055078506		2.51519489288
2.96467590332		2.06357479095
2.96880078316		2.44922733307
2.97292494774		2.8399553299
2.97705197334		2.7536907196
2.9811809063		2.66742610931
2.98530387878		2.46445083618
2.98943686485		2.06864929199
2.99355578423		2.50504589081
2.99768590927		2.8399553299
3.00180888176		2.74354171753
3.00593090057		2.65727710724
3.0100569725		2.41878128052
3.01418089867		2.0838727951
3.01831579208		2.55071544647
3.02243280411		2.82473182678
3.02656388283		2.74354171753
3.03068399429		2.63698005676
3.03480887413		2.35281467438
3.03894090652		2.10416984558
3.04306197166		2.59638500214
3.04718494415		2.81965732574
3.05131387711		2.73339271545
3.05548286438		2.62175655365
3.05956697464		2.28684806824
3.06369185448		2.12446784973
3.06782579422		2.63698005676
3.07193899155		2.80950832367
3.07606887817		2.72831821442
3.08019280434		2.61160755157
3.08431792259		2.24117851257
3.08844780922		2.16506290436
3.09256696701		2.68264961243
3.09669399261		2.79936027527
3.10081982613		2.72324466705
3.10494399071		2.5913105011
3.10907578468		2.19043445587
3.11319494247		2.20058345795
3.11732292175		2.72831821442
3.12144899368		2.78921127319
3.1255698204		2.71817016602
3.12978482246		2.57608699799
3.13394999504		2.12954235077
3.13808083534		2.25640106201
3.14220190048		2.76891326904
3.1463239193		2.77906227112
3.1504509449		2.70802116394
3.15459394455		2.56086444855
3.15871095657		2.09909534454
3.1628279686		2.29699611664
3.16695189476		2.79936027527
3.17107987404		2.77398777008
3.17520284653		2.70802116394
3.17932987213		2.54564094543
3.18345594406		2.07879829407
3.18758893013		2.35281467438
3.19170594215		2.81965732574
3.19583177567		2.76891326904
3.19995880127		2.69787216187
3.20408391953		2.53041744232
3.20820689201		2.05850028992
3.21233391762		2.39848423004
3.21645998955		2.83488082886
3.22058677673		2.75876522064
3.22470998764		2.68772315979
3.22884082794		2.51519489288
3.23296189308		2.05850028992
3.23708891869		2.44922733307
3.24121785164		2.8399553299
3.24533891678		2.7536907196
3.24947190285		2.66742610931
3.25358891487		2.46952533722
3.2577188015		2.06357479095
3.26184082031		2.49997138977
3.26596689224		2.8399553299
3.27009391785		2.74861621857
3.27421879768		2.65727710724
3.27834796906		2.41878128052
3.28247284889		2.07879829407
3.28659081459		2.55071544647
3.29071998596		2.82980632782
3.29484391212		2.74354171753
3.29897689819		2.6420545578
3.30309677124		2.35281467438
3.3072218895		2.09909534454
3.31134676933		2.5913105011
3.31547284126		2.81965732574
3.3196349144		2.73846721649
3.32372283936		2.62683105469
3.3278567791		2.2919216156
3.33197498322		2.12446784973
3.33610081673		2.63698005676
3.34022688866		2.80443382263
3.34434986115		2.73339271545
3.34848284721		2.61160755157
3.35259985924		2.23610401154
3.35672688484		2.15998840332
3.36085295677		2.68264961243
3.36497783661		2.79936027527
3.36910486221		2.72831821442
3.3732278347		2.59638500214
3.37735581398		2.18535995483
3.38160896301		2.21580600739
3.38573479652		2.73339271545
3.38986682892		2.78413677216
3.39398193359		2.71817016602
3.39811491966		2.57101249695
3.40223479271		2.13969039917
3.40635895729		2.25132751465
3.41049098969		2.76383876801
3.41460895538		2.77906227112
3.41874694824		2.70802116394
3.42286086082		2.56086444855
3.42698693275		2.10416984558
3.43111491203		2.30207061768
3.4352388382		2.79428577423
3.43936395645		2.76891326904
3.44348788261		2.7029466629
3.44761586189		2.55071544647
3.4517428875		2.0838727951
3.45586585999		2.35281467438
3.45999693871		2.81965732574
3.46411681175		2.76383876801
3.46824884415		2.68772315979
3.47236895561		2.53041744232
3.47649383545		2.06864929199
3.48062086105		2.40355873108
3.48474693298		2.8399553299
3.48887681961		2.75876522064
3.4929959774		2.68264961243
3.49712085724		2.51519489288
3.50124883652		2.06357479095
3.50537180901		2.45430183411
3.50950598717		2.8399553299
3.51363182068		2.74861621857
3.51775097847		2.67250061035
3.52187681198		2.46445083618
3.52600097656		2.06357479095
3.53012895584		2.49997138977
3.53425097466		2.8399553299
3.53838896751		2.7536907196
3.5425028801		2.66235160828
3.54662895203		2.42893028259
3.55075478554		2.07879829407
3.55487895012		2.54564094543
3.55901193619		2.82980632782
3.56312990189		2.74354171753
3.56725478172		2.6420545578
3.5715098381		2.32744312286
3.57563400269		2.10416984558
3.57976484299		2.60653305054
3.58388090134		2.81965732574
3.58801484108		2.74354171753
3.59213280678		2.62175655365
3.59625792503		2.27162456512
3.60038590431		2.13461589813
3.60450983047		2.6522026062
3.60863494873		2.80950832367
3.6127808094		2.73846721649
3.61688780785		2.60653305054
3.62101578712		2.22088050842
3.62513899803		2.16506290436
3.62926888466		2.68772315979
3.63339090347		2.79936027527
3.63752198219		2.73339271545
3.64164876938		2.59638500214
3.64576482773		2.1802854538
3.6498978138		2.20565795898
3.6540157795		2.73339271545
3.6581428051		2.78921127319
3.66226887703		2.72324466705
3.66639900208		2.57608699799
3.67052078247		2.13461589813
3.67464494705		2.25132751465
3.67877483368		2.76383876801
3.68289685249		2.77906227112
3.68702077866		2.71309566498
3.69114995003		2.56593894958
3.69527292252		2.10416984558
3.69940590858		2.30207061768
3.70352292061		2.79428577423
3.70765590668		2.76891326904
3.7117729187		2.7029466629
3.71590185165		2.55071544647
3.72002696991		2.07879829407
3.72415280342		2.34774017334
3.728276968		2.81965732574
3.73240184784		2.76383876801
3.73652887344		2.69279766083
3.74065494537		2.53041744232
3.74477887154		2.07372379303
3.7489118576		2.39848423004
3.75303196907		2.83488082886
3.75715684891		2.75876522064
3.76128196716		2.68264961243
3.76540780067		2.51519489288
3.76953577995		2.06357479095
3.77365589142		2.44415378571
3.77778983116		2.8399553299
3.78190684319		2.7536907196
3.78603386879		2.66742610931
3.79016089439		2.46952533722
3.79428887367		2.06357479095
3.79841899872		2.50504589081
3.80253791809		2.8399553299
3.8066599369		2.74861621857
3.81078982353		2.65727710724
3.81491398811		2.42893028259
3.81904482841		2.0838727951
3.82316398621		2.55071544647
3.82729196548		2.82473182678
3.83154678345		2.73846721649
3.83566594124		2.63698005676
3.83979988098		2.33759117126
3.84391784668		2.10924434662
3.84804177284		2.60145950317
3.85216593742		2.81458282471
3.8562939167		2.73339271545
3.86042380333		2.62175655365
3.86454582214		2.27669906616
3.86867880821		2.12954235077
3.87279582024		2.6522026062
3.87691998482		2.80950832367
3.88104891777		2.72831821442
3.88517189026		2.60653305054
3.88929891586		2.22595500946
3.89342498779		2.17521095276
3.89755678177		2.68772315979
3.90167379379		2.79428577423
3.9058008194		2.72831821442
3.909927845		2.5913105011
3.91405177116		2.17521095276
3.91818499565		2.20565795898
3.92230582237		2.73339271545
3.92642879486		2.79428577423
3.93055987358		2.72831821442
3.93467879295		2.58116149902
3.93881297112		2.13969039917
3.94293189049		2.25132751465
3.94705486298		2.75876522064
3.95118188858		2.77906227112
3.95530581474		2.71309566498
3.95943498611		2.56086444855
3.96355700493		2.09909534454
3.96768283844		2.28684806824
3.97180891037		2.78921127319
3.9759349823		2.77906227112
3.98005986214		2.70802116394
3.98418593407		2.55071544647
3.98831582069		2.0838727951
3.99243593216		2.3426656723
3.996560812		2.81965732574
4.00068879128		2.76891326904
4.00481295586		2.69787216187
4.00893998146		2.53041744232
4.01306295395		2.06864929199
4.01718997955		2.39848423004
4.02131581306		2.8399553299
4.02544093132		2.76383876801
4.02957296371		2.68772315979
4.03369379044		2.51519489288
4.03782486916		2.05850028992
4.0419459343		2.44415378571
4.04606699944		2.8399553299
4.05020284653		2.7536907196
4.05431985855		2.67250061035
4.05844688416		2.46952533722
4.06257081032		2.06357479095
4.06669688225		2.49997138977
4.07082295418		2.8399553299
4.07494592667		2.74861621857
4.07907986641		2.66235160828
4.08319878578		2.42385578156
4.0873208046		2.0838727951
4.09159684181		2.56593894958
4.09570097923		2.82473182678
4.09983277321		2.74354171753
4.10395097733		2.6420545578
4.10808181763		2.33759117126
4.11220192909		2.09402179718
4.11632680893		2.59638500214
4.12045478821		2.81965732574
4.12457895279		2.74354171753
4.1287047863		2.62683105469
4.13283085823		2.2817735672
4.13695383072		2.12446784973
4.14108181		2.64712810516
4.14520478249		2.80950832367
4.14933991432		2.73846721649
4.15345597267		2.61160755157
4.15758895874		2.22088050842
4.16171193123		2.15491390228
4.16583490372		2.68264961243
4.16996598244		2.79936027527
4.17408394814		2.73339271545
4.17821788788		2.60145950317
4.18233680725		2.1802854538
4.18646192551		2.20565795898
4.19058799744		2.72324466705
4.19471478462		2.78921127319
4.19884586334		2.72831821442
4.20296478271		2.57608699799
4.20708799362		2.14476490021
4.21121478081		2.24625301361
4.21534085274		2.76383876801
4.21947193146		2.78413677216
4.2235918045		2.71309566498
4.22772598267		2.56086444855
4.23184490204		2.10416984558
4.2359688282		2.2919216156
4.24009585381		2.78921127319
4.24421882629		2.76891326904
4.24834680557		2.7029466629
4.25246882439		2.54564094543
4.25659584999		2.06864929199
4.26072788239		2.3426656723
4.26484799385		2.82473182678
4.26897382736		2.77398777008
4.27309799194		2.7029466629
4.27722287178		2.53041744232
4.28134989738		2.06357479095
4.28547382355		2.38833522797
4.28963780403		2.8399553299
4.29372382164		2.76891326904
4.29786086082		2.69279766083
4.30197691917		2.51519489288
4.30610895157		2.05850028992
4.31022882462		2.43907928467
4.31435394287		2.83488082886
4.31848692894		2.7536907196
4.32260489464		2.67757511139
4.3267288208		2.47459983826
4.33085799217		2.05342674255
4.33497977257		2.4898223877
4.3391149044		2.8399553299
4.34323096275		2.75876522064
4.34735798836		2.66235160828
4.35161185265		2.41878128052
4.35573577881		2.07879829407
4.35986685753		2.55578994751
4.36398696899		2.82980632782
4.36811184883		2.7536907196
4.37223577499		2.6522026062
4.37636399269		2.3426656723
4.38049077988		2.09402179718
4.38461399078		2.5913105011
4.38874578476		2.81965732574
4.39286494255		2.74354171753
4.39698982239		2.62683105469
4.40111684799		2.27669906616
4.40523886681		2.12446784973
4.40936779976		2.64712810516
4.41349291801		2.80950832367
4.41762495041		2.74354171753
4.42174196243		2.60653305054
4.42587280273		2.2310295105
4.42999482155		2.16506290436
4.43412399292		2.68264961243
4.43825387955		2.79936027527
4.4423699379		2.73339271545
4.44649481773		2.59638500214
4.45062279701		2.1802854538
4.45475196838		2.20058345795
4.4588727951		2.72324466705
4.46299982071		2.78921127319
4.46712398529		2.72831821442
4.47125387192		2.58116149902
4.47537398338		2.14983940125
4.47950196266		2.24625301361
4.48362493515		2.75876522064
4.48775076866		2.77906227112
4.49187684059		2.71817016602
4.49600195885		2.56593894958
4.50012993813		2.09402179718
4.50425291061		2.2817735672
4.50838589668		2.78921127319
4.51250386238		2.77906227112
4.51663088799		2.71309566498
4.5207657814		2.55071544647
4.52488279343		2.08894729614
4.52900695801		2.33759117126
4.53313183784		2.81965732574
4.53725790977		2.76383876801
4.5415148735		2.69279766083
4.54563379288		2.52534389496
4.54976677895		2.05850028992
4.55388998985		2.40863323212
4.55801892281		2.8399553299
4.56214284897		2.75876522064
4.56626296043		2.68264961243
4.57038879395		2.50504589081
4.5745139122		2.05850028992
4.57864499092		2.45937633514
4.58276581764		2.8399553299
4.58688998222		2.7536907196
4.59101676941		2.67250061035
4.59513998032		2.45937633514
4.59927392006		2.06357479095
4.60339379311		2.50504589081
4.60752391815		2.8399553299
4.61164498329		2.74861621857
4.61576795578		2.66235160828
4.61990094185		2.40863323212
4.62401795387		2.07879829407
4.62816691399		2.56086444855
4.63227081299		2.82473182678
4.63639593124		2.74354171753
4.64052200317		2.6420545578
4.64464783669		2.34774017334
4.64877295494		2.10924434662
4.65289783478		2.60145950317
4.65702295303		2.81458282471
4.66115999222		2.73846721649
4.66527485847		2.62175655365
4.66940784454		2.27669906616
4.67352485657		2.11939334869
4.67765283585		2.64712810516
4.68178677559		2.81458282471
4.68590283394		2.74354171753
4.69003582001		2.61160755157
4.6941549778		2.22595500946
4.69828677177		2.15998840332
4.70240592957		2.68264961243
4.7065320015		2.79936027527
4.71065783501		2.73846721649
4.71478295326		2.5913105011
4.71891379356		2.1701374054
4.72303199768		2.20058345795
4.72715878487		2.72324466705
4.73128390312		2.78921127319
4.73540878296		2.72324466705
4.73953986168		2.58116149902
4.74365997314		2.13461589813
4.74779295921		2.24117851257
4.75191378593		2.75876522064
4.75603890419		2.78413677216
4.76016378403		2.72831821442
4.76428890228		2.56593894958
4.76841378212		2.10416984558
4.77253985405		2.28684806824
4.77666497231		2.78413677216
4.78079485893		2.77398777008
4.7849149704		2.70802116394
4.78904891014		2.54564094543
4.79316878319		2.07372379303
4.79729390144		2.34774017334
4.80154800415		2.81965732574
4.80566978455		2.76891326904
4.80981087685		2.69787216187
4.81391978264		2.53041744232
4.81806087494		2.06357479095
4.8221719265		2.40863323212
4.82629799843		2.8399553299
4.83042192459		2.76383876801
4.83454680443		2.68772315979
4.8386797905		2.51012039185
4.84279894829		2.05850028992
4.84692287445		2.45430183411
4.85105085373		2.83488082886
4.85517477989		2.7536907196
4.85930299759		2.66742610931
4.86342787743		2.45937633514
4.86756086349		2.05850028992
4.87167787552		2.49997138977
4.87580299377		2.83488082886
4.87992978096		2.7536907196
4.88405394554		2.66235160828
4.88817882538		2.41370677948
4.89230489731		2.0838727951
4.89642977715		2.55578994751
4.90055799484		2.82980632782
4.90468192101		2.74861621857
4.90881490707		2.6420545578
4.9129319191		2.34774017334
4.91705799103		2.10416984558
4.92118787766		2.59638500214
4.92530989647		2.81965732574
4.92943692207		2.73846721649
4.93356180191		2.62683105469
4.93769478798		2.2817735672
4.94181394577		2.12446784973
4.94594597816		2.6420545578
4.95006394386		2.80950832367
4.9541888237		2.73846721649
4.95832180977		2.60653305054
4.96243882179		2.23610401154
4.96656394005		2.16506290436
4.970692873		2.68772315979
4.97481584549		2.79936027527
4.97894883156		2.72831821442
4.98306894302		2.59638500214
4.98719286919		2.19043445587
4.99131679535		2.20565795898
4.99544382095		2.71817016602
4.99957299232		2.78921127319
