0.00012993812561		2.26147556305
0.00372385978699		2.45937633514
0.00749182701111		2.81965732574
0.0112218856812		2.67757511139
0.0148458480835		2.50504589081
0.0184738636017		2.2817735672
0.0220959186554		2.40355873108
0.0257208347321		2.78413677216
0.0293469429016		2.72324466705
0.0329759120941		2.53041744232
0.0365989208221		2.32744312286
0.040225982666		2.33251667023
0.0438458919525		2.71817016602
0.0474789142609		2.7536907196
0.0511009693146		2.56593894958
0.0547227859497		2.36803817749
0.0583608150482		2.2919216156
0.0619788169861		2.6420545578
0.0655989646912		2.78921127319
0.0692269802094		2.5913105011
0.0728847980499		2.43400478363
0.0766079425812		2.27162456512
0.080237865448		2.57101249695
0.0838589668274		2.81458282471
0.0874888896942		2.63190555573
0.0911109447479		2.47459983826
0.0947368144989		2.26147556305
0.0983629226685		2.4898223877
0.101986885071		2.81965732574
0.10561299324		2.67250061035
0.109236001968		2.50504589081
0.112863779068		2.27669906616
0.116494894028		2.40863323212
0.120112895966		2.78921127319
0.123737812042		2.71309566498
0.127367973328		2.53041744232
0.130993843079		2.31729412079
0.134616851807		2.3426656723
0.138242959976		2.72831821442
0.141866922379		2.75876522064
0.14549779892		2.56086444855
0.149118900299		2.36296367645
0.152747869492		2.2919216156
0.15637588501		2.64712810516
0.159996986389		2.78413677216
0.163619995117		2.5913105011
0.167245864868		2.43400478363
0.170871973038		2.27162456512
0.174496889114		2.56086444855
0.178122997284		2.81458282471
0.181746959686		2.63190555573
0.185380935669		2.47967433929
0.188998937607		2.26655006409
0.192624807358		2.47967433929
0.196255922318		2.81965732574
0.19987487793		2.67757511139
0.203498840332		2.50504589081
0.207125902176		2.28684806824
0.210749864578		2.40355873108
0.214379787445		2.78413677216
0.218002796173		2.71817016602
0.221627950668		2.53041744232
0.225260972977		2.32744312286
0.228879928589		2.33759117126
0.23251080513		2.71817016602
0.236137866974		2.75876522064
0.239753961563		2.56086444855
0.243380784988		2.37311172485
0.247012853622		2.2919216156
0.25063085556		2.63698005676
0.254256010056		2.78921127319
0.257881879807		2.59638500214
0.261506795883		2.43907928467
0.265144824982		2.26655006409
0.268758773804		2.55578994751
0.272382974625		2.81965732574
0.27601480484		2.63698005676
0.279635906219		2.4898223877
0.28326177597		2.27162456512
0.286893844604		2.46952533722
0.290510892868		2.81458282471
0.294135808945		2.67757511139
0.297771930695		2.51012039185
0.301388978958		2.28684806824
0.30501294136		2.40355873108
0.308767795563		2.78413677216
0.312391996384		2.71817016602
0.316023826599		2.53041744232
0.319640874863		2.32236862183
0.323268890381		2.3426656723
0.326900959015		2.72324466705
0.330518007278		2.75876522064
0.334141969681		2.56086444855
0.337768793106		2.36803817749
0.341393947601		2.29699611664
0.345016956329		2.64712810516
0.348769903183		2.77906227112
0.352395772934		2.5913105011
0.356019973755		2.42385578156
0.35964679718		2.27162456512
0.363270998001		2.57101249695
0.366905927658		2.80950832367
0.370520830154		2.62683105469
0.37414598465		2.47967433929
0.377774953842		2.26147556305
0.381399869919		2.4898223877
0.385024785995		2.82473182678
0.388780832291		2.66742610931
0.39240193367		2.49997138977
0.396032810211		2.27669906616
0.399650812149		2.41878128052
0.403274774551		2.79428577423
0.406910896301		2.70802116394
0.410533905029		2.52534389496
0.414152860641		2.31221961975
0.417778968811		2.34774017334
0.421400785446		2.73846721649
0.42502784729		2.74354171753
0.428778886795		2.54564094543
0.432404994965		2.35281467438
0.436035871506		2.30207061768
0.439654827118		2.67250061035
0.443280935287		2.77398777008
0.446926832199		2.58116149902
0.450534820557		2.40863323212
0.45415687561		2.27669906616
0.457786798477		2.5913105011
0.461408853531		2.80443382263
0.465036869049		2.61160755157
0.468791007996		2.45937633514
0.472413778305		2.26147556305
0.476044893265		2.52534389496
0.479661941528		2.81965732574
0.483286857605		2.65727710724
0.486919879913		2.49489688873
0.490535974503		2.26655006409
0.494161844254		2.43400478363
0.497789859772		2.80443382263
0.501413822174		2.69787216187
0.505039930344		2.51519489288
0.508791923523		2.2919216156
0.5124168396		2.37311172485
0.516047954559		2.76383876801
0.51966881752		2.73339271545
0.523296833038		2.5405664444
0.526924848557		2.33759117126
0.53054189682		2.31221961975
0.534168958664		2.68772315979
0.537795782089		2.76891326904
0.541436910629		2.57101249695
0.545044898987		2.38833522797
0.548796892166		2.28684806824
0.552423000336		2.62683105469
0.556055784225		2.79428577423
0.55967092514		2.60653305054
0.563297986984		2.44922733307
0.566928863525		2.26147556305
0.570547819138		2.5405664444
0.574172973633		2.81965732574
0.5778028965		2.64712810516
0.581424951553		2.49489688873
0.585050821304		2.26655006409
0.588806867599		2.46952533722
0.592428922653		2.81965732574
0.596061944962		2.68264961243
0.599677801132		2.51012039185
0.603302955627		2.28684806824
0.606929779053		2.393409729
0.610552787781		2.77906227112
0.614179849625		2.72324466705
0.617805957794		2.53549194336
0.621429920197		2.32744312286
0.625055789948		2.32744312286
0.62880897522		2.72324466705
0.632435798645		2.7536907196
0.636072874069		2.55578994751
0.639680862427		2.36296367645
0.643307924271		2.28684806824
0.646941900253		2.64712810516
0.650558948517		2.78921127319
0.654183864594		2.5913105011
0.657812833786		2.42893028259
0.661435842514		2.26147556305
0.665062904358		2.57101249695
0.668814897537		2.80950832367
0.672437906265		2.62683105469
0.676069974899		2.47459983826
0.679688930511		2.26147556305
0.68331193924		2.4898223877
0.686944007874		2.81965732574
0.69056391716		2.67250061035
0.694188833237		2.49997138977
0.697818994522		2.27669906616
0.701438903809		2.40863323212
0.705063819885		2.79428577423
0.708818912506		2.71309566498
0.712443828583		2.52534389496
0.716073989868		2.30714511871
0.719693899155		2.35281467438
0.723316907883		2.74354171753
0.726948976517		2.74861621857
0.730569839478		2.55578994751
0.734200954437		2.35281467438
0.737821817398		2.29699611664
0.741444826126		2.66235160828
0.74507188797		2.77906227112
0.748840808868		2.58116149902
0.752448797226		2.40355873108
0.756081819534		2.27669906616
0.759698867798		2.5913105011
0.763324975967		2.80443382263
0.766955852509		2.61668205261
0.770572900772		2.45937633514
0.77420091629		2.26147556305
0.777826786041		2.51012039185
0.781451940536		2.81965732574
0.785154819489		2.65727710724
0.788836956024		2.49997138977
0.792454004288		2.27162456512
0.796086788177		2.44415378571
0.799703836441		2.80950832367
0.803328990936		2.69787216187
0.806959867477		2.51519489288
0.810580968857		2.29699611664
0.814205884933		2.36803817749
0.81783080101		2.7536907196
0.821455955505		2.74354171753
0.825116872787		2.54564094543
0.828832864761		2.33759117126
0.832457780838		2.32236862183
0.836090803146		2.69279766083
0.839710950851		2.76891326904
0.843333959579		2.57101249695
0.846964836121		2.38833522797
0.850591897964		2.27669906616
0.854209899902		2.61160755157
0.857845783234		2.79428577423
0.861469984055		2.60653305054
0.865132808685		2.44922733307
0.868839979172		2.25640106201
0.872464895248		2.54564094543
0.876096010208		2.82473182678
0.87971496582		2.6420545578
0.883339881897		2.49489688873
0.88697385788		2.26655006409
0.890590906143		2.45430183411
0.89421582222		2.81458282471
0.897843837738		2.68772315979
0.901466846466		2.51519489288
0.90510392189		2.28684806824
0.908717870712		2.37818622589
0.912342786789		2.76383876801
0.91597700119		2.72831821442
0.919596910477		2.5405664444
0.923221826553		2.33251667023
0.926888942719		2.32236862183
0.930595874786		2.71309566498
0.93422293663		2.75876522064
0.937848806381		2.56593894958
0.941473960876		2.37311172485
0.945107936859		2.28684806824
0.948722839355		2.63190555573
0.952348947525		2.78921127319
0.955981969833		2.60145950317
0.95960187912		2.43907928467
0.963227987289		2.26147556305
0.966940879822		2.56086444855
0.970602989197		2.81965732574
0.974231958389		2.63698005676
0.977853775024		2.47967433929
0.98160982132		2.25640106201
0.985230922699		2.4898223877
0.98885679245		2.81965732574
0.992478847504		2.67250061035
0.996113777161		2.49997138977
0.99972987175		2.27669906616
1.00335597992		2.41370677948
1.00698781013		2.78921127319
1.01060795784		2.71309566498
1.01423287392		2.52534389496
1.01785898209		2.31221961975
1.02148389816		2.3426656723
1.0251159668		2.73339271545
1.02873492241		2.7536907196
1.03236079216		2.55578994751
1.03599381447		2.35788917542
1.03961086273		2.2919216156
1.04323792458		2.6522026062
1.04690599442		2.78413677216
1.05061292648		2.58116149902
1.05423879623		2.41370677948
1.05786681175		2.27162456512
1.06149077415		2.57608699799
1.06512188911		2.80443382263
1.06874084473		2.62683105469
1.07236480713		2.46445083618
1.0759999752		2.26147556305
1.07961678505		2.49489688873
1.08324193954		2.81965732574
1.08695983887		2.66235160828
1.0906188488		2.49997138977
1.09424495697		2.27162456512
1.09787082672		2.42893028259
1.10149383545		2.79936027527
1.10511994362		2.7029466629
1.10874581337		2.52026939392
1.1123688221		2.30207061768
1.11600399017		2.35788917542
1.11962199211		2.74354171753
1.12324595451		2.74354171753
1.1269299984		2.54564094543
1.13062286377		2.33759117126
1.13424777985		2.30714511871
1.13787579536		2.68264961243
1.14150094986		2.77398777008
1.14513278008		2.57608699799
1.14874982834		2.39848423004
1.15237784386		2.27669906616
1.15600895882		2.60145950317
1.1596288681		2.79936027527
1.16325092316		2.61160755157
1.16696381569		2.45430183411
1.17062783241		2.26147556305
1.17425298691		2.53041744232
1.1778819561		2.81965732574
1.18150496483		2.6522026062
1.18513083458		2.49489688873
1.18875694275		2.26655006409
1.19238185883		2.44415378571
1.19601392746		2.80950832367
1.19963788986		2.69787216187
1.20325899124		2.51519489288
1.20692586899		2.2919216156
1.21063280106		2.38326072693
1.2142598629		2.76891326904
1.21788597107		2.72831821442
1.22151279449		2.53549194336
1.22514295578		2.32744312286
1.22876191139		2.32236862183
1.23238778114		2.7029466629
1.2360188961		2.76383876801
1.23963785172		2.57101249695
1.24326300621		2.38326072693
1.2468957901		2.2817735672
1.25051188469		2.61668205261
1.25413680077		2.79428577423
1.25776600838		2.60653305054
1.26139092445		2.44922733307
1.26501488686		2.26147556305
1.26877188683		2.55071544647
1.27239179611		2.81965732574
1.27602481842		2.6420545578
1.27964091301		2.4898223877
1.28326797485		2.26147556305
1.28690290451		2.46952533722
1.29052090645		2.81965732574
1.29414391518		2.68264961243
1.29777383804		2.51012039185
1.3013958931		2.28684806824
1.30502080917		2.393409729
1.30877184868		2.78413677216
1.31240487099		2.71817016602
1.31602978706		2.53549194336
1.319647789		2.32236862183
1.32327389717		2.33759117126
1.32690691948		2.71817016602
1.33052492142		2.75876522064
1.33414983749		2.56086444855
1.33777880669		2.36803817749
1.34140181541		2.2919216156
1.34502792358		2.6420545578
1.34877800941		2.77906227112
1.35240292549		2.5913105011
1.35602784157		2.42385578156
1.35965299606		2.26655006409
1.36327791214		2.56593894958
1.36691188812		2.80950832367
1.3705329895		2.63190555573
1.37415480614		2.47967433929
1.37778091431		2.26147556305
1.38140678406		2.4898223877
1.38503289223		2.81965732574
1.38878488541		2.66742610931
1.39240789413		2.49997138977
1.39604282379		2.27669906616
1.39965987206		2.42385578156
1.40328383446		2.79428577423
1.40691900253		2.7029466629
1.4105348587		2.52534389496
1.41416096687		2.31221961975
1.41778898239		2.34774017334
1.42141199112		2.73339271545
1.42504191399		2.74861621857
1.4287879467		2.55071544647
1.43241381645		2.34774017334
1.43604493141		2.30207061768
1.43966197968		2.67250061035
1.44328999519		2.77398777008
1.44702196121		2.57608699799
1.4506688118		2.39848423004
1.45429086685		2.27669906616
1.45791697502		2.60145950317
1.46154093742		2.79428577423
1.46517395973		2.61160755157
1.46879482269		2.45937633514
1.47241783142		2.25640106201
1.47605800629		2.52026939392
1.47967100143		2.81965732574
1.48329782486		2.65727710724
1.48692798615		2.49997138977
1.49054598808		2.27162456512
1.49416899681		2.43400478363
1.497797966		2.80443382263
1.50142288208		2.69787216187
1.50504779816		2.51519489288
1.50880289078		2.2919216156
1.51242399216		2.37311172485
1.51605677605		2.76383876801
1.51967477798		2.73339271545
1.52329993248		2.5405664444
1.52693200111		2.33759117126
1.53055000305		2.31221961975
1.53417682648		2.69279766083
1.53780984879		2.76891326904
1.54142785072		2.57101249695
1.54505300522		2.38833522797
1.54880595207		2.2817735672
1.55242681503		2.62175655365
1.55606198311		2.79428577423
1.5596818924		2.60145950317
1.56330490112		2.44922733307
1.56693887711		2.25640106201
1.57055497169		2.5405664444
1.57418394089		2.81965732574
1.57781100273		2.64712810516
1.58143281937		2.49489688873
1.58505797386		2.26147556305
1.58881688118		2.47459983826
1.59243392944		2.81458282471
1.59607100487		2.68264961243
1.59968781471		2.51012039185
1.60331082344		2.27669906616
1.60693979263		2.38326072693
1.61056089401		2.77398777008
1.61418795586		2.72831821442
1.61781477928		2.5405664444
1.62143778801		2.32744312286
1.62506484985		2.32744312286
1.62881493568		2.71817016602
1.63243889809		2.75876522064
1.63607096672		2.56593894958
1.63969087601		2.36803817749
1.64331483841		2.28684806824
1.64694786072		2.6420545578
1.65057086945		2.78413677216
1.65419197083		2.60145950317
1.65781879425		2.43400478363
1.66144299507		2.25640106201
1.66506886482		2.56593894958
1.66882181168		2.81458282471
1.67244386673		2.63698005676
1.67608189583		2.47967433929
1.67969679832		2.26147556305
1.68332982063		2.48474884033
1.68695378304		2.81965732574
1.69057178497		2.67757511139
1.69419598579		2.51012039185
1.69782400131		2.27669906616
1.70144796371		2.40355873108
1.70507287979		2.78921127319
1.70882582664		2.71309566498
1.71245098114		2.52534389496
1.71608495712		2.30714511871
1.71970295906		2.3426656723
1.72332596779		2.73339271545
1.726957798		2.74861621857
1.73057579994		2.56086444855
1.73420381546		2.35281467438
1.73782992363		2.2919216156
1.74145197868		2.65727710724
1.74511384964		2.77906227112
1.74883294106		2.58116149902
1.75245690346		2.40863323212
1.75608682632		2.26655006409
1.75970578194		2.58623600006
1.7633368969		2.80443382263
1.76696300507		2.62175655365
1.77058291435		2.46952533722
1.7742099762		2.25640106201
1.77783799171		2.49997138977
1.78145980835		2.81965732574
1.78511285782		2.66235160828
1.78883695602		2.49997138977
1.79245996475		2.26655006409
1.79608678818		2.43400478363
1.799710989		2.80443382263
1.8033349514		2.69787216187
1.80696988106		2.52026939392
1.81058883667		2.29699611664
1.8142118454		2.35788917542
1.8178358078		2.74861621857
1.82145595551		2.74354171753
1.82514691353		2.54564094543
1.82884192467		2.33759117126
1.8324649334		2.31221961975
1.8360979557		2.68772315979
1.83971381187		2.76891326904
1.84334087372		2.57608699799
1.84697389603		2.38833522797
1.85059380531		2.27162456512
1.85421681404		2.60653305054
1.85785079002		2.79936027527
1.86146998405		2.61668205261
1.86510396004		2.45430183411
1.86871886253		2.25640106201
1.8723449707		2.52534389496
1.87598395348		2.82473182678
1.87959599495		2.66235160828
1.88321995735		2.49997138977
1.88688492775		2.26147556305
1.89059686661		2.44922733307
1.89422082901		2.80950832367
1.8978509903		2.69279766083
1.90147280693		2.51519489288
1.90510678291		2.28684806824
1.90872478485		2.37311172485
1.91234779358		2.76383876801
1.91600990295		2.73339271545
1.9197268486		2.53549194336
1.9233520031		2.32744312286
1.92698383331		2.32236862183
1.93060088158		2.70802116394
1.93422698975		2.76383876801
1.93785500526		2.57101249695
1.94147992134		2.37311172485
1.94510984421		2.27669906616
1.94872999191		2.62683105469
1.95235395432		2.79428577423
1.9559879303		2.60653305054
1.95960593224		2.44415378571
1.96323084831		2.25640106201
1.96694493294		2.55071544647
1.97060894966		2.81458282471
1.97423195839		2.6420545578
1.97785997391		2.4898223877
1.98148393631		2.25640106201
1.98511195183		2.46952533722
1.98874187469		2.81458282471
1.99235892296		2.68264961243
1.99599289894		2.51519489288
1.99961185455		2.27669906616
2.00323700905		2.38326072693
2.00690078735		2.78413677216
2.01061296463		2.72324466705
2.01423883438		2.53041744232
2.01786494255		2.31221961975
2.02148795128		2.33251667023
2.02512097359		2.72324466705
2.02874088287		2.75876522064
2.03236699104		2.56086444855
2.03599977493		2.35788917542
2.0396168232		2.2817735672
2.04323983192		2.64712810516
2.04690480232		2.77906227112
2.05061793327		2.5913105011
2.05424189568		2.41878128052
2.05787086487		2.26147556305
2.06149291992		2.56593894958
2.06512784958		2.80950832367
2.06874489784		2.63190555573
2.07237100601		2.47459983826
2.0760037899		2.25640106201
2.07962083817		2.4898223877
2.08324694633		2.81965732574
2.08696985245		2.66742610931
2.09062600136		2.50504589081
2.09424996376		2.26655006409
2.09787583351		2.42385578156
2.10150384903		2.79936027527
2.10512590408		2.70802116394
2.1087539196		2.52534389496
2.11237478256		2.29699611664
2.11600780487		2.34774017334
2.11962580681		2.73846721649
2.1232509613		2.74354171753
2.12691187859		2.55578994751
2.13062596321		2.33759117126
2.13425278664		2.30207061768
2.13788080215		2.68264961243
2.14150500298		2.77398777008
2.14513587952		2.58116149902
2.14875483513		2.40355873108
2.1523809433		2.26655006409
2.15601396561		2.5913105011
2.15963077545		2.80443382263
2.16325879097		2.62175655365
2.16696190834		2.45430183411
2.17063498497		2.25132751465
2.17425894737		2.52026939392
2.17788982391		2.82473182678
2.18150877953		2.65727710724
2.18513679504		2.49997138977
2.18876290321		2.25640106201
2.19238686562		2.43907928467
2.19601678848		2.80950832367
2.19963884354		2.69787216187
2.20326280594		2.51519489288
2.20689678192		2.2919216156
2.21051287651		2.36803817749
2.21414399147		2.7536907196
2.2177670002		2.73846721649
2.22139000893		2.54564094543
2.225014925		2.33759117126
2.22876691818		2.31221961975
2.23239088058		2.69787216187
2.23602294922		2.76383876801
2.23964095116		2.57101249695
2.24326992035		2.38326072693
2.24689984322		2.27162456512
2.25051784515		2.61668205261
2.25414299965		2.79936027527
2.25777482986		2.61160755157
2.26139497757		2.45430183411
2.26502490044		2.25132751465
2.26877593994		2.54564094543
2.2723968029		2.81965732574
2.27603197098		2.64712810516
2.27964782715		2.4898223877
2.28327298164		2.26147556305
2.2869079113		2.45937633514
2.29052400589		2.81458282471
2.29414987564		2.68772315979
2.29777693748		2.51012039185
2.30140089989		2.2817735672
2.30502700806		2.38326072693
2.30877780914		2.78413677216
2.31240081787		2.72324466705
2.31603384018		2.53549194336
2.31965088844		2.31729412079
2.32327699661		2.32744312286
2.32691597939		2.71817016602
2.33052897453		2.75876522064
2.33415389061		2.56593894958
2.3377828598		2.36803817749
2.34140491486		2.2817735672
2.34503293037		2.63698005676
2.34878492355		2.77906227112
2.35240483284		2.59638500214
2.35603284836		2.42385578156
2.35965895653		2.26147556305
2.3632838726		2.56086444855
2.36691784859		2.81458282471
2.3705329895		2.63698005676
2.37415981293		2.48474884033
2.37778496742		2.25640106201
2.3814098835		2.47967433929
2.38503694534		2.81458282471
2.38878893852		2.67250061035
2.39241290092		2.50504589081
2.39604496956		2.26655006409
2.39966392517		2.41370677948
2.40328884125		2.79428577423
2.40692186356		2.71309566498
2.41054201126		2.53041744232
2.41416788101		2.30714511871
2.41779279709		2.3426656723
2.42141699791		2.73339271545
2.42504477501		2.74861621857
2.42879390717		2.55071544647
2.43241500854		2.34774017334
2.4360499382		2.2919216156
2.43968582153		2.66742610931
2.44329690933		2.77398777008
2.44702196121		2.57608699799
2.45067191124		2.39848423004
2.45429682732		2.27162456512
2.45792293549		2.59638500214
2.46154594421		2.79936027527
2.46517896652		2.61668205261
2.46879696846		2.45937633514
2.47243094444		2.25640106201
2.47605681419		2.51519489288
2.47967386246		2.81965732574
2.48329997063		2.66235160828
2.48693084717		2.49997138977
2.49054980278		2.27162456512
2.4941778183		2.42893028259
2.49780392647		2.80443382263
2.5014269352		2.7029466629
2.50505399704		2.51519489288
2.50880789757		2.2919216156
2.51242899895		2.36296367645
2.51606297493		2.75876522064
2.51968097687		2.73339271545
2.5233039856		2.54564094543
2.52693581581		2.33759117126
2.53055691719		2.30714511871
2.53418493271		2.68772315979
2.53780794144		2.77398777008
2.54143190384		2.58116149902
2.54505896568		2.38833522797
2.5488088131		2.27669906616
2.55243897438		2.61668205261
2.55606579781		2.79428577423
2.55968379974		2.60653305054
2.56330990791		2.45430183411
2.56694293022		2.25640106201
2.57056188583		2.53041744232
2.57418990135		2.82473182678
2.57781291008		2.6522026062
2.58143782616		2.49489688873
2.585064888		2.25640106201
2.58881878853		2.46445083618
2.59243893623		2.81458282471
2.59607195854		2.68772315979
2.59969186783		2.51519489288
2.60331583023		2.27669906616
2.6069419384		2.38326072693
2.6105659008		2.76891326904
2.61418890953		2.72324466705
2.61781787872		2.53549194336
2.62144088745		2.32236862183
2.62506699562		2.32236862183
2.62881779671		2.71309566498
2.6324429512		2.7536907196
2.63607597351		2.56593894958
2.63969278336		2.36803817749
2.6433198452		2.2817735672
2.64695286751		2.63698005676
2.65057182312		2.78413677216
2.65419697762		2.59638500214
2.65782499313		2.43907928467
2.66144585609		2.25640106201
2.66516399384		2.56086444855
2.66882801056		2.81458282471
2.67244887352		2.63190555573
2.67608594894		2.47967433929
2.67969989777		2.25640106201
2.68332481384		2.48474884033
2.68695783615		2.81458282471
2.69057679176		2.67757511139
2.69420194626		2.51012039185
2.69782781601		2.27669906616
2.7014529705		2.40355873108
2.70511484146		2.78413677216
2.70883083344		2.70802116394
2.71245479584		2.52534389496
2.71608901024		2.30714511871
2.71970486641		2.3426656723
2.72333097458		2.73339271545
2.72696399689		2.7536907196
2.73058390617		2.56086444855
2.7342069149		2.35788917542
2.73783397675		2.2919216156
2.74145889282		2.6522026062
2.74512195587		2.77398777008
2.74883580208		2.58623600006
2.75246095657		2.40355873108
2.75609278679		2.26655006409
2.75971198082		2.58623600006
2.76333594322		2.80443382263
2.7669699192		2.62175655365
2.77058982849		2.46952533722
2.77421283722		2.25640106201
2.77785682678		2.49997138977
2.78146481514		2.81458282471
2.78516292572		2.65727710724
2.78884387016		2.49997138977
2.79246687889		2.26655006409
2.7960999012		2.42893028259
2.79971694946		2.80443382263
2.80334091187		2.7029466629
2.80697798729		2.51519489288
2.81059288979		2.29699611664
2.81421589851		2.35788917542
2.81784582138		2.74861621857
2.82146787643		2.74354171753
2.82510495186		2.55071544647
2.82871985435		2.3426656723
2.83234596252		2.30207061768
2.83597993851		2.67757511139
2.83959579468		2.77398777008
2.84322285652		2.58116149902
2.84688878059		2.39848423004
2.8505988121		2.27162456512
2.8542239666		2.60145950317
2.85785388947		2.80443382263
2.86147689819		2.61160755157
2.86510777473		2.45430183411
2.868724823		2.25640106201
2.87235093117		2.52026939392
2.87597680092		2.81965732574
2.87960100174		2.65727710724
2.88322591782		2.49489688873
2.88689279556		2.26147556305
2.89060878754		2.44922733307
2.89422798157		2.80950832367
2.89785695076		2.69279766083
2.90147900581		2.51519489288
2.90511798859		2.28684806824
2.90873193741		2.37311172485
2.91235685349		2.76383876801
2.91598987579		2.73339271545
2.91960597038		2.5405664444
2.92323279381		2.33251667023
2.92690396309		2.32236862183
2.93060779572		2.70802116394
2.93423390388		2.76383876801
2.93786096573		2.57101249695
2.94148492813		2.37818622589
2.94511890411		2.2817735672
2.94873595238		2.62683105469
2.95235991478		2.79428577423
2.95599198341		2.60653305054
2.95961284637		2.44415378571
2.96323800087		2.26147556305
2.96694898605		2.55071544647
2.97061681747		2.81458282471
2.9742398262		2.63698005676
2.97786688805		2.4898223877
2.98149085045		2.26147556305
2.98511886597		2.46952533722
2.98874187469		2.81458282471
2.99236488342		2.67757511139
2.99599981308		2.51012039185
2.99961900711		2.27669906616
3.0032479763		2.393409729
3.00690698624		2.77906227112
3.01061892509		2.71817016602
3.01424384117		2.53041744232
3.01787281036		2.31221961975
3.02149486542		2.33759117126
3.02512693405		2.72324466705
3.02874684334		2.7536907196
3.03237080574		2.56593894958
3.03600478172		2.35788917542
3.03966593742		2.2919216156
3.04337787628		2.66235160828
3.04700899124		2.77398777008
3.05062699318		2.58623600006
3.05425000191		2.41878128052
3.05787992477		2.26147556305
3.06150197983		2.57608699799
3.06513786316		2.80950832367
3.06875300407		2.63190555573
3.07237696648		2.47459983826
3.07601189613		2.25640106201
3.07963085175		2.4898223877
3.08325600624		2.81965732574
3.08696699142		2.66742610931
3.09063196182		2.50504589081
3.09425997734		2.26655006409
3.09788298607		2.41878128052
3.10150694847		2.79936027527
3.10513281822		2.70802116394
3.10875797272		2.52534389496
3.11238288879		2.29699611664
3.11602187157		2.34774017334
3.11963582039		2.73846721649
3.12325882912		2.74861621857
3.12689685822		2.55578994751
3.13051486015		2.35281467438
3.13413691521		2.2919216156
3.13776278496		2.66742610931
3.14138889313		2.77398777008
3.14501595497		2.58116149902
3.14876389503		2.40355873108
3.15238881111		2.26655006409
3.15601992607		2.5913105011
3.15964078903		2.79936027527
3.16326379776		2.62175655365
3.16690182686		2.45430183411
3.17051696777		2.25132751465
3.17414093018		2.51012039185
3.17776894569		2.81965732574
3.18141198158		2.66235160828
3.18502092361		2.49997138977
3.18877291679		2.26147556305
3.19239497185		2.43907928467
3.19603300095		2.80950832367
3.199644804		2.69787216187
3.20327186584		2.52026939392
3.20690393448		2.2919216156
3.21052098274		2.36296367645
3.21414899826		2.75876522064
3.21777486801		2.73846721649
3.22139692307		2.55071544647
3.22502779961		2.33251667023
3.22878098488		2.31729412079
3.23239898682		2.69279766083
3.23603487015		2.76891326904
3.23965191841		2.57101249695
3.24327492714		2.38833522797
3.24690890312		2.27669906616
3.25052785873		2.61160755157
3.25415277481		2.79428577423
3.25777983665		2.60653305054
3.26140284538		2.45430183411
3.26503300667		2.25640106201
3.26878380775		2.54564094543
3.27240395546		2.81965732574
3.27603578568		2.64712810516
3.27965593338		2.49489688873
3.28327989578		2.25640106201
3.28691577911		2.45937633514
3.2905318737		2.81458282471
3.29415798187		2.68772315979
3.2977848053		2.51012039185
3.30140781403		2.2817735672
3.30503892899		2.38326072693
3.30878591537		2.77906227112
3.31240987778		2.72324466705
3.31604290009		2.53549194336
3.31966280937		2.32236862183
3.32328701019		2.32744312286
3.32692193985		2.71309566498
3.33053779602		2.75876522064
3.33416485786		2.56086444855
3.33779096603		2.36803817749
3.34141993523		2.2817735672
3.34504079819		2.63698005676
3.34879279137		2.78413677216
3.35241484642		2.59638500214
3.35604190826		2.42893028259
3.35966777802		2.26147556305
3.36329197884		2.56086444855
3.36692500114		2.80950832367
3.37054300308		2.63698005676
3.37416887283		2.47967433929
3.377794981		2.25640106201
3.38141989708		2.47967433929
3.38505077362		2.81965732574
3.3887989521		2.67250061035
3.39241981506		2.50504589081
3.39605498314		2.27162456512
3.39967083931		2.41370677948
3.40329694748		2.78921127319
3.40692877769		2.71309566498
3.41054677963		2.53041744232
3.41417384148		2.30714511871
3.41780090332		2.3426656723
3.42142391205		2.73339271545
3.42505192757		2.74861621857
3.4288008213		2.55071544647
3.4324259758		2.35281467438
3.43605780602		2.29699611664
3.43967580795		2.66742610931
3.44330191612		2.77398777008
3.44702196121		2.58116149902
3.45068097115		2.39848423004
3.45430898666		2.26655006409
3.45792984962		2.59638500214
3.46155381203		2.79936027527
3.46518993378		2.61668205261
3.46880578995		2.45937633514
3.47242999077		2.25640106201
3.47606492043		2.51519489288
3.47968387604		2.81965732574
3.48330688477		2.65727710724
3.48694086075		2.49997138977
3.49055981636		2.26655006409
3.49418282509		2.42893028259
3.49781084061		2.79936027527
3.50143480301		2.7029466629
3.5050599575		2.52026939392
3.5088160038		2.2919216156
3.51243686676		2.36803817749
3.51606893539		2.75876522064
3.51968693733		2.73846721649
3.52331089973		2.55071544647
3.52694392204		2.33251667023
3.53056192398		2.30714511871
3.5341899395		2.68264961243
3.53781580925		2.76891326904
3.54144096375		2.58116149902
3.54507088661		2.393409729
3.54881596565		2.27669906616
3.55244088173		2.61668205261
3.55607390404		2.79428577423
3.55969190598		2.60653305054
3.56331896782		2.44922733307
3.56695485115		2.25132751465
3.57056879997		2.53041744232
3.57419395447		2.81965732574
3.57781982422		2.65727710724
3.58144593239		2.49489688873
3.58507084846		2.25640106201
3.58882594109		2.45937633514
3.59244799614		2.81458282471
3.5960829258		2.68772315979
3.59969782829		2.51519489288
3.60334300995		2.27669906616
3.60695195198		2.38326072693
3.61057496071		2.77398777008
3.61419987679		2.73339271545
3.6178278923		2.5405664444
3.62145090103		2.32744312286
3.62511992455		2.32236862183
3.62882781029		2.71309566498
3.63245296478		2.75876522064
3.63608384132		2.56593894958
3.63970279694		2.36803817749
3.64332795143		2.28684806824
3.64696288109		2.63698005676
3.65057992935		2.78413677216
3.65420484543		2.60145950317
3.65783286095		2.43400478363
3.66145682335		2.25132751465
3.66516685486		2.56086444855
3.66883683205		2.80950832367
3.67245984077		2.63698005676
3.67609000206		2.47967433929
3.67971491814		2.25640106201
3.68333387375		2.47967433929
3.68696880341		2.81458282471
3.69058394432		2.67757511139
3.69420981407		2.51012039185
3.69783997536		2.27669906616
3.70146179199		2.40355873108
3.70512485504		2.78921127319
3.70883798599		2.71309566498
3.71246290207		2.53041744232
3.71609783173		2.30714511871
3.71971297264		2.3426656723
3.72333788872		2.73339271545
3.72697091103		2.7536907196
3.73059082031		2.55578994751
3.73421478271		2.35788917542
3.73783898354		2.2919216156
3.74145793915		2.65727710724
3.74513077736		2.77906227112
3.74884200096		2.58623600006
3.75246882439		2.41370677948
3.75610184669		2.26655006409
3.75972080231		2.58623600006
3.76334381104		2.80443382263
3.76697778702		2.62175655365
3.77059483528		2.46952533722
3.77421998978		2.25132751465
3.77784800529		2.49997138977
3.78147292137		2.81965732574
3.78510379791		2.66742610931
3.78872585297		2.49997138977
3.79235291481		2.26655006409
3.795981884		2.41878128052
3.79960083961		2.79428577423
3.80322599411		2.71309566498
3.80688691139		2.52026939392
3.81059980392		2.29699611664
3.81422877312		2.35788917542
3.81785297394		2.7536907196
3.82147693634		2.74354171753
3.82510995865		2.55071544647
3.82872796059		2.3426656723
3.83235192299		2.30207061768
3.83598685265		2.67250061035
3.83960294724		2.77398777008
3.84322881699		2.58116149902
3.84689092636		2.39848423004
3.85060596466		2.27669906616
3.85423183441		2.60653305054
3.85786485672		2.79428577423
3.86148095131		2.61668205261
3.86511993408		2.45937633514
3.8687338829		2.25640106201
3.87235784531		2.52026939392
3.87599086761		2.81458282471
3.8796107769		2.65727710724
3.88323497772		2.49997138977
3.88689780235		2.26147556305
3.89060997963		2.44922733307
3.89423584938		2.80950832367
3.8978638649		2.68772315979
3.90148687363		2.51519489288
3.90512895584		2.28684806824
3.90874099731		2.37311172485
3.91236400604		2.76383876801
3.91599798203		2.73339271545
3.91961979866		2.54564094543
3.92323994637		2.33251667023
3.92690181732		2.31729412079
3.93061590195		2.70802116394
3.93424201012		2.76383876801
3.93786787987		2.57101249695
3.9414908886		2.37311172485
3.94512891769		2.27669906616
3.94874382019		2.62683105469
3.95236778259		2.78921127319
3.9560008049		2.60145950317
3.95962095261		2.43907928467
3.96324682236		2.25640106201
3.96695685387		2.55071544647
3.97062397003		2.81458282471
3.97424793243		2.63698005676
3.97787380219		2.4898223877
3.98149681091		2.25640106201
3.98512578011		2.46952533722
3.9887509346		2.81965732574
3.99237394333		2.68264961243
3.99601078033		2.51012039185
3.9996278286		2.27669906616
4.00324988365		2.393409729
4.00691390038		2.77906227112
4.01062893867		2.71309566498
4.01425480843		2.53041744232
4.01788496971		2.31221961975
4.02150297165		2.33759117126
4.02513980865		2.72831821442
4.02875494957		2.75876522064
4.03237891197		2.56593894958
4.0360147953		2.36296367645
4.03963184357		2.28684806824
4.04325580597		2.6420545578
4.04691791534		2.77906227112
4.05063080788		2.5913105011
4.05425691605		2.41878128052
4.05788493156		2.26147556305
4.06150794029		2.57101249695
4.06514191628		2.80950832367
4.06875991821		2.63190555573
4.07238578796		2.46952533722
4.07603597641		2.25132751465
4.07976198196		2.49997138977
4.08338594437		2.81458282471
4.08701777458		2.66742610931
4.09063696861		2.50504589081
4.09426188469		2.26655006409
4.09788990021		2.41878128052
4.10151195526		2.79936027527
4.10514497757		2.70802116394
4.10876488686		2.52534389496
4.11239099503		2.30207061768
4.11602377892		2.35281467438
4.1196398735		2.73846721649
4.12326478958		2.74861621857
4.12689995766		2.55578994751
4.13052296638		2.34774017334
4.13414478302		2.2919216156
4.13776993752		2.66235160828
4.14139389992		2.77398777008
4.14502096176		2.58623600006
4.14877080917		2.40355873108
4.15239500999		2.26655006409
4.15601992607		2.5913105011
4.15964698792		2.80443382263
4.16327190399		2.62175655365
4.16690587997		2.46445083618
4.17052388191		2.25132751465
4.17414784431		2.51012039185
4.17777395248		2.81965732574
4.18139886856		2.66235160828
4.18503284454		2.49489688873
4.18877983093		2.26147556305
4.19239997864		2.43400478363
4.19603490829		2.80443382263
4.19965195656		2.69787216187
4.20327687263		2.52026939392
4.20690989494		2.2919216156
4.21052885056		2.36296367645
4.21415400505		2.7536907196
4.2177798748		2.73846721649
4.22140479088		2.55071544647
4.22503185272		2.33759117126
4.22878098488		2.31221961975
4.23240685463		2.69279766083
4.23604083061		2.76383876801
4.23965597153		2.57608699799
4.24328589439		2.38833522797
4.24691700935		2.27162456512
4.2505338192		2.61160755157
4.25415992737		2.79428577423
4.25778698921		2.61160755157
4.26140880585		2.45430183411
4.26504182816		2.25132751465
4.26879000664		2.5405664444
4.27241492271		2.81965732574
4.27604699135		2.6420545578
4.27966284752		2.49489688873
4.28328800201		2.26147556305
4.2869207859		2.45430183411
4.29053878784		2.81458282471
4.29416394234		2.68772315979
4.29778981209		2.51519489288
4.30141496658		2.28684806824
4.30504179001		2.38326072693
4.30879092216		2.77906227112
4.31241679192		2.72324466705
4.31604981422		2.53549194336
4.31966900826		2.32236862183
4.32329177856		2.32744312286
4.32692599297		2.71309566498
4.3305439949		2.76383876801
4.33416986465		2.56593894958
4.3377969265		2.37311172485
4.3414208889		2.2817735672
4.34505486488		2.63698005676
4.34879684448		2.78413677216
4.35242080688		2.59638500214
4.35605382919		2.42893028259
4.35967183113		2.26147556305
4.36329698563		2.56086444855
4.36693000793		2.81458282471
4.37054800987		2.63698005676
4.3741748333		2.48474884033
4.37779998779		2.25640106201
4.38142800331		2.47459983826
4.38505291939		2.81458282471
4.38880395889		2.67250061035
4.39242696762		2.50504589081
4.39605998993		2.26655006409
4.39967489243		2.40863323212
4.40330290794		2.78921127319
4.40693593025		2.71309566498
4.41055488586		2.53041744232
4.41417980194		2.31221961975
4.41780591011		2.3426656723
4.42143082619		2.72831821442
4.4250638485		2.74861621857
4.42880582809		2.55578994751
4.43243098259		2.35281467438
4.4360640049		2.29699611664
4.43968296051		2.66742610931
4.44330787659		2.77398777008
4.44702100754		2.58623600006
4.45068693161		2.40355873108
4.45430994034		2.27162456512
4.45793700218		2.5913105011
4.46156096458		2.79936027527
4.46519494057		2.62175655365
4.4688179493		2.46445083618
4.47243785858		2.25640106201
4.47606992722		2.51519489288
4.4796898365		2.81965732574
4.483314991		2.66235160828
4.48694491386		2.49997138977
4.4905629158		2.26147556305
4.49418878555		2.42893028259
4.49781894684		2.79936027527
4.50144195557		2.7029466629
4.50507378578		2.52026939392
4.50881886482		2.28684806824
4.51244592667		2.36803817749
4.51607584953		2.7536907196
4.51969480515		2.73846721649
4.52331781387		2.55071544647
4.52695178986		2.3426656723
4.53056883812		2.30714511871
4.53419589996		2.68264961243
4.53782391548		2.76891326904
4.54144477844		2.57608699799
4.54507279396		2.393409729
4.54882478714		2.27669906616
4.55244779587		2.61160755157
4.55608081818		2.79428577423
4.55969786644		2.60653305054
4.56332278252		2.44922733307
4.56695699692		2.26147556305
4.57057499886		2.53041744232
4.57420277596		2.81965732574
4.5778298378		2.6522026062
4.58145689964		2.49489688873
4.58515691757		2.26147556305
4.58883285522		2.45937633514
4.5924539566		2.80950832367
4.59608578682		2.68772315979
4.59970593452		2.51012039185
4.6033308506		2.2817735672
4.60695695877		2.38833522797
4.61060094833		2.76891326904
4.61420679092		2.72324466705
4.61783599854		2.54564094543
4.62145781517		2.33251667023
4.62512183189		2.32744312286
4.62883496284		2.71817016602
4.63245892525		2.75876522064
4.63609099388		2.56593894958
4.63971090317		2.36803817749
4.64333677292		2.2817735672
4.64696788788		2.63698005676
4.65058779716		2.78413677216
4.65421199799		2.60145950317
4.65783977509		2.43907928467
4.66146183014		2.25640106201
4.66510391235		2.55071544647
4.66871500015		2.81458282471
4.67233800888		2.6420545578
4.67597198486		2.4898223877
4.67958879471		2.26147556305
4.68321585655		2.46952533722
4.68693089485		2.81458282471
4.69059181213		2.67757511139
4.69422292709		2.50504589081
4.69784379005		2.27669906616
4.70146799088		2.40355873108
4.70510292053		2.78413677216
4.70871782303		2.71817016602
4.71234488487		2.53041744232
4.71597695351		2.31729412079
4.71959495544		2.33251667023
4.7232208252		2.72324466705
4.72688388824		2.7536907196
4.73059678078		2.56086444855
4.73422288895		2.35788917542
4.73784780502		2.2919216156
4.74147081375		2.65727710724
4.74511384964		2.77398777008
4.74872279167		2.5913105011
4.75234985352		2.41878128052
4.75598096848		2.26147556305
4.75959897041		2.57101249695
4.76322579384		2.80950832367
4.76693677902		2.62683105469
4.77060294151		2.46952533722
4.77422785759		2.25640106201
4.77785491943		2.50504589081
4.78147983551		2.81458282471
4.78510785103		2.66742610931
4.78873181343		2.50504589081
4.79235577583		2.27669906616
4.79598689079		2.42385578156
4.79960584641		2.79936027527
4.8032310009		2.70802116394
4.80689883232		2.52534389496
4.81060695648		2.29699611664
4.81423091888		2.35788917542
4.81785798073		2.74861621857
4.82148599625		2.74354171753
4.82512497902		2.55071544647
4.82873392105		2.34774017334
4.83235883713		2.30207061768
4.83599281311		2.67757511139
4.83961081505		2.76891326904
4.84323692322		2.58623600006
4.84689998627		2.40355873108
4.85061478615		2.27669906616
4.85423779488		2.60145950317
4.85786986351		2.79428577423
4.86149096489		2.61160755157
4.86512494087		2.45937633514
4.86873984337		2.26147556305
4.87236595154		2.52026939392
4.87599778175		2.81458282471
4.87961578369		2.65727710724
4.88324189186		2.49997138977
4.88690495491		2.26147556305
4.89061784744		2.44922733307
4.89424300194		2.80950832367
4.89787077904		2.69279766083
4.90149283409		2.51519489288
4.90513777733		2.28684806824
4.9087460041		2.37311172485
4.91236877441		2.75876522064
4.91600394249		2.73339271545
4.91962480545		2.54564094543
4.92324781418		2.33251667023
4.92690896988		2.31221961975
4.93062281609		2.69787216187
4.93424892426		2.76383876801
4.93787693977		2.57101249695
4.9414999485		2.37818622589
4.94513583183		2.2817735672
4.94874978065		2.62175655365
4.95237493515		2.78921127319
4.95600795746		2.60653305054
4.95962786674		2.44922733307
4.96325087547		2.25640106201
4.96696782112		2.54564094543
4.97063088417		2.81458282471
4.97425580025		2.6420545578
4.97788095474		2.4898223877
4.98150491714		2.26147556305
4.98513889313		2.46445083618
4.98875498772		2.81458282471
4.99238181114		2.68264961243
4.99601483345		2.51012039185
4.99963188171		2.27669906616
