0.000133037567139		2.50504589081
0.0188791751862		2.52026939392
0.0376830101013		2.5405664444
0.0565140247345		2.57608699799
0.0752761363983		2.60145950317
0.0940260887146		2.61160755157
0.112774133682		2.60653305054
0.13152718544		2.56086444855
0.150279998779		2.49489688873
0.169042110443		2.45937633514
0.187784194946		2.4898223877
0.206535100937		2.51012039185
0.225288152695		2.52534389496
0.244042158127		2.55578994751
0.262792110443		2.5913105011
0.281546115875		2.61160755157
0.30029797554		2.61668205261
0.31905412674		2.59638500214
0.337808132172		2.54564094543
0.356556177139		2.46952533722
0.375343084335		2.46952533722
0.394060134888		2.49997138977
0.412818193436		2.51519489288
0.43156504631		2.53041744232
0.450317144394		2.57101249695
0.469073057175		2.60145950317
0.487833023071		2.61160755157
0.506573200226		2.61160755157
0.525326013565		2.58116149902
0.544079065323		2.51519489288
0.562831163406		2.45937633514
0.581583976746		2.48474884033
0.600335121155		2.50504589081
0.619091033936		2.52534389496
0.637845993042		2.54564094543
0.656593084335		2.58116149902
0.675348043442		2.60653305054
0.694105148315		2.61668205261
0.712851047516		2.60653305054
0.731604099274		2.56086444855
0.75035905838		2.49997138977
0.769116163254		2.45937633514
0.787862062454		2.49489688873
0.806612968445		2.51519489288
0.825366020203		2.52534389496
0.84411907196		2.55071544647
0.862869977951		2.59638500214
0.88162612915		2.61160755157
0.900376081467		2.61668205261
0.91912817955		2.59638500214
0.93788599968		2.5405664444
0.956641197205		2.46952533722
0.975389003754		2.46952533722
0.994139194489		2.49997138977
1.01290416718		2.51519489288
1.03179097176		2.53041744232
1.05052518845		2.57101249695
1.06927919388		2.60145950317
1.08803415298		2.61160755157
1.10678219795		2.61668205261
1.12553119659		2.57608699799
1.14428520203		2.51012039185
1.16303515434		2.45937633514
1.18178510666		2.48474884033
1.20054101944		2.50504589081
1.2192940712		2.52026939392
1.23804998398		2.54564094543
1.25679397583		2.58116149902
1.27554702759		2.60653305054
1.29430603981		2.61668205261
1.31305217743		2.60653305054
1.33180809021		2.56086444855
1.35056114197		2.49489688873
1.36931800842		2.45937633514
1.38806414604		2.49489688873
1.40681409836		2.50504589081
1.42556810379		2.52534389496
1.44432115555		2.55578994751
1.46307396889		2.59638500214
1.48182606697		2.61160755157
1.5005800724		2.61668205261
1.51932907104		2.59638500214
1.5380961895		2.5405664444
1.55683708191		2.47459983826
1.57559013367		2.46952533722
1.59433817863		2.49997138977
1.61309313774		2.51012039185
1.63184714317		2.53549194336
1.65060305595		2.57101249695
1.66935610771		2.60145950317
1.68811297417		2.61160755157
1.70685505867		2.61160755157
1.72560715675		2.58116149902
1.74436211586		2.51519489288
1.76311612129		2.45937633514
1.78186607361		2.48474884033
1.8006169796		2.50504589081
1.8193731308		2.52026939392
1.83812904358		2.54564094543
1.85687398911		2.58623600006
1.87562918663		2.60145950317
1.89438700676		2.61668205261
1.91313409805		2.60653305054
1.93188500404		2.56086444855
1.95064020157		2.49489688873
1.96939110756		2.45430183411
1.98814201355		2.49489688873
2.00689911842		2.51012039185
2.02564716339		2.52534389496
2.04443717003		2.55578994751
2.06315302849		2.59638500214
2.08190703392		2.60653305054
2.10065698624		2.61668205261
2.11941814423		2.59638500214
2.13817000389		2.53549194336
2.15691399574		2.47459983826
2.17566919327		2.46952533722
2.19450807571		2.49997138977
2.21330404282		2.51519489288
2.23205399513		2.53549194336
2.25080704689		2.57101249695
2.26955509186		2.60145950317
2.28831219673		2.61160755157
2.30705904961		2.61160755157
2.32581210136		2.57608699799
2.34458208084		2.51519489288
2.36331701279		2.45937633514
2.38207602501		2.48474884033
2.40082216263		2.50504589081
2.41957616806		2.52026939392
2.43833804131		2.54564094543
2.45723009109		2.58116149902
2.47596597672		2.60653305054
2.49471998215		2.61668205261
2.51346302032		2.60653305054
2.53221416473		2.56086444855
2.55097007751		2.49489688873
2.5697259903		2.45937633514
2.58847212791		2.49489688873
2.60722112656		2.51012039185
2.62597608566		2.52534389496
2.64472818375		2.56086444855
2.66348099709		2.5913105011
2.68223214149		2.61160755157
2.70101118088		2.61668205261
2.71973800659		2.5913105011
2.73849701881		2.53549194336
2.75724315643		2.47459983826
2.77601099014		2.47459983826
2.7947511673		2.49997138977
2.81350708008		2.51519489288
2.83225798607		2.53549194336
2.8510119915		2.57101249695
2.86976003647		2.60145950317
2.88851714134		2.61160755157
2.90726113319		2.61668205261
2.92601919174		2.57608699799
2.94477510452		2.51012039185
2.96352219582		2.45937633514
2.98227405548		2.48474884033
3.00102615356		2.50504589081
3.019780159		2.52026939392
3.0385351181		2.54564094543
3.05728006363		2.58623600006
3.07604312897		2.60653305054
3.09479618073		2.61668205261
3.11354017258		2.60653305054
3.13229203224		2.56086444855
3.15104913712		2.49489688873
3.16981101036		2.45937633514
3.18855309486		2.49489688873
3.20730113983		2.51012039185
3.22606110573		2.53041744232
3.24481105804		2.55578994751
3.2635641098		2.5913105011
3.28232097626		2.60653305054
3.30106496811		2.61160755157
3.31981897354		2.59638500214
3.33857703209		2.53549194336
3.35732412338		2.46952533722
3.37607717514		2.46952533722
3.39482903481		2.50504589081
3.41358709335		2.51519489288
3.43233704567		2.53041744232
3.45109009743		2.57101249695
3.46984219551		2.60145950317
3.48860001564		2.61668205261
3.50734305382		2.61668205261
3.52609705925		2.57608699799
3.54485201836		2.51012039185
3.56360197067		2.45937633514
3.5823559761		2.48474884033
3.60110616684		2.50504589081
3.61985898018		2.52026939392
3.6386179924		2.54564094543
3.65736198425		2.58623600006
3.67611598969		2.60653305054
3.69487309456		2.61668205261
3.71362018585		2.60653305054
3.73237204552		2.56086444855
3.75112819672		2.49489688873
3.7698841095		2.45937633514
3.78863406181		2.49997138977
3.80738210678		2.51012039185
3.82613706589		2.52534389496
3.84488797188		2.55578994751
3.8636610508		2.59638500214
3.88239312172		2.60653305054
3.90114498138		2.62175655365
3.91989707947		2.59638500214
3.93865609169		2.53549194336
3.95740199089		2.46952533722
3.97616505623		2.46952533722
3.99490809441		2.49997138977
4.01366710663		2.51519489288
4.03240919113		2.53549194336
4.05116510391		2.57101249695
4.06992101669		2.60145950317
4.0886759758		2.61160755157
4.10742211342		2.61668205261
4.12617611885		2.58116149902
4.14493012428		2.51519489288
4.1636800766		2.45937633514
4.18243598938		2.4898223877
4.20118618011		2.50504589081
4.21993708611		2.52026939392
4.23869514465		2.54564094543
4.25744009018		2.58623600006
4.27632403374		2.60653305054
4.29507803917		2.61668205261
4.3138229847		2.60653305054
4.33257818222		2.56086444855
4.35132908821		2.4898223877
4.37008905411		2.45937633514
4.3888361454		2.49997138977
4.40758514404		2.51519489288
4.42646718025		2.52534389496
4.44522213936		2.56086444855
4.46397209167		2.5913105011
4.48272204399		2.60653305054
4.50147509575		2.62175655365
4.52023410797		2.5913105011
4.53898596764		2.53549194336
4.55773901939		2.47459983826
4.57648205757		2.46952533722
4.59523701668		2.49997138977
4.61399316788		2.51519489288
4.63273906708		2.53549194336
4.65150117874		2.57101249695
4.67024707794		2.60145950317
4.68900418282		2.61160755157
4.70775008202		2.61160755157
4.72650313377		2.57608699799
4.74526309967		2.51519489288
4.76400899887		2.45937633514
4.78276705742		2.4898223877
4.80151605606		2.50504589081
4.82026720047		2.52026939392
4.83902406693		2.54564094543
4.85777211189		2.58116149902
4.87652301788		2.60653305054
4.89528203011		2.61668205261
4.91402816772		2.60653305054
4.93278217316		2.55578994751
4.9515349865		2.4898223877
4.97028613091		2.45937633514
4.98904013634		2.49489688873
