0.000132083892822		2.41370677948
0.00438594818115		2.89577293396
0.00753808021545		2.51519489288
0.0106480121613		2.26655006409
0.0137710571289		2.54564094543
0.0169010162354		2.87547588348
0.0200209617615		2.44415378571
0.0231459140778		2.25132751465
0.0262789726257		2.62175655365
0.0293998718262		2.84502887726
0.032527923584		2.38326072693
0.0356578826904		2.25640106201
0.0387759208679		2.7029466629
0.0418999195099		2.78413677216
0.0450248718262		2.33251667023
0.0481560230255		2.2919216156
0.0512759685516		2.77398777008
0.0544018745422		2.71817016602
0.0575308799744		2.30207061768
0.0606520175934		2.3426656723
0.0638098716736		2.83488082886
0.066910982132		2.6522026062
0.0700299739838		2.28684806824
0.0731549263		2.39848423004
0.076287984848		2.87547588348
0.0794050693512		2.57608699799
0.0825328826904		2.27669906616
0.0856659412384		2.47459983826
0.0887808799744		2.89069843292
0.0919048786163		2.51012039185
0.0950338840485		2.26655006409
0.0981640815735		2.55578994751
0.101285934448		2.87547588348
0.104417085648		2.43907928467
0.10754108429		2.25640106201
0.110666036606		2.63190555573
0.113794088364		2.83488082886
0.116916894913		2.37818622589
0.120048999786		2.26655006409
0.123164892197		2.70802116394
0.126293897629		2.77906227112
0.129417896271		2.32744312286
0.132541894913		2.29699611664
0.135668992996		2.77906227112
0.138792037964		2.70802116394
0.141917943954		2.29699611664
0.145045042038		2.3426656723
0.148177862167		2.8399553299
0.151295900345		2.6420545578
0.154427051544		2.28684806824
0.157545089722		2.40355873108
0.160677909851		2.88055038452
0.163795948029		2.57101249695
0.166933059692		2.27162456512
0.170049905777		2.47967433929
0.17317199707		2.89069843292
0.176300048828		2.49997138977
0.179422855377		2.26147556305
0.182548046112		2.56086444855
0.185678958893		2.87040138245
0.188798904419		2.43400478363
0.191925048828		2.25132751465
0.195056915283		2.6420545578
0.198175907135		2.82980632782
0.201300859451		2.37311172485
0.204434871674		2.26655006409
0.207551002502		2.71817016602
0.21067905426		2.76891326904
0.213801860809		2.32744312286
0.216930866241		2.29699611664
0.220052957535		2.78413677216
0.223178863525		2.70802116394
0.226306915283		2.29699611664
0.229434013367		2.35788917542
0.232555866241		2.84502887726
0.235682964325		2.63190555573
0.238806009293		2.28684806824
0.241931915283		2.41370677948
0.245064020157		2.88562393188
0.248185873032		2.56593894958
0.251308917999		2.27162456512
0.254440069199		2.4898223877
0.257565975189		2.89069843292
0.260684967041		2.49489688873
0.263808965683		2.25640106201
0.266941070557		2.57101249695
0.270061016083		2.87040138245
0.273186922073		2.42385578156
0.276314020157		2.25132751465
0.279438972473		2.6522026062
0.282563924789		2.81965732574
0.285696029663		2.36296367645
0.288812875748		2.26655006409
0.291938066483		2.72324466705
0.295068979263		2.76383876801
0.298189878464		2.32236862183
0.301316022873		2.30714511871
0.304440975189		2.78921127319
0.307565927505		2.69279766083
0.310689926147		2.2919216156
0.313817024231		2.35788917542
0.316943883896		2.8501033783
0.320067882538		2.62683105469
0.32319188118		2.2817735672
0.326318979263		2.42385578156
0.329442977905		2.88055038452
0.332570075989		2.55578994751
0.335696935654		2.26655006409
0.338819026947		2.49997138977
0.341944932938		2.89069843292
0.345077991486		2.48474884033
0.348195075989		2.25640106201
0.351322889328		2.57608699799
0.354457855225		2.86532688141
0.357573986053		2.41878128052
0.360697984695		2.25640106201
0.363823890686		2.65727710724
0.366952896118		2.81965732574
0.370074033737		2.35788917542
0.373199939728		2.27669906616
0.37632894516		2.73846721649
0.379450082779		2.75876522064
0.382575035095		2.31729412079
0.385703086853		2.31729412079
0.388823986053		2.79428577423
0.391952991486		2.68772315979
0.395084857941		2.28684806824
0.398205041885		2.36296367645
0.401328086853		2.8501033783
0.404458045959		2.62175655365
0.407581090927		2.2817735672
0.410706043243		2.42893028259
0.413827896118		2.89069843292
0.416957855225		2.55071544647
0.420083045959		2.27162456512
0.423206090927		2.51012039185
0.426331996918		2.88055038452
0.429456949234		2.47459983826
0.432582855225		2.25640106201
0.435708045959		2.58116149902
0.438834905624		2.86532688141
0.441956996918		2.40863323212
0.44509100914		2.25132751465
0.448210954666		2.66742610931
0.451339960098		2.81458282471
0.454465866089		2.35281467438
0.457584857941		2.27669906616
0.46071100235		2.73846721649
0.463835954666		2.74861621857
0.466984987259		2.31729412079
0.470088005066		2.31729412079
0.473212003708		2.80443382263
0.47634100914		2.67757511139
0.479465007782		2.2919216156
0.48258805275		2.37311172485
0.485720872879		2.86025238037
0.488838911057		2.61160755157
0.491965055466		2.27669906616
0.495090007782		2.43907928467
0.498216867447		2.88562393188
0.501339912415		2.5405664444
0.504473924637		2.26655006409
0.50759100914		2.51519489288
0.510716915131		2.88562393188
0.513844013214		2.46952533722
0.516972064972		2.25132751465
0.520102024078		2.5913105011
0.523218870163		2.86025238037
0.526345968246		2.40355873108
0.529469966888		2.25640106201
0.532595872879		2.67250061035
0.535721063614		2.80443382263
0.538843870163		2.34774017334
0.541970014572		2.2817735672
0.545106887817		2.7536907196
0.548228979111		2.73846721649
0.551347970963		2.31221961975
0.554472923279		2.32744312286
0.557601928711		2.81458282471
0.560726881027		2.67250061035
0.563849925995		2.28684806824
0.566982030869		2.37818622589
0.570101976395		2.86025238037
0.573226928711		2.60145950317
0.576356887817		2.27669906616
0.579478025436		2.44922733307
0.582602977753		2.89577293396
0.585733890533		2.53041744232
0.588854074478		2.27162456512
0.591979980469		2.52534389496
0.595112085342		2.88055038452
0.598229885101		2.46445083618
0.60135602951		2.25132751465
0.604489088058		2.60145950317
0.607605934143		2.85517787933
0.610732078552		2.39848423004
0.613856077194		2.25132751465
0.616983890533		2.67757511139
0.620106935501		2.79936027527
0.623231887817		2.3426656723
0.62636089325		2.2817735672
0.629484891891		2.75876522064
0.632616043091		2.73339271545
0.635737895966		2.31221961975
0.638859987259		2.32744312286
0.641987085342		2.81965732574
0.645134925842		2.66235160828
0.648240089417		2.28684806824
0.651361942291		2.38326072693
0.654496908188		2.87040138245
0.65761089325		2.59638500214
0.660737991333		2.27669906616
0.663862943649		2.45430183411
0.66699385643		2.89069843292
0.670114994049		2.52534389496
0.673239946365		2.27162456512
0.676367044449		2.53041744232
0.679490089417		2.88055038452
0.682615995407		2.45430183411
0.685745954514		2.25640106201
0.688868999481		2.61160755157
0.691992998123		2.8501033783
0.695119857788		2.393409729
0.69824385643		2.25640106201
0.701369047165		2.69279766083
0.70450091362		2.78921127319
0.707619905472		2.33759117126
0.710743904114		2.28684806824
0.713870048523		2.76383876801
0.716999053955		2.72324466705
0.720124959946		2.30714511871
0.723248958588		2.33759117126
0.72637295723		2.82473182678
0.72949886322		2.65727710724
0.732627868652		2.28684806824
0.735753059387		2.393409729
0.738873004913		2.87040138245
0.742003917694		2.58623600006
0.745131969452		2.26655006409
0.748249053955		2.45937633514
0.751374959946		2.89069843292
0.754505872726		2.51519489288
0.75762796402		2.26655006409
0.760751962662		2.5405664444
0.763876914978		2.87547588348
0.767004013062		2.44922733307
0.770127058029		2.25132751465
0.77325296402		2.61668205261
0.776383876801		2.8399553299
0.77950501442		2.38326072693
0.782626867294		2.26147556305
0.785757064819		2.69787216187
0.788882017136		2.78921127319
0.792010068893		2.33759117126
0.795139074326		2.2919216156
0.798256874084		2.76891326904
0.801383018494		2.71817016602
0.804508924484		2.30207061768
0.807632923126		2.33759117126
0.810757875443		2.82980632782
0.813884019852		2.6522026062
0.817009925842		2.28684806824
0.82013297081		2.39848423004
0.823258876801		2.87547588348
0.826390028		2.58116149902
0.829509973526		2.27162456512
0.832635879517		2.46952533722
0.835762023926		2.89069843292
0.838893890381		2.50504589081
0.842011928558		2.26655006409
0.845149040222		2.55071544647
0.8482670784		2.87040138245
0.851389884949		2.44415378571
0.854520082474		2.25640106201
0.857640028		2.62175655365
0.860764980316		2.8399553299
0.863888978958		2.37818622589
0.867016077042		2.26147556305
0.870140075684		2.7029466629
0.873266935349		2.77906227112
0.876393079758		2.33251667023
0.8795170784		2.29699611664
0.88264298439		2.77398777008
0.885776996613		2.70802116394
0.888892889023		2.29699611664
0.892019033432		2.3426656723
0.895149946213		2.83488082886
0.898269891739		2.6420545578
0.901393890381		2.28684806824
0.904527902603		2.40863323212
0.907646894455		2.87547588348
0.910773038864		2.57101249695
0.913897037506		2.27162456512
0.917022943497		2.47459983826
0.920156002045		2.88562393188
0.923271894455		2.50504589081
0.926399946213		2.26147556305
0.92952299118		2.55578994751
0.932647943497		2.87040138245
0.935781955719		2.43400478363
0.938899040222		2.25640106201
0.942023992538		2.63190555573
0.945159912109		2.82980632782
0.948276042938		2.37311172485
0.951400995255		2.26655006409
0.95453286171		2.71309566498
0.957650899887		2.77398777008
0.960777997971		2.32744312286
0.963903903961		2.30207061768
0.967031955719		2.78413677216
0.970169067383		2.7029466629
0.973278999329		2.29699611664
0.976407051086		2.35281467438
0.979532003403		2.8399553299
0.982656002045		2.63190555573
0.98578286171		2.2817735672
0.988904953003		2.40863323212
0.992030858994		2.87547588348
0.995163917542		2.56086444855
0.998282909393		2.27162456512
1.00140786171		2.48474884033
1.00453901291		2.89069843292
1.00765991211		2.49489688873
1.01078486443		2.26147556305
1.01390886307		2.56593894958
1.01703500748		2.87040138245
1.02015995979		2.42893028259
1.02328705788		2.25640106201
1.02641296387		2.6420545578
1.02953696251		2.82980632782
1.03266906738		2.36296367645
1.03578901291		2.27162456512
1.03891301155		2.72324466705
1.04203701019		2.76383876801
1.04517388344		2.32236862183
1.04829287529		2.30714511871
1.05141592026		2.78921127319
1.05454087257		2.69787216187
1.05766606331		2.29699611664
1.06079101562		2.35281467438
1.06391596794		2.84502887726
1.06703996658		2.62683105469
1.07016587257		2.2817735672
1.07329487801		2.41878128052
1.07642102242		2.88055038452
1.07954287529		2.55578994751
1.08266997337		2.26655006409
1.08579993248		2.49489688873
1.08891892433		2.89069843292
1.09204387665		2.4898223877
1.09517502785		2.26147556305
1.09829497337		2.57608699799
1.10142588615		2.87040138245
1.10455489159		2.41878128052
1.10767197609		2.25132751465
1.11080002785		2.6522026062
1.11392307281		2.81965732574
1.11704802513		2.35788917542
1.12017607689		2.26655006409
1.12329792976		2.73339271545
1.12642598152		2.75876522064
1.12955594063		2.32236862183
1.13267588615		2.31221961975
1.13580298424		2.79428577423
1.13892602921		2.69279766083
1.1420519352		2.2919216156
1.14517903328		2.36296367645
1.14830589294		2.8501033783
1.15142989159		2.62175655365
1.15456104279		2.2817735672
1.15767788887		2.42385578156
1.16080594063		2.89069843292
1.16392993927		2.55071544647
1.16705799103		2.26655006409
1.17018389702		2.49997138977
1.17330789566		2.88055038452
1.17643594742		2.47967433929
1.17955708504		2.25640106201
1.18268299103		2.58623600006
1.18580889702		2.86532688141
1.18893289566		2.41370677948
1.19205999374		2.25132751465
1.1951918602		2.65727710724
1.19830989838		2.81458282471
1.20143389702		2.35788917542
1.20456600189		2.27162456512
1.20768594742		2.73846721649
1.21080994606		2.74861621857
1.2139339447		2.31729412079
1.21706104279		2.31729412079
1.22018694878		2.80443382263
1.22331285477		2.68264961243
1.22644305229		2.2919216156
1.22956490517		2.36803817749
1.23268890381		2.85517787933
1.23581600189		2.61160755157
1.23894095421		2.27669906616
1.24206590652		2.42893028259
1.2451980114		2.88562393188
1.24831795692		2.5405664444
1.25144100189		2.27162456512
1.25457406044		2.51519489288
1.2576918602		2.88055038452
1.26081585884		2.47459983826
1.26394295692		2.25640106201
1.26707005501		2.5913105011
1.27019906044		2.86025238037
1.27331900597		2.40863323212
1.27644491196		2.25640106201
1.27956986427		2.66742610931
1.28269505501		2.80443382263
1.28582906723		2.34774017334
1.28894686699		2.27669906616
1.29206991196		2.74354171753
1.29519796371		2.74354171753
1.29832196236		2.31221961975
1.30144906044		2.32236862183
1.30457401276		2.80443382263
1.30769896507		2.67250061035
1.31082391739		2.28684806824
1.31394791603		2.37311172485
1.31707406044		2.86025238037
1.32020807266		2.60145950317
1.32333087921		2.27669906616
1.32645201683		2.43907928467
1.32957792282		2.88562393188
1.33270096779		2.53549194336
1.33582901955		2.27162456512
1.33895301819		2.51519489288
1.3420779705		2.87547588348
1.34520888329		2.46445083618
1.3483300209		2.25640106201
1.3514559269		2.59638500214
1.354585886		2.85517787933
1.35770606995		2.40355873108
1.36083102226		2.25640106201
1.36395692825		2.67757511139
1.36708498001		2.79936027527
1.3702070713		2.34774017334
1.37333106995		2.2817735672
1.37646007538		2.75876522064
1.37958502769		2.73846721649
1.38270902634		2.30714511871
1.38583493233		2.33251667023
1.38895893097		2.81458282471
1.39208507538		2.66742610931
1.39521694183		2.28684806824
1.39833498001		2.37818622589
1.401460886		2.86532688141
1.4045920372		2.59638500214
1.40771007538		2.27669906616
1.41083598137		2.44922733307
1.41396093369		2.89069843292
1.41708898544		2.52534389496
1.42021989822		2.27162456512
1.42333889008		2.52534389496
1.42646408081		2.87547588348
1.42958903313		2.45430183411
1.43271493912		2.25640106201
1.4358420372		2.60653305054
1.43896698952		2.8501033783
1.44209194183		2.393409729
1.44522285461		2.25640106201
1.4483499527		2.68264961243
1.45146799088		2.79428577423
1.45459985733		2.3426656723
1.45771789551		2.2817735672
1.46084308624		2.75876522064
1.46396899223		2.72831821442
1.46709704399		2.30207061768
1.47022104263		2.33251667023
1.47334504128		2.81965732574
1.47647190094		2.66235160828
1.47959804535		2.28684806824
1.48272109032		2.38833522797
1.48585104942		2.87040138245
1.48897385597		2.5913105011
1.49209785461		2.27162456512
1.4952249527		2.45937633514
1.49835085869		2.89069843292
1.50147294998		2.52026939392
1.50460600853		2.27162456512
1.50772500038		2.53549194336
1.51084804535		2.87547588348
1.51397490501		2.44922733307
1.51709890366		2.25640106201
1.52022099495		2.61160755157
1.52334403992		2.8501033783
1.52647995949		2.38326072693
1.52960085869		2.25640106201
1.5327270031		2.69279766083
1.53585290909		2.78413677216
1.53897595406		2.33759117126
1.54210186005		2.28684806824
1.54523706436		2.76891326904
1.54835295677		2.72324466705
1.55148100853		2.30714511871
1.55460500717		2.33759117126
1.55773305893		2.82473182678
1.5608549118		2.6522026062
1.56397986412		2.28684806824
1.56710600853		2.393409729
1.57023191452		2.87040138245
1.57335686684		2.58623600006
1.57648897171		2.27162456512
1.57960796356		2.46445083618
1.58273291588		2.89069843292
1.58586096764		2.51519489288
1.58898186684		2.26655006409
1.59211087227		2.5405664444
1.59524202347		2.87040138245
1.59836006165		2.44415378571
1.60148501396		2.25132751465
1.60461902618		2.62683105469
1.60773491859		2.8399553299
1.61086297035		2.37818622589
1.61399197578		2.26147556305
1.61711406708		2.7029466629
1.62023997307		2.77906227112
1.62336301804		2.33251667023
1.62649202347		2.2919216156
1.62961387634		2.77398777008
1.63273787498		2.71309566498
1.63586997986		2.30207061768
1.63899302483		2.34774017334
1.6421148777		2.82980632782
1.64524793625		2.6420545578
1.64839196205		2.28684806824
1.65149307251		2.39848423004
1.65462803841		2.87547588348
1.65774393082		2.57608699799
1.66086792946		2.27162456512
1.66399407387		2.47459983826
1.66712188721		2.89069843292
1.67024707794		2.50504589081
1.67336893082		2.26655006409
1.67649698257		2.55578994751
1.67962098122		2.87040138245
1.6827480793		2.43907928467
1.68587589264		2.25132751465
1.68899703026		2.63190555573
1.69212198257		2.8399553299
1.69524908066		2.37311172485
1.69837498665		2.26147556305
1.70149993896		2.70802116394
1.70463109016		2.77398777008
1.70774888992		2.33251667023
1.71087908745		2.29699611664
1.71399998665		2.77398777008
1.71712708473		2.70802116394
1.72025799751		2.29699611664
1.72337794304		2.34774017334
1.72650504112		2.83488082886
1.729626894		2.63698005676
1.73275303841		2.28684806824
1.73588109016		2.40863323212
1.73900294304		2.87547588348
1.74213004112		2.57101249695
1.74526286125		2.27162456512
1.74837994576		2.48474884033
1.75150489807		2.89069843292
1.75463485718		2.49489688873
1.75775790215		2.26147556305
1.76088190079		2.56086444855
1.7640068531		2.86532688141
1.7671380043		2.42893028259
1.77025794983		2.25640106201
1.77338290215		2.63698005676
1.77651000023		2.82473182678
1.7796330452		2.37311172485
1.78275895119		2.26655006409
1.78588485718		2.71309566498
1.78900885582		2.76891326904
1.79213404655		2.32236862183
1.7952709198		2.30207061768
1.79838705063		2.78921127319
1.80151295662		2.69787216187
1.80463790894		2.2919216156
1.80776786804		2.35281467438
1.81088900566		2.8399553299
1.8140130043		2.63190555573
1.81713986397		2.2817735672
1.82026290894		2.41370677948
1.82338905334		2.88055038452
1.82651901245		2.55578994751
1.82964086533		2.27162456512
1.83276605606		2.4898223877
1.83589291573		2.88562393188
1.83901786804		2.4898223877
1.84214186668		2.25640106201
1.84527492523		2.56593894958
1.84839606285		2.87040138245
1.8515188694		2.42385578156
1.8546500206		2.25640106201
1.8577709198		2.64712810516
1.86089587212		2.81965732574
1.86401891708		2.36803817749
1.86715197563		2.27162456512
1.87027001381		2.72831821442
1.87339901924		2.75876522064
1.87652492523		2.32236862183
1.87964701653		2.30714511871
1.88277292252		2.78921127319
1.88590502739		2.69279766083
1.88902306557		2.2919216156
1.89214801788		2.35788917542
1.89527988434		2.84502887726
1.89839887619		2.62175655365
1.9015250206		2.2817735672
1.90466308594		2.42893028259
1.907777071		2.88562393188
1.91089892387		2.55071544647
1.91402697563		2.27162456512
1.91715502739		2.49997138977
1.92028093338		2.88562393188
1.923402071		2.48474884033
1.92652797699		2.25640106201
1.92965507507		2.57608699799
1.93278002739		2.86532688141
1.93590903282		2.41370677948
1.93902897835		2.25132751465
1.94215488434		2.65727710724
1.94528794289		2.80950832367
1.94840598106		2.35788917542
1.95153188705		2.27162456512
1.95466303825		2.73339271545
1.95778298378		2.7536907196
1.96090602875		2.31729412079
1.96403288841		2.32236862183
1.96716403961		2.79936027527
1.97028589249		2.68264961243
1.97340893745		2.2919216156
1.97654104233		2.36803817749
1.97966003418		2.8501033783
1.9827849865		2.61668205261
1.98591399193		2.2817735672
1.98903489113		2.42893028259
1.99216294289		2.88562393188
1.99529290199		2.54564094543
1.99841308594		2.27162456512
2.00154399872		2.50504589081
2.00467205048		2.88055038452
2.00778889656		2.47967433929
2.01091599464		2.25640106201
2.01403903961		2.5913105011
2.01716685295		2.86025238037
2.02028989792		2.40863323212
2.02341508865		2.25132751465
2.02654385567		2.66742610931
2.02966690063		2.80950832367
2.03279495239		2.35281467438
2.03591799736		2.27669906616
2.03904390335		2.74354171753
2.04217004776		2.74354171753
2.04530191422		2.31221961975
2.04842090607		2.31729412079
2.05154490471		2.79936027527
2.05466890335		2.67757511139
2.05779504776		2.28684806824
2.06092000008		2.36803817749
2.06404590607		2.85517787933
2.06717300415		2.61160755157
2.07029795647		2.2817735672
2.07342195511		2.43907928467
2.07655000687		2.89069843292
2.07967185974		2.5405664444
2.08279895782		2.27669906616
2.08593201637		2.52026939392
2.08905100822		2.87547588348
2.09217405319		2.46952533722
2.09529995918		2.25640106201
2.09844493866		2.59638500214
2.10155105591		2.86025238037
2.10468196869		2.40355873108
2.10780000687		2.25640106201
2.1109290123		2.67250061035
2.11405205727		2.79936027527
2.1171810627		2.34774017334
2.12031197548		2.27669906616
2.12342905998		2.74861621857
2.12656497955		2.73339271545
2.12967991829		2.31221961975
2.1328060627		2.32236862183
2.13593387604		2.80950832367
2.13905501366		2.67250061035
2.14218091965		2.28684806824
2.14530897141		2.37818622589
2.1484348774		2.85517787933
2.15155792236		2.60145950317
2.15469193459		2.27669906616
2.15780901909		2.44415378571
2.16093397141		2.88562393188
2.16405797005		2.52026939392
2.16719198227		2.26655006409
2.1703119278		2.52534389496
2.17343592644		2.87547588348
2.1765639782		2.46445083618
2.17968702316		2.25132751465
2.18281292915		2.60145950317
2.18593907356		2.85517787933
2.1890630722		2.39848423004
2.1921889782		2.25640106201
2.19532608986		2.68264961243
2.19844102859		2.79936027527
2.20156598091		2.3426656723
2.20469808578		2.2817735672
2.20781493187		2.7536907196
2.21094107628		2.72831821442
2.21406698227		2.30714511871
2.21719503403		2.32744312286
2.22031903267		2.81458282471
2.22344207764		2.66235160828
2.2265689373		2.28684806824
2.22969293594		2.38326072693
2.2328209877		2.86025238037
2.23594594002		2.5913105011
2.23906898499		2.27669906616
2.24219489098		2.45430183411
2.24532794952		2.88562393188
2.24845004082		2.52534389496
2.25157094002		2.26655006409
2.25470399857		2.52534389496
2.25782203674		2.87040138245
2.26094698906		2.45937633514
2.2640709877		2.25132751465
2.26720285416		2.60653305054
2.2703230381		2.8501033783
2.27344989777		2.38833522797
2.27657604218		2.25640106201
2.27970099449		2.68264961243
2.28282403946		2.78921127319
2.28595590591		2.3426656723
2.28907489777		2.28684806824
2.29220890999		2.75876522064
2.29533100128		2.72324466705
2.29845404625		2.30714511871
2.3015768528		2.33251667023
2.30470395088		2.82473182678
2.3078289032		2.65727710724
2.31095385551		2.28684806824
2.31407904625		2.39848423004
2.31720590591		2.87040138245
2.320333004		2.58623600006
2.32345700264		2.27162456512
2.32658195496		2.45937633514
2.32970499992		2.89069843292
2.33282995224		2.51519489288
2.33595991135		2.26655006409
2.33908295631		2.53549194336
2.34220790863		2.87040138245
2.34533500671		2.44922733307
2.34845805168		2.25132751465
2.35158395767		2.61668205261
2.35471606255		2.8399553299
2.35783696175		2.38326072693
2.36096191406		2.25640106201
2.3640859127		2.70802116394
2.36721587181		2.78413677216
2.37033700943		2.33251667023
2.37346291542		2.28684806824
2.37659406662		2.76383876801
2.37971305847		2.71817016602
2.38283896446		2.30207061768
2.38596606255		2.33759117126
2.38910794258		2.82980632782
2.39221787453		2.64712810516
2.39533901215		2.2817735672
2.39846491814		2.39848423004
2.40159106255		2.87040138245
2.40472388268		2.57608699799
2.40784096718		2.27162456512
2.41096591949		2.46952533722
2.4140958786		2.89069843292
2.41721892357		2.51012039185
2.42034196854		2.26655006409
2.42346787453		2.55071544647
2.42659687996		2.87040138245
2.42971992493		2.43907928467
2.43284487724		2.25132751465
2.435972929		2.62175655365
2.43909597397		2.83488082886
2.44221997261		2.37818622589
2.44538187981		2.26147556305
2.44847393036		2.69787216187
2.45159602165		2.77906227112
2.45473003387		2.33251667023
2.45784902573		2.29699611664
2.46097302437		2.77398777008
2.46409893036		2.69787216187
2.46722793579		2.29699611664
2.47035098076		2.3426656723
2.47347593307		2.83488082886
2.47660207748		2.6420545578
2.4797270298		2.28684806824
2.48285198212		2.39848423004
2.48598790169		2.87547588348
2.48910307884		2.57101249695
2.49222993851		2.27162456512
2.49539089203		2.47967433929
2.49847793579		2.88562393188
2.50160288811		2.49997138977
2.50473690033		2.26147556305
2.50785398483		2.55578994751
2.51097893715		2.87040138245
2.51410508156		2.42893028259
2.5172328949		2.25132751465
2.52036499977		2.63190555573
2.52348208427		2.82980632782
2.52660894394		2.37311172485
2.52973198891		2.26655006409
2.53285694122		2.70802116394
2.53598403931		2.76891326904
2.53910803795		2.32744312286
2.54223394394		2.30207061768
2.54539704323		2.78413677216
2.54848599434		2.7029466629
2.55161190033		2.29699611664
2.55473709106		2.34774017334
2.55786299706		2.83488082886
2.5609869957		2.63698005676
2.56411290169		2.2817735672
2.56724095345		2.41370677948
2.57036209106		2.88055038452
2.5734899044		2.56593894958
2.57661485672		2.27162456512
2.57973790169		2.48474884033
2.58287000656		2.88562393188
2.58599305153		2.49489688873
2.5891149044		2.26147556305
2.59223985672		2.56086444855
2.59540486336		2.86532688141
2.59849190712		2.42385578156
2.60161590576		2.25132751465
2.60475087166		2.6420545578
2.60786795616		2.81965732574
2.61099386215		2.36803817749
2.61411786079		2.27162456512
2.61724686623		2.72324466705
2.62036895752		2.76383876801
2.62349486351		2.32236862183
2.62662196159		2.30714511871
2.62974691391		2.78413677216
2.63287091255		2.69279766083
2.63599801064		2.2919216156
2.63912391663		2.35788917542
2.64224696159		2.8399553299
2.64541196823		2.62175655365
2.64850401878		2.28684806824
2.65162491798		2.41878128052
2.65475702286		2.88055038452
2.65787506104		2.55578994751
2.66099905968		2.27162456512
2.66412401199		2.51012039185
2.6672539711		2.88562393188
2.67037701607		2.48474884033
2.67350101471		2.25640106201
2.6766269207		2.57101249695
2.67975902557		2.86532688141
2.6828789711		2.42385578156
2.68600988388		2.25640106201
2.68912887573		2.6522026062
2.6922519207		2.81458282471
2.69542002678		2.35281467438
2.6985039711		2.27162456512
2.70163106918		2.72324466705
2.70476293564		2.7536907196
2.70788097382		2.32236862183
2.71100497246		2.31221961975
2.71412992477		2.79428577423
2.71725702286		2.68772315979
2.72038388252		2.2919216156
2.72350692749		2.36296367645
2.72663593292		2.8501033783
2.72975897789		2.61668205261
2.73288297653		2.2817735672
2.73603200912		2.43400478363
2.73913502693		2.88562393188
2.74226093292		2.54564094543
2.74542593956		2.27162456512
2.74851202965		2.50504589081
2.75163698196		2.88562393188
2.75477099419		2.47967433929
2.75788903236		2.25640106201
2.76101303101		2.58116149902
2.76413989067		2.85517787933
2.7672700882		2.40863323212
2.77038908005		2.25640106201
2.77351498604		2.65727710724
2.77665185928		2.80950832367
2.77976489067		2.35788917542
2.78289103508		2.27669906616
2.78601789474		2.73339271545
2.78913998604		2.74861621857
2.79226708412		2.31729412079
2.79543089867		2.32236862183
2.7985188961		2.79936027527
2.80164408684		2.68264961243
2.80476808548		2.2919216156
2.80789494514		2.36803817749
2.81101989746		2.8501033783
2.8141438961		2.60145950317
2.81727290154		2.27669906616
2.82039499283		2.43400478363
2.82352089882		2.88055038452
2.82664895058		2.53549194336
2.82977104187		2.27162456512
2.83289790154		2.51012039185
2.83602595329		2.87547588348
2.83914899826		2.46952533722
2.84227490425		2.25640106201
2.84543585777		2.59638500214
2.84852600098		2.85517787933
2.85164785385		2.40355873108
2.85478186607		2.25640106201
2.85790085793		2.66235160828
2.86102795601		2.80443382263
2.86415290833		2.3426656723
2.86728096008		2.27669906616
2.87040090561		2.74354171753
2.87353301048		2.73846721649
2.87665700912		2.31221961975
2.879778862		2.32744312286
2.88290405273		2.80950832367
2.88603687286		2.67250061035
2.88915586472		2.2919216156
2.89227986336		2.37818622589
2.8954539299		2.85517787933
2.89853191376		2.60145950317
2.90165686607		2.27669906616
2.90478992462		2.43907928467
2.9079079628		2.88562393188
2.91103386879		2.53549194336
2.91415691376		2.26655006409
2.91728401184		2.52026939392
2.9204158783		2.87547588348
2.92353391647		2.46445083618
2.92666196823		2.25132751465
2.92978596687		2.59638500214
2.93291187286		2.85517787933
2.93603801727		2.393409729
2.93915987015		2.25132751465
2.94228601456		2.67757511139
2.94545102119		2.78921127319
2.94853806496		2.34774017334
2.95166301727		2.28684806824
2.95479607582		2.7536907196
2.95791506767		2.73339271545
2.96103906631		2.30714511871
2.96416497231		2.33759117126
2.96729588509		2.81458282471
2.97041988373		2.66235160828
2.97354102135		2.28684806824
2.97666597366		2.37818622589
2.97979092598		2.86025238037
2.98291707039		2.59638500214
2.98604488373		2.27162456512
2.9891679287		2.44922733307
2.99229288101		2.89069843292
2.9954559803		2.52026939392
2.99854707718		2.27162456512
3.00167107582		2.53041744232
3.00480294228		2.87547588348
3.00792098045		2.45430183411
3.01104593277		2.25132751465
3.01417088509		2.61668205261
3.01729893684		2.8501033783
3.02042102814		2.393409729
3.0235490799		2.25640106201
3.02667498589		2.68264961243
3.02979803085		2.79428577423
3.03292298317		2.3426656723
3.0360519886		2.2817735672
3.0391740799		2.7536907196
3.04229998589		2.72324466705
3.04546403885		2.30207061768
3.04855489731		2.33251667023
3.05167603493		2.81965732574
3.05480098724		2.65727710724
3.05797195435		2.28684806824
3.06105589867		2.38833522797
3.06418204308		2.87040138245
3.0673148632		2.58116149902
3.07043004036		2.27162456512
3.07355594635		2.45937633514
3.07668304443		2.89069843292
3.0798060894		2.52026939392
3.08293199539		2.26655006409
3.08606290817		2.5405664444
3.08918404579		2.87547588348
3.09230899811		2.44922733307
3.09546995163		2.25132751465
3.09857702255		2.61668205261
3.10168600082		2.8399553299
3.10481905937		2.38326072693
3.10793495178		2.26147556305
3.11106085777		2.69787216187
3.11418604851		2.77906227112
3.1173119545		2.33759117126
3.12043905258		2.2919216156
3.12356185913		2.76383876801
3.12669086456		2.71817016602
3.12981295586		2.30207061768
3.13293886185		2.33759117126
3.13606595993		2.82473182678
3.1391890049		2.64712810516
3.14231491089		2.28684806824
3.14547896385		2.393409729
3.14857196808		2.87040138245
3.15169095993		2.58116149902
3.15482401848		2.27162456512
3.15794301033		2.46445083618
3.16106796265		2.88562393188
3.16419792175		2.49489688873
3.16744589806		2.26147556305
3.17057108879		2.57101249695
3.17369508743		2.86532688141
3.17682003975		2.42385578156
3.17994499207		2.25132751465
3.18306994438		2.64712810516
3.18619704247		2.81965732574
3.18932008743		2.36296367645
3.19245386124		2.27162456512
3.19558000565		2.71817016602
3.19869589806		2.76383876801
3.20182299614		2.32236862183
3.20495605469		2.30714511871
3.20807290077		2.78921127319
3.21119904518		2.69279766083
3.21433091164		2.29699611664
3.21744990349		2.35788917542
3.2205748558		2.84502887726
3.22370100021		2.62175655365
3.22682785988		2.28684806824
3.22995090485		2.42385578156
3.23307800293		2.88055038452
3.23620295525		2.55578994751
3.239331007		2.27162456512
3.24245285988		2.49489688873
3.24558401108		2.88055038452
3.2487039566		2.48474884033
3.25182890892		2.25640106201
3.25496101379		2.57101249695
3.25808095932		2.86532688141
3.26121091843		2.41370677948
3.26433801651		2.25640106201
3.26745605469		2.6522026062
3.27058196068		2.80950832367
3.27370691299		2.35788917542
3.27683401108		2.27162456512
3.27995800972		2.72831821442
3.28308486938		2.7536907196
3.28621506691		2.31729412079
3.28933405876		2.31221961975
3.29245996475		2.79428577423
3.2955930233		2.68264961243
3.29870986938		2.2919216156
3.30183792114		2.36803817749
3.30496287346		2.84502887726
3.30808591843		2.61160755157
3.31121206284		2.2817735672
3.31434488297		2.42893028259
3.31746196747		2.87547588348
3.3205909729		2.54564094543
3.32371306419		2.27162456512
3.32683992386		2.50504589081
3.3299639225		2.88055038452
3.33308887482		2.47459983826
3.33621692657		2.26147556305
3.33934092522		2.58116149902
3.34246492386		2.85517787933
3.34559702873		2.41370677948
3.34871602058		2.25640106201
3.35184192657		2.66235160828
3.35497403145		2.80443382263
3.35809993744		2.35788917542
3.36121988297		2.27669906616
3.36435198784		2.73846721649
3.36747002602		2.74354171753
3.37059593201		2.31729412079
3.37371993065		2.31729412079
3.37684702873		2.79936027527
3.3799700737		2.67757511139
3.38309693336		2.28684806824
3.38622403145		2.36803817749
3.38934707642		2.8501033783
3.39247298241		2.60653305054
3.39560604095		2.27669906616
3.39872407913		2.43400478363
3.4018509388		2.88055038452
3.4049808979		2.5405664444
3.40810108185		2.27162456512
3.4112238884		2.51012039185
3.41435694695		2.87547588348
3.41747689247		2.46952533722
3.42060089111		2.25132751465
3.4237279892		2.58623600006
3.42685389519		2.85517787933
3.42997789383		2.40355873108
3.43310308456		2.25640106201
3.43622899055		2.66742610931
3.43935489655		2.79936027527
3.44247889519		2.35281467438
3.44561386108		2.2817735672
3.44873285294		2.74354171753
3.4518558979		2.73846721649
3.45499491692		2.31221961975
3.45810699463		2.32744312286
3.4612300396		2.80950832367
3.46436595917		2.66742610931
3.46748399734		2.2919216156
3.47060608864		2.37818622589
3.4737329483		2.85517787933
3.47686195374		2.60145950317
3.47998595238		2.27669906616
3.48311090469		2.43907928467
3.48624300957		2.88562393188
3.48935985565		2.53041744232
3.49248600006		2.27669906616
3.49561691284		2.52026939392
3.49873685837		2.87547588348
3.50186085701		2.45937633514
3.50500702858		2.25640106201
3.50811386108		2.59638500214
3.51124000549		2.8501033783
3.51437497139		2.393409729
3.5174908638		2.25640106201
3.52061605453		2.67757511139
3.52373886108		2.79428577423
3.52686595917		2.34774017334
3.52998995781		2.2817735672
3.53311491013		2.74861621857
3.53624391556		2.73339271545
3.53936696053		2.30714511871
3.54249191284		2.32744312286
3.54562592506		2.80950832367
3.54874491692		2.66235160828
3.55187296867		2.2919216156
3.55499386787		2.38326072693
3.55812001228		2.86025238037
3.56124401093		2.5913105011
3.56437897682		2.27162456512
3.56749606133		2.44922733307
3.57062196732		2.88562393188
3.57374501228		2.52534389496
3.57687902451		2.27162456512
3.57999897003		2.53041744232
3.583122015		2.87040138245
3.58625006676		2.45937633514
3.58937501907		2.25640106201
3.59250593185		2.60145950317
3.5956299305		2.84502887726
3.59875106812		2.38833522797
3.60187292099		2.25640106201
3.60500907898		2.68772315979
3.60812592506		2.78921127319
3.61124992371		2.3426656723
3.61438202858		2.2817735672
3.61750507355		2.7536907196
3.6206278801		2.72831821442
3.62375307083		2.30714511871
3.62688207626		2.33251667023
3.63000392914		2.81965732574
3.63313007355		2.65727710724
3.63625597954		2.28684806824
3.63938307762		2.38833522797
3.64250588417		2.86025238037
3.64563703537		2.58623600006
3.64876103401		2.27162456512
3.65188097954		2.45430183411
3.65501499176		2.88562393188
3.65813302994		2.51519489288
3.66125798225		2.27162456512
3.66439008713		2.5405664444
3.66750907898		2.87040138245
3.6706340313		2.44922733307
3.67376208305		2.25132751465
3.67689108849		2.61668205261
3.68001103401		2.8399553299
3.68313503265		2.38326072693
3.68626499176		2.26147556305
3.6893889904		2.69279766083
3.69251203537		2.78413677216
3.69564390182		2.3426656723
3.69876289368		2.28684806824
3.70188689232		2.76383876801
3.70502185822		2.71309566498
3.70813798904		2.30207061768
3.71126508713		2.33759117126
3.71439599991		2.82473182678
3.71751499176		2.6522026062
3.72064590454		2.28684806824
3.72376608849		2.39848423004
3.72689390182		2.87040138245
3.73001599312		2.57608699799
3.73314404488		2.27162456512
3.73626804352		2.46445083618
3.73939394951		2.88562393188
3.74251794815		2.51012039185
3.74565696716		2.26655006409
3.74876904488		2.54564094543
3.75189304352		2.86532688141
3.75502705574		2.43907928467
3.75814795494		2.25640106201
3.76127195358		2.62175655365
3.76440501213		2.83488082886
3.76752305031		2.37818622589
3.77064704895		2.26147556305
3.77377295494		2.69787216187
3.77690291405		2.77398777008
3.78002500534		2.33251667023
3.78314900398		2.29699611664
3.78627705574		2.76891326904
3.78939890862		2.70802116394
3.79252791405		2.30207061768
3.79565691948		2.3426656723
3.79877686501		2.82980632782
3.80190205574		2.63698005676
3.80502605438		2.28684806824
3.80815291405		2.40355873108
3.81127691269		2.87040138245
3.81440997124		2.57101249695
3.81752800941		2.27162456512
3.82065296173		2.47459983826
3.82377886772		2.88562393188
3.82690691948		2.50504589081
3.83003091812		2.26655006409
3.83315491676		2.55578994751
3.83628106117		2.87040138245
3.83940792084		2.43400478363
3.84253692627		2.25640106201
3.84565901756		2.63190555573
3.84878587723		2.82473182678
3.85190796852		2.37311172485
3.85504102707		2.26655006409
3.8581609726		2.70802116394
3.86128592491		2.77398777008
3.86441898346		2.32744312286
3.86753606796		2.29699611664
3.87066102028		2.77906227112
3.8737859726		2.7029466629
3.8770430088		2.28684806824
3.88016200066		2.36296367645
3.8832859993		2.84502887726
3.88641905785		2.61668205261
3.88953900337		2.2817735672
3.89266395569		2.42893028259
3.89579486847		2.88055038452
3.89891505241		2.54564094543
3.90203905106		2.27162456512
3.90517187119		2.49997138977
3.90828990936		2.88055038452
3.91142106056		2.47967433929
3.91455101967		2.25640106201
3.91766786575		2.58623600006
3.9207918644		2.86025238037
3.92391705513		2.41370677948
3.92704486847		2.25640106201
3.93016791344		2.66235160828
3.93329286575		2.80443382263
3.93641996384		2.35788917542
3.93954992294		2.27669906616
3.94266891479		2.73846721649
3.94579696655		2.74354171753
3.94892096519		2.31729412079
3.95204496384		2.31729412079
3.95517802238		2.79936027527
3.95829701424		2.67757511139
3.96142292023		2.28684806824
3.96457099915		2.37311172485
3.96766591072		2.85517787933
3.97079086304		2.60653305054
3.97391605377		2.2817735672
3.97705388069		2.43907928467
3.98017287254		2.88562393188
3.98329806328		2.5405664444
3.98642706871		2.27162456512
3.98954892159		2.51012039185
3.99268007278		2.87547588348
3.99580192566		2.46952533722
3.99892687798		2.25132751465
4.00205087662		2.5913105011
4.00518393517		2.86025238037
4.00830101967		2.40863323212
4.01142787933		2.25640106201
4.01456093788		2.67250061035
4.01767992973		2.79936027527
4.0208029747		2.34774017334
4.02392888069		2.27669906616
4.0270550251		2.73846721649
4.03018093109		2.73846721649
4.03330588341		2.31221961975
4.03643894196		2.32236862183
4.03955698013		2.80443382263
4.04268097878		2.66742610931
4.04580903053		2.2919216156
4.04893302917		2.37818622589
4.05205893517		2.85517787933
4.05518388748		2.60145950317
4.05830907822		2.27669906616
4.06143403053		2.44415378571
4.06456899643		2.88562393188
4.06768608093		2.53041744232
4.07081007957		2.27669906616
4.07393598557		2.52026939392
4.07706189156		2.87040138245
4.08018803596		2.46445083618
4.08331298828		2.25640106201
4.08644104004		2.59638500214
4.08956098557		2.8501033783
4.09268808365		2.39848423004
4.09581398964		2.25132751465
4.09893798828		2.67757511139
4.10206389427		2.79428577423
4.10519599915		2.34774017334
4.10831403732		2.28684806824
4.11144399643		2.74861621857
4.11457204819		2.72831821442
4.11769294739		2.30714511871
4.12082004547		2.32744312286
4.12394094467		2.80950832367
4.12706708908		2.66235160828
4.1301920414		2.28684806824
4.13332295418		2.37818622589
4.13644790649		2.86025238037
4.13956904411		2.59638500214
4.14269399643		2.27669906616
4.14582705498		2.44922733307
4.14894604683		2.88055038452
4.15207099915		2.52534389496
4.15520501137		2.27162456512
4.15832185745		2.53041744232
4.16144704819		2.87547588348
4.16457891464		2.44922733307
4.16769599915		2.25640106201
4.1708240509		2.60145950317
4.17394900322		2.8501033783
4.17707490921		2.393409729
4.18019890785		2.26147556305
4.18332695961		2.68264961243
4.1864528656		2.78413677216
4.18957591057		2.33759117126
4.19270205498		2.2817735672
4.19582891464		2.7536907196
4.19895195961		2.72324466705
4.20207905769		2.30714511871
4.2052090168		2.33759117126
4.20832800865		2.81965732574
4.21145200729		2.65727710724
4.21458601952		2.2817735672
4.21770596504		2.38833522797
4.22082996368		2.86532688141
4.223954916		2.58623600006
4.22708201408		2.27162456512
4.23021101952		2.45937633514
4.23333096504		2.88562393188
4.23645806313		2.51519489288
4.23958492279		2.27162456512
4.24270701408		2.5405664444
4.24583506584		2.87040138245
4.24895787239		2.44415378571
4.2520840168		2.25640106201
4.25521588326		2.61668205261
4.25833392143		2.8399553299
4.26146006584		2.38326072693
4.26460289955		2.26655006409
4.26771092415		2.69279766083
4.27083587646		2.77906227112
4.27396202087		2.3426656723
4.27708697319		2.2919216156
4.28021192551		2.76383876801
4.28333592415		2.71817016602
4.28647089005		2.30207061768
4.28959107399		2.3426656723
4.29271388054		2.82473182678
4.2958419323		2.64712810516
4.29896688461		2.28684806824
4.30208992958		2.393409729
4.30521702766		2.87040138245
4.3083460331		2.58116149902
4.31147098541		2.27162456512
4.31460094452		2.46952533722
4.31771802902		2.89069843292
4.32084202766		2.51012039185
4.3239710331		2.26655006409
4.3271009922		2.54564094543
4.33022093773		2.86532688141
4.33334493637		2.43907928467
4.33647298813		2.26147556305
4.33959698677		2.62175655365
4.34272289276		2.82980632782
4.34584999084		2.37818622589
4.34897303581		2.26147556305
4.35209608078		2.7029466629
4.35522890091		2.77398777008
4.35834789276		2.33251667023
4.36147594452		2.29699611664
4.36460590363		2.76891326904
4.3677239418		2.70802116394
4.37084794044		2.30207061768
4.37397503853		2.3426656723
4.37710499763		2.82980632782
4.38022589684		2.6420545578
4.38335108757		2.28684806824
4.38647985458		2.40355873108
4.38960194588		2.87040138245
4.39272999763		2.56593894958
4.3958530426		2.27162456512
4.39897894859		2.47459983826
4.40210485458		2.88562393188
4.40523695946		2.49997138977
4.40835499763		2.26655006409
4.41147899628		2.55578994751
4.41461086273		2.86532688141
4.41773104668		2.43400478363
4.42085790634		2.25640106201
4.42398905754		2.63698005676
4.42710900307		2.82980632782
4.43023300171		2.37311172485
4.43335795403		2.26655006409
4.43648386002		2.70802116394
4.43961000443		2.76891326904
4.44273495674		2.33251667023
4.44586396217		2.30207061768
4.44898295403		2.77398777008
4.45211100578		2.7029466629
4.45524191856		2.29699611664
4.45836091042		2.34774017334
4.46148705482		2.83488082886
4.46462106705		2.63190555573
4.46773791313		2.28684806824
4.47086191177		2.40863323212
4.47398686409		2.87040138245
4.47711491585		2.56086444855
4.48025798798		2.27162456512
4.48336601257		2.48474884033
4.48649907112		2.88562393188
4.48961806297		2.4898223877
4.49274086952		2.26655006409
4.49586796761		2.56086444855
4.49899196625		2.86532688141
4.50211691856		2.42385578156
4.50524997711		2.25132751465
4.50836801529		2.6420545578
4.51149487495		2.81965732574
4.5146279335		2.36296367645
4.51774501801		2.26655006409
4.52087807655		2.71309566498
4.52399587631		2.76383876801
4.52712392807		2.32744312286
4.53024601936		2.30714511871
4.53337192535		2.78413677216
4.53650093079		2.68772315979
4.53962206841		2.29699611664
4.5427479744		2.35281467438
4.54587602615		2.8399553299
4.54899692535		2.62683105469
4.55212497711		2.28684806824
4.5552520752		2.41878128052
4.55837702751		2.88055038452
4.56150007248		2.55578994751
4.56463193893		2.27162456512
4.56774997711		2.49489688873
4.57087492943		2.88055038452
4.57400202751		2.47967433929
4.5771279335		2.26147556305
4.58025193214		2.57101249695
4.5833799839		2.86532688141
4.58650588989		2.41878128052
4.58962893486		2.25132751465
4.59275889397		2.64712810516
4.59588098526		2.81458282471
4.59900403023		2.36296367645
4.60213088989		2.27162456512
4.60526490211		2.72324466705
4.60838103294		2.7536907196
4.61150789261		2.31729412079
4.61463904381		2.31221961975
4.61776399612		2.78921127319
4.62088489532		2.68772315979
4.62401008606		2.2919216156
4.6271340847		2.36296367645
4.63025903702		2.84502887726
4.63338398933		2.61668205261
4.63651204109		2.2817735672
4.63963508606		2.42385578156
4.64276003838		2.87547588348
4.64588904381		2.55071544647
4.64901089668		2.27162456512
4.65213704109		2.49997138977
4.65526986122		2.87547588348
4.6583878994		2.47967433929
4.66151309013		2.26147556305
4.66465401649		2.58116149902
4.66776299477		2.86025238037
4.67088985443		2.40863323212
4.67401385307		2.25132751465
4.6771440506		2.65727710724
4.68026685715		2.80950832367
4.68339085579		2.35788917542
4.68651986122		2.27669906616
4.68964290619		2.73339271545
4.69276785851		2.74861621857
4.69589304924		2.31729412079
4.69901704788		2.31221961975
4.70214486122		2.79428577423
4.70527505875		2.67757511139
4.70839500427		2.2919216156
4.71152305603		2.36803817749
4.71465802193		2.8501033783
4.71777105331		2.61160755157
4.72089600563		2.2817735672
4.72402191162		2.43907928467
4.72714996338		2.88055038452
4.73027086258		2.5405664444
4.73339700699		2.27162456512
4.73652505875		2.51519489288
4.73964905739		2.88055038452
4.74277496338		2.47459983826
4.74590086937		2.25640106201
4.74902486801		2.58623600006
4.75214791298		2.86025238037
4.7552819252		2.40863323212
4.75840091705		2.25640106201
4.76152706146		2.66742610931
4.76465797424		2.80443382263
4.76777791977		2.35281467438
4.77090406418		2.27669906616
4.77402687073		2.74861621857
4.77715706825		2.73846721649
4.78027796745		2.31221961975
4.78340506554		2.32236862183
4.78653097153		2.80443382263
4.78965401649		2.66742610931
4.79278302193		2.2919216156
4.79590702057		2.37311172485
4.79903101921		2.8501033783
4.80215787888		2.60145950317
4.80528306961		2.27669906616
4.80840706825		2.43907928467
4.81153893471		2.88562393188
4.81466388702		2.53549194336
4.81778693199		2.27162456512
4.82090902328		2.51519489288
4.82403492928		2.87040138245
4.82716298103		2.46445083618
4.83028388023		2.25640106201
4.83341002464		2.5913105011
4.83653688431		2.8501033783
4.83966398239		2.39848423004
4.84278702736		2.25640106201
4.84591507912		2.67250061035
4.84903788567		2.79428577423
4.85216403008		2.34774017334
4.85529398918		2.2817735672
4.85841298103		2.74354171753
4.86154007912		2.72831821442
4.86467504501		2.31221961975
4.86779093742		2.32744312286
4.87091708183		2.80443382263
4.87404108047		2.6522026062
4.87716794014		2.28684806824
4.88029503822		2.38326072693
4.88341808319		2.86025238037
4.88654899597		2.59638500214
4.88966989517		2.27669906616
4.89279389381		2.44415378571
4.8959209919		2.88562393188
4.89904499054		2.52534389496
4.90216994286		2.27162456512
4.9053030014		2.53041744232
4.90842700005		2.87040138245
4.91154694557		2.45430183411
4.91467785835		2.25640106201
4.9177980423		2.60145950317
4.92092394829		2.84502887726
4.92404699326		2.38833522797
4.92717385292		2.26147556305
4.93029999733		2.68264961243
4.93342208862		2.78921127319
4.93655204773		2.3426656723
4.93967485428		2.28684806824
4.94280004501		2.7536907196
4.945925951		2.72324466705
4.94904994965		2.30714511871
4.95217585564		2.33251667023
4.95530986786		2.81458282471
4.95842790604		2.65727710724
4.96155285835		2.28684806824
4.9646859169		2.38833522797
4.96780395508		2.86025238037
4.97092795372		2.5913105011
4.97405385971		2.27162456512
4.97718405724		2.45430183411
4.98030400276		2.88562393188
4.98343205452		2.51519489288
4.98655700684		2.26655006409
4.9896800518		2.53549194336
4.99280905724		2.87040138245
4.99593496323		2.44922733307
4.99905800819		2.26147556305
