0.000125169754028		2.33759117126
0.0041971206665		2.393409729
0.00720310211182		2.87547588348
0.0101990699768		2.49489688873
0.013190984726		2.2310295105
0.0161921977997		2.71817016602
0.0192041397095		2.73846721649
0.0221910476685		2.27669906616
0.0251920223236		2.45430183411
0.0282001495361		2.88562393188
0.0311930179596		2.43400478363
0.0341930389404		2.25640106201
0.0371930599213		2.78921127319
0.0402030944824		2.66742610931
0.0431931018829		2.24625301361
0.0461950302124		2.53549194336
0.0492022037506		2.86532688141
0.0522000789642		2.37311172485
0.0551960468292		2.30207061768
0.058207988739		2.8399553299
0.061233997345		2.5913105011
0.0642001628876		2.2310295105
0.0672011375427		2.61668205261
0.0702130794525		2.82980632782
0.0732090473175		2.32744312286
0.0762071609497		2.35788917542
0.0792150497437		2.86532688141
0.08220911026		2.53041744232
0.0852100849152		2.2310295105
0.0882182121277		2.69279766083
0.0912120342255		2.76891326904
0.094211101532		2.28684806824
0.0972092151642		2.42893028259
0.100213050842		2.88562393188
0.103212118149		2.45937633514
0.106211185455		2.24625301361
0.109215021133		2.75876522064
0.11221408844		2.69279766083
0.115212202072		2.25640106201
0.118213176727		2.50504589081
0.121214151382		2.87547588348
0.124214172363		2.393409729
0.127215147018		2.27669906616
0.130212068558		2.81458282471
0.13321518898		2.62175655365
0.136218070984		2.24117851257
0.139218091965		2.58116149902
0.142218112946		2.84502887726
0.145215988159		2.3426656723
0.148217201233		2.33251667023
0.151218175888		2.85517787933
0.154224157333		2.55071544647
0.157225131989		2.2310295105
0.160219192505		2.65727710724
0.163218021393		2.79428577423
0.166218996048		2.30207061768
0.16922211647		2.40355873108
0.172221183777		2.88055038452
0.175220012665		2.48474884033
0.178224086761		2.2310295105
0.181221008301		2.73339271545
0.184224128723		2.72831821442
0.187229156494		2.26655006409
0.190221071243		2.47459983826
0.193222045898		2.88562393188
0.196223020554		2.42385578156
0.199228048325		2.26655006409
0.202223062515		2.79428577423
0.20522403717		2.65727710724
0.208226203918		2.24625301361
0.211224079132		2.55071544647
0.214226007462		2.86025238037
0.217231035233		2.36296367645
0.220227003098		2.31221961975
0.223228216171		2.8399553299
0.226227998734		2.58116149902
0.229230165482		2.2310295105
0.232232093811		2.63190555573
0.235228061676		2.81965732574
0.238229036331		2.31729412079
0.241231203079		2.37311172485
0.244230031967		2.87040138245
0.247241020203		2.51012039185
0.250231981277		2.22595500946
0.253232002258		2.7029466629
0.256231069565		2.7536907196
0.259232997894		2.2817735672
0.262231111526		2.43907928467
0.26523399353		2.88562393188
0.268236160278		2.44415378571
0.271234035492		2.25132751465
0.274233102798		2.76891326904
0.277240991592		2.68264961243
0.28023815155		2.25132751465
0.28323507309		2.52534389496
0.286236047745		2.87040138245
0.289239168167		2.38326072693
0.292236089706		2.2919216156
0.295237064362		2.82473182678
0.298246145248		2.60653305054
0.301238059998		2.2310295105
0.304239988327		2.60145950317
0.307247161865		2.83488082886
0.31023812294		2.33251667023
0.313239097595		2.3426656723
0.316239118576		2.86025238037
0.319241046906		2.5405664444
0.322241067886		2.22595500946
0.325237989426		2.67250061035
0.328245162964		2.77906227112
0.331241130829		2.29699611664
0.334240198135		2.41370677948
0.337252140045		2.88562393188
0.340249061584		2.47459983826
0.343245983124		2.23610401154
0.346243143082		2.74354171753
0.349244117737		2.71309566498
0.352246046066		2.26147556305
0.355246067047		2.4898223877
0.358255147934		2.88055038452
0.361246109009		2.40863323212
0.36424612999		2.27162456512
0.367247104645		2.80443382263
0.370246171951		2.63698005676
0.373245000839		2.24117851257
0.376249074936		2.56593894958
0.379248142242		2.8501033783
0.382247209549		2.35281467438
0.385246992111		2.32236862183
0.388249158859		2.84502887726
0.391251087189		2.56593894958
0.394249200821		2.22595500946
0.397255182266		2.6420545578
0.400250196457		2.80443382263
0.403251171112		2.30714511871
0.40625		2.38326072693
0.409252166748		2.87547588348
0.412252187729		2.50504589081
0.415251016617		2.2310295105
0.418255090714		2.71817016602
0.421255111694		2.73846721649
0.424257040024		2.27162456512
0.427254199982		2.45937633514
0.430253982544		2.88562393188
0.433258056641		2.43400478363
0.436254024506		2.25640106201
0.439258098602		2.78413677216
0.442254066467		2.66742610931
0.44525718689		2.24625301361
0.448276996613		2.5405664444
0.451256990433		2.86532688141
0.454256057739		2.37311172485
0.4572660923		2.30207061768
0.46025800705		2.82980632782
0.46325802803		2.59638500214
0.466260194778		2.2310295105
0.469261169434		2.61160755157
0.472264051437		2.82980632782
0.475259065628		2.32236862183
0.478260993958		2.35788917542
0.481261014938		2.86532688141
0.484260082245		2.53041744232
0.487265110016		2.22595500946
0.490261077881		2.68772315979
0.493261098862		2.76891326904
0.496265172958		2.28684806824
0.499269008636		2.42385578156
0.502263069153		2.88562393188
0.505262136459		2.45937633514
0.508265018463		2.24117851257
0.511265039444		2.75876522064
0.514265060425		2.7029466629
0.51726603508		2.25640106201
0.520271062851		2.50504589081
0.52326798439		2.87547588348
0.526270151138		2.39848423004
0.529269218445		2.27669906616
0.532268047333		2.81458282471
0.535270214081		2.62683105469
0.538269042969		2.23610401154
0.541267156601		2.57608699799
0.544270992279		2.8399553299
0.547275066376		2.3426656723
0.550268173218		2.33251667023
0.553271055222		2.85517787933
0.556272983551		2.55071544647
0.559272050858		2.22595500946
0.562271118164		2.65727710724
0.565273046494		2.79936027527
0.56827712059		2.30207061768
0.571272134781		2.39848423004
0.57427406311		2.88055038452
0.577280044556		2.48474884033
0.580273151398		2.23610401154
0.583276033401		2.73339271545
0.586277008057		2.72831821442
0.589277029037		2.27162456512
0.592277050018		2.46952533722
0.595276117325		2.88562393188
0.598276138306		2.42385578156
0.601277112961		2.26147556305
0.604274988174		2.79428577423
0.607284069061		2.6522026062
0.610278129578		2.24117851257
0.613277196884		2.54564094543
0.616280078888		2.85517787933
0.619297027588		2.36296367645
0.62228012085		2.31221961975
0.625281095505		2.8399553299
0.628280162811		2.58116149902
0.631281137466		2.2310295105
0.63427901268		2.62683105469
0.637288093567		2.81965732574
0.640283107758		2.31729412079
0.643282175064		2.36803817749
0.646282196045		2.87040138245
0.649285078049		2.51519489288
0.652284145355		2.2310295105
0.655283212662		2.69787216187
0.658284187317		2.7536907196
0.661284208298		2.2817735672
0.664287090302		2.43907928467
0.667290210724		2.88562393188
0.670284032822		2.44922733307
0.67328619957		2.25132751465
0.676285028458		2.76891326904
0.679289102554		2.68772315979
0.682285070419		2.25132751465
0.685286045074		2.52026939392
0.68829202652		2.87547588348
0.691287994385		2.38833522797
0.694290161133		2.28684806824
0.697290182114		2.82473182678
0.700289011002		2.60653305054
0.703294992447		2.23610401154
0.706290006638		2.5913105011
0.70929312706		2.83488082886
0.712301015854		2.33251667023
0.715294122696		2.34774017334
0.71829199791		2.86025238037
0.72129201889		2.5405664444
0.724296092987		2.22595500946
0.727299213409		2.66742610931
0.730295181274		2.78413677216
0.733293056488		2.29699611664
0.73629617691		2.40863323212
0.73929810524		2.88562393188
0.742294073105		2.47967433929
0.745297193527		2.24117851257
0.748297214508		2.74354171753
0.751294136047		2.71309566498
0.754295110703		2.26147556305
0.757302999496		2.48474884033
0.760302066803		2.88055038452
0.763298034668		2.41370677948
0.766298055649		2.26655006409
0.769306182861		2.80443382263
0.772299051285		2.63698005676
0.775301218033		2.24117851257
0.778300046921		2.56086444855
0.781301021576		2.8501033783
0.784301996231		2.35281467438
0.787307024002		2.32236862183
0.790302038193		2.84502887726
0.793302059174		2.56593894958
0.79630112648		2.2310295105
0.79930305481		2.63698005676
0.802301168442		2.80950832367
0.805309057236		2.30714511871
0.808308124542		2.38326072693
0.811311006546		2.87547588348
0.814305067062		2.49997138977
0.817315101624		2.2310295105
0.820306062698		2.71817016602
0.823307037354		2.73846721649
0.82630610466		2.27162456512
0.829308986664		2.45430183411
0.832309007645		2.88562393188
0.835311174393		2.43400478363
0.838311195374		2.25640106201
0.841310024261		2.77906227112
0.844309091568		2.67250061035
0.847309112549		2.25132751465
0.85030913353		2.53549194336
0.85330915451		2.86532688141
0.856315135956		2.37311172485
0.859316110611		2.29699611664
0.862310171127		2.82980632782
0.865314006805		2.5913105011
0.868312120438		2.22595500946
0.871315002441		2.61160755157
0.874313116074		2.82473182678
0.877320051193		2.32744312286
0.880316019058		2.35281467438
0.883315086365		2.86025238037
0.886315107346		2.53041744232
0.889317035675		2.22595500946
0.892315149307		2.68772315979
0.895317077637		2.76891326904
0.898327112198		2.28684806824
0.901316165924		2.41878128052
0.904321193695		2.88562393188
0.907324075699		2.46445083618
0.91031908989		2.24117851257
0.913317203522		2.7536907196
0.916316986084		2.69787216187
0.919322013855		2.25640106201
0.922319173813		2.49997138977
0.925319194794		2.87547588348
0.928322076797		2.393409729
0.93134021759		2.27669906616
0.934321165085		2.80950832367
0.937330007553		2.62175655365
0.940323114395		2.24117851257
0.943322181702		2.57608699799
0.94632101059		2.84502887726
0.949324131012		2.3426656723
0.952327013016		2.33251667023
0.955322980881		2.8501033783
0.958325147629		2.56086444855
0.961327075958		2.22595500946
0.96432518959		2.6522026062
0.96732711792		2.79936027527
0.970324039459		2.30207061768
0.973327159882		2.393409729
0.976329088211		2.87547588348
0.979327201843		2.4898223877
0.982326984406		2.2310295105
0.985327005386		2.72831821442
0.98832821846		2.72324466705
0.991333007812		2.26655006409
0.994328022003		2.46952533722
0.997336149216		2.88562393188
1.00033211708		2.41878128052
1.00333118439		2.26147556305
1.0063290596		2.79428577423
1.00933408737		2.65727710724
1.01233100891		2.24625301361
1.01533412933		2.55071544647
1.01833415031		2.86025238037
1.02133321762		2.36296367645
1.02433300018		2.30714511871
1.0273411274		2.8399553299
1.03033304214		2.58623600006
1.0333340168		2.2310295105
1.03633308411		2.61668205261
1.03933501244		2.81965732574
1.04233503342		2.32236862183
1.0453350544		2.36296367645
1.04834103584		2.87040138245
1.05133605003		2.52026939392
1.05433702469		2.22595500946
1.05734705925		2.69787216187
1.06033802032		2.7536907196
1.06334018707		2.2817735672
1.06633901596		2.43907928467
1.06933903694		2.88562393188
1.07234120369		2.44922733307
1.07533812523		2.24625301361
1.07834219933		2.76383876801
1.08134007454		2.68772315979
1.08434605598		2.25132751465
1.08734321594		2.51519489288
1.09034109116		2.87040138245
1.09334111214		2.38833522797
1.09634709358		2.28684806824
1.099350214		2.81965732574
1.10234212875		2.61160755157
1.10534310341		2.23610401154
1.10834503174		2.5913105011
1.11134505272		2.83488082886
1.1143450737		2.33759117126
1.11735200882		2.3426656723
1.12034606934		2.86025238037
1.12334418297		2.54564094543
1.12634515762		2.22595500946
1.12934708595		2.66742610931
1.13234806061		2.78921127319
1.13534808159		2.29699611664
1.13835000992		2.40863323212
1.14134812355		2.88055038452
1.14435100555		2.47967433929
1.14735507965		2.2310295105
1.15034914017		2.73846721649
1.15335011482		2.71309566498
1.15634799004		2.25640106201
1.1593542099		2.47967433929
1.16235399246		2.88055038452
1.16534900665		2.41370677948
1.1683549881		2.27162456512
1.17135214806		2.80443382263
1.17435121536		2.6420545578
1.17736506462		2.24117851257
1.18035507202		2.56086444855
1.18335318565		2.8501033783
1.18635201454		2.35281467438
1.18935513496		2.31729412079
1.19236016273		2.84502887726
1.19535517693		2.57101249695
1.19835710526		2.22595500946
1.20135498047		2.63190555573
1.20435714722		2.80950832367
1.20736002922		2.31221961975
1.21035814285		2.37818622589
1.21335816383		2.87040138245
1.21635913849		2.50504589081
1.21936917305		2.22595500946
1.22235703468		2.71309566498
1.22535920143		2.74354171753
1.22836303711		2.27162456512
1.23135900497		2.44922733307
1.23435902596		2.88562393188
1.23736715317		2.43907928467
1.24036312103		2.25640106201
1.24336099625		2.77906227112
1.24636316299		2.67250061035
1.24936199188		2.24625301361
1.25236105919		2.53041744232
1.25536417961		2.86532688141
1.25836610794		2.37311172485
1.26136398315		2.29699611664
1.26436519623		2.82980632782
1.26736712456		2.59638500214
1.27037119865		2.2310295105
1.27336621284		2.60653305054
1.27636599541		2.82980632782
1.27936816216		2.32744312286
1.28236603737		2.35281467438
1.28536605835		2.86025238037
1.28837108612		2.53041744232
1.29136705399		2.22595500946
1.29436612129		2.68264961243
1.29737019539		2.76891326904
1.30037021637		2.2919216156
1.3033721447		2.41878128052
1.30636811256		2.88055038452
1.30937314034		2.45937633514
1.31237220764		2.24117851257
1.31537008286		2.74861621857
1.31837320328		2.7029466629
1.32137417793		2.25640106201
1.32437205315		2.49489688873
1.3273730278		2.87547588348
1.33037519455		2.39848423004
1.33337402344		2.27669906616
1.33637619019		2.80950832367
1.33937716484		2.62683105469
1.3423781395		2.24117851257
1.34537410736		2.57101249695
1.34837603569		2.8399553299
1.35137820244		2.3426656723
1.35437607765		2.32744312286
1.35737705231		2.8501033783
1.36038208008		2.55578994751
1.36338305473		2.22595500946
1.3663790226		2.6522026062
1.36938214302		2.79936027527
1.37237811089		2.30207061768
1.37537908554		2.38833522797
1.3783800602		2.87547588348
1.3813791275		2.4898223877
1.3843832016		2.2310295105
1.38738703728		2.72831821442
1.39038920403		2.72831821442
1.39338111877		2.26655006409
1.39638018608		2.46952533722
1.39938402176		2.88055038452
1.40238118172		2.42893028259
1.40538215637		2.26147556305
1.40838813782		2.78921127319
1.41138219833		2.65727710724
1.41438412666		2.24625301361
1.41739106178		2.54564094543
1.42038416862		2.86025238037
1.42338299751		2.36296367645
1.42638421059		2.30714511871
1.42938709259		2.83488082886
1.43239212036		2.58116149902
1.43538713455		2.2310295105
1.43838810921		2.61668205261
1.44138908386		2.81965732574
1.4443860054		2.31729412079
1.44739103317		2.36803817749
1.45038819313		2.86532688141
1.45339012146		2.52026939392
1.45639419556		2.2310295105
1.45939302444		2.69787216187
1.46239209175		2.74861621857
1.46539306641		2.2817735672
1.46839213371		2.43400478363
1.47139215469		2.88562393188
1.47439098358		2.44922733307
1.47739815712		2.25132751465
1.48039698601		2.75876522064
1.48339319229		2.68772315979
1.48639416695		2.25132751465
1.48940014839		2.51519489288
1.49239611626		2.87040138245
1.49539709091		2.38833522797
1.49840116501		2.28684806824
1.5013961792		2.81965732574
1.50439715385		2.61160755157
1.5074031353		2.2310295105
1.51039505005		2.5913105011
1.5133972168		2.83488082886
1.51639604568		2.33759117126
1.51940107346		2.3426656723
1.522397995		2.85517787933
1.52539801598		2.54564094543
1.52840518951		2.22595500946
1.53139901161		2.66235160828
1.53440117836		2.78921127319
1.53740715981		2.29699611664
1.54039907455		2.40355873108
1.54340100288		2.88055038452
1.54640007019		2.47459983826
1.54940915108		2.23610401154
1.55240416527		2.73846721649
1.55540204048		2.71309566498
1.55840420723		2.26147556305
1.56140303612		2.47967433929
1.56440401077		2.88055038452
1.56740617752		2.41370677948
1.5704061985		2.27162456512
1.57340312004		2.79936027527
1.57640719414		2.6420545578
1.57941317558		2.24625301361
1.58242821693		2.56086444855
1.58540701866		2.85517787933
1.58840918541		2.35788917542
1.59141016006		2.31729412079
1.5944070816		2.8399553299
1.59741306305		2.57101249695
1.60040998459		2.22595500946
1.6034090519		2.63190555573
1.60640907288		2.80950832367
1.60941314697		2.31221961975
1.61241102219		2.37818622589
1.61541104317		2.87040138245
1.61841201782		2.50504589081
1.6214120388		2.2310295105
1.62441515923		2.71309566498
1.62741804123		2.74354171753
1.63041114807		2.2817735672
1.63341403008		2.44922733307
1.63641500473		2.88562393188
1.63941717148		2.43907928467
1.64241909981		2.25132751465
1.64541220665		2.77398777008
1.648416996		2.67250061035
1.65141415596		2.24625301361
1.65441417694		2.52534389496
1.65742301941		2.86532688141
1.66041612625		2.37818622589
1.66341805458		2.29699611664
1.66641521454		2.82980632782
1.66942405701		2.59638500214
1.67242217064		2.2310295105
1.67541718483		2.60145950317
1.67842102051		2.82473182678
1.68141818047		2.32744312286
1.68441915512		2.35281467438
1.6874229908		2.86025238037
1.69042015076		2.53041744232
1.69341921806		2.2310295105
1.69642114639		2.67757511139
1.69942712784		2.76891326904
1.7024230957		2.2919216156
1.70542216301		2.41878128052
1.70842599869		2.88055038452
1.71142506599		2.45937633514
1.7144241333		2.24117851257
1.71742916107		2.74861621857
1.72042918205		2.7029466629
1.72342610359		2.25640106201
1.72642302513		2.49489688873
1.72942018509		2.87547588348
1.73241519928		2.40355873108
1.73542714119		2.27669906616
1.73843216896		2.80950832367
1.7414290905		2.62683105469
1.74442911148		2.24117851257
1.74743318558		2.57101249695
1.750426054		2.84502887726
1.75342798233		2.3426656723
1.75642800331		2.32744312286
1.75943112373		2.8501033783
1.76242804527		2.56086444855
1.76543211937		2.22595500946
1.76844120026		2.64712810516
1.77143001556		2.79936027527
1.77443099022		2.30714511871
1.77743911743		2.38833522797
1.78043103218		2.87547588348
1.78343319893		2.4898223877
1.78643202782		2.2310295105
1.78943610191		2.72324466705
1.79243421555		2.72831821442
1.79543209076		2.26655006409
1.7984380722		2.46445083618
1.80143404007		2.88055038452
1.80443406105		2.42893028259
1.80743718147		2.25640106201
1.81043601036		2.78413677216
1.81343507767		2.66235160828
1.81643915176		2.24625301361
1.81943798065		2.54564094543
1.82243704796		2.86025238037
1.82543706894		2.36803817749
1.82844519615		2.30714511871
1.83144021034		2.83488082886
1.83443808556		2.58623600006
1.83744716644		2.2310295105
1.84044003487		2.61668205261
1.84344005585		2.81965732574
1.8464410305		2.32236862183
1.84944105148		2.36296367645
1.85244011879		2.86532688141
1.8554391861		2.52534389496
1.85844516754		2.2310295105
1.86144113541		2.69279766083
1.8644452095		2.75876522064
1.86744809151		2.2817735672
1.87044405937		2.42893028259
1.87344408035		2.88055038452
1.87644314766		2.45430183411
1.87945199013		2.24625301361
1.88244509697		2.76383876801
1.8854470253		2.68772315979
1.88844799995		2.25132751465
1.89144301414		2.51012039185
1.89444613457		2.87547588348
1.89744710922		2.38833522797
1.9004471302		2.28684806824
1.90344715118		2.81965732574
1.90644907951		2.61668205261
1.90945005417		2.23610401154
1.91245102882		2.58623600006
1.91544914246		2.83488082886
1.91845202446		2.33759117126
1.92145419121		2.33759117126
1.9244492054		2.8501033783
1.92745399475		2.54564094543
1.93045020103		2.2310295105
1.93345117569		2.66235160828
1.93645215034		2.78921127319
1.93945503235		2.30207061768
1.94245219231		2.40355873108
1.94545316696		2.87547588348
1.94845509529		2.47967433929
1.95145320892		2.23610401154
1.95445299149		2.73339271545
1.95746207237		2.71817016602
1.96045899391		2.26147556305
1.96345710754		2.47459983826
1.96645712852		2.88055038452
1.96946501732		2.40863323212
1.97245812416		2.26655006409
1.97545814514		2.79428577423
1.9784591198		2.64712810516
1.98146009445		2.24117851257
1.98445916176		2.55578994751
1.98746705055		2.8501033783
1.99046015739		2.35788917542
1.99346017838		2.31729412079
1.99646115303		2.8399553299
1.99946308136		2.57608699799
2.00246214867		2.22595500946
2.00546121597		2.63190555573
2.00846505165		2.81458282471
2.01146316528		2.31221961975
2.01448106766		2.37818622589
2.01746320724		2.86532688141
2.0204641819		2.50504589081
2.0234670639		2.2310295105
2.02646398544		2.70802116394
2.02946519852		2.74354171753
2.03246617317		2.27669906616
2.03546619415		2.44415378571
2.03847002983		2.87547588348
2.0414750576		2.43907928467
2.04446601868		2.25132751465
2.04746699333		2.77398777008
2.05046606064		2.67250061035
2.05346798897		2.25132751465
2.05647110939		2.52534389496
2.05947113037		2.87040138245
2.06246805191		2.38326072693
2.06546998024		2.2919216156
2.06847119331		2.81965732574
2.07147216797		2.60145950317
2.07447099686		2.2310295105
2.07747602463		2.60145950317
2.08047318459		2.82473182678
2.08347201347		2.32744312286
2.08647298813		2.34774017334
2.08948016167		2.86025238037
2.09247303009		2.53549194336
2.09547114372		2.22595500946
2.09847712517		2.67757511139
2.10147309303		2.77398777008
2.1044781208		2.28684806824
2.10748505592		2.42385578156
2.11047506332		2.88055038452
2.11347603798		2.46445083618
2.11647605896		2.24117851257
2.11948013306		2.74354171753
2.12247800827		2.7029466629
2.12547707558		2.25640106201
2.12848210335		2.49489688873
2.13147711754		2.87547588348
2.13447809219		2.40355873108
2.13748502731		2.27669906616
2.14047908783		2.80443382263
2.14347910881		2.63190555573
2.14648103714		2.24117851257
2.1494820118		2.56593894958
2.15248298645		2.84502887726
2.15548300743		2.3426656723
2.15848302841		2.32236862183
2.16148114204		2.84502887726
2.16448116302		2.56086444855
2.1674849987		2.22595500946
2.17048215866		2.64712810516
2.17348313332		2.80443382263
2.17648720741		2.30714511871
2.17949199677		2.393409729
2.18248510361		2.87547588348
2.18548703194		2.49489688873
2.18848919868		2.2310295105
2.19148612022		2.72324466705
2.1944861412		2.72831821442
2.19749498367		2.27162456512
2.20049500465		2.45937633514
2.20348620415		2.88055038452
2.20648598671		2.42385578156
2.20948910713		2.26147556305
2.21249008179		2.78413677216
2.21549010277		2.66235160828
2.21849107742		2.24625301361
2.22149014473		2.5405664444
2.22449111938		2.86025238037
2.22749614716		2.36803817749
2.23049020767		2.30207061768
2.233492136		2.82980632782
2.23649215698		2.5913105011
2.23949313164		2.22595500946
2.24249505997		2.61160755157
2.24549412727		2.81965732574
2.24850010872		2.32236862183
2.25149321556		2.36296367645
2.25449204445		2.86532688141
2.25750303268		2.52026939392
2.26049518585		2.22595500946
2.26349711418		2.68772315979
2.26649403572		2.75876522064
2.26950216293		2.2817735672
2.2724981308		2.42893028259
2.2754971981		2.88055038452
2.27849912643		2.45430183411
2.28149819374		2.24625301361
2.28449702263		2.76383876801
2.28749704361		2.69279766083
2.29049801826		2.25132751465
2.29351711273		2.51012039185
2.29650521278		2.87040138245
2.29950618744		2.393409729
2.3025021553		2.2817735672
2.30550003052		2.81458282471
2.30850315094		2.61160755157
2.31150102615		2.23610401154
2.31450200081		2.58116149902
2.31751203537		2.83488082886
2.32050609589		2.33759117126
2.32350111008		2.33759117126
2.32650303841		2.8501033783
2.32950520515		2.54564094543
2.33250617981		2.2310295105
2.33550715446		2.66235160828
2.33851099014		2.78921127319
2.34150600433		2.29699611664
2.34450817108		2.39848423004
2.34751415253		2.88055038452
2.35050606728		2.48474884033
2.35350608826		2.2310295105
2.35650706291		2.73339271545
2.35952019691		2.71817016602
2.36251306534		2.26147556305
2.36550807953		2.46952533722
2.36851119995		2.88055038452
2.37151098251		2.41370677948
2.37451004982		2.26655006409
2.37751698494		2.79428577423
2.38051199913		2.6420545578
2.38351202011		2.24117851257
2.38651800156		2.55578994751
2.38951921463		2.8501033783
2.39251804352		2.35788917542
2.39551401138		2.31729412079
2.39851403236		2.8399553299
2.40151405334		2.57608699799
2.40451407433		2.22595500946
2.40751504898		2.62683105469
2.41051411629		2.81458282471
2.41351509094		2.31729412079
2.4165160656		2.37311172485
2.41951608658		2.87040138245
2.42251515388		2.50504589081
2.42551803589		2.23610401154
2.42851901054		2.70802116394
2.4315161705		2.74861621857
2.43451905251		2.2817735672
2.43752598763		2.44415378571
2.44052314758		2.88055038452
2.44351816177		2.43907928467
2.44651818275		2.25640106201
2.44952106476		2.76891326904
2.45252203941		2.67757511139
2.45552110672		2.25132751465
2.45852208138		2.52026939392
2.46152210236		2.86532688141
2.46452212334		2.37818622589
2.46752810478		2.2919216156
2.47052407265		2.81965732574
2.47352218628		2.60145950317
2.47652602196		2.2310295105
2.47952914238		2.59638500214
2.48252606392		2.82980632782
2.48552513123		2.32744312286
2.488530159		2.34774017334
2.49152612686		2.85517787933
2.49452519417		2.5405664444
2.49752807617		2.2310295105
2.5005261898		2.67250061035
2.50352811813		2.77398777008
2.50652599335		2.2919216156
2.50952720642		2.41370677948
2.51253008842		2.87547588348
2.51552820206		2.46952533722
2.51853203773		2.24117851257
2.52152919769		2.74354171753
2.5245320797		2.70802116394
2.52753019333		2.25640106201
2.53053116798		2.4898223877
2.53353118896		2.88055038452
2.53653502464		2.40355873108
2.5395321846		2.27162456512
2.54253101349		2.80443382263
2.54553413391		2.62683105469
2.54853510857		2.24117851257
2.55153298378		2.56593894958
2.55453419685		2.84502887726
2.5575401783		2.35281467438
2.56053519249		2.32744312286
2.5635330677		2.84502887726
2.56653308868		2.56593894958
2.56953716278		2.22595500946
2.57254219055		2.64712810516
2.57553815842		2.79936027527
2.57854104042		2.30714511871
2.58153700829		2.38326072693
2.58454108238		2.87040138245
2.58754706383		2.49489688873
2.59054017067		2.2310295105
2.59353709221		2.71309566498
2.59654021263		2.73339271545
2.59954309464		2.27162456512
2.6025390625		2.45937633514
2.60554099083		2.88055038452
2.60854506493		2.42893028259
2.61154103279		2.26147556305
2.61454105377		2.78413677216
2.61754798889		2.66235160828
2.62054300308		2.24625301361
2.62354207039		2.53549194336
2.62656211853		2.85517787933
2.62954211235		2.36803817749
2.6325480938		2.30714511871
2.63554501534		2.82980632782
2.63854718208		2.58623600006
2.64154720306		2.2310295105
2.64454603195		2.61160755157
2.64755010605		2.82473182678
2.65054512024		2.32236862183
2.65354704857		2.35788917542
2.65654706955		2.86532688141
2.6595480442		2.52534389496
2.66254711151		2.2310295105
2.66555309296		2.68772315979
2.66854906082		2.75876522064
2.6715490818		2.28684806824
2.67454910278		2.42385578156
2.6775560379		2.88055038452
2.68055319786		2.45430183411
2.6835501194		2.24625301361
2.68655109406		2.75876522064
2.68955206871		2.68772315979
2.69255113602		2.25132751465
2.69555306435		2.50504589081
2.69855809212		2.87040138245
2.70155310631		2.393409729
2.7045571804		2.2817735672
2.70756101608		2.80950832367
2.71055698395		2.61668205261
2.71355700493		2.23610401154
2.71655416489		2.58116149902
2.71955704689		2.83488082886
2.72255516052		2.33759117126
2.72555613518		2.33251667023
2.72856116295		2.8501033783
2.73155808449		2.55578994751
2.73455500603		2.22595500946
2.73756408691		2.6522026062
2.7405591011		2.78921127319
2.74356102943		2.29699611664
2.74655914307		2.39848423004
2.74955821037		2.88055038452
2.75256109238		2.48474884033
2.75555801392		2.23610401154
2.7585670948		2.73339271545
2.76156115532		2.71817016602
2.76455998421		2.26655006409
2.76756215096		2.47459983826
2.77056717873		2.88055038452
2.77356314659		2.41370677948
2.77656602859		2.26655006409
2.77956414223		2.78921127319
2.78256320953		2.64712810516
2.7855629921		2.24625301361
2.78856611252		2.55071544647
2.79156708717		2.8501033783
2.79456520081		2.35281467438
2.79757118225		2.31221961975
2.80056715012		2.83488082886
2.80356502533		2.57608699799
2.80656719208		2.2310295105
2.80956816673		2.62683105469
2.81256818771		2.81458282471
2.81556820869		2.31729412079
2.81856918335		2.36803817749
2.82156801224		2.86532688141
2.82457113266		2.51012039185
2.82757711411		2.2310295105
2.83056902885		2.69787216187
2.83356809616		2.74861621857
2.83657217026		2.2817735672
2.83957409859		2.44415378571
2.84257221222		2.88055038452
2.84557509422		2.44415378571
2.84857702255		2.25132751465
2.85157608986		2.76891326904
2.85457205772		2.67757511139
2.85757899284		2.25132751465
2.86057305336		2.52026939392
2.86357402802		2.86532688141
2.86657500267		2.38326072693
2.86957716942		2.2919216156
2.87257814407		2.82473182678
2.87557721138		2.60653305054
2.87857913971		2.23610401154
2.88157701492		2.5913105011
2.88457608223		2.82980632782
2.88758015633		2.33251667023
2.89057803154		2.34774017334
2.89357805252		2.85517787933
2.89657902718		2.53549194336
2.89958405495		2.22595500946
2.90258002281		2.66742610931
2.90558004379		2.77398777008
2.90858221054		2.2919216156
2.91157913208		2.41370677948
2.91458106041		2.87547588348
2.91758704185		2.46952533722
2.92058610916		2.24117851257
2.92358112335		2.74354171753
2.92658114433		2.7029466629
2.92958402634		2.25640106201
2.93258404732		2.4898223877
2.93558716774		2.88055038452
2.93858408928		2.40355873108
2.94158411026		2.27669906616
2.94459414482		2.80443382263
2.9475440979		2.6420545578
2.95045113564		2.24625301361
2.95345211029		2.5405664444
2.95645213127		2.86025238037
2.95946311951		2.36296367645
2.96245908737		2.30207061768
2.9654610157		2.82980632782
2.96847105026		2.58623600006
2.97146105766		2.2310295105
2.97448015213		2.61668205261
2.97746920586		2.81458282471
2.98046517372		2.32236862183
2.9834651947		2.36296367645
2.98646211624		2.86025238037
2.98947000504		2.52026939392
2.99246501923		2.2310295105
2.99546313286		2.69279766083
2.99846506119		2.75876522064
3.00146508217		2.2817735672
3.00446605682		2.42893028259
3.00746798515		2.88055038452
3.01046705246		2.44415378571
3.01346707344		2.24625301361
3.01647520065		2.75876522064
3.01946902275		2.68772315979
3.02246713638		2.25132751465
3.02547001839		2.50504589081
3.02847099304		2.87040138245
3.03147506714		2.38833522797
3.03447008133		2.28684806824
3.03748202324		2.81458282471
3.04047417641		2.61160755157
3.04347014427		2.23610401154
3.04647302628		2.58623600006
3.04947304726		2.83488082886
3.05247211456		2.33759117126
3.05551815033		2.34774017334
3.05847811699		2.8501033783
3.06147408485		2.54564094543
3.06448316574		2.2310295105
3.06748104095		2.66235160828
3.0704741478		2.78413677216
3.07347416878		2.30207061768
3.07647514343		2.39848423004
3.07948708534		2.87547588348
3.08247709274		2.47459983826
3.08547711372		2.23610401154
3.08848214149		2.73339271545
3.09147906303		2.71309566498
3.09447813034		2.26655006409
3.09748005867		2.47967433929
3.10048103333		2.88055038452
3.10348010063		2.41370677948
3.10647916794		2.26655006409
3.10948109627		2.79428577423
3.11249113083		2.6420545578
3.11548113823		2.24625301361
3.11848306656		2.55578994751
3.12148308754		2.8501033783
3.12448406219		2.35281467438
3.12748599052		2.31729412079
3.13049006462		2.8399553299
3.13348317146		2.57101249695
3.13648700714		2.2310295105
3.13948607445		2.63190555573
3.14248514175		2.80950832367
3.14548707008		2.31221961975
3.14848899841		2.37311172485
3.15148711205		2.86532688141
3.15448713303		2.51012039185
3.15749502182		2.2310295105
3.1604950428		2.7029466629
3.16349005699		2.74354171753
3.16648817062		2.27669906616
3.16949415207		2.44922733307
3.17249107361		2.87547588348
3.17549204826		2.43907928467
3.17849111557		2.25132751465
3.18149209023		2.77398777008
3.18449211121		2.67757511139
3.18749904633		2.24625301361
3.19049119949		2.52026939392
3.19349217415		2.86532688141
3.19649100304		2.37311172485
3.19949412346		2.30207061768
3.20249414444		2.82473182678
3.20549416542		2.60145950317
3.20850300789		2.23610401154
3.21149420738		2.59638500214
3.21449518204		2.82980632782
3.21750116348		2.32744312286
3.22049498558		2.34774017334
3.22350406647		2.85517787933
3.22649598122		2.53041744232
3.22949910164		2.22595500946
3.23250007629		2.67250061035
3.23549604416		2.77398777008
3.23850011826		2.2919216156
3.24149703979		2.41878128052
3.24450016022		2.88055038452
3.24750208855		2.46445083618
3.25050115585		2.24117851257
3.25349903107		2.74861621857
3.2565100193		2.7029466629
3.25950217247		2.25640106201
3.26249909401		2.4898223877
3.26550006866		2.87547588348
3.26850199699		2.40355873108
3.27150416374		2.27669906616
3.27450299263		2.80443382263
3.27751111984		2.62683105469
3.28050613403		2.24117851257
3.2835021019		2.56593894958
3.28650307655		2.8399553299
3.28950715065		2.34774017334
3.29250502586		2.32236862183
3.29550504684		2.84502887726
3.29851102829		2.56086444855
3.30150699615		2.22595500946
3.30451512337		2.64712810516
3.30751514435		2.79428577423
3.3105070591		2.30714511871
3.31350803375		2.38833522797
3.31651306152		2.87040138245
3.31951403618		2.49489688873
3.32251119614		2.23610401154
3.32551002502		2.71817016602
3.3285150528		2.72831821442
3.33150911331		2.27162456512
3.33451008797		2.45937633514
3.33752012253		2.88055038452
3.34051299095		2.42893028259
3.34351420403		2.26147556305
3.34651303291		2.77906227112
3.34951305389		2.66235160828
3.35252118111		2.24625301361
3.35551309586		2.53549194336
3.35852098465		2.85517787933
3.36151409149		2.36803817749
3.36452913284		2.30714511871
3.36751914024		2.82980632782
3.37051606178		2.58623600006
3.37351703644		2.23610401154
3.37652015686		2.61160755157
3.37952303886		2.81965732574
3.38251805305		2.32236862183
3.38551807404		2.36296367645
3.38851904869		2.86532688141
3.39151906967		2.52026939392
3.3945171833		2.22595500946
3.39752602577		2.68772315979
3.40052700043		2.7536907196
3.40351915359		2.28684806824
3.40652012825		2.42893028259
3.4095261097		2.87547588348
3.41252112389		2.45430183411
3.41552400589		2.25132751465
3.41852402687		2.75876522064
3.42152118683		2.68772315979
3.42452311516		2.25640106201
3.4275290966		2.51012039185
3.43052315712		2.87040138245
3.43352198601		2.38833522797
3.43652415276		2.2817735672
3.43952512741		2.81458282471
3.44252514839		2.61668205261
3.4455242157		2.23610401154
3.44853305817		2.58116149902
3.45152521133		2.83488082886
3.4545249939		2.3426656723
3.45753312111		2.33759117126
3.46052718163		2.8501033783
3.46353006363		2.54564094543
3.46652817726		2.22595500946
3.46952819824		2.65727710724
3.47253012657		2.78413677216
3.47552919388		2.29699611664
3.47853016853		2.39848423004
3.48152899742		2.87547588348
3.4845290184		2.47967433929
3.4875330925		2.23610401154
3.49053215981		2.72831821442
3.49353098869		2.71309566498
3.49654102325		2.26147556305
3.49954009056		2.47459983826
3.50254011154		2.88055038452
3.50553417206		2.41370677948
3.50853800774		2.26655006409
3.51153707504		2.79428577423
3.51453304291		2.6420545578
3.51753401756		2.24117851257
3.52053713799		2.55071544647
3.5235350132		2.8501033783
3.52653813362		2.35788917542
3.52953910828		2.31729412079
3.53253602982		2.8399553299
3.53553915024		2.57608699799
3.53853917122		2.2310295105
3.54153800011		2.62683105469
3.54454517365		2.80950832367
3.54754400253		2.31221961975
3.55053806305		2.37311172485
3.55353999138		2.87040138245
3.55653905869		2.51012039185
3.55954408646		2.2310295105
3.56253910065		2.7029466629
3.5655400753		2.74354171753
3.56854510307		2.27669906616
3.57154011726		2.43907928467
3.57454204559		2.87547588348
3.57755017281		2.43907928467
3.58054208755		2.25132751465
3.58354306221		2.76891326904
3.58654499054		2.67757511139
3.58954501152		2.25132751465
3.59255218506		2.52026939392
3.59555006027		2.86532688141
3.59854698181		2.37818622589
3.60154414177		2.2919216156
3.60454511642		2.81965732574
3.6075501442		2.60145950317
3.61054611206		2.23610401154
3.61354398727		2.59638500214
3.61654806137		2.82473182678
3.61954808235		2.33251667023
3.62254905701		2.34774017334
3.62554812431		2.85517787933
3.62854909897		2.53549194336
3.6315510273		2.2310295105
3.63454818726		2.67250061035
3.63755917549		2.77398777008
3.64056110382		2.2919216156
3.64355015755		2.40863323212
3.64655017853		2.87547588348
3.64955306053		2.46952533722
3.65255308151		2.24117851257
3.65555620193		2.74354171753
3.65855407715		2.7029466629
3.66155409813		2.26147556305
3.66455411911		2.4898223877
3.66755914688		2.87547588348
3.67055606842		2.40863323212
3.67355418205		2.27669906616
3.67655301094		2.79936027527
3.67955803871		2.63190555573
3.68255519867		2.24117851257
3.685557127		2.56593894958
3.6885740757		2.84502887726
3.69155812263		2.34774017334
3.69455599785		2.32744312286
3.69755911827		2.84502887726
3.7005610466		2.56086444855
3.70356321335		2.2310295105
3.70656013489		2.6420545578
3.70956015587		2.79936027527
3.71256113052		2.30207061768
3.71556210518		2.38326072693
3.71855998039		2.86532688141
3.72156119347		2.49489688873
3.72456502914		2.23610401154
3.72756505013		2.71817016602
3.73056221008		2.73339271545
3.73356318474		2.27162456512
3.73657417297		2.46445083618
3.73956513405		2.88055038452
3.74256420135		2.42893028259
3.74556517601		2.25640106201
3.74856710434		2.77906227112
3.75156712532		2.65727710724
3.75456619263		2.24625301361
3.75757408142		2.53549194336
3.76056814194		2.86025238037
3.76356720924		2.36803817749
3.76656603813		2.30207061768
3.76957607269		2.83488082886
3.77256917953		2.5913105011
3.77557206154		2.2310295105
3.77857303619		2.61160755157
3.78157615662		2.81965732574
3.78457808495		2.32236862183
3.78757715225		2.35788917542
3.79057312012		2.86025238037
3.79357099533		2.52026939392
3.79657006264		2.2310295105
3.79957509041		2.68772315979
3.80257201195		2.7536907196
3.80559015274		2.2817735672
3.8085770607		2.42893028259
3.81157302856		2.88055038452
3.81457304955		2.45430183411
3.81758117676		2.24625301361
3.82057404518		2.7536907196
3.82357406616		2.69279766083
3.82657504082		2.25132751465
3.82957601547		2.50504589081
3.83258414268		2.87040138245
3.8355782032		2.393409729
3.83857798576		2.2817735672
3.84157800674		2.81458282471
3.84458112717		2.61668205261
3.84758210182		2.23610401154
3.85057902336		2.58116149902
3.85357809067		2.83488082886
3.85658216476		2.3426656723
3.8595790863		2.33759117126
3.86258220673		2.8501033783
3.86558413506		2.54564094543
3.86858415604		2.23610401154
3.87158298492		2.65727710724
3.87458610535		2.78413677216
3.87759017944		2.30207061768
3.88059210777		2.40355873108
3.88358306885		2.87547588348
3.88658213615		2.48474884033
3.88958311081		2.23610401154
3.89258408546		2.72831821442
3.89558506012		2.71817016602
3.89859414101		2.26655006409
3.90158605576		2.47459983826
3.90458917618		2.87547588348
3.90759301186		2.41370677948
3.91058516502		2.26655006409
3.91358709335		2.78921127319
3.91658711433		2.6522026062
3.91958904266		2.24625301361
3.9225871563		2.55071544647
3.92558908463		2.85517787933
3.92859816551		2.35788917542
3.93158912659		2.31729412079
3.93458914757		2.83488082886
3.93759608269		2.57608699799
3.9405901432		2.2310295105
3.94359302521		2.62175655365
3.94659018517		2.80950832367
3.94959115982		2.31221961975
3.95259308815		2.36803817749
3.95559310913		2.86532688141
3.95859503746		2.51012039185
3.96159219742		2.2310295105
3.96459317207		2.69787216187
3.96760201454		2.74354171753
3.97059416771		2.2817735672
3.97359418869		2.44415378571
3.97660303116		2.87547588348
3.97959399223		2.44415378571
3.98259520531		2.25132751465
3.98559617996		2.76891326904
3.98859810829		2.67757511139
3.9916009903		2.25132751465
3.99459815025		2.51519489288
3.99760317802		2.86532688141
4.00059819221		2.38326072693
4.00359916687		2.2919216156
4.00660014153		2.82473182678
4.00960016251		2.60145950317
4.01260209084		2.23610401154
4.01560115814		2.59638500214
4.01860308647		2.82980632782
4.02160000801		2.32744312286
4.0246090889		2.34774017334
4.02761006355		2.85517787933
4.03060317039		2.53549194336
4.03360199928		2.2310295105
4.03660321236		2.66742610931
4.03960704803		2.77398777008
4.04260206223		2.2919216156
4.04560399055		2.40863323212
4.04860806465		2.87040138245
4.05160498619		2.46952533722
4.05460309982		2.24117851257
4.05761218071		2.73846721649
4.06061220169		2.7029466629
4.06360816956		2.25640106201
4.06660604477		2.4898223877
4.06960606575		2.87547588348
4.07261514664		2.40355873108
4.07560920715		2.27162456512
4.07861018181		2.79936027527
4.08161020279		2.63190555573
4.08460998535		2.24625301361
4.08761310577		2.56593894958
4.09060907364		2.84502887726
4.09361100197		2.35281467438
4.09661221504		2.32236862183
4.09961819649		2.84502887726
4.10261106491		2.56593894958
4.10561203957		2.2310295105
4.10861301422		2.6420545578
4.11161398888		2.79936027527
4.11461400986		2.30714511871
4.1176199913		2.37818622589
4.12062120438		2.87040138245
4.1236140728		2.49997138977
4.12661314011		2.23610401154
4.12961602211		2.71309566498
4.13261699677		2.73339271545
4.13561916351		2.27669906616
4.1386179924		2.45937633514
4.14161610603		2.88055038452
4.14461898804		2.42893028259
4.1476252079		2.26147556305
4.15061712265		2.77906227112
4.15362501144		2.66235160828
4.15661907196		2.25132751465
4.15962219238		2.53549194336
4.16261816025		2.86532688141
4.16562008858		2.37311172485
4.16863107681		2.30207061768
4.17162203789		2.83488082886
4.17462015152		2.5913105011
4.17762804031		2.2310295105
4.18062114716		2.60653305054
4.18362402916		2.81965732574
4.18662309647		2.32236862183
4.18962311745		2.35788917542
4.19262504578		2.86025238037
4.19562220573		2.52534389496
4.19862604141		2.2310295105
4.20162606239		2.68772315979
4.20462417603		2.76383876801
4.20762705803		2.28684806824
4.21062707901		2.42385578156
4.21362709999		2.87547588348
4.21663403511		2.45430183411
4.21962809563		2.24625301361
4.22262716293		2.7536907196
4.22562718391		2.69279766083
4.22862911224		2.25640106201
4.23163104057		2.49997138977
4.23462820053		2.87547588348
4.23763608932		2.393409729
4.24063110352		2.2817735672
4.24362921715		2.80950832367
4.24663519859		2.62175655365
4.24963116646		2.24117851257
4.25263214111		2.57608699799
4.25563311577		2.83488082886
4.25863409042		2.3426656723
4.26163101196		2.33759117126
4.2646420002		2.8501033783
4.26763510704		2.55071544647
4.27063417435		2.2310295105
4.27363419533		2.6522026062
4.27663516998		2.78921127319
4.27964019775		2.29699611664
4.28263521194		2.393409729
4.28563499451		2.86532688141
4.28864002228		2.4898223877
4.29163503647		2.23610401154
4.29463601112		2.72831821442
4.29763817787		2.71309566498
4.30066013336		2.26655006409
4.30364012718		2.47459983826
4.3066380024		2.88055038452
4.30964016914		2.42385578156
4.31264710426		2.26655006409
4.31563806534		2.78921127319
4.31864118576		2.64712810516
4.32164001465		2.24625301361
4.32463908195		2.54564094543
4.32764601707		2.8501033783
4.33064198494		2.36296367645
4.33364105225		2.31221961975
4.33664512634		2.83488082886
4.33965206146		2.57608699799
4.34264421463		2.2310295105
4.34564304352		2.62683105469
4.34864401817		2.81458282471
4.35164499283		2.31729412079
4.35464310646		2.37311172485
4.35764503479		2.86532688141
4.36065816879		2.51012039185
4.3636469841		2.23610401154
4.36664700508		2.69787216187
4.36964821815		2.74861621857
4.37264704704		2.2817735672
4.37564921379		2.43907928467
4.37865018845		2.87547588348
4.38164806366		2.44415378571
4.38465118408		2.25640106201
4.3876581192		2.76383876801
4.3906481266		2.68264961243
4.39364910126		2.25132751465
4.39664912224		2.52026939392
4.39965200424		2.86532688141
4.40265107155		2.38326072693
4.4056520462		2.29699611664
4.40866017342		2.81965732574
4.41165208817		2.60653305054
4.41465115547		2.23610401154
4.41765999794		2.5913105011
4.42065215111		2.82980632782
4.42365813255		2.33251667023
4.42665314674		2.3426656723
4.42965507507		2.85517787933
4.43266320229		2.53549194336
4.43565607071		2.23610401154
4.43865799904		2.66742610931
4.441655159		2.77906227112
4.44465613365		2.2919216156
4.44765806198		2.40863323212
4.45065712929		2.87547588348
4.45365715027		2.47459983826
4.45666503906		2.24117851257
4.45966100693		2.73846721649
4.46265816689		2.70802116394
4.46565914154		2.26655006409
4.4686601162		2.48474884033
4.47166419029		2.87547588348
4.47466015816		2.40863323212
4.47766804695		2.27669906616
4.48066306114		2.79936027527
4.48365998268		2.63698005676
4.48666214943		2.24117851257
4.48966407776		2.56086444855
4.49266409874		2.84502887726
4.49566411972		2.35281467438
4.49866700172		2.32236862183
4.50166416168		2.8399553299
4.50467514992		2.56593894958
4.50767207146		2.2310295105
4.51066398621		2.63698005676
4.51366615295		2.80443382263
4.51666617393		2.30714511871
4.51967215538		2.38326072693
4.52266716957		2.87040138245
4.52567315102		2.49997138977
4.52867102623		2.23610401154
4.53166699409		2.71309566498
4.53466820717		2.73846721649
4.53767704964		2.27669906616
4.54066801071		2.45430183411
4.54367113113		2.88055038452
4.54667115211		2.42893028259
4.54967308044		2.25640106201
4.55268001556		2.77906227112
4.55567121506		2.66235160828
4.55867505074		2.25132751465
4.56167221069		2.53549194336
4.56467199326		2.86025238037
4.56767606735		2.37311172485
4.57067513466		2.30207061768
4.5736720562		2.82473182678
4.57667613029		2.59638500214
4.5796790123		2.2310295105
4.58267402649		2.60653305054
4.58567619324		2.82473182678
4.58867716789		2.32744312286
4.59167814255		2.35788917542
4.59467506409		2.86025238037
4.59768509865		2.52534389496
4.6006860733		2.2310295105
4.6036760807		2.68264961243
4.60667705536		2.76383876801
4.60967898369		2.28684806824
4.61267805099		2.41878128052
4.61568212509		2.87547588348
4.61868715286		2.45937633514
4.62168121338		2.24625301361
4.62468314171		2.7536907196
4.62768602371		2.69279766083
4.6306810379		2.25640106201
4.63368201256		2.49997138977
4.63668107986		2.87040138245
4.63968420029		2.393409729
4.6426820755		2.2817735672
4.64568305016		2.80950832367
4.64869308472		2.62175655365
4.65168499947		2.24117851257
4.65468406677		2.58116149902
4.65769100189		2.83488082886
4.66068410873		2.3426656723
4.66368818283		2.33759117126
4.66668510437		2.84502887726
4.66969203949		2.55071544647
4.67268800735		2.2310295105
4.67568802834		2.6522026062
4.67869114876		2.78921127319
4.6816880703		2.30207061768
4.68468809128		2.39848423004
4.68769216537		2.87040138245
4.69068717957		2.48474884033
4.69368815422		2.23610401154
4.69669914246		2.73339271545
4.69969511032		2.71817016602
4.70269012451		2.27162456512
4.70569014549		2.46445083618
4.7086930275		2.87547588348
4.71170020103		2.41878128052
4.71469020844		2.26655006409
4.7176990509		2.78413677216
4.72069406509		2.64712810516
4.7236931324		2.24117851257
4.72669315338		2.55071544647
4.72969508171		2.85517787933
4.73269414902		2.35788917542
4.73569417		2.31221961975
4.738697052		2.83488082886
4.74169611931		2.58116149902
4.7447052002		2.23610401154
4.74770402908		2.62683105469
4.75069499016		2.81965732574
4.75369620323		2.31729412079
4.75669598579		2.37818622589
4.75970315933		2.86025238037
4.76270008087		2.51012039185
4.76569914818		2.2310295105
4.76870799065		2.69787216187
4.77170014381		2.7536907196
4.77470016479		2.2817735672
4.77771019936		2.43907928467
4.78070402145		2.88055038452
4.78370213509		2.44415378571
4.78670120239		2.25132751465
4.78970313072		2.76383876801
4.79271006584		2.68264961243
4.79570412636		2.25132751465
4.79870414734		2.51012039185
4.80170512199		2.86532688141
4.804708004		2.38833522797
4.80770802498		2.2919216156
4.81070399284		2.81458282471
4.81370520592		2.61160755157
4.81670713425		2.23610401154
4.81970500946		2.58623600006
4.82270407677		2.82980632782
4.82570815086		2.33759117126
4.82871007919		2.3426656723
4.8317091465		2.8501033783
4.83470702171		2.5405664444
4.83771705627		2.2310295105
4.84071707726		2.66742610931
4.8437101841		2.77906227112
4.84670805931		2.2919216156
4.84970998764		2.40863323212
4.85270905495		2.87547588348
4.85571312904		2.46952533722
4.85871601105		2.23610401154
4.86171221733		2.73846721649
4.86471414566		2.70802116394
4.86772108078		2.26147556305
4.87071204185		2.47967433929
4.8737142086		2.87547588348
4.87671113014		2.39848423004
4.8797211647		2.27162456512
4.88271617889		2.79428577423
4.88571500778		2.63698005676
4.88872599602		2.24625301361
4.89171409607		2.56086444855
4.8947160244		2.84502887726
4.89772415161		2.34774017334
4.90071821213		2.32236862183
4.90372300148		2.8399553299
4.906717062		2.56086444855
4.90971803665		2.2310295105
4.9127202034		2.63190555573
4.91571903229		2.80443382263
4.91872000694		2.31221961975
4.92171812057		2.38326072693
4.9247200489		2.86532688141
4.92772221565		2.49997138977
4.93072104454		2.23610401154
4.93372011185		2.70802116394
4.93672919273		2.72831821442
4.93972110748		2.27669906616
4.94272017479		2.44922733307
4.94572401047		2.88055038452
4.94872498512		2.43907928467
4.9517250061		2.25640106201
4.95472407341		2.77398777008
4.95773005486		2.66742610931
4.96072506905		2.25132751465
4.9637260437		2.53041744232
4.96672320366		2.8501033783
4.96973109245		2.37311172485
4.97272706032		2.30207061768
4.9757270813		2.82473182678
4.97872900963		2.59638500214
4.98172616959		2.23610401154
4.98473501205		2.60145950317
4.98773407936		2.81965732574
4.99073219299		2.33251667023
4.99372816086		2.35281467438
4.99672818184		2.86025238037
4.99973201752		2.52534389496
