0.000123977661133		2.58623600006
0.00267887115479		2.38833522797
0.00537180900574		2.71309566498
0.00793385505676		2.47459983826
0.0105550289154		2.55578994751
0.0131800174713		2.65727710724
0.0158109664917		2.41370677948
0.0184290409088		2.71817016602
0.021054983139		2.41878128052
0.0236818790436		2.61668205261
0.0263259410858		2.59638500214
0.0289378166199		2.45430183411
0.031564950943		2.71817016602
0.0341889858246		2.38326072693
0.0368218421936		2.67757511139
0.0394399166107		2.53041744232
0.0420668125153		2.50504589081
0.0446939468384		2.69279766083
0.0473158359528		2.38326072693
0.0499429702759		2.70802116394
0.0525979995728		2.46445083618
0.055193901062		2.56593894958
0.0578198432922		2.6522026062
0.0604438781738		2.41370677948
0.0630688667297		2.71817016602
0.065701007843		2.41370677948
0.0683250427246		2.62683105469
0.0709450244904		2.5913105011
0.0735688209534		2.45430183411
0.0761988162994		2.71309566498
0.0788209438324		2.38326072693
0.0814459323883		2.67757511139
0.0840709209442		2.52026939392
0.0866990089417		2.51012039185
0.0893228054047		2.69279766083
0.0919480323792		2.38833522797
0.0945749282837		2.71309566498
0.0973279476166		2.44415378571
0.099949836731		2.5913105011
0.102573871613		2.62683105469
0.10520195961		2.43400478363
0.107825040817		2.71817016602
0.110450983047		2.393409729
0.113075017929		2.6522026062
0.115701913834		2.56593894958
0.118324041367		2.47459983826
0.120950937271		2.70802116394
0.123577833176		2.38326072693
0.126199007034		2.69787216187
0.128819942474		2.49489688873
0.131443977356		2.53549194336
0.134078979492		2.67757511139
0.136706829071		2.39848423004
0.139329910278		2.71309566498
0.14195394516		2.43907928467
0.144580841064		2.60653305054
0.147207021713		2.62175655365
0.149830818176		2.43400478363
0.152455806732		2.71817016602
0.155086040497		2.393409729
0.157706975937		2.66235160828
0.160331010818		2.55578994751
0.162955999374		2.48474884033
0.165583848953		2.70802116394
0.168206930161		2.38326072693
0.170832872391		2.69787216187
0.173458814621		2.4898223877
0.176084041595		2.5405664444
0.178707838058		2.67250061035
0.181334972382		2.40355873108
0.183961868286		2.71817016602
0.186584949493		2.42893028259
0.189209938049		2.60653305054
0.191838026047		2.61160755157
0.194459915161		2.44922733307
0.197216033936		2.71309566498
0.199838876724		2.38326072693
0.202461957932		2.67757511139
0.205097913742		2.52026939392
0.207711935043		2.51012039185
0.210336923599		2.69787216187
0.212966918945		2.38833522797
0.215595006943		2.71309566498
0.218215942383		2.46952533722
0.22083902359		2.57101249695
0.223462820053		2.64712810516
0.226091861725		2.41878128052
0.228715896606		2.71817016602
0.231340885162		2.40863323212
0.233968019485		2.63190555573
0.236590862274		2.58116149902
0.239217042923		2.45937633514
0.241842985153		2.71309566498
0.244468927383		2.37818622589
0.247093915939		2.68264961243
0.249717950821		2.51519489288
0.252343893051		2.52026939392
0.254974842072		2.68772315979
0.257593870163		2.393409729
0.260218858719		2.70802116394
0.262845039368		2.45430183411
0.265477895737		2.58116149902
0.268095016479		2.6420545578
0.27072095871		2.42385578156
0.273345947266		2.72324466705
0.275974035263		2.39848423004
0.278596878052		2.63698005676
0.281224012375		2.57608699799
0.283847808838		2.46952533722
0.286473035812		2.7029466629
0.289098024368		2.37818622589
0.291721820831		2.68772315979
0.294348955154		2.50504589081
0.296980857849		2.52534389496
0.299599885941		2.68264961243
0.302224874496		2.393409729
0.30485200882		2.71309566498
0.307475805283		2.44922733307
0.310101985931		2.58623600006
0.312726974487		2.63190555573
0.315387010574		2.42893028259
0.317977905273		2.71817016602
0.320601940155		2.39848423004
0.323230981827		2.64712810516
0.325855970383		2.56593894958
0.328477859497		2.47459983826
0.331102848053		2.70802116394
0.333731889725		2.37818622589
0.336354017258		2.69787216187
0.338980913162		2.49997138977
0.341604948044		2.53549194336
0.344231843948		2.68264961243
0.346856832504		2.39848423004
0.349483013153		2.71309566498
0.352108001709		2.43907928467
0.354732036591		2.59638500214
0.357362985611		2.62683105469
0.3599858284		2.42893028259
0.362607955933		2.71817016602
0.365268945694		2.393409729
0.367857933044		2.6522026062
0.370484828949		2.56086444855
0.373108863831		2.47967433929
0.375731945038		2.7029466629
0.378357887268		2.38326072693
0.380976915359		2.69787216187
0.38360285759		2.49489688873
0.386245012283		2.54564094543
0.388862848282		2.67757511139
0.391506910324		2.39848423004
0.394112825394		2.71817016602
0.396740913391		2.43907928467
0.399361848831		2.59638500214
0.401988983154		2.62175655365
0.404613018036		2.43907928467
0.40723991394		2.71309566498
0.409862995148		2.38833522797
0.412489891052		2.65727710724
0.415120840073		2.54564094543
0.417740821838		2.4898223877
0.420363903046		2.7029466629
0.422991037369		2.37818622589
0.425617933273		2.69787216187
0.428242921829		2.48474884033
0.430866003036		2.54564094543
0.433492898941		2.67250061035
0.436120033264		2.40355873108
0.438742876053		2.71817016602
0.441367864609		2.42893028259
0.443992853165		2.60653305054
0.446619987488		2.61160755157
0.449246883392		2.43907928467
0.451869010925		2.71309566498
0.454497814178		2.38326072693
0.457123041153		2.66742610931
0.459753036499		2.54564094543
0.462370872498		2.49489688873
0.465003967285		2.7029466629
0.467622041702		2.38326072693
0.470247983932		2.7029466629
0.472870826721		2.47967433929
0.475505828857		2.55071544647
0.478121995926		2.66235160828
0.480747938156		2.40355873108
0.483373880386		2.71817016602
0.486002922058		2.42385578156
0.488622903824		2.61160755157
0.491250038147		2.60145950317
0.493875026703		2.43907928467
0.496501922607		2.71309566498
0.499125957489		2.38326072693
0.501750946045		2.67250061035
0.504377841949		2.53549194336
0.507005929947		2.49997138977
0.509627819061		2.69787216187
0.51225399971		2.38326072693
0.514886856079		2.70802116394
0.517503023148		2.47459983826
0.520129919052		2.56086444855
0.522755861282		2.65727710724
0.525411844254		2.41370677948
0.528005838394		2.71817016602
0.530634880066		2.41370677948
0.533254861832		2.62175655365
0.535881996155		2.59638500214
0.538504838943		2.44922733307
0.541147947311		2.71309566498
0.543756961823		2.38326072693
0.546382904053		2.67757511139
0.549008846283		2.52534389496
0.551630973816		2.51012039185
0.554258823395		2.69279766083
0.556887865067		2.38326072693
0.559509992599		2.70802116394
0.56213593483		2.46445083618
0.56476688385		2.57101249695
0.567386865616		2.64712810516
0.570012807846		2.41370677948
0.572635889053		2.71817016602
0.575299978256		2.40863323212
0.577886819839		2.62683105469
0.580511808395		2.58623600006
0.583137989044		2.45937633514
0.585763931274		2.71309566498
0.588387012482		2.37818622589
0.591012954712		2.68264961243
0.593638896942		2.52026939392
0.596264839172		2.51519489288
0.598888874054		2.68772315979
0.601514816284		2.393409729
0.604137897491		2.71309566498
0.606768846512		2.45937633514
0.609388828278		2.57608699799
0.612017869949		2.64712810516
0.61465382576		2.41878128052
0.617266893387		2.71817016602
0.619890928268		2.40355873108
0.622521877289		2.63190555573
0.625142812729		2.58116149902
0.627759933472		2.45937633514
0.630383014679		2.70802116394
0.633009910583		2.37818622589
0.63564491272		2.68264961243
0.638269901276		2.51012039185
0.640894889832		2.52026939392
0.643519878387		2.68264961243
0.646144866943		2.38833522797
0.648770809174		2.70802116394
0.651393890381		2.45430183411
0.654021024704		2.58116149902
0.656646966934		2.6420545578
0.65927195549		2.42385578156
0.661895990372		2.71817016602
0.664522886276		2.393409729
0.667146921158		2.6420545578
0.669772863388		2.57608699799
0.67239689827		2.46952533722
0.67503285408		2.70802116394
0.677649021149		2.37818622589
0.680274009705		2.68772315979
0.68289899826		2.50504589081
0.68553185463		2.52534389496
0.688148021698		2.68264961243
0.690775871277		2.393409729
0.693400859833		2.71309566498
0.696030855179		2.44922733307
0.698650836945		2.58623600006
0.701277971268		2.63698005676
0.703907966614		2.42385578156
0.706532001495		2.71309566498
0.709157943726		2.39848423004
0.711778879166		2.64712810516
0.714402914047		2.55071544647
0.717031955719		2.47459983826
0.719653844833		2.70802116394
0.722278833389		2.37818622589
0.724912881851		2.69279766083
0.727530002594		2.49997138977
0.73015499115		2.53549194336
0.73278093338		2.68264961243
0.735414028168		2.393409729
0.738034009933		2.71309566498
0.740656852722		2.43907928467
0.743283987045		2.59638500214
0.745908975601		2.62175655365
0.748535871506		2.43400478363
0.751158952713		2.71817016602
0.753784894943		2.393409729
0.756415843964		2.65727710724
0.759035825729		2.56086444855
0.761659860611		2.47967433929
0.764286994934		2.70802116394
0.766912937164		2.37818622589
0.769536018372		2.69787216187
0.772161006927		2.4898223877
0.774793863297		2.5405664444
0.777410984039		2.67250061035
0.78003692627		2.39848423004
0.7826628685		2.71309566498
0.785377979279		2.41878128052
0.788039922714		2.62175655365
0.790663957596		2.5913105011
0.793287992477		2.45430183411
0.795917034149		2.71309566498
0.798540830612		2.38833522797
0.801167011261		2.67757511139
0.803788900375		2.52534389496
0.806418895721		2.50504589081
0.809039831161		2.69279766083
0.811666965485		2.38326072693
0.814307928085		2.70802116394
0.816917896271		2.46445083618
0.819541931152		2.56593894958
0.822166919708		2.6522026062
0.824802875519		2.41878128052
0.827419996262		2.71309566498
0.830044984818		2.40863323212
0.832671880722		2.62683105469
0.835333824158		2.58116149902
0.837921857834		2.45937633514
0.840544939041		2.71309566498
0.843170881271		2.37818622589
0.845798969269		2.67757511139
0.848421812057		2.52026939392
0.851044893265		2.51519489288
0.853672981262		2.68772315979
0.856298923492		2.38833522797
0.8589220047		2.71309566498
0.861548900604		2.45937633514
0.864172935486		2.57608699799
0.866804838181		2.64712810516
0.869423866272		2.41370677948
0.872051954269		2.71817016602
0.87468290329		2.40355873108
0.877291917801		2.63190555573
0.879916906357		2.58116149902
0.882542848587		2.46445083618
0.885174036026		2.70802116394
0.887806892395		2.37818622589
0.890429973602		2.68772315979
0.893051862717		2.51519489288
0.895680904388		2.52026939392
0.898303031921		2.68772315979
0.900928020477		2.393409729
0.903553962708		2.71309566498
0.906181812286		2.45430183411
0.908804893494		2.57608699799
0.91142988205		2.63698005676
0.914057016373		2.42385578156
0.916682958603		2.71309566498
0.919304847717		2.39848423004
0.92193198204		2.6420545578
0.924556016922		2.56593894958
0.927181959152		2.46952533722
0.929805994034		2.70802116394
0.932433843613		2.38326072693
0.935065031052		2.68772315979
0.937683820724		2.50504589081
0.94030880928		2.52534389496
0.942932844162		2.68264961243
0.945560932159		2.393409729
0.948190927505		2.71309566498
0.950810909271		2.44415378571
0.953434944153		2.58623600006
0.956065893173		2.62683105469
0.958688020706		2.42893028259
0.961311817169		2.71817016602
0.963939905167		2.39848423004
0.966564893723		2.64712810516
0.96918797493		2.56593894958
0.971812963486		2.47967433929
0.97443985939		2.70802116394
0.977066040039		2.38326072693
0.979688882828		2.69787216187
0.982314825058		2.49997138977
0.984947919846		2.53549194336
0.987565994263		2.67757511139
0.990190029144		2.393409729
0.992823839188		2.71309566498
0.995450973511		2.43400478363
0.998067855835		2.59638500214
1.00069093704		2.62175655365
1.0033159256		2.42893028259
1.00594592094		2.71309566498
1.00856781006		2.393409729
1.01119399071		2.65727710724
1.01381897926		2.55578994751
1.01644587517		2.47967433929
1.01906991005		2.7029466629
1.02169489861		2.37818622589
1.02431988716		2.7029466629
1.02694582939		2.4898223877
1.02957487106		2.5405664444
1.03219890594		2.67250061035
1.03482794762		2.40355873108
1.03744697571		2.71309566498
1.04007196426		2.42893028259
1.04269695282		2.60145950317
1.04541492462		2.59638500214
1.04807686806		2.45430183411
1.05069684982		2.71309566498
1.05332303047		2.38326072693
1.05594992638		2.67757511139
1.05857396126		2.52534389496
1.06120085716		2.50504589081
1.06382489204		2.69279766083
1.06645894051		2.38326072693
1.06907582283		2.70802116394
1.07170081139		2.46445083618
1.07432699203		2.57101249695
1.07695198059		2.6522026062
1.07957792282		2.41878128052
1.08220291138		2.71309566498
1.0848338604		2.41370677948
1.08745288849		2.63190555573
1.09008002281		2.58623600006
1.09270381927		2.45937633514
1.09540081024		2.70802116394
1.09795594215		2.37818622589
1.10057902336		2.68264961243
1.10320591927		2.52026939392
1.10583281517		2.51519489288
1.10845685005		2.69279766083
1.1110868454		2.38833522797
1.11370587349		2.70802116394
1.11633586884		2.45937633514
1.11895799637		2.57608699799
1.12158203125		2.6420545578
1.12420892715		2.42385578156
1.12682580948		2.71309566498
1.12945103645		2.40355873108
1.13207697868		2.63190555573
1.13470482826		2.57608699799
1.13733792305		2.46445083618
1.13996100426		2.70802116394
1.14258503914		2.38326072693
1.14521384239		2.68772315979
1.1478369236		2.51012039185
1.15046000481		2.52026939392
1.15308785439		2.68772315979
1.15571784973		2.393409729
1.15833592415		2.71309566498
1.16096282005		2.44922733307
1.16358685493		2.57608699799
1.16621589661		2.63698005676
1.16883897781		2.42385578156
1.17146492004		2.71309566498
1.1740899086		2.39848423004
1.17671704292		2.6420545578
1.17934083939		2.57101249695
1.18196487427		2.46952533722
1.18458986282		2.70802116394
1.18721699715		2.37818622589
1.18983983994		2.68772315979
1.19247198105		2.51012039185
1.19510102272		2.53041744232
1.19771695137		2.68264961243
1.20034503937		2.39848423004
1.20296883583		2.71309566498
1.20559501648		2.44415378571
1.20822191238		2.58623600006
1.21084284782		2.63190555573
1.21346998215		2.42893028259
1.21610283852		2.71817016602
1.21872091293		2.38833522797
1.22134590149		2.64712810516
1.22397494316		2.56593894958
1.22659683228		2.47967433929
1.22922182083		2.70802116394
1.23184990883		2.37818622589
1.23447299004		2.69787216187
1.23709988594		2.49489688873
1.23972392082		2.53549194336
1.24234890938		2.67757511139
1.24498200417		2.393409729
1.24759984016		2.71309566498
1.25022697449		2.43907928467
1.25284981728		2.59638500214
1.25548291206		2.62175655365
1.25810194016		2.43400478363
1.26072692871		2.71817016602
1.26335382462		2.38833522797
1.26597881317		2.65727710724
1.2686009407		2.55578994751
1.27122783661		2.48474884033
1.27385687828		2.7029466629
1.27647995949		2.37818622589
1.2791030407		2.69787216187
1.2817299366		2.4898223877
1.28435492516		2.5405664444
1.28697991371		2.67250061035
1.28960585594		2.39848423004
1.2922308445		2.71309566498
1.29485702515		2.42893028259
1.29748082161		2.60145950317
1.30010581017		2.61160755157
1.30273199081		2.43907928467
1.30539393425		2.71817016602
1.30798196793		2.38326072693
1.31060695648		2.66235160828
1.31323194504		2.55071544647
1.31585693359		2.48474884033
1.31847596169		2.69787216187
1.32110190392		2.37818622589
1.3237259388		2.69787216187
1.32636499405		2.47967433929
1.32898688316		2.55071544647
1.33160996437		2.66742610931
1.33423781395		2.40863323212
1.33686494827		2.71309566498
1.33948683739		2.42385578156
1.34211087227		2.60653305054
1.34474301338		2.60653305054
1.34736204147		2.44415378571
1.34998583794		2.71309566498
1.35261201859		2.38833522797
1.35527300835		2.67250061035
1.35786581039		2.5405664444
1.3604888916		2.49489688873
1.36311483383		2.69787216187
1.36574292183		2.38326072693
1.36836600304		2.7029466629
1.37099099159		2.47459983826
1.37361598015		2.55578994751
1.37623882294		2.66235160828
1.37885904312		2.40355873108
1.38148403168		2.71817016602
1.38413381577		2.41878128052
1.38675093651		2.61668205261
1.38936686516		2.60145950317
1.39199399948		2.44922733307
1.39465403557		2.70802116394
1.39724588394		2.38326072693
1.39986991882		2.66742610931
1.40249490738		2.53549194336
1.40512800217		2.50504589081
1.40774583817		2.69787216187
1.41037082672		2.38833522797
1.41299700737		2.70802116394
1.41562199593		2.46952533722
1.41824793816		2.56593894958
1.42087197304		2.65727710724
1.42349696159		2.41370677948
1.42612600327		2.71309566498
1.42874789238		2.41370677948
1.43137192726		2.62175655365
1.43400096893		2.5913105011
1.43663287163		2.45937633514
1.43925094604		2.71309566498
1.44187688828		2.37818622589
1.44449996948		2.68264961243
1.44712781906		2.52534389496
1.44975280762		2.51012039185
1.45237588882		2.69279766083
1.45500993729		2.38326072693
1.45762586594		2.70802116394
1.46025180817		2.46445083618
1.46287798882		2.57101249695
1.46550989151		2.64712810516
1.46812796593		2.41370677948
1.47075295448		2.72324466705
1.47337889671		2.40863323212
1.47600483894		2.63190555573
1.47862887383		2.58116149902
1.48125600815		2.45937633514
1.48388004303		2.71309566498
1.48650693893		2.37818622589
1.48913002014		2.68264961243
1.49175596237		2.52026939392
1.49438095093		2.51519489288
1.49701189995		2.68772315979
1.49963188171		2.38833522797
1.50225782394		2.7029466629
1.50488996506		2.45430183411
1.50750994682		2.57608699799
1.5101339817		2.6420545578
1.51276087761		2.41878128052
1.51539182663		2.71817016602
1.51801490784		2.40355873108
1.52063393593		2.63698005676
1.52325987816		2.57608699799
1.52588701248		2.46445083618
1.52851080894		2.71309566498
1.53113603592		2.38326072693
1.53376102448		2.68772315979
1.53638887405		2.51012039185
1.53901386261		2.52026939392
1.54163694382		2.68264961243
1.54426789284		2.38833522797
1.54688882828		2.70802116394
1.54951381683		2.44922733307
1.55213785172		2.58623600006
1.55476689339		2.63698005676
1.55739092827		2.42385578156
1.56001996994		2.71817016602
1.56264090538		2.39848423004
1.56530785561		2.6522026062
1.56789088249		2.57101249695
1.57051801682		2.47459983826
1.57314586639		2.70802116394
1.5757689476		2.38326072693
1.57839393616		2.69279766083
1.58101797104		2.50504589081
1.58364391327		2.53549194336
1.58627080917		2.68264961243
1.58889484406		2.39848423004
1.59151983261		2.71309566498
1.59414792061		2.43907928467
1.59677696228		2.59638500214
1.59940099716		2.62683105469
1.60202288628		2.42893028259
1.6046538353		2.71309566498
1.60727286339		2.393409729
1.60989689827		2.6522026062
1.61252093315		2.56086444855
1.61515402794		2.47967433929
1.61777281761		2.7029466629
1.62039899826		2.37818622589
1.62302303314		2.69787216187
1.62564682961		2.49997138977
1.62826800346		2.53549194336
1.63089084625		2.67757511139
1.63351583481		2.39848423004
1.63615393639		2.71309566498
1.63877797127		2.43907928467
1.64140200615		2.59638500214
1.64402699471		2.61668205261
1.64665389061		2.43907928467
1.64927887917		2.71817016602
1.6519010067		2.38833522797
1.6545279026		2.66235160828
1.65715384483		2.55578994751
1.65977883339		2.48474884033
1.6624019146		2.70802116394
1.66503500938		2.37818622589
1.66765403748		2.69787216187
1.67028093338		2.4898223877
1.67290401459		2.54564094543
1.67553591728		2.67250061035
1.67815494537		2.39848423004
1.68078589439		2.71309566498
1.68340682983		2.42893028259
1.68603301048		2.60145950317
1.68865585327		2.61668205261
1.69128084183		2.43907928467
1.69390702248		2.71817016602
1.69653582573		2.38326072693
1.69915986061		2.66235160828
1.70178294182		2.54564094543
1.70440983772		2.49997138977
1.70703887939		2.7029466629
1.70965981483		2.38326072693
1.71228504181		2.69787216187
1.71491885185		2.47967433929
1.7175359726		2.55071544647
1.72016501427		2.66742610931
1.72278690338		2.40355873108
1.7254178524		2.71309566498
1.72803783417		2.42385578156
1.73066091537		2.61160755157
1.73328781128		2.60653305054
1.7359149456		2.44415378571
1.73853802681		2.71309566498
1.74116396904		2.38326072693
1.7437889576		2.67250061035
1.7464158535		2.5405664444
1.74903893471		2.49997138977
1.75166487694		2.69787216187
1.75429296494		2.38326072693
1.75691986084		2.7029466629
1.75954294205		2.47459983826
1.76218795776		2.56086444855
1.76480102539		2.65727710724
1.76741600037		2.40863323212
1.77004289627		2.71309566498
1.77266693115		2.41878128052
1.77533388138		2.62683105469
1.77791881561		2.59638500214
1.78054594994		2.44922733307
1.78316998482		2.71309566498
1.78580403328		2.38326072693
1.78841996193		2.67250061035
1.79104495049		2.53041744232
1.79366898537		2.50504589081
1.79629898071		2.69787216187
1.79892086983		2.38326072693
1.80154800415		2.70802116394
1.80417203903		2.46952533722
1.80680203438		2.56593894958
1.80942392349		2.6522026062
1.81204891205		2.41370677948
1.81468200684		2.71309566498
1.81729888916		2.40863323212
1.81992387772		2.62683105469
1.82255101204		2.5913105011
1.82518386841		2.45430183411
1.82780098915		2.71309566498
1.83042597771		2.37818622589
1.83305001259		2.67757511139
1.83567690849		2.52026939392
1.83830285072		2.51012039185
1.8409268856		2.68772315979
1.84355783463		2.38833522797
1.84617996216		2.70802116394
1.84880399704		2.45937633514
1.8514289856		2.57101249695
1.85405397415		2.64712810516
1.85668182373		2.41878128052
1.85930490494		2.71309566498
1.86192989349		2.40863323212
1.86455583572		2.63698005676
1.86718201637		2.58116149902
1.86980485916		2.45937633514
1.87243103981		2.70802116394
1.87506890297		2.37818622589
1.87767481804		2.68264961243
1.88030385971		2.51519489288
1.88292598724		2.51519489288
1.88556790352		2.68264961243
1.88818383217		2.38833522797
1.89080882072		2.70802116394
1.89343380928		2.44922733307
1.89606595039		2.57608699799
1.89868497849		2.6420545578
1.90131092072		2.42385578156
1.9039349556		2.71817016602
1.90656280518		2.39848423004
1.90918493271		2.6420545578
1.91181087494		2.57608699799
1.91443586349		2.47459983826
1.91706395149		2.71309566498
1.91968798637		2.37818622589
1.92231297493		2.68772315979
1.92495203018		2.50504589081
1.92756485939		2.52534389496
1.93018889427		2.68264961243
1.9328148365		2.393409729
1.93544602394		2.70802116394
1.93806481361		2.44415378571
1.94068789482		2.58623600006
1.94331789017		2.63190555573
1.94594287872		2.42385578156
1.94856786728		2.71309566498
1.95119190216		2.39848423004
1.95381689072		2.64712810516
1.95644402504		2.56593894958
1.9590678215		2.47459983826
1.96169281006		2.70802116394
1.96431803703		2.37818622589
1.96694397926		2.69279766083
1.96956992149		2.49997138977
1.97219395638		2.53041744232
1.97482681274		2.67757511139
1.97744488716		2.39848423004
1.98007082939		2.71309566498
1.98269486427		2.43907928467
1.98540282249		2.60653305054
1.98807287216		2.60653305054
1.99069786072		2.44415378571
1.99332594872		2.70802116394
1.99594783783		2.38326072693
1.99857401848		2.67250061035
2.00119590759		2.53549194336
2.00382399559		2.49489688873
2.00647091866		2.69787216187
2.00907683372		2.38326072693
2.01169991493		2.7029466629
2.01432585716		2.47459983826
2.01695084572		2.56086444855
2.01957702637		2.65727710724
2.02219986916		2.40863323212
2.02483296394		2.71309566498
2.02745485306		2.41370677948
2.03007698059		2.62175655365
2.03270292282		2.60145950317
2.03536891937		2.45430183411
2.03795194626		2.71309566498
2.04057693481		2.38326072693
2.04320287704		2.67250061035
2.04583191872		2.52534389496
2.04845690727		2.50504589081
2.05107903481		2.69279766083
2.05370402336		2.38326072693
2.05633592606		2.70802116394
2.05895495415		2.46445083618
2.06158089638		2.56593894958
2.06420588493		2.64712810516
2.06683301926		2.41370677948
2.06945586205		2.71309566498
2.07208585739		2.40863323212
2.07471585274		2.62683105469
2.0773370266		2.58623600006
2.07995986938		2.45430183411
2.08258485794		2.71309566498
2.08521699905		2.37818622589
2.08783984184		2.68264961243
2.0904610157		2.52026939392
2.09308600426		2.51519489288
2.09571290016		2.69279766083
2.09833598137		2.38833522797
2.10096096992		2.70802116394
2.10358691216		2.45430183411
2.10621500015		2.57101249695
2.10883784294		2.64712810516
2.11146187782		2.41878128052
2.11408901215		2.71817016602
2.11671590805		2.40863323212
2.11933994293		2.63190555573
2.12196493149		2.58623600006
2.12458896637		2.47459983826
2.12733483315		2.70802116394
2.12995886803		2.37818622589
2.13258290291		2.69787216187
2.13521194458		2.49489688873
2.13784503937		2.5405664444
2.14046788216		2.67250061035
2.14309382439		2.40355873108
2.14572000504		2.71309566498
2.14834284782		2.43400478363
2.15096902847		2.60145950317
2.15359282494		2.61668205261
2.15622401237		2.43400478363
2.15884494781		2.71309566498
2.1614689827		2.393409729
2.1640958786		2.65727710724
2.16672301292		2.55071544647
2.16935181618		2.4898223877
2.17197084427		2.7029466629
2.17459487915		2.38326072693
2.17722296715		2.69787216187
2.1798479557		2.48474884033
2.18247199059		2.54564094543
2.18510389328		2.66742610931
2.18772387505		2.40355873108
2.19034790993		2.71817016602
2.19297289848		2.42893028259
2.19560098648		2.60653305054
2.19822597504		2.60653305054
2.20085000992		2.43907928467
2.20347595215		2.71309566498
2.20610189438		2.38326072693
2.20872592926		2.66235160828
2.21135187149		2.5405664444
2.21397590637		2.49489688873
2.21660399437		2.69787216187
2.21922683716		2.38326072693
2.22185182571		2.7029466629
2.22447681427		2.46445083618
2.22723197937		2.57608699799
2.22985386848		2.64712810516
2.23247694969		2.41370677948
2.23511099815		2.71309566498
2.23773002625		2.40863323212
2.2403550148		2.63698005676
2.24297881126		2.58116149902
2.2456099987		2.46445083618
2.24823284149		2.70802116394
2.25085997581		2.37818622589
2.25347995758		2.68264961243
2.25611186028		2.51519489288
2.25873088837		2.52026939392
2.26135897636		2.68772315979
2.26398181915		2.38833522797
2.26660990715		2.70802116394
2.26923298836		2.45430183411
2.27185988426		2.57608699799
2.27448487282		2.63698005676
2.27710986137		2.42385578156
2.27973484993		2.71817016602
2.28236103058		2.39848423004
2.28499293327		2.6420545578
2.28761100769		2.57101249695
2.29023790359		2.46952533722
2.2928609848		2.70802116394
2.29549384117		2.37818622589
2.29813194275		2.69279766083
2.30073785782		2.50504589081
2.30336403847		2.52534389496
2.3059899807		2.68264961243
2.30861401558		2.393409729
2.31123900414		2.71309566498
2.31386494637		2.44922733307
2.3164908886		2.58623600006
2.31911492348		2.63190555573
2.32174086571		2.42893028259
2.32436585426		2.71817016602
2.32699489594		2.39848423004
2.32961797714		2.64712810516
2.33224797249		2.56593894958
2.33487391472		2.47967433929
2.33749198914		2.70802116394
2.34011983871		2.37818622589
2.34274101257		2.69279766083
2.34540486336		2.49489688873
2.3479950428		2.53549194336
2.35062003136		2.67757511139
2.35324501991		2.39848423004
2.35587596893		2.71817016602
2.3584959507		2.44415378571
2.36111998558		2.5913105011
2.36374688148		2.62175655365
2.36637282372		2.43400478363
2.3689968586		2.71817016602
2.37162184715		2.393409729
2.37424683571		2.65727710724
2.37686681747		2.55578994751
2.37948989868		2.48474884033
2.382117033		2.7029466629
2.38474583626		2.37818622589
2.38737797737		2.69787216187
2.39000201225		2.49489688873
2.39262795448		2.53549194336
2.39528799057		2.66742610931
2.39787793159		2.39848423004
2.40050196648		2.71309566498
2.40312600136		2.43400478363
2.40575289726		2.60145950317
2.40838193893		2.61668205261
2.41100287437		2.43907928467
2.41363596916		2.71309566498
2.41625499725		2.38833522797
2.41887903214		2.65727710724
2.4215028286		2.54564094543
2.42413401604		2.4898223877
2.42675495148		2.7029466629
2.42938089371		2.38326072693
2.43200492859		2.69787216187
2.43466281891		2.48474884033
2.43725585938		2.55071544647
2.43988204002		2.66742610931
2.44250798225		2.40355873108
2.44513988495		2.71309566498
2.44775700569		2.42893028259
2.45038485527		2.60653305054
2.45300889015		2.60653305054
2.45563602448		2.44415378571
2.45825982094		2.71309566498
2.46088385582		2.38326072693
2.46351003647		2.66742610931
2.46613693237		2.5405664444
2.46876001358		2.49489688873
2.47138595581		2.69787216187
2.47401094437		2.38326072693
2.4766368866		2.7029466629
2.4792599678		2.47967433929
2.48188591003		2.55071544647
2.48451185226		2.6522026062
2.48726582527		2.41878128052
2.4898879528		2.71309566498
2.49251389503		2.40863323212
2.49515295029		2.63698005676
2.49776291847		2.58116149902
2.50038981438		2.45937633514
2.50301504135		2.70802116394
2.50564098358		2.38326072693
2.50826501846		2.68772315979
2.51089191437		2.51519489288
2.51351594925		2.52026939392
2.51614284515		2.68772315979
2.51876688004		2.38833522797
2.52139401436		2.70802116394
2.52401685715		2.45430183411
2.52664399147		2.58116149902
2.52926802635		2.63698005676
2.53189301491		2.42385578156
2.53451895714		2.71817016602
2.53714394569		2.40355873108
2.53976988792		2.63698005676
2.54239487648		2.57101249695
2.5450258255		2.46952533722
2.54764389992		2.70802116394
2.55027103424		2.38326072693
2.5528960228		2.69279766083
2.55552983284		2.50504589081
2.55814695358		2.52534389496
2.56077098846		2.68264961243
2.56339788437		2.38833522797
2.56602501869		2.71309566498
2.56864881516		2.44415378571
2.5712749958		2.58116149902
2.57389998436		2.63190555573
2.5765349865		2.42893028259
2.57915186882		2.71817016602
2.58177685738		2.39848423004
2.5844039917		2.66235160828
2.58715486526		2.5405664444
2.58977794647		2.49489688873
2.59240198135		2.69787216187
2.59503483772		2.38833522797
2.59765195847		2.69787216187
2.60027885437		2.47967433929
2.60292196274		2.55578994751
2.60553598404		2.66235160828
2.60815286636		2.40355873108
2.61078095436		2.71309566498
2.61340403557		2.42385578156
2.61603188515		2.61668205261
2.61865496635		2.60145950317
2.62127995491		2.44415378571
2.62390494347		2.71309566498
2.62652802467		2.38326072693
2.62914800644		2.66742610931
2.63177204132		2.53549194336
2.6343998909		2.49997138977
2.63703393936		2.69787216187
2.63966083527		2.38326072693
2.64228487015		2.7029466629
2.64491486549		2.46952533722
2.64753389359		2.56086444855
2.65015983582		2.65727710724
2.6527838707		2.41370677948
2.65541696548		2.71817016602
2.65804100037		2.41370677948
2.66066002846		2.62175655365
2.66328787804		2.59638500214
2.66591286659		2.45430183411
2.66853499413		2.71309566498
2.67115998268		2.38326072693
2.67378687859		2.67757511139
2.67641401291		2.52534389496
2.6790368557		2.50504589081
2.68166399002		2.68772315979
2.68428683281		2.38833522797
2.68691396713		2.70802116394
2.68953800201		2.46952533722
2.69216680527		2.56593894958
2.69479703903		2.6522026062
2.69741487503		2.41878128052
2.7000439167		2.71309566498
2.70266580582		2.40863323212
2.70539188385		2.64712810516
2.70804190636		2.56593894958
2.71066594124		2.47459983826
2.71329188347		2.70802116394
2.71592092514		2.38326072693
2.71854186058		2.69279766083
2.72116994858		2.49997138977
2.72379183769		2.53041744232
2.72642183304		2.67757511139
2.72904396057		2.39848423004
2.7316699028		2.71309566498
2.73429393768		2.43907928467
2.73692083359		2.5913105011
2.73955202103		2.62175655365
2.7421708107		2.43400478363
2.74480199814		2.71817016602
2.74742388725		2.38833522797
2.75004601479		2.6522026062
2.75267195702		2.55578994751
2.75533390045		2.4898223877
2.75792503357		2.7029466629
2.76055002213		2.38326072693
2.76317596436		2.69787216187
2.76580286026		2.4898223877
2.76842498779		2.5405664444
2.77104997635		2.67250061035
2.77367687225		2.40355873108
2.77630496025		2.71309566498
2.77892899513		2.43400478363
2.78155183792		2.60145950317
2.78417682648		2.62175655365
2.78680801392		2.43907928467
2.78942894936		2.71309566498
2.79205298424		2.38833522797
2.79468894005		2.65727710724
2.79730200768		2.55071544647
2.79992794991		2.48474884033
2.80255293846		2.7029466629
2.80518698692		2.37818622589
2.80780386925		2.69787216187
2.81043100357		2.4898223877
2.81305384636		2.54564094543
2.81568193436		2.67250061035
2.81830596924		2.40355873108
2.82093691826		2.71817016602
2.82355690002		2.42893028259
2.82618498802		2.60653305054
2.82880783081		2.60653305054
2.83143281937		2.43907928467
2.83405780792		2.71817016602
2.83668398857		2.38326072693
2.83930802345		2.66742610931
2.84193396568		2.5405664444
2.84455895424		2.49997138977
2.84718489647		2.69787216187
2.84980893135		2.38326072693
2.85243582726		2.69787216187
2.85506701469		2.47967433929
2.85768699646		2.55071544647
2.86030888557		2.66742610931
2.86293697357		2.40863323212
2.86556386948		2.71309566498
2.86818695068		2.42385578156
2.87081384659		2.61668205261
2.87343883514		2.60145950317
2.87605881691		2.44922733307
2.87867999077		2.71309566498
2.881305933		2.38326072693
2.88393187523		2.66742610931
2.88657593727		2.53041744232
2.88919401169		2.50504589081
2.89181494713		2.69787216187
2.89444088936		2.38833522797
2.89706897736		2.70802116394
2.89969182014		2.47459983826
2.90232300758		2.56086444855
2.90494990349		2.65727710724
2.90756702423		2.41370677948
2.91019296646		2.71309566498
2.91281580925		2.41370677948
2.91545081139		2.62175655365
2.9180688858		2.59638500214
2.92069482803		2.45430183411
2.92331886292		2.71309566498
2.92594790459		2.38326072693
2.92857003212		2.67757511139
2.9311978817		2.52534389496
2.93382191658		2.51012039185
2.93645191193		2.69279766083
2.93907189369		2.38833522797
2.94169688225		2.70802116394
2.94433689117		2.46445083618
2.94694900513		2.57101249695
2.94957304001		2.6522026062
2.95220088959		2.41878128052
2.95482492447		2.71817016602
2.9574508667		2.40863323212
2.96007490158		2.62683105469
2.96269893646		2.58623600006
2.96536684036		2.46445083618
2.96795201302		2.71309566498
2.97057580948		2.38326072693
2.97320103645		2.68264961243
2.97582888603		2.51519489288
2.97845292091		2.51519489288
2.9810769558		2.69279766083
2.98370981216		2.38833522797
2.9863319397		2.71309566498
2.98895287514		2.45937633514
2.99157786369		2.57608699799
2.99420595169		2.6420545578
2.99683499336		2.41878128052
2.99945497513		2.71817016602
3.00207996368		2.40863323212
3.00471401215		2.63698005676
3.0073299408		2.57608699799
3.0099568367		2.46445083618
3.01258182526		2.71309566498
3.01521492004		2.37818622589
3.01783204079		2.68772315979
3.02045798302		2.51519489288
3.02308297157		2.52026939392
3.02571082115		2.68772315979
3.02833390236		2.393409729
3.03096103668		2.71309566498
3.03358602524		2.44922733307
3.03621196747		2.58116149902
3.03883385658		2.63698005676
3.04146003723		2.42385578156
3.04408502579		2.71817016602
3.04671192169		2.39848423004
3.04933691025		2.6420545578
3.0519618988		2.57101249695
3.05458688736		2.47459983826
3.05721402168		2.70802116394
3.05983996391		2.37818622589
3.0624628067		2.68772315979
3.06510186195		2.50504589081
3.06771588326		2.53041744232
3.07033896446		2.68264961243
3.07296299934		2.39848423004
3.07559204102		2.71309566498
3.0782148838		2.44415378571
3.08083987236		2.58623600006
3.08346700668		2.62683105469
3.08609104156		2.42893028259
3.08871603012		2.71309566498
3.09134197235		2.39848423004
3.09396696091		2.64712810516
3.09659290314		2.56593894958
3.09921789169		2.47459983826
3.10184288025		2.70802116394
3.1044678688		2.38326072693
3.10722398758		2.7029466629
3.10984492302		2.47967433929
3.11247181892		2.55578994751
3.11510300636		2.66235160828
3.11772084236		2.40863323212
3.12034487724		2.71309566498
3.12297201157		2.41878128052
3.12559390068		2.61668205261
3.12821602821		2.60145950317
3.130838871		2.44415378571
3.13346385956		2.71309566498
3.13610100746		2.38326072693
3.13872504234		2.67250061035
3.1413500309		2.53549194336
3.14397501945		2.50504589081
3.1466088295		2.69787216187
3.14922690392		2.38326072693
3.15184903145		2.7029466629
3.15447592735		2.46952533722
3.15710282326		2.56593894958
3.15972495079		2.65727710724
3.16235303879		2.40863323212
3.16498398781		2.71817016602
3.16760182381		2.41878128052
3.1702299118		2.62175655365
3.17285203934		2.59638500214
3.17548394203		2.45430183411
3.17810201645		2.71309566498
3.18072795868		2.38326072693
3.18335390091		2.67757511139
3.18598198891		2.52534389496
3.1886048317		2.51012039185
3.19122982025		2.68772315979
3.19385480881		2.38833522797
3.19648194313		2.70802116394
3.19910597801		2.46952533722
3.20173096657		2.56593894958
3.20435881615		2.6522026062
3.20698404312		2.41370677948
3.20960688591		2.71817016602
3.21223282814		2.41370677948
3.21486592293		2.62683105469
3.21748399734		2.58623600006
3.22010803223		2.45937633514
3.22273397446		2.70802116394
3.22544002533		2.38326072693
3.22811698914		2.69279766083
3.23073601723		2.49997138977
3.23335981369		2.53549194336
3.23598599434		2.67757511139
3.23861193657		2.39848423004
3.24123692513		2.71309566498
3.24386382103		2.43907928467
3.24648785591		2.5913105011
3.24911403656		2.62175655365
3.25173783302		2.42893028259
3.25436401367		2.71817016602
3.2569899559		2.393409729
3.25961589813		2.6522026062
3.26224088669		2.55578994751
3.26487183571		2.48474884033
3.2674908638		2.7029466629
3.27011585236		2.38326072693
3.272742033		2.69787216187
3.27540302277		2.4898223877
3.27799296379		2.5405664444
3.28061699867		2.67250061035
3.28324198723		2.40355873108
3.28586983681		2.71817016602
3.28849697113		2.43400478363
3.29111886024		2.60145950317
3.29374504089		2.61668205261
3.29637002945		2.43907928467
3.29899501801		2.71309566498
3.30162000656		2.38833522797
3.30424880981		2.65727710724
3.30687499046		2.54564094543
3.30950188637		2.4898223877
3.31212186813		2.7029466629
3.31475496292		2.38326072693
3.31737399101		2.7029466629
3.31999588013		2.4898223877
3.32262396812		2.55071544647
3.32528495789		2.66235160828
3.32787585258		2.40863323212
3.33051800728		2.71817016602
3.33312702179		2.42385578156
3.33575081825		2.61160755157
3.33837580681		2.60653305054
3.34099984169		2.44415378571
3.34362483025		2.71309566498
3.34625291824		2.38833522797
3.34887599945		2.66742610931
3.35150098801		2.54564094543
3.35412883759		2.49489688873
3.35675692558		2.7029466629
3.3593788147		2.38326072693
3.3620018959		2.7029466629
3.36466503143		2.47459983826
3.36725282669		2.55071544647
3.36987900734		2.66742610931
3.37250304222		2.40863323212
3.37513494492		2.71817016602
3.37774682045		2.42385578156
3.38037180901		2.61668205261
3.38299798965		2.60653305054
3.38563489914		2.44922733307
3.38825702667		2.71817016602
3.39088797569		2.38326072693
3.39350795746		2.67250061035
3.39613389969		2.53549194336
3.3987569809		2.50504589081
3.40138292313		2.69787216187
3.40400791168		2.38326072693
3.40663480759		2.7029466629
3.40925884247		2.47459983826
3.41188502312		2.56593894958
3.41451096535		2.6522026062
3.41713690758		2.41370677948
3.41976284981		2.71309566498
3.42238593102		2.41878128052
3.42501783371		2.62683105469
3.42763495445		2.5913105011
3.43026185036		2.45430183411
3.43288683891		2.71309566498
3.43551898003		2.38326072693
3.43813681602		2.67757511139
3.44076085091		2.52534389496
3.4433889389		2.51012039185
3.44601488113		2.69279766083
3.44864296913		2.38833522797
3.45126390457		2.70802116394
3.45389103889		2.46445083618
3.45651698112		2.56593894958
3.45914196968		2.6522026062
3.46176695824		2.41878128052
3.46439385414		2.71817016602
3.46701788902		2.41370677948
3.4696419239		2.62683105469
3.47227096558		2.58623600006
3.47489881516		2.45937633514
3.47751784325		2.70802116394
3.4801428318		2.38326072693
3.48276901245		2.68264961243
3.48540401459		2.52026939392
3.48801994324		2.51519489288
3.49064493179		2.68772315979
3.49326896667		2.38833522797
3.49589586258		2.70802116394
3.49851989746		2.45937633514
3.50114583969		2.57608699799
3.50376987457		2.64712810516
3.50640201569		2.42385578156
3.50902295113		2.71817016602
3.51164793968		2.40355873108
3.51427602768		2.63698005676
3.51689887047		2.58116149902
3.51952385902		2.46445083618
3.52214884758		2.71309566498
3.52478098869		2.37818622589
3.52740001678		2.68264961243
3.53002500534		2.51519489288
3.5326499939		2.52534389496
3.53535699844		2.67757511139
3.53802680969		2.40863323212
3.5406498909		2.71309566498
3.54327583313		2.43400478363
3.54590296745		2.60145950317
3.54852581024		2.61668205261
3.55115103722		2.43907928467
3.55378389359		2.71309566498
3.55640697479		2.393409729
3.55902886391		2.66235160828
3.56165289879		2.55071544647
3.56427884102		2.4898223877
3.56690382957		2.69787216187
3.56953001022		2.38326072693
3.57215380669		2.69787216187
3.57478690147		2.47967433929
3.57740902901		2.55071544647
3.58003282547		2.66742610931
3.58265781403		2.40863323212
3.5853509903		2.71817016602
3.58803391457		2.40863323212
3.59065794945		2.63190555573
3.593282938		2.58623600006
3.59590983391		2.45937633514
3.59853291512		2.71309566498
3.60115981102		2.37818622589
3.6037838459		2.68772315979
3.60641098022		2.52026939392
3.60903501511		2.51519489288
3.61166286469		2.68772315979
3.61428403854		2.38833522797
3.61691093445		2.71309566498
3.61953687668		2.45937633514
3.62216281891		2.57608699799
3.62479496002		2.6420545578
3.62740588188		2.41878128052
3.63002991676		2.71817016602
3.63265585899		2.40863323212
3.6353328228		2.6420545578
3.63791489601		2.58116149902
3.64054298401		2.46952533722
3.64316487312		2.70802116394
3.64579200745		2.37818622589
3.648416996		2.68772315979
3.65104293823		2.51012039185
3.65366697311		2.52026939392
3.65629482269		2.68772315979
3.65891695023		2.393409729
3.66154289246		2.71309566498
3.66416692734		2.45430183411
3.66679692268		2.58116149902
3.66941690445		2.63698005676
3.67204499245		2.42893028259
3.67467689514		2.71817016602
3.67729592323		2.39848423004
3.67992091179		2.64712810516
3.68254303932		2.57101249695
3.68517804146		2.46952533722
3.68779587746		2.70802116394
3.69042301178		2.38326072693
3.69304585457		2.69279766083
3.69567489624		2.50504589081
3.69829797745		2.53041744232
3.700922966		2.68264961243
3.70354700089		2.39848423004
3.70617485046		2.71309566498
3.70879602432		2.44415378571
3.7114238739		2.5913105011
3.71404886246		2.62683105469
3.71668100357		2.43400478363
3.71930003166		2.71817016602
3.72192502022		2.39848423004
3.72455191612		2.66235160828
3.72730398178		2.5405664444
3.72992682457		2.49997138977
3.73255300522		2.7029466629
3.73518395424		2.38326072693
3.73780298233		2.7029466629
3.74042892456		2.47967433929
3.74305391312		2.55578994751
3.745677948		2.66235160828
3.74830293655		2.40863323212
3.75092792511		2.71817016602
3.75355482101		2.41878128052
3.75618481636		2.61668205261
3.75880599022		2.60145950317
3.76142883301		2.44922733307
3.76407694817		2.71309566498
3.76668286324		2.38833522797
3.76930785179		2.67250061035
3.77193188667		2.53041744232
3.7745578289		2.51012039185
3.77718400955		2.69279766083
3.77980899811		2.38833522797
3.7824318409		2.70802116394
3.78506684303		2.46952533722
3.78768396378		2.56086444855
3.79030895233		2.65727710724
3.79293394089		2.41370677948
3.79556202888		2.71817016602
3.79819202423		2.41370677948
3.8008108139		2.62175655365
3.80343699455		2.5913105011
3.80606293678		2.45430183411
3.80868697166		2.71309566498
3.81131196022		2.38326072693
3.8139359951		2.67757511139
3.8165678978		2.52026939392
3.81918787956		2.51012039185
3.82181596756		2.69279766083
3.82443881035		2.393409729
3.82719302177		2.71309566498
3.82981491089		2.44415378571
3.83244085312		2.5913105011
3.83507204056		2.63190555573
3.83768987656		2.42893028259
3.84031581879		2.71817016602
3.84294080734		2.39848423004
3.84556889534		2.6522026062
3.84819197655		2.56593894958
3.85081601143		2.47967433929
3.85344099998		2.7029466629
3.85607004166		2.38326072693
3.85869288445		2.69787216187
3.86131882668		2.49997138977
3.86394381523		2.53549194336
3.86657094955		2.67757511139
3.86919403076		2.39848423004
3.87182092667		2.71309566498
3.87444400787		2.43400478363
3.87706398964		2.59638500214
3.87969303131		2.62175655365
3.88231396675		2.43400478363
3.88494300842		2.71817016602
3.88757681847		2.393409729
3.89019799232		2.65727710724
3.89282488823		2.55578994751
3.89545989037		2.4898223877
3.89807391167		2.7029466629
3.90069890022		2.38326072693
3.90332484245		2.7029466629
3.90595197678		2.4898223877
3.90857481956		2.54564094543
3.91119885445		2.67250061035
3.91382598877		2.40355873108
3.91645288467		2.71309566498
3.9190788269		2.42893028259
3.92170095444		2.60145950317
3.92432689667		2.61160755157
3.92695188522		2.43907928467
3.92957782745		2.71309566498
3.93220186234		2.38833522797
3.93483495712		2.66235160828
3.93745183945		2.54564094543
3.9400780201		2.4898223877
3.94270396233		2.7029466629
3.94537186623		2.38326072693
3.94795393944		2.7029466629
3.95057988167		2.48474884033
3.95320701599		2.55071544647
3.95583581924		2.66742610931
3.95845603943		2.40863323212
3.96108698845		2.71309566498
3.96370697021		2.42385578156
3.96633386612		2.61160755157
3.96895694733		2.60653305054
3.97158288956		2.44415378571
3.97421097755		2.71817016602
3.97683596611		2.38833522797
3.9794588089		2.66742610931
3.98208498955		2.5405664444
3.98471593857		2.49997138977
3.98733496666		2.69787216187
3.98996090889		2.38833522797
3.99259281158		2.7029466629
3.99521803856		2.47459983826
3.99783682823		2.55578994751
4.00045990944		2.66235160828
4.00308990479		2.40863323212
4.00571584702		2.71309566498
4.00834298134		2.42385578156
4.01096391678		2.62175655365
4.01358985901		2.60145950317
4.01621985435		2.44922733307
4.01883888245		2.71309566498
4.02146196365		2.38326072693
4.02409482002		2.67757511139
4.0267188549		2.53041744232
4.02934288979		2.49997138977
4.03196597099		2.69787216187
4.03459000587		2.38833522797
4.03721785545		2.70802116394
4.03984284401		2.46952533722
4.04247498512		2.56593894958
4.04509282112		2.6522026062
4.04771780968		2.41370677948
4.05034399033		2.71817016602
4.05296802521		2.41370677948
4.05559802055		2.62175655365
4.05821895599		2.5913105011
4.06084299088		2.45430183411
4.06346893311		2.71309566498
4.06609797478		2.38326072693
4.06871986389		2.68264961243
4.07134580612		2.53041744232
4.07397198677		2.51519489288
4.07659983635		2.69279766083
4.07922196388		2.38833522797
4.08184695244		2.70802116394
4.08447289467		2.44922733307
4.087225914		2.58623600006
4.08984899521		2.63190555573
4.09247303009		2.42893028259
4.09510803223		2.71817016602
4.09772586823		2.393409729
4.10034990311		2.6522026062
4.10297584534		2.56086444855
4.10560297966		2.47967433929
4.10822796822		2.70802116394
4.110850811		2.38326072693
4.11347699165		2.69787216187
4.11610388756		2.49489688873
4.11872696877		2.53549194336
4.121352911		2.67757511139
4.12398386002		2.40355873108
4.12660193443		2.71309566498
4.12922000885		2.44415378571
4.13184595108		2.59638500214
4.13447093964		2.61668205261
4.13710784912		2.43400478363
4.13972997665		2.71817016602
4.14235591888		2.393409729
4.14498782158		2.6522026062
4.14760494232		2.55578994751
4.15023303032		2.48474884033
4.15285682678		2.7029466629
4.15548992157		2.38326072693
4.15810799599		2.69787216187
4.16073393822		2.4898223877
4.16335701942		2.54564094543
4.165984869		2.67250061035
4.168612957		2.40355873108
4.17123389244		2.71309566498
4.17385983467		2.43400478363
4.17648601532		2.60145950317
4.17911195755		2.61160755157
4.18173599243		2.43907928467
4.18436384201		2.71817016602
4.18698692322		2.38833522797
4.18961000443		2.66235160828
4.19223690033		2.55071544647
4.19486904144		2.49489688873
4.19749093056		2.69787216187
4.20011281967		2.38326072693
4.20273900032		2.7029466629
4.20546483994		2.46952533722
4.20811700821		2.57101249695
4.21074104309		2.64712810516
4.21336483955		2.41878128052
4.21599292755		2.71817016602
4.21861600876		2.40863323212
4.22124099731		2.63190555573
4.22386598587		2.58623600006
4.22649598122		2.45937633514
4.22911691666		2.71309566498
4.23174190521		2.38326072693
4.23436903954		2.68264961243
4.23707985878		2.49489688873
4.23975086212		2.5405664444
4.242374897		2.67757511139
4.24499487877		2.39848423004
4.24761986732		2.71817016602
4.25024390221		2.43907928467
4.2528719902		2.59638500214
4.25549983978		2.62175655365
4.25811982155		2.43400478363
4.2607460022		2.71309566498
4.26337099075		2.393409729
4.26600503922		2.65727710724
4.26862382889		2.55578994751
4.27124595642		2.47967433929
4.273873806		2.7029466629
4.27649784088		2.38326072693
4.2791249752		2.69787216187
4.28174996376		2.4898223877
4.28437280655		2.54564094543
4.28700900078		2.67250061035
4.2896258831		2.40355873108
4.29225182533		2.71309566498
4.29488492012		2.42893028259
4.29750084877		2.60145950317
4.30012488365		2.61668205261
4.30275297165		2.43907928467
4.30541181564		2.71309566498
4.30800294876		2.38833522797
4.31062602997		2.66235160828
4.31325292587		2.54564094543
4.3158788681		2.4898223877
4.31850290298		2.7029466629
4.32112884521		2.38326072693
4.32375502586		2.69787216187
4.32638287544		2.48474884033
4.32900595665		2.55071544647
4.33163094521		2.66742610931
4.33425498009		2.40355873108
4.33688282967		2.71817016602
4.33950901031		2.42893028259
4.34213089943		2.61160755157
4.34476399422		2.60653305054
4.34738302231		2.44922733307
4.35000801086		2.71817016602
4.35263299942		2.38833522797
4.35528898239		2.67250061035
4.35788488388		2.5405664444
4.3605120182		2.49997138977
4.36313390732		2.69787216187
4.36576199532		2.38326072693
4.36839199066		2.7029466629
4.37100982666		2.47459983826
4.37363481522		2.55578994751
4.3762588501		2.66235160828
4.37888002396		2.41370677948
4.38150382042		2.71817016602
4.38413095474		2.41878128052
4.38677382469		2.61668205261
4.38939189911		2.60145950317
4.39201283455		2.44922733307
4.39464902878		2.71309566498
4.39726400375		2.38326072693
4.39988899231		2.67250061035
4.40251588821		2.53549194336
4.40514802933		2.50504589081
4.40776491165		2.69787216187
4.41039299965		2.38833522797
4.41301488876		2.70802116394
4.41564393044		2.47459983826
4.41826581955		2.56593894958
4.42089295387		2.65727710724
4.42351698875		2.41370677948
4.42614483833		2.71817016602
4.42876696587		2.41370677948
4.43139386177		2.62175655365
4.43401885033		2.5913105011
4.43664598465		2.45430183411
4.43927001953		2.70802116394
4.44189500809		2.38326072693
4.44452095032		2.68264961243
4.44714689255		2.52534389496
4.44977593422		2.51012039185
4.45239686966		2.69279766083
4.45502996445		2.38833522797
4.45764684677		2.70802116394
4.46027183533		2.46445083618
4.46289682388		2.57101249695
4.465528965		2.64712810516
4.46814894676		2.42385578156
4.47077298164		2.71817016602
4.47339987755		2.40863323212
4.4760248661		2.63190555573
4.47865200043		2.58116149902
4.48127388954		2.46445083618
4.48389983177		2.71309566498
4.48652696609		2.38326072693
4.489153862		2.68264961243
4.49177598953		2.52026939392
4.49440193176		2.53549194336
4.49715399742		2.67250061035
4.4997780323		2.39848423004
4.50240182877		2.71309566498
4.50503492355		2.43400478363
4.50765395164		2.59638500214
4.51027989388		2.62175655365
4.51290392876		2.43400478363
4.51553893089		2.71309566498
4.51815295219		2.393409729
4.52078294754		2.65727710724
4.52340388298		2.55578994751
4.52603292465		2.48474884033
4.52865600586		2.70802116394
4.53128600121		2.38326072693
4.53390598297		2.69787216187
4.53653502464		2.4898223877
4.53915882111		2.54564094543
4.54178380966		2.66742610931
4.54440593719		2.40355873108
4.54703497887		2.71309566498
4.54965686798		2.42893028259
4.55228281021		2.60653305054
4.55490899086		2.61160755157
4.55753493309		2.43907928467
4.5601580143		2.71309566498
4.5627849102		2.393409729
4.5654168129		2.66235160828
4.56803584099		2.55071544647
4.57066297531		2.4898223877
4.5732858181		2.69787216187
4.57591485977		2.38326072693
4.57853984833		2.7029466629
4.58116197586		2.48474884033
4.58379101753		2.55071544647
4.586414814		2.66742610931
4.58904099464		2.40863323212
4.59166383743		2.71817016602
4.59429097176		2.42385578156
4.59691500664		2.60653305054
4.59953999519		2.60653305054
4.6021668911		2.44415378571
4.60479998589		2.71309566498
4.60741686821		2.38326072693
4.61004281044		2.66742610931
4.61267185211		2.5405664444
4.61538290977		2.51519489288
4.61804389954		2.68772315979
4.62066793442		2.38833522797
4.62329387665		2.71309566498
4.6259188652		2.45937633514
4.62853598595		2.57608699799
4.63116002083		2.64712810516
4.63378691673		2.42385578156
4.63642287254		2.71817016602
4.63904690742		2.40355873108
4.64167189598		2.6420545578
4.64429688454		2.57608699799
4.64692282677		2.46952533722
4.64954590797		2.71309566498
4.6521730423		2.38326072693
4.65480494499		2.68264961243
4.65742397308		2.51012039185
4.66004896164		2.52534389496
4.6626739502		2.68264961243
4.66533493996		2.39848423004
4.66792392731		2.71309566498
4.67054986954		2.44922733307
4.67317581177		2.58116149902
4.67580103874		2.63190555573
4.67842698097		2.42893028259
4.68105196953		2.71817016602
4.68367791176		2.40355873108
4.68630290031		2.64712810516
4.68892788887		2.57101249695
4.69155502319		2.47459983826
4.69418501854		2.70802116394
4.69693303108		2.38326072693
4.69955587387		2.69787216187
4.70217895508		2.48474884033
4.70481395721		2.55071544647
4.70742988586		2.66742610931
4.71005702019		2.40863323212
4.71268296242		2.71817016602
4.71534180641		2.41878128052
4.71793103218		2.60653305054
4.72055602074		2.60653305054
4.72318196297		2.44415378571
4.72580981255		2.70802116394
4.72843503952		2.38326072693
4.73105788231		2.66742610931
4.73368382454		2.5405664444
4.73631596565		2.49997138977
4.73893880844		2.69787216187
4.7415599823		2.38833522797
4.74418497086		2.7029466629
4.74681687355		2.47459983826
4.74943590164		2.55578994751
4.75205993652		2.65727710724
4.75468587875		2.40863323212
4.7573158741		2.71817016602
4.75993585587		2.41878128052
4.76256489754		2.61668205261
4.76518988609		2.60145950317
4.76781201363		2.44922733307
4.77043890953		2.70802116394
4.77306294441		2.38326072693
4.7756998539		2.67757511139
4.7783138752		2.53041744232
4.78093981743		2.50504589081
4.78356599808		2.69787216187
4.78619289398		2.38833522797
4.78881502151		2.70802116394
4.79144096375		2.46952533722
4.7940659523		2.56086444855
4.79669284821		2.6522026062
4.79931688309		2.41878128052
4.80197787285		2.71817016602
4.80456900597		2.40355873108
4.80732083321		2.6420545578
4.80994296074		2.57101249695
4.81256985664		2.46952533722
4.81520295143		2.70802116394
4.81781888008		2.37818622589
4.82044291496		2.69279766083
4.82306981087		2.50504589081
4.82569789886		2.53041744232
4.82832288742		2.67757511139
4.83094382286		2.39848423004
4.83357191086		2.71309566498
4.83620095253		2.44415378571
4.83882188797		2.5913105011
4.84144592285		2.62683105469
4.84407186508		2.42893028259
4.84670090675		2.71309566498
4.84932303429		2.393409729
4.85194897652		2.6522026062
4.85457396507		2.55578994751
4.85720491409		2.48474884033
4.85982584953		2.70802116394
4.86244893074		2.37818622589
4.86508202553		2.69787216187
4.86769986153		2.49489688873
4.87032604218		2.53549194336
4.87294983864		2.67757511139
4.87557482719		2.39848423004
4.87819385529		2.71309566498
4.88082003593		2.43907928467
4.8834438324		2.59638500214
4.88608694077		2.61668205261
4.88870882988		2.43907928467
4.89133191109		2.71309566498
4.89395594597		2.38833522797
4.8965818882		2.6522026062
4.89920592308		2.55578994751
4.90182900429		2.48474884033
4.90445899963		2.7029466629
4.90708184242		2.38326072693
4.9097058773		2.7029466629
4.91233086586		2.4898223877
4.91496396065		2.54564094543
4.91758394241		2.66742610931
4.92020702362		2.40355873108
4.92283201218		2.71309566498
4.92546391487		2.43400478363
4.92808389664		2.60653305054
4.93070983887		2.61160755157
4.93333387375		2.43907928467
4.93596100807		2.71309566498
4.93859386444		2.38833522797
4.94121003151		2.66235160828
4.94383382797		2.54564094543
4.94646382332		2.4898223877
4.94908595085		2.7029466629
4.95171284676		2.38326072693
4.95433783531		2.7029466629
4.95696687698		2.48474884033
4.95958900452		2.55071544647
4.9622130394		2.66742610931
4.96484684944		2.40355873108
4.96746397018		2.71817016602
4.97008991241		2.42893028259
4.9727139473		2.61160755157
4.9753780365		2.60145950317
4.97796487808		2.44415378571
4.98059201241		2.71309566498
4.98321580887		2.38326072693
4.98584198952		2.66742610931
4.98846697807		2.53549194336
4.99109196663		2.49489688873
4.99371886253		2.69279766083
4.99634504318		2.38326072693
4.9989669323		2.7029466629
