0.000128030776978		2.56086444855
0.00855493545532		2.56086444855
0.0170550346375		2.55578994751
0.0255501270294		2.56086444855
0.0340490341187		2.55578994751
0.0425510406494		2.56086444855
0.0510499477386		2.55578994751
0.0595641136169		2.56086444855
0.0680611133575		2.55578994751
0.0765740871429		2.56086444855
0.0850651264191		2.55578994751
0.0935819149017		2.56086444855
0.102072000504		2.55578994751
0.110559940338		2.56593894958
0.119075059891		2.55071544647
0.12756896019		2.56593894958
0.136070013046		2.55578994751
0.144578933716		2.56086444855
0.153078079224		2.55071544647
0.161571979523		2.56086444855
0.170105934143		2.56086444855
0.178576946259		2.56086444855
0.187078952789		2.55578994751
0.195584058762		2.56086444855
0.204087018967		2.55578994751
0.212585926056		2.56086444855
0.221085071564		2.56086444855
0.229583978653		2.56086444855
0.238173007965		2.56086444855
0.24671292305		2.55578994751
0.255212068558		2.56086444855
0.263711929321		2.56086444855
0.272218942642		2.56086444855
0.280714988708		2.55578994751
0.289215087891		2.56086444855
0.29771399498		2.56086444855
0.306230068207		2.56086444855
0.314717054367		2.55578994751
0.323225975037		2.56086444855
0.331728935242		2.55578994751
0.340224027634		2.56086444855
0.34872508049		2.55578994751
0.357224941254		2.56593894958
0.365729093552		2.55578994751
0.374228000641		2.56086444855
0.38273191452		2.55578994751
0.391227960587		2.56086444855
0.399730920792		2.56086444855
0.408236980438		2.56086444855
0.41673207283		2.56086444855
0.425235033035		2.55578994751
0.433747053146		2.56086444855
0.442242145538		2.56086444855
0.450736045837		2.56086444855
0.459239006042		2.56086444855
0.467745065689		2.56086444855
0.476241111755		2.55578994751
0.484750032425		2.56593894958
0.493243932724		2.55578994751
0.501750946045		2.56593894958
0.510236978531		2.55578994751
0.518753051758		2.56086444855
0.527250051498		2.55578994751
0.535748958588		2.55578994751
0.544250011444		2.55578994751
0.552757978439		2.56593894958
0.561252117157		2.55578994751
0.569752931595		2.56086444855
0.578258037567		2.56086444855
0.586756944656		2.56086444855
0.595261096954		2.55578994751
0.603763103485		2.55578994751
0.612263917923		2.56086444855
0.620760917664		2.56086444855
0.629260063171		2.56086444855
0.637766122818		2.56086444855
0.646263122559		2.56086444855
0.654763936996		2.55578994751
0.663265943527		2.56086444855
0.671772003174		2.55578994751
0.680267095566		2.56086444855
0.688769102097		2.56086444855
0.697279930115		2.56086444855
0.705778121948		2.56086444855
0.714267015457		2.56593894958
0.722778081894		2.55578994751
0.73127412796		2.56086444855
0.739774942398		2.55578994751
0.748281955719		2.56593894958
0.756786108017		2.55578994751
0.765279054642		2.56593894958
0.773778915405		2.55578994751
0.782287120819		2.56086444855
0.790781021118		2.56086444855
0.799284934998		2.56086444855
0.807784080505		2.55578994751
0.816285133362		2.56086444855
0.824787139893		2.56086444855
0.833292961121		2.56086444855
0.841794013977		2.56086444855
0.850290060043		2.55578994751
0.858793020248		2.56086444855
0.867298126221		2.55578994751
0.875798940659		2.56593894958
0.884300947189		2.56086444855
0.892802000046		2.56086444855
0.901296138763		2.55578994751
0.909793138504		2.56593894958
0.918365001678		2.55578994751
0.926924943924		2.56086444855
0.935426950455		2.55578994751
0.943932056427		2.56593894958
0.952434062958		2.56086444855
0.960932970047		2.56086444855
0.969430923462		2.55578994751
0.977931022644		2.56593894958
0.986433029175		2.55578994751
0.994938135147		2.56086444855
1.00345492363		2.55578994751
1.01194190979		2.56086444855
1.02043604851		2.55578994751
1.02893900871		2.56086444855
1.0374610424		2.55578994751
1.04593992233		2.56086444855
1.05444097519		2.56086444855
1.06294298172		2.56086444855
1.07144212723		2.56086444855
1.07994508743		2.56086444855
1.08844614029		2.56086444855
1.09694695473		2.55578994751
1.10545492172		2.56086444855
1.11394405365		2.56086444855
1.12245798111		2.56086444855
1.13095211983		2.56086444855
1.13946890831		2.56086444855
1.14795303345		2.56086444855
1.15646100044		2.56593894958
1.16495513916		2.56086444855
1.17345714569		2.56086444855
1.18196511269		2.56086444855
1.19045805931		2.56086444855
1.19896197319		2.56086444855
1.20746302605		2.56086444855
1.21596193314		2.56086444855
1.22447013855		2.56593894958
1.2329659462		2.55578994751
1.24146604538		2.55578994751
1.24996614456		2.56086444855
1.258466959		2.56086444855
1.26698994637		2.56086444855
1.27549099922		2.55578994751
1.28397798538		2.56086444855
1.29246997833		2.56086444855
1.30097603798		2.56086444855
1.30948901176		2.56086444855
1.31797099113		2.56086444855
1.32647800446		2.56086444855
1.33497905731		2.56086444855
1.34348392487		2.55578994751
1.35198712349		2.56593894958
1.36048102379		2.55578994751
1.36898398399		2.56593894958
1.3774831295		2.55578994751
1.38598513603		2.56086444855
1.39449095726		2.56086444855
1.40299201012		2.56593894958
1.41150212288		2.56086444855
1.42011713982		2.56086444855
1.42861700058		2.56086444855
1.43711590767		2.56086444855
1.44561910629		2.56086444855
1.45411992073		2.56086444855
1.4626250267		2.56086444855
1.47112202644		2.56086444855
1.47962498665		2.56086444855
1.48816204071		2.56086444855
1.49662613869		2.56086444855
1.50513195992		2.55578994751
1.51362204552		2.56086444855
1.52213597298		2.56086444855
1.5306289196		2.56086444855
1.53913092613		2.56086444855
1.54764795303		2.56086444855
1.55613899231		2.56086444855
1.56464099884		2.56086444855
1.57313609123		2.55578994751
1.58164405823		2.56593894958
1.59013605118		2.55578994751
1.59863901138		2.56593894958
1.60713911057		2.55578994751
1.615639925		2.56086444855
1.62414312363		2.55578994751
1.63264894485		2.56086444855
1.64114308357		2.56086444855
1.64964914322		2.56086444855
1.65818309784		2.56086444855
1.66665506363		2.56086444855
1.67515611649		2.56086444855
1.68367004395		2.56086444855
1.69215106964		2.56086444855
1.7006521225		2.56086444855
1.70914912224		2.56086444855
1.71765613556		2.56086444855
1.72615695		2.56086444855
1.7346560955		2.55578994751
1.74316310883		2.56593894958
1.75168204308		2.56086444855
1.76015806198		2.56593894958
1.76866006851		2.55578994751
1.77716207504		2.56086444855
1.78566408157		2.56086444855
1.79416513443		2.56086444855
1.80267095566		2.55578994751
1.81116604805		2.56593894958
1.81968212128		2.55578994751
1.82820296288		2.56086444855
1.8366689682		2.55578994751
1.84517097473		2.56593894958
1.85367393494		2.56086444855
1.86217713356		2.56086444855
1.87067508698		2.56086444855
1.87917613983		2.56086444855
1.8876760006		2.56086444855
1.89617705345		2.56086444855
1.90468001366		2.56086444855
1.91317510605		2.56086444855
1.92168903351		2.56086444855
1.93018198013		2.56086444855
1.93868303299		2.56086444855
1.94718194008		2.56086444855
1.95570611954		2.56086444855
1.96419095993		2.55578994751
1.97269392014		2.56086444855
1.98118901253		2.55578994751
1.98969602585		2.56086444855
1.99826598167		2.55578994751
2.00681805611		2.56086444855
2.01532506943		2.55578994751
2.02382993698		2.56593894958
2.03232192993		2.55578994751
2.04082202911		2.56593894958
2.04932308197		2.55578994751
2.0578250885		2.56086444855
2.06632995605		2.56086444855
2.07483291626		2.56086444855
2.08333301544		2.56086444855
2.09183502197		2.56086444855
2.1003279686		2.56086444855
2.10882711411		2.55578994751
2.11732792854		2.56086444855
2.12584805489		2.55578994751
2.13433408737		2.56086444855
2.14284110069		2.56086444855
2.15133595467		2.56086444855
2.1598379612		2.55578994751
2.16834497452		2.56593894958
2.17684006691		2.55578994751
2.18533992767		2.56086444855
2.19384598732		2.55578994751
2.20234394073		2.56086444855
2.21084499359		2.56086444855
2.21934604645		2.56593894958
2.22785305977		2.55578994751
2.23635005951		2.56086444855
2.24484801292		2.55578994751
2.25335001945		2.56086444855
2.26185512543		2.56086444855
2.2703499794		2.56086444855
2.27886009216		2.56086444855
2.28735399246		2.56086444855
2.29585695267		2.56086444855
2.30436396599		2.56086444855
2.31285309792		2.56086444855
2.3213570118		2.56086444855
2.32986092567		2.56086444855
2.33836698532		2.55578994751
2.34686207771		2.56086444855
2.35537004471		2.56086444855
2.36387205124		2.56086444855
2.37237095833		2.56086444855
2.38086509705		2.56593894958
2.38936591148		2.56086444855
2.39788508415		2.56086444855
2.40636897087		2.56086444855
2.4148709774		2.56086444855
2.42337203026		2.56086444855
2.4318780899		2.56086444855
2.44037413597		2.56593894958
2.44887495041		2.56593894958
2.45737695694		2.55578994751
2.46588397026		2.56593894958
2.47438502312		2.56086444855
2.48288607597		2.56593894958
2.49137997627		2.56086444855
2.50001001358		2.56086444855
2.50850510597		2.56086444855
2.5170071125		2.56593894958
2.52551293373		2.56086444855
2.53401303291		2.56086444855
2.54251694679		2.56086444855
2.55101299286		2.56086444855
2.55951499939		2.56086444855
2.56801605225		2.56086444855
2.57651805878		2.56593894958
2.58501911163		2.55578994751
2.59352493286		2.56593894958
2.60202407837		2.56086444855
2.61052012444		2.56086444855
2.61902308464		2.55578994751
2.62752795219		2.56593894958
2.63604593277		2.56086444855
2.6445350647		2.56593894958
2.65303206444		2.56086444855
2.66152691841		2.56593894958
2.67015695572		2.56086444855
2.67865490913		2.56593894958
2.68715691566		2.56086444855
2.69565701485		2.56593894958
2.70416808128		2.55578994751
2.71265506744		2.56086444855
2.72116208076		2.56086444855
2.7296640873		2.56086444855
2.73819613457		2.56086444855
2.74666500092		2.56086444855
2.75517010689		2.56086444855
2.76368713379		2.56086444855
2.77217411995		2.56086444855
2.78066802025		2.56086444855
2.78917098045		2.56593894958
2.79768705368		2.56086444855
2.80617594719		2.56086444855
2.81467413902		2.56086444855
2.82317614555		2.56086444855
2.83168005943		2.56086444855
2.8401761055		2.56593894958
2.84867811203		2.56086444855
2.85718011856		2.56086444855
2.86570000648		2.56086444855
2.8741850853		2.56086444855
2.8826880455		2.56086444855
2.89118313789		2.56086444855
2.89970302582		2.56086444855
2.90821909904		2.56086444855
2.91668510437		2.56086444855
2.92518997192		2.56086444855
2.93368911743		2.56086444855
2.94219493866		2.56086444855
2.95069003105		2.56086444855
2.95919299126		2.56086444855
2.96769404411		2.56086444855
2.97620010376		2.56086444855
2.98469805717		2.56086444855
2.99320292473		2.56086444855
3.00170302391		2.56593894958
3.01019692421		2.55578994751
3.01870298386		2.56593894958
3.02720713615		2.55578994751
3.03572297096		2.56593894958
3.04420399666		2.55578994751
3.05271196365		2.56593894958
3.0612039566		2.55578994751
3.06973004341		2.56086444855
3.07823896408		2.55578994751
3.08670902252		2.56086444855
3.09521007538		2.56086444855
3.10371613503		2.56086444855
3.11221194267		2.56086444855
3.1207139492		2.56086444855
3.12921595573		2.55578994751
3.13771510124		2.56086444855
3.14621710777		2.56086444855
3.154722929		2.56086444855
3.16322398186		2.56086444855
3.17174005508		2.55578994751
3.18022298813		2.56086444855
3.18872404099		2.56086444855
3.19722414017		2.56086444855
3.20572495461		2.55578994751
3.21422600746		2.56593894958
3.22273111343		2.56086444855
3.23122692108		2.56086444855
3.23973011971		2.55578994751
3.24823713303		2.56086444855
3.25673103333		2.56086444855
3.26523804665		2.56086444855
3.27374005318		2.56086444855
3.28224301338		2.56086444855
3.29072713852		2.56086444855
3.29924106598		2.56086444855
3.30775308609		2.56086444855
3.31623601913		2.56086444855
3.32474708557		2.56086444855
3.33325004578		2.56086444855
3.341766119		2.56086444855
3.35024309158		2.56086444855
3.35874605179		2.56086444855
3.36724710464		2.56086444855
3.37574696541		2.56086444855
3.38424801826		2.56086444855
3.39275503159		2.56086444855
3.40125012398		2.56086444855
3.40974998474		2.56086444855
3.41825795174		2.55578994751
3.42675995827		2.56593894958
3.43526101112		2.55578994751
3.44377613068		2.56593894958
3.4522690773		2.56086444855
3.46075701714		2.56086444855
3.46925997734		2.56086444855
3.47776198387		2.56593894958
3.48626303673		2.56086444855
3.49476194382		2.56086444855
3.50326895714		2.56086444855
3.51175999641		2.56086444855
3.52026605606		2.55578994751
3.52876806259		2.56593894958
3.53726696968		2.55578994751
3.54576897621		2.56593894958
3.55427503586		2.55578994751
3.56277704239		2.56086444855
3.57127094269		2.56086444855
3.57978796959		2.56086444855
3.58828306198		2.56086444855
3.59678792953		2.56086444855
3.60527992249		2.56086444855
3.61379694939		2.56086444855
3.62228608131		2.56086444855
3.63077998161		2.56086444855
3.63928103447		2.56086444855
3.64778399467		2.56086444855
3.65628504753		2.56086444855
3.66478896141		2.56086444855
3.67329096794		2.56086444855
3.68179392815		2.56086444855
3.69028902054		2.56086444855
3.69879412651		2.56086444855
3.70729112625		2.56086444855
3.71580505371		2.56086444855
3.72430109978		2.56086444855
3.73280000687		2.56086444855
3.74129605293		2.56086444855
3.74979400635		2.56086444855
3.75830411911		2.56086444855
3.76679801941		2.56086444855
3.77530097961		2.56086444855
3.78380298615		2.56086444855
3.792304039		2.56086444855
3.80080199242		2.56086444855
3.80930304527		2.56086444855
3.81780600548		2.56086444855
3.82631206512		2.56086444855
3.83481192589		2.56593894958
3.84331393242		2.56086444855
3.85183310509		2.56593894958
3.86031413078		2.55578994751
3.86881399155		2.56593894958
3.8773150444		2.55578994751
3.88582992554		2.56593894958
3.89431595802		2.56086444855
3.90282201767		2.56593894958
3.91130900383		2.56086444855
3.91982293129		2.56593894958
3.92832803726		2.56086444855
3.93682694435		2.56086444855
3.94532203674		2.56086444855
3.95382809639		2.56086444855
3.96233201027		2.56086444855
3.97082495689		2.56086444855
3.9793279171		2.56086444855
3.98784899712		2.56086444855
3.99632906914		2.56086444855
4.00483608246		2.56086444855
4.01333212852		2.56593894958
4.02183699608		2.56086444855
4.03033208847		2.56086444855
4.03883504868		2.56086444855
4.04733705521		2.56086444855
4.05583691597		2.55578994751
4.06434512138		2.56086444855
4.07284593582		2.55578994751
4.08134007454		2.56086444855
4.0898411274		2.56086444855
4.09834909439		2.56593894958
4.10684299469		2.56086444855
4.11534309387		2.56593894958
4.12387394905		2.56086444855
4.13235497475		2.56086444855
4.14084792137		2.56086444855
4.1493499279		2.56593894958
4.1578669548		2.56086444855
4.16635107994		2.56593894958
4.1748521328		2.56086444855
4.183355093		2.56593894958
4.19185996056		2.55578994751
4.20035409927		2.56086444855
4.2088561058		2.56086444855
4.21735692024		2.56086444855
4.22586393356		2.56086444855
4.23436713219		2.56086444855
4.24286603928		2.56593894958
4.25136208534		2.56086444855
4.26000714302		2.56593894958
4.26849102974		2.56086444855
4.27699804306		2.56593894958
4.28549194336		2.55578994751
4.2939889431		2.56593894958
4.30250310898		2.56086444855
4.3109869957		2.56086444855
4.31949996948		2.56086444855
4.32799696922		2.56593894958
4.33649897575		2.56086444855
4.34499907494		2.56086444855
4.35350608826		2.56086444855
4.36200714111		2.56086444855
4.37050008774		2.55578994751
4.37900400162		2.56086444855
4.3875169754		2.55578994751
4.39602208138		2.56086444855
4.40451598167		2.55578994751
4.41301393509		2.56086444855
4.42151093483		2.56593894958
4.43015193939		2.56086444855
4.4386370182		2.56086444855
4.44713807106		2.56086444855
4.45563793182		2.56086444855
4.46414494514		2.56086444855
4.47264194489		2.56593894958
4.48116612434		2.56086444855
4.48964500427		2.56086444855
4.49822211266		2.56086444855
4.50677108765		2.56593894958
4.51526713371		2.56086444855
4.52378201485		2.56593894958
4.53228092194		2.56086444855
4.54077601433		2.56593894958
4.54927802086		2.56086444855
4.55777812004		2.56593894958
4.56627893448		2.56086444855
4.57478094101		2.56593894958
4.58328604698		2.56086444855
4.59178805351		2.56593894958
4.6002831459		2.56086444855
4.60878491402		2.56086444855
4.6172850132		2.56593894958
4.62579202652		2.55578994751
4.63428807259		2.56593894958
4.64279413223		2.56086444855
4.65129613876		2.56086444855
4.65979909897		2.56086444855
4.6683011055		2.56086444855
4.67680001259		2.56086444855
4.68530011177		2.56086444855
4.69379591942		2.55578994751
4.7023100853		2.57101249695
4.71078896523		2.56086444855
4.7193031311		2.56593894958
4.72780203819		2.56086444855
4.73630094528		2.56593894958
4.74480199814		2.56086444855
4.75330901146		2.56593894958
4.76181006432		2.56086444855
4.77030491829		2.56086444855
4.77880811691		2.56086444855
4.78731608391		2.56086444855
4.79580998421		2.56086444855
4.80431604385		2.56086444855
4.81281614304		2.56086444855
4.82131195068		2.56593894958
4.82981300354		2.56086444855
4.83832001686		2.56086444855
4.84681606293		2.56086444855
4.85531711578		2.56086444855
4.8638241291		2.56086444855
4.87231993675		2.56086444855
4.88081812859		2.56086444855
4.88932204247		2.56086444855
4.89782214165		2.56593894958
4.90632390976		2.55578994751
4.91482710838		2.56593894958
4.92333602905		2.56086444855
4.93183398247		2.56086444855
4.94032907486		2.56086444855
4.94882893562		2.56593894958
4.95732998848		2.56086444855
4.96583008766		2.56086444855
4.97433590889		2.56086444855
4.98283910751		2.56593894958
4.99133491516		2.56086444855
4.99983692169		2.56593894958
0.000127077102661		2.20058345795
0.00860619544983		1.94178962708
0.0171191692352		1.95193862915
0.0256052017212		2.25640106201
0.0341081619263		2.68772315979
0.042610168457		3.05307865143
0.0511112213135		3.20530986786
0.0596261024475		3.04292964935
0.0681281089783		2.67757511139
0.0766251087189		2.24625301361
0.0851211547852		1.95701313019
0.0936291217804		1.94178962708
0.10212802887		2.24117851257
0.110633134842		2.66742610931
0.119131088257		3.04800415039
0.127636194229		3.20023536682
0.136130094528		3.05815315247
0.144632101059		2.69787216187
0.153132200241		2.27162456512
0.161638021469		1.96208763123
0.170168161392		1.93164157867
0.178761005402		2.2310295105
0.187264204025		2.6522026062
0.195775032043		3.03278160095
0.204268217087		3.19516181946
0.212769985199		3.07337665558
0.221266031265		2.70802116394
0.229765176773		2.2919216156
0.238269090652		1.96716213226
0.246769189835		1.93164157867
0.255268096924		2.20565795898
0.263771057129		2.63190555573
0.272277116776		3.0124835968
0.280779123306		3.20023536682
0.289277076721		3.07845020294
0.297787189484		2.73339271545
0.306277036667		2.30207061768
0.314783096313		1.9823846817
0.323281049728		1.92656707764
0.331787109375		2.19043445587
0.340279102325		2.61160755157
0.348781108856		3.00233459473
0.357282161713		3.20023536682
0.365801095963		3.09367370605
0.374284029007		2.7536907196
0.382786989212		2.32744312286
0.391287088394		1.99253368378
0.399789094925		1.91641807556
0.40829205513		2.17521095276
0.416790008545		2.58623600006
0.425292015076		2.98711204529
0.433802127838		3.19008731842
0.442290067673		3.10382270813
0.450803995132		2.76891326904
0.459295988083		2.35281467438
0.467799186707		1.99760818481
0.47629904747		1.91641807556
0.484800100327		2.14983940125
0.493301153183		2.57101249695
0.501800060272		2.97188854218
0.51030421257		3.19516181946
0.518804073334		3.10889720917
0.527307033539		2.79936027527
0.535804033279		2.36803817749
0.54430603981		2.01283168793
0.552809000015		1.91134357452
0.561314105988		2.13461589813
0.56980919838		2.55071544647
0.57831120491		2.9515914917
0.586812019348		3.19008731842
0.595313072205		3.11904525757
0.603823184967		2.81458282471
0.612317085266		2.38833522797
0.620824098587		2.02805423737
0.629317045212		1.90626907349
0.637832164764		2.11939334869
0.646320104599		2.52534389496
0.654821157455		2.93636798859
0.663320064545		3.17993831635
0.671830177307		3.13426876068
0.680477142334		2.81965732574
0.688948154449		2.40863323212
0.69745516777		2.02805423737
0.705951213837		1.91134357452
0.714457035065		2.10924434662
0.722961187363		2.51012039185
0.731463193893		2.92114448547
0.739957094193		3.17993831635
0.748463153839		3.13934326172
0.756999015808		2.83488082886
0.765603065491		2.41878128052
0.774085998535		2.03820323944
0.782587051392		1.90626907349
0.791090011597		2.09402179718
0.799589157104		2.49997138977
0.80809211731		2.91099643707
0.81659412384		3.17486381531
0.825095176697		3.14949226379
0.83360004425		2.86025238037
0.842101097107		2.43907928467
0.850602149963		2.05850028992
0.85909819603		1.90119457245
0.867616176605		2.0838727951
0.876100063324		2.46952533722
0.884605169296		2.89577293396
0.893106222153		3.16471481323
0.901600122452		3.15456676483
0.910106182098		2.87040138245
0.918606042862		2.45937633514
0.927114009857		2.06864929199
0.935608148575		1.90626907349
0.944108009338		2.06357479095
0.952612161636		2.45430183411
0.961124181747		2.87547588348
0.969611167908		3.15964031219
0.978115081787		3.16471481323
0.986615180969		2.89069843292
0.995121002197		2.47967433929
1.00363707542		2.08894729614
1.01212406158		1.90626907349
1.02062606812		2.04327774048
1.02912116051		2.43400478363
1.03764009476		2.8501033783
1.04612207413		3.15456676483
1.05462312698		3.16471481323
1.06312608719		2.91099643707
1.07163119316		2.49997138977
1.08012604713		2.10924434662
1.08863401413		1.90119457245
1.09713411331		2.03820323944
1.10563516617		2.41370677948
1.11413502693		2.83488082886
1.12264108658		3.13934326172
1.13113903999		3.17486381531
1.1396651268		2.92114448547
1.14814400673		2.52026939392
1.15663909912		2.11939334869
1.16514205933		1.91134357452
1.17364215851		2.02297973633
1.18214201927		2.38833522797
1.1906440258		2.81458282471
1.19914102554		3.13426876068
1.20764398575		3.18501281738
1.2161450386		2.94144248962
1.22465419769		2.5405664444
1.23315310478		2.13461589813
1.24165415764		1.91641807556
1.25014805794		2.00775718689
1.25877809525		2.37818622589
1.26730203629		2.79936027527
1.27579522133		3.12919425964
1.28428411484		3.18501281738
1.29278707504		2.95666599274
1.30127620697		2.55578994751
1.30978417397		2.14983940125
1.31828403473		1.91134357452
1.32678413391		2.00268268585
1.33528518677		2.35281467438
1.34378600121		2.78413677216
1.35228800774		3.11397171021
1.36079502106		3.18501281738
1.36928915977		2.97188854218
1.37780809402		2.57608699799
1.38629317284		2.1701374054
1.39479899406		1.9214925766
1.4033010006		1.99253368378
1.41181302071		2.33251667023
1.42029809952		2.76383876801
1.42880010605		3.10382270813
1.43729519844		3.19516181946
1.4457950592		2.98711204529
1.4543030262		2.59638500214
1.46280217171		2.1802854538
1.4713101387		1.92656707764
1.47980618477		1.97731018066
1.488312006		2.31729412079
1.49680614471		2.74354171753
1.5053050518		3.09367370605
1.51381111145		3.19008731842
1.52231621742		3.00233459473
1.53081607819		2.61160755157
1.53931212425		2.20565795898
1.54783010483		1.92656707764
1.5563211441		1.96716213226
1.56481719017		2.2919216156
1.5733191967		2.72324466705
1.58182001114		3.07845020294
1.59031701088		3.19516181946
1.59894919395		3.01755809784
1.60744905472		2.62683105469
1.61594700813		2.21580600739
1.62444901466		1.93671607971
1.63295602798		1.96208763123
1.64145803452		2.27669906616
1.64995121956		2.70802116394
1.65845918655		3.06830215454
1.66699099541		3.20023536682
1.67545509338		3.02770709991
1.68396711349		2.65727710724
1.69245910645		2.2310295105
1.70095419884		1.94686412811
1.70946216583		1.94686412811
1.71796798706		2.26147556305
1.72646212578		2.68264961243
1.73496317863		3.0632276535
1.7434630394		3.20023536682
1.75198507309		3.04292964935
1.76047301292		2.66742610931
1.76896619797		2.25132751465
1.7774682045		1.95193862915
1.78597021103		1.94178962708
1.79447817802		2.23610401154
1.80297803879		2.66742610931
1.81148004532		3.04800415039
1.81997513771		3.19516181946
1.82847905159		3.05815315247
1.83701300621		2.68772315979
1.8454811573		2.27669906616
1.85399317741		1.96208763123
1.86248016357		1.93671607971
1.8709859848		2.22088050842
1.87948203087		2.64712810516
1.88798618317		3.02770709991
1.89648509026		3.20023536682
1.90498209		3.06830215454
1.91348814964		2.71817016602
1.92199420929		2.28684806824
1.93049621582		1.97731018066
1.93899011612		1.92656707764
1.94749212265		2.20058345795
1.95600104332		2.62683105469
1.96449899673		3.0124835968
1.97300004959		3.20023536682
1.98149514198		3.08352470398
1.99000120163		2.73339271545
1.99849820137		2.31221961975
2.00702905655		1.9823846817
2.01550507545		1.92656707764
2.02400112152		2.1802854538
2.03250217438		2.60145950317
2.04101014137		2.99726104736
2.04950499535		3.19516181946
2.05800819397		3.09874820709
2.06650805473		2.75876522064
2.07500815392		2.33251667023
2.08351612091		1.99253368378
2.09201717377		1.9214925766
2.10051107407		2.15998840332
2.10901498795		2.58116149902
2.11751413345		2.98203754425
2.12602806091		3.19516181946
2.13451600075		3.10382270813
2.14301514626		2.77906227112
2.15151810646		2.35281467438
2.16001701355		2.00775718689
2.16851902008		1.91641807556
2.17703199387		2.14983940125
2.18552303314		2.56593894958
2.194024086		2.97188854218
2.20253205299		3.19516181946
2.21103215218		3.11904525757
2.21952605247		2.79936027527
2.22803115845		2.36803817749
2.23653006554		2.01790523529
2.2450401783		1.91134357452
2.25353217125		2.13461589813
2.26203203201		2.54564094543
2.27053904533		2.9515914917
2.27903914452		3.18501281738
2.28753805161		3.12919425964
2.29604315758		2.81458282471
2.3045361042		2.39848423004
2.31304216385		2.02297973633
2.3215470314		1.91641807556
2.33004212379		2.11431884766
2.33854103088		2.53041744232
2.34705018997		2.92621898651
2.35554504395		3.17993831635
2.36405420303		3.13426876068
2.3725540638		2.83488082886
2.38105511665		2.41370677948
2.3895471096		2.04327774048
2.39806604385		1.91134357452
2.40655207634		2.09909534454
2.41505217552		2.50504589081
2.42355298996		2.91099643707
2.43206119537		3.17993831635
2.44055008888		3.14441776276
2.44905805588		2.85517787933
2.45756101608		2.43400478363
2.46605801582		2.05850028992
2.47455906868		1.90626907349
2.48306798935		2.0838727951
2.49156904221		2.47459983826
2.50005602837		2.900847435
2.50857114792		3.16978931427
2.51707601547		3.15964031219
2.52556800842		2.87040138245
2.5340681076		2.45430183411
2.54257512093		2.06864929199
2.55107617378		1.90626907349
2.55957007408		2.06357479095
2.56807518005		2.45937633514
2.57657408714		2.88055038452
2.58508110046		3.16471481323
2.59358119965		3.16471481323
2.60208201408		2.89069843292
2.61058521271		2.47459983826
2.61907815933		2.08894729614
2.62758207321		1.90626907349
2.63610219955		2.04835224152
2.64458799362		2.43907928467
2.65308713913		2.86025238037
2.66158509254		3.15964031219
2.67010211945		3.16978931427
2.67858600616		2.91099643707
2.68709421158		2.49997138977
2.69558906555		2.10416984558
2.70408821106		1.90119457245
2.71259307861		2.03820323944
2.72110009193		2.41370677948
2.72959518433		2.84502887726
2.73809719086		3.14441776276
2.74659705162		3.17993831635
2.75510311127		2.92114448547
2.7636051178		2.52534389496
2.77210617065		2.11431884766
2.78060603142		1.91134357452
2.78910112381		2.02297973633
2.79760217667		2.393409729
2.80610799789		2.81965732574
2.81460404396		3.13934326172
2.82310605049		3.17993831635
2.83161115646		2.94144248962
2.8401081562		2.5405664444
2.84861302376		2.13461589813
2.85712099075		1.91134357452
2.86561107635		2.00775718689
2.87411308289		2.37311172485
2.88261413574		2.79936027527
2.89112305641		3.12411975861
2.89960813522		3.18501281738
2.9081261158		2.9617395401
2.91662812233		2.55578994751
2.92512106895		2.15491390228
2.93362021446		1.91134357452
2.94213700294		2.00268268585
2.95062804222		2.35281467438
2.95912218094		2.78413677216
2.96762514114		3.11397171021
2.976126194		3.19516181946
2.98462820053		2.97696304321
2.99313521385		2.57608699799
3.00163722038		2.1701374054
3.01013016701		1.9214925766
3.01863503456		1.98745918274
3.02714014053		2.33251667023
3.03563308716		2.76383876801
3.04414200783		3.10382270813
3.05264210701		3.19516181946
3.06114721298		2.99218654633
3.06964707375		2.60145950317
3.0781390667		2.19043445587
3.08664011955		1.92656707764
3.09514117241		1.9722366333
3.1036400795		2.31729412079
3.11214709282		2.73846721649
3.12065005302		3.09874820709
3.12914705276		3.19008731842
3.13765001297		3.0124835968
3.14614915848		2.61668205261
3.15465521812		2.20565795898
3.16315698624		1.93164157867
3.17165899277		1.96716213226
3.18015503883		2.29699611664
3.18878507614		2.73339271545
3.19728207588		3.08352470398
3.20578122139		3.20530986786
3.21428608894		3.01755809784
3.22278404236		2.63698005676
3.23129200935		2.22088050842
3.23978614807		1.93671607971
3.24828720093		1.95701313019
3.25679016113		2.27669906616
3.2652900219		2.70802116394
3.27379107475		3.07337665558
3.28229904175		3.20023536682
3.29079914093		3.03278160095
3.29928302765		2.66235160828
3.30780005455		2.23610401154
3.31630301476		1.94686412811
3.32479810715		1.94686412811
3.33331418037		2.26147556305
3.34179902077		2.68772315979
3.35029911995		3.0632276535
3.35893201828		3.20023536682
3.36742806435		3.04800415039
3.37592816353		2.66742610931
3.38443112373		2.25132751465
3.3929309845		1.95193862915
3.4014441967		1.95193862915
3.40993309021		2.24117851257
3.41843509674		2.67250061035
3.42696619034		3.04800415039
3.43543720245		3.20530986786
3.44394803047		3.05815315247
3.45245313644		2.69279766083
3.46094799042		2.26655006409
3.46944212914		1.96208763123
3.47794318199		1.93671607971
3.48644399643		2.22595500946
3.49494600296		2.6522026062
3.50344204903		3.03278160095
3.51195120811		3.20530986786
3.52045321465		3.06830215454
3.52894902229		2.71309566498
3.53745222092		2.2919216156
3.54595112801		1.9722366333
3.554459095		1.93164157867
3.56296014786		2.21073246002
3.57145905495		2.63190555573
3.57997012138		3.02263259888
3.58858919144		3.20023536682
3.59709620476		3.08352470398
3.60558509827		2.72831821442
3.61408805847		2.30714511871
3.62258815765		1.97731018066
3.63109207153		1.93164157867
3.63959002495		2.19550895691
3.64809012413		2.61668205261
3.65659117699		3.00740909576
3.66509199142		3.20023536682
3.67359304428		3.09367370605
3.68211603165		2.74861621857
3.69059610367		2.32744312286
3.69908809662		1.99253368378
3.7076010704		1.9214925766
3.71612215042		2.1802854538
3.72460508347		2.60145950317
3.73310613632		2.99218654633
3.74160218239		3.20023536682
3.75010418892		3.10382270813
3.75860500336		2.77398777008
3.767111063		2.3426656723
3.77560806274		2.00775718689
3.7841091156		1.9214925766
3.79261422157		2.15998840332
3.80111503601		2.57101249695
3.80961203575		2.98203754425
3.81811308861		3.19516181946
3.82661318779		3.11397171021
3.83511400223		2.78921127319
3.84362101555		2.36803817749
3.85213804245		2.01283168793
3.86063098907		1.91641807556
3.869120121		2.13969039917
3.87762117386		2.55578994751
3.88612413406		2.9617395401
3.89462304115		3.19008731842
3.90311813354		3.12919425964
3.91162705421		2.81458282471
3.92012405396		2.38833522797
3.92862701416		2.02297973633
3.93714118004		1.91641807556
3.94563007355		2.12446784973
3.95413517952		2.5405664444
3.96263813972		2.94651699066
3.97113800049		3.19008731842
3.97963213921		3.13426876068
3.98815107346		2.82980632782
3.99663519859		2.40355873108
4.00514411926		2.04327774048
4.01363706589		1.91134357452
4.02213907242		2.10924434662
4.03064513206		2.51519489288
4.03913998604		2.92621898651
4.04764318466		3.17993831635
4.05614304543		3.14441776276
4.06464314461		2.8501033783
4.07314515114		2.42893028259
4.08165311813		2.05342674255
4.09014821053		1.91134357452
4.0987701416		2.09909534454
4.10728216171		2.49997138977
4.11578321457		2.91607093811
4.12429213524		3.17993831635
4.13278412819		3.15456676483
4.14128398895		2.86025238037
4.14978098869		2.44415378571
4.15829801559		2.05342674255
4.16678309441		1.91134357452
4.17528605461		2.07879829407
4.18378520012		2.48474884033
4.19228816032		2.89069843292
4.20079421997		3.17486381531
4.20928812027		3.15964031219
4.21779108047		2.88562393188
4.22628998756		2.45937633514
4.23479199409		2.0838727951
4.24329900742		1.90626907349
4.25180006027		2.06864929199
4.26029706001		2.45937633514
4.26892518997		2.88562393188
4.27742600441		3.16978931427
4.28592419624		3.16471481323
4.29442715645		2.89069843292
4.30292201042		2.47967433929
4.31143498421		2.08894729614
4.31992721558		1.91134357452
4.32843112946		2.05342674255
4.33696508408		2.44415378571
4.34543204308		2.86025238037
4.35394001007		3.15964031219
4.36244010925		3.16978931427
4.37094116211		2.90592193604
4.37943720818		2.49997138977
4.3879442215		2.10416984558
4.39643907547		1.91641807556
4.40494513512		2.03820323944
4.41344499588		2.42385578156
4.42194199562		2.8399553299
4.43045210838		3.15456676483
4.43893408775		3.17993831635
4.44745016098		2.92621898651
4.4559481144		2.52026939392
4.46444821358		2.12446784973
4.47294902802		1.91134357452
4.48148012161		2.0331287384
4.4899520874		2.39848423004
4.49844408035		2.82473182678
4.50702214241		3.13934326172
4.51558709145		3.17993831635
4.52410006523		2.94144248962
4.53258609772		2.53549194336
4.54108810425		2.12954235077
4.54958200455		1.91641807556
4.55810213089		2.02297973633
4.5665872097		2.37818622589
4.57508611679		2.81458282471
4.58358812332		3.13426876068
4.59209418297		3.19008731842
4.6005961895		2.95666599274
4.60908913612		2.55578994751
4.61759305		2.14476490021
4.62609314919		1.91641807556
4.63459515572		2.00775718689
4.64310002327		2.36296367645
4.65161013603		2.78921127319
4.66011118889		3.12411975861
4.66860413551		3.19008731842
4.67710709572		2.97696304321
4.68560218811		2.57101249695
4.69410419464		2.16506290436
4.70260000229		1.9214925766
4.71111321449		1.99253368378
4.71960520744		2.34774017334
4.72810816765		2.77398777008
4.73660707474		3.11397171021
4.74510908127		3.19516181946
4.75361514091		2.99218654633
4.76211810112		2.5913105011
4.77061700821		2.18535995483
4.77911305428		1.92656707764
4.78761720657		1.98745918274
4.79613113403		2.31729412079
4.80462217331		2.7536907196
4.81312298775		3.09367370605
4.82162213326		3.20023536682
4.83013606071		3.00233459473
4.83862709999		2.61668205261
4.84712910652		2.19550895691
4.85562515259		1.93671607971
4.86412620544		1.9722366333
4.87262606621		2.30207061768
4.88112807274		2.72831821442
4.88963007927		3.08859920502
4.89812612534		3.20023536682
4.90662813187		3.01755809784
4.91514515877		2.63190555573
4.92363810539		2.22595500946
4.93215513229		1.93671607971
4.94063615799		1.96208763123
4.94913721085		2.2817735672
4.95763611794		2.70802116394
4.96613907814		3.07337665558
4.974640131		3.20023536682
4.98314118385		3.03278160095
4.99164700508		2.65727710724
0.000127077102661		2.393409729
0.00981903076172		2.13969039917
0.0183310508728		2.11431884766
0.0268170833588		2.32236862183
0.0353171825409		2.60653305054
0.043820142746		2.8501033783
0.0523180961609		2.95666599274
0.0608191490173		2.89577293396
0.0693221092224		2.69787216187
0.0778429508209		2.393409729
0.0863311290741		2.16506290436
0.0948331356049		2.10924434662
0.103332996368		2.31729412079
0.111840009689		2.58623600006
0.120334148407		2.84502887726
0.128834962845		2.9515914917
0.137331962585		2.91099643707
0.145845174789		2.70802116394
0.154338121414		2.41878128052
0.162841081619		2.16506290436
0.171375989914		2.10924434662
0.179845094681		2.2919216156
0.188346147537		2.57608699799
0.196846008301		2.83488082886
0.205347061157		2.9515914917
0.213853120804		2.91607093811
0.222356081009		2.72324466705
0.230847120285		2.42893028259
0.239477157593		2.1701374054
0.247981071472		2.10416984558
0.256484031677		2.28684806824
0.264978170395		2.57101249695
0.273478984833		2.82980632782
0.281980037689		2.9515914917
0.290479183197		2.91607093811
0.298982143402		2.73846721649
0.307525157928		2.43400478363
0.315986156464		2.1802854538
0.324484109879		2.10416984558
0.332993984222		2.27162456512
0.341494083405		2.55578994751
0.349987983704		2.82473182678
0.35848903656		2.94651699066
0.366990089417		2.92114448547
0.375493049622		2.74354171753
0.383990049362		2.45430183411
0.392493963242		2.18535995483
0.401002168655		2.09909534454
0.40949511528		2.25640106201
0.417997121811		2.5405664444
0.426499128342		2.81458282471
0.435006141663		2.94144248962
0.443500995636		2.93129348755
0.452007055283		2.75876522064
0.460500955582		2.47459983826
0.469007968903		2.19550895691
0.477540016174		2.10924434662
0.486005067825		2.24117851257
0.494512081146		2.53549194336
0.503010988235		2.79428577423
0.511513948441		2.94651699066
0.520009040833		2.93129348755
0.528510093689		2.76891326904
0.537011146545		2.48474884033
0.545511960983		2.21073246002
0.554013967514		2.09909534454
0.56251502037		2.2310295105
0.571016073227		2.51519489288
0.579517126083		2.78921127319
0.588020086288		2.93636798859
0.596520185471		2.93636798859
0.605020046234		2.77398777008
0.613528013229		2.49997138977
0.622030973434		2.21580600739
0.630515098572		2.10416984558
0.639158010483		2.22088050842
0.647660970688		2.50504589081
0.656157970428		2.78413677216
0.66465306282		2.93636798859
0.673154115677		2.94144248962
0.681655168533		2.77906227112
0.690155982971		2.51012039185
0.698662996292		2.21580600739
0.707159042358		2.10416984558
0.715657949448		2.20058345795
0.724159955978		2.49489688873
0.732670068741		2.76383876801
0.741168022156		2.93636798859
0.749665021896		2.93636798859
0.758166074753		2.80443382263
0.766664028168		2.52534389496
0.775165081024		2.23610401154
0.783674001694		2.10416984558
0.792168140411		2.20058345795
0.800668001175		2.47967433929
0.809170007706		2.7536907196
0.817676067352		2.92621898651
0.826172113419		2.9515914917
0.834673166275		2.80950832367
0.843173980713		2.5405664444
0.851683139801		2.24625301361
0.860176086426		2.09909534454
0.868678092957		2.19043445587
0.877177000046		2.45430183411
0.885673046112		2.74861621857
0.894189119339		2.91607093811
0.902687072754		2.95666599274
0.911190032959		2.81458282471
0.919684171677		2.56086444855
0.928186178207		2.25640106201
0.936685085297		2.10416984558
0.945187091827		2.1802854538
0.953690052032		2.45430183411
0.962193965912		2.72324466705
0.970690011978		2.92114448547
0.979192018509		2.9515914917
0.987698078156		2.82980632782
0.996193170547		2.57101249695
1.00469398499		2.27162456512
1.01320099831		2.10416984558
1.02170395851		2.1802854538
1.03019595146		2.43400478363
1.03869795799		2.71817016602
1.04719996452		2.91099643707
1.05570697784		2.9515914917
1.06420207024		2.8399553299
1.07270717621		2.58116149902
1.08120512962		2.28684806824
1.08970403671		2.10416984558
1.09820699692		2.1701374054
1.10670614243		2.41878128052
1.11520814896		2.69787216187
1.12371015549		2.900847435
1.13220596313		2.95666599274
1.14071202278		2.8399553299
1.14921212196		2.60145950317
1.15771913528		2.2919216156
1.16621518135		2.11431884766
1.17471504211		2.15998840332
1.18322205544		2.40863323212
1.1917181015		2.68264961243
1.20021915436		2.89577293396
1.20871901512		2.95666599274
1.21722006798		2.85517787933
1.22572612762		2.60653305054
1.23422312737		2.30714511871
1.24272298813		2.10924434662
1.25123405457		2.15491390228
1.25972604752		2.393409729
1.26824808121		2.67250061035
1.27672696114		2.89577293396
1.28522801399		2.9617395401
1.29374098778		2.86025238037
1.30223608017		2.62175655365
1.31073117256		2.33251667023
1.31923699379		2.10924434662
1.32774305344		2.14983940125
1.33623504639		2.37311172485
1.34474205971		2.66742610931
1.35323810577		2.88055038452
1.3617401123		2.9617395401
1.37023901939		2.86532688141
1.37874102592		2.6420545578
1.38723802567		2.33759117126
1.39574313164		2.12446784973
1.4042429924		2.13969039917
1.41275000572		2.36803817749
1.42125105858		2.64712810516
1.42974495888		2.87547588348
1.43824911118		2.95666599274
1.44674897194		2.87547588348
1.45525813103		2.65727710724
1.46375203133		2.35281467438
1.47225809097		2.13461589813
1.48075318336		2.12954235077
1.48938703537		2.36296367645
1.49788212776		2.63698005676
1.50638318062		2.87547588348
1.51488208771		2.95666599274
1.52338409424		2.88562393188
1.53189015388		2.65727710724
1.54038310051		2.36296367645
1.54888701439		2.12954235077
1.55738711357		2.12954235077
1.56589007378		2.3426656723
1.57438516617		2.62683105469
1.58289909363		2.86025238037
1.59139108658		2.9617395401
1.59989500046		2.88562393188
1.60839509964		2.68264961243
1.61690115929		2.37311172485
1.62539815903		2.14476490021
1.633893013		2.11431884766
1.64240002632		2.33251667023
1.65089917183		2.61160755157
1.65940117836		2.85517787933
1.66790103912		2.95666599274
1.67640304565		2.89577293396
1.68490409851		2.69279766083
1.69340610504		2.38833522797
1.70191216469		2.15491390228
1.71040511131		2.11431884766
1.71891403198		2.32236862183
1.72740912437		2.5913105011
1.73591017723		2.85517787933
1.74441695213		2.95666599274
1.75293111801		2.900847435
1.76141309738		2.69787216187
1.76991415024		2.40863323212
1.77841901779		2.15998840332
1.78691506386		2.10924434662
1.79541802406		2.30207061768
1.80391812325		2.58623600006
1.81242609024		2.8399553299
1.82091999054		2.9515914917
1.82942199707		2.90592193604
1.83792304993		2.71817016602
1.84642601013		2.42385578156
1.85493206978		2.1701374054
1.8634250164		2.10416984558
1.87193512917		2.28684806824
1.88041996956		2.57101249695
1.88893198967		2.82980632782
1.89743113518		2.9515914917
1.90593194962		2.91099643707
1.9144320488		2.72831821442
1.92293310165		2.43907928467
1.9314391613		2.1802854538
1.93993496895		2.09909534454
1.9484360218		2.27162456512
1.95693612099		2.56086444855
1.96543812752		2.81965732574
1.97393918037		2.94651699066
1.98244810104		2.91607093811
1.99094605446		2.73846721649
1.99944210052		2.44922733307
2.0079460144		2.18535995483
2.01645708084		2.10416984558
2.02494812012		2.25640106201
2.03344702721		2.54564094543
2.04194712639		2.80950832367
2.05044817924		2.94651699066
2.05895018578		2.92621898651
2.06745195389		2.75876522064
2.07595396042		2.46952533722
2.08445310593		2.19043445587
2.09296011925		2.10416984558
2.10146212578		2.24117851257
2.10995602608		2.53549194336
2.11846017838		2.79936027527
2.12695717812		2.94651699066
2.13545608521		2.92621898651
2.14396810532		2.76891326904
2.15246200562		2.47967433929
2.1609621048		2.20058345795
2.16946315765		2.09909534454
2.17796802521		2.23610401154
2.18646717072		2.51519489288
2.19496703148		2.79428577423
2.20346713066		2.93636798859
2.21197795868		2.93636798859
2.22046899796		2.77398777008
2.22897195816		2.49997138977
2.23755407333		2.21073246002
2.24610209465		2.10416984558
2.25460505486		2.22088050842
2.26310706139		2.51012039185
2.27160716057		2.78413677216
2.2801091671		2.93636798859
2.28860497475		2.93636798859
2.29711008072		2.78413677216
2.30560612679		2.50504589081
2.31410813332		2.22088050842
2.32260704041		2.10416984558
2.3311150074		2.21073246002
2.33960914612		2.49489688873
2.34811210632		2.76383876801
2.35661196709		2.93636798859
2.36511397362		2.94144248962
2.37361311913		2.80443382263
2.38211417198		2.52026939392
2.39061617851		2.23610401154
2.39911603928		2.09909534454
2.40762495995		2.20058345795
2.41612505913		2.47967433929
2.42462015152		2.75876522064
2.43312716484		2.92621898651
2.44162297249		2.9515914917
2.45012307167		2.80443382263
2.4586250782		2.54564094543
2.46712613106		2.24117851257
2.47562503815		2.10924434662
2.48412895203		2.19043445587
2.49263501167		2.46445083618
2.50113606453		2.74354171753
2.50962996483		2.92621898651
2.51813101768		2.9515914917
2.52663397789		2.81458282471
2.53513908386		2.55578994751
2.54364609718		2.25132751465
2.55213713646		2.10924434662
2.56063604355		2.1802854538
2.56913805008		2.45430183411
2.57770514488		2.73339271545
2.58614015579		2.92114448547
2.59464216232		2.9515914917
2.60314202309		2.82980632782
2.61164999008		2.57101249695
2.6201441288		2.27162456512
2.62864398956		2.10416984558
2.63716101646		2.1802854538
2.64565110207		2.43400478363
2.65415906906		2.72324466705
2.6626560688		2.91099643707
2.67115306854		2.95666599274
2.67965197563		2.82980632782
2.68815398216		2.58116149902
2.69665408134		2.2817735672
2.70516204834		2.10924434662
2.71365594864		2.1701374054
2.72215795517		2.41878128052
2.73066115379		2.7029466629
2.73915815353		2.90592193604
2.74766516685		2.9515914917
2.7561609745		2.84502887726
2.7646651268		2.59638500214
2.77316308022		2.29699611664
2.78167200089		2.10924434662
2.79016399384		2.1701374054
2.79866695404		2.41370677948
2.80717396736		2.68264961243
2.81567406654		2.89577293396
2.82417106628		2.95666599274
2.83267712593		2.85517787933
2.84117817879		2.60653305054
2.84967207909		2.31221961975
2.85817599297		2.10924434662
2.8666779995		2.15998840332
2.87517595291		2.393409729
2.88367414474		2.67757511139
2.89218497276		2.89069843292
2.90067696571		2.9617395401
2.90917897224		2.85517787933
2.91768717766		2.62175655365
2.92618513107		2.32236862183
2.93468999863		2.10924434662
2.94319105148		2.14983940125
2.95168399811		2.37311172485
2.96018600464		2.66742610931
2.96868801117		2.88562393188
2.9771900177		2.96681404114
2.98569107056		2.86532688141
2.99419212341		2.6420545578
3.00269412994		2.33759117126
3.01119995117		2.12446784973
3.01969599724		2.13969039917
3.02819514275		2.36803817749
3.03669500351		2.64712810516
3.04519796371		2.88055038452
3.05370402336		2.95666599274
3.06220316887		2.88055038452
3.07070803642		2.6522026062
3.07920217514		2.35281467438
3.08770799637		2.12446784973
3.09620308876		2.13969039917
3.10471105576		2.35788917542
3.11320495605		2.63698005676
3.12170696259		2.87547588348
3.13020014763		2.95666599274
3.13871097565		2.88562393188
3.14721107483		2.66235160828
3.15571117401		2.36803817749
3.16421318054		2.13969039917
3.17271304131		2.13461589813
3.18122196198		2.3426656723
3.18971395493		2.62683105469
3.1982190609		2.86025238037
3.20671701431		2.9617395401
3.21522498131		2.88562393188
3.22371912003		2.68772315979
3.23222517967		2.37311172485
3.24072003365		2.14983940125
3.24924015999		2.11939334869
3.25773596764		2.33759117126
3.26622796059		2.60145950317
3.27473115921		2.85517787933
3.28323101997		2.95666599274
3.29173612595		2.900847435
3.30023002625		2.69279766083
3.30873417854		2.39848423004
3.31723499298		2.15491390228
3.32573509216		2.11431884766
3.33424901962		2.32236862183
3.34274506569		2.59638500214
3.35124397278		2.8501033783
3.35973906517		2.9515914917
3.36823797226		2.90592193604
3.37673997879		2.70802116394
3.38524508476		2.41370677948
3.39374399185		2.15998840332
3.40224504471		2.10924434662
3.41074514389		2.30207061768
3.41924715042		2.58623600006
3.42775416374		2.8399553299
3.43624901772		2.95666599274
3.4447491169		2.91099643707
3.45326495171		2.72324466705
3.46175909042		2.42385578156
3.47025513649		2.17521095276
3.4787530899		2.10924434662
3.48725605011		2.28684806824
3.49575614929		2.57101249695
3.50426411629		2.83488082886
3.51275897026		2.9515914917
3.52126502991		2.91607093811
3.5297601223		2.73339271545
3.53826117516		2.43907928467
3.54676318169		2.1802854538
3.5552649498		2.10416984558
3.56376409531		2.27162456512
3.57226395607		2.55578994751
3.58076810837		2.82473182678
3.5892701149		2.94651699066
3.59778118134		2.92114448547
3.60627007484		2.74861621857
3.61477708817		2.45430183411
3.62327694893		2.18535995483
3.63177013397		2.10416984558
3.6402759552		2.25640106201
3.64877700806		2.54564094543
3.65727806091		2.80950832367
3.665776968		2.94651699066
3.67427897453		2.92621898651
3.68278408051		2.75876522064
3.69128704071		2.46445083618
3.69977998734		2.19550895691
3.70828294754		2.09909534454
3.71678304672		2.24625301361
3.72528409958		2.53041744232
3.73379611969		2.79936027527
3.74229812622		2.94144248962
3.75078606606		2.92621898651
3.75941705704		2.76383876801
3.76792597771		2.47967433929
3.77641415596		2.20565795898
3.78491902351		2.09909534454
3.79342317581		2.23610401154
3.80191898346		2.52026939392
3.81042003632		2.79428577423
3.81892108917		2.93636798859
3.8274230957		2.93636798859
3.83592414856		2.77398777008
3.844424963		2.49489688873
3.85293197632		2.21073246002
3.86143803596		2.10416984558
3.86994600296		2.22088050842
3.87842917442		2.51012039185
3.88693118095		2.77906227112
3.89543414116		2.93636798859
3.90395307541		2.93636798859
3.91243314743		2.78921127319
3.92093396187		2.51012039185
3.92943501472		2.22088050842
3.93794417381		2.10416984558
3.94643902779		2.21073246002
3.9549369812		2.49489688873
3.96344017982		2.76891326904
3.97193717957		2.93636798859
3.98044204712		2.94144248962
3.98894309998		2.79428577423
3.99744415283		2.52534389496
4.0059440136		2.23610401154
4.01445198059		2.10924434662
4.02295398712		2.19550895691
4.0314540863		2.47967433929
4.03996300697		2.75876522064
4.04845118523		2.92114448547
4.05695104599		2.94651699066
4.06545495987		2.80443382263
4.0739531517		2.54564094543
4.08245301247		2.24117851257
4.09095597267		2.10924434662
4.09959101677		2.19043445587
4.10808706284		2.46952533722
4.11658406258		2.74354171753
4.12508916855		2.92621898651
4.13358616829		2.94651699066
4.14209604263		2.81458282471
4.15058708191		2.55071544647
4.15909314156		2.25132751465
4.16762018204		2.10416984558
4.17610216141		2.18535995483
4.18459415436		2.45430183411
4.19309806824		2.73339271545
4.20159506798		2.92114448547
4.21009397507		2.94651699066
4.21859717369		2.82473182678
4.22709608078		2.56593894958
4.23559808731		2.27162456512
4.24410104752		2.10924434662
4.25260210037		2.1802854538
4.26110816002		2.43907928467
4.26960015297		2.72831821442
4.27810502052		2.91607093811
4.28660416603		2.9515914917
4.29510998726		2.83488082886
4.30361104012		2.58116149902
4.3121240139		2.2817735672
4.32060813904		2.10924434662
4.32911300659		2.1701374054
4.33767199516		2.43400478363
4.34611201286		2.71309566498
4.35461401939		2.90592193604
4.3631131649		2.95666599274
4.37161016464		2.8399553299
4.38011598587		2.5913105011
4.38862395287		2.2919216156
4.39711713791		2.10924434662
4.40561914444		2.16506290436
4.41413116455		2.41370677948
4.4226269722		2.68772315979
4.43112802505		2.900847435
4.43962311745		2.95666599274
4.4481420517		2.85517787933
4.45662617683		2.60653305054
4.46513199806		2.31221961975
4.47362804413		2.10924434662
4.48215603828		2.15998840332
4.49063014984		2.39848423004
4.49913096428		2.68264961243
4.50763916969		2.89069843292
4.51613306999		2.9617395401
4.52463507652		2.85517787933
4.53314113617		2.62175655365
4.54164409637		2.32236862183
4.55013799667		2.11431884766
4.5586400032		2.15491390228
4.56713795662		2.37818622589
4.57563710213		2.66742610931
4.58415913582		2.88562393188
4.59264802933		2.9617395401
4.60114908218		2.86532688141
4.60964298248		2.63698005676
4.61814498901		2.33251667023
4.62664794922		2.11939334869
4.63514399529		2.13969039917
4.64365100861		2.37311172485
4.65216112137		2.6522026062
4.66065096855		2.88055038452
4.66915106773		2.95666599274
4.67765808105		2.88055038452
4.68615603447		2.6522026062
4.69466209412		2.35281467438
4.70316195488		2.12446784973
4.71165704727		2.13969039917
4.7201731205		2.35788917542
4.72866010666		2.6420545578
4.7371711731		2.87547588348
4.74566102028		2.95666599274
4.75416398048		2.88055038452
4.76266503334		2.66742610931
4.77116107941		2.36296367645
4.77966499329		2.13461589813
4.78816795349		2.12446784973
4.79666900635		2.34774017334
4.8051700592		2.62683105469
4.81367301941		2.86025238037
4.82217597961		2.9617395401
4.83067202568		2.89069843292
4.8391699791		2.67757511139
4.84768009186		2.37311172485
4.8561899662		2.14476490021
4.86468195915		2.11939334869
4.87317705154		2.33759117126
4.88168001175		2.60653305054
4.89017701149		2.86532688141
4.89868116379		2.9515914917
4.90718317032		2.89577293396
4.9156870842		2.68772315979
4.92418408394		2.393409729
4.93269109726		2.14983940125
4.94119095802		2.11939334869
4.94968509674		2.32236862183
4.95818996429		2.59638500214
4.96668815613		2.84502887726
4.97518706322		2.95666599274
4.98369312286		2.900847435
4.9922170639		2.7029466629
0.000127077102661		2.13461589813
0.00977087020874		2.33251667023
0.0182569026947		2.61668205261
0.0267488956451		2.85517787933
0.035248041153		2.95666599274
0.0437550544739		2.89069843292
0.0522570610046		2.69279766083
0.0607619285583		2.393409729
0.0692610740662		2.15998840332
0.0777659416199		2.12446784973
0.0862619876862		2.32744312286
0.0947670936584		2.5913105011
0.103265047073		2.85517787933
0.111768960953		2.9515914917
0.120269060135		2.90592193604
0.128774881363		2.69787216187
0.137269020081		2.41878128052
0.145773887634		2.15998840332
0.154270887375		2.12954235077
0.162765979767		2.30714511871
0.171432971954		2.59638500214
0.179902076721		2.8399553299
0.188402891159		2.95666599274
0.196902036667		2.900847435
0.20540189743		2.71817016602
0.213911056519		2.41878128052
0.222406864166		2.1701374054
0.230908870697		2.12446784973
0.239440917969		2.30714511871
0.247909069061		2.57608699799
0.256413936615		2.82980632782
0.264909982681		2.95666599274
0.273410081863		2.91099643707
0.281913042068		2.72831821442
0.290426969528		2.43400478363
0.29891705513		2.1802854538
0.307420015335		2.11431884766
0.31591796875		2.28684806824
0.324423074722		2.56086444855
0.332926034927		2.82980632782
0.341419935226		2.94651699066
0.349921941757		2.91607093811
0.358418941498		2.73339271545
0.366927862167		2.45430183411
0.375422954559		2.19043445587
0.383930921555		2.11431884766
0.392426013947		2.27669906616
0.401059865952		2.55578994751
0.409592866898		2.81458282471
0.41805100441		2.9515914917
0.426557064056		2.91607093811
0.435065984726		2.74861621857
0.443558931351		2.45937633514
0.452058076859		2.19550895691
0.460560083389		2.10924434662
0.469060897827		2.26147556305
0.477563858032		2.54564094543
0.486067056656		2.80443382263
0.494570016861		2.94651699066
0.503067016602		2.92621898651
0.511564970016		2.76383876801
0.520067930222		2.47459983826
0.528573036194		2.20565795898
0.537067890167		2.09909534454
0.545568943024		2.26147556305
0.554070949554		2.53041744232
0.562571048737		2.79936027527
0.571071863174		2.94144248962
0.579577922821		2.93636798859
0.588074922562		2.76383876801
0.596575975418		2.49489688873
0.605077981949		2.21580600739
0.613585948944		2.10924434662
0.622082948685		2.24117851257
0.6305809021		2.52534389496
0.639081954956		2.78413677216
0.647583007812		2.94144248962
0.656087875366		2.93636798859
0.664584875107		2.78413677216
0.673089027405		2.51012039185
0.68158698082		2.22595500946
0.690097093582		2.10924434662
0.69859790802		2.23610401154
0.707092046738		2.51012039185
0.715590953827		2.76891326904
0.724099874496		2.93636798859
0.732591867447		2.93636798859
0.741092920303		2.79428577423
0.749603033066		2.52026939392
0.758096933365		2.23610401154
0.766606092453		2.10416984558
0.775099039078		2.22088050842
0.783604860306		2.49489688873
0.792099952698		2.76383876801
0.800601959229		2.92621898651
0.809103965759		2.94144248962
0.817604064941		2.80443382263
0.826107025146		2.53549194336
0.834604978561		2.24625301361
0.843112945557		2.10924434662
0.851607084274		2.20565795898
0.860109090805		2.48474884033
0.868608951569		2.74861621857
0.877111911774		2.92621898651
0.88561797142		2.9515914917
0.894119024277		2.80950832367
0.90261387825		2.55071544647
0.911112070084		2.25640106201
0.919617891312		2.11431884766
0.928122997284		2.19550895691
0.93661904335		2.46952533722
0.945118904114		2.73339271545
0.95361995697		2.92621898651
0.962126970291		2.94144248962
0.970622062683		2.82473182678
0.979124069214		2.56593894958
0.987624883652		2.27162456512
0.99612402916		2.10924434662
1.00462698936		2.19043445587
1.01313495636		2.44922733307
1.02163004875		2.72831821442
1.03012990952		2.91099643707
1.0386300087		2.9515914917
1.0471329689		2.82980632782
1.05563902855		2.57608699799
1.06413388252		2.27669906616
1.07263588905		2.11939334869
1.08126497269		2.1802854538
1.0897629261		2.44415378571
1.09826207161		2.71817016602
1.10676598549		2.91099643707
1.11526608467		2.95666599274
1.1237719059		2.8399553299
1.13226604462		2.58623600006
1.1407699585		2.2919216156
1.14926886559		2.11939334869
1.15776896477		2.17521095276
1.16626596451		2.42893028259
1.17477989197		2.69787216187
1.18327903748		2.90592193604
1.19177508354		2.9515914917
1.20027589798		2.84502887726
1.20877790451		2.59638500214
1.21727895737		2.30714511871
1.22578501701		2.11939334869
1.23428106308		2.16506290436
1.24277901649		2.41370677948
1.2512819767		2.69279766083
1.2597849369		2.89577293396
1.26830792427		2.95666599274
1.27678608894		2.8501033783
1.28529191017		2.61160755157
1.29379487038		2.31729412079
1.30228686333		2.12446784973
1.31079006195		2.16506290436
1.31929206848		2.393409729
1.32780194283		2.67757511139
1.3362929821		2.88562393188
1.34479904175		2.9617395401
1.35329604149		2.86025238037
1.3617939949		2.63190555573
1.37029790878		2.32744312286
1.37879800797		2.12954235077
1.38729906082		2.14983940125
1.39579987526		2.37818622589
1.40430092812		2.66235160828
1.41279506683		2.89069843292
1.4213039875		2.9515914917
1.42980408669		2.87547588348
1.43830609322		2.6420545578
1.44681191444		2.34774017334
1.4553129673		2.12954235077
1.46380805969		2.15491390228
1.47231006622		2.36296367645
1.48081207275		2.65727710724
1.48931598663		2.87547588348
1.4978120327		2.9617395401
1.50631403923		2.87547588348
1.51481389999		2.65727710724
1.52332305908		2.36296367645
1.53181695938		2.13461589813
1.54031801224		2.14476490021
1.54881906509		2.35281467438
1.55731987953		2.63698005676
1.56582999229		2.86532688141
1.57432198524		2.9617395401
1.58282208443		2.88055038452
1.59132409096		2.67250061035
1.59982395172		2.37311172485
1.60831999779		2.14476490021
1.61683487892		2.13969039917
1.62532806396		2.3426656723
1.63382792473		2.62175655365
1.64233207703		2.86025238037
1.65083193779		2.9515914917
1.65933299065		2.89577293396
1.66782999039		2.68264961243
1.67633605003		2.38833522797
1.68484091759		2.14983940125
1.69334197044		2.12954235077
1.70183587074		2.32744312286
1.71034097672		2.60653305054
1.71884608269		2.85517787933
1.72734498978		2.9515914917
1.73584508896		2.89577293396
1.74434900284		2.69279766083
1.75289988518		2.40355873108
1.76134705544		2.14983940125
1.76984596252		2.13461589813
1.77834701538		2.31221961975
1.78684902191		2.59638500214
1.79534888268		2.8399553299
1.80384993553		2.95666599274
1.81235098839		2.89577293396
1.82085204124		2.70802116394
1.82939100266		2.41878128052
1.83785700798		2.1701374054
1.84636092186		2.11939334869
1.85486197472		2.30714511871
1.86335706711		2.58116149902
1.87185907364		2.8399553299
1.88036108017		2.94651699066
1.88886594772		2.90592193604
1.89736294746		2.72324466705
1.90586304665		2.43400478363
1.91436004639		2.17521095276
1.92289590836		2.11939334869
1.9313659668		2.2919216156
1.93986701965		2.57101249695
1.94836902618		2.82980632782
1.95686793327		2.94651699066
1.96537590027		2.91607093811
1.97387695312		2.73339271545
1.98237204552		2.44922733307
1.99088287354		2.18535995483
1.99941205978		2.11939334869
2.00787806511		2.27162456512
2.01639008522		2.55578994751
2.02487802505		2.81458282471
2.03337788582		2.94651699066
2.04187989235		2.92114448547
2.05038094521		2.7536907196
2.05888104439		2.46445083618
2.06738305092		2.20058345795
2.07588386536		2.10924434662
2.084389925		2.26655006409
2.09289002419		2.5405664444
2.10138607025		2.80950832367
2.10989093781		2.94144248962
2.11838793755		2.92621898651
2.12689495087		2.75876522064
2.13539099693		2.47967433929
2.14389896393		2.20565795898
2.15239191055		2.10416984558
2.16089200974		2.25132751465
2.16945505142		2.53041744232
2.17789793015		2.79936027527
2.18639802933		2.94144248962
2.19489693642		2.93129348755
2.20339989662		2.76891326904
2.2118999958		2.49997138977
2.22040200233		2.21073246002
2.22890305519		2.10924434662
2.23740386963		2.24117851257
2.2459089756		2.51519489288
2.25441098213		2.77906227112
2.26291298866		2.94144248962
2.27140808105		2.93129348755
2.2799179554		2.78413677216
2.28841590881		2.50504589081
2.29691791534		2.2310295105
2.30541300774		2.10416984558
2.3139128685		2.2310295105
2.32241296768		2.50504589081
2.330919981		2.77398777008
2.3394510746		2.93129348755
2.34791707993		2.93636798859
2.35641908646		2.78921127319
2.36492490768		2.52026939392
2.37342596054		2.23610401154
2.38192105293		2.10416984558
2.39042305946		2.22088050842
2.3989238739		2.4898223877
2.40742397308		2.76383876801
2.41592502594		2.92621898651
2.42442703247		2.94651699066
2.43293404579		2.80443382263
2.44142699242		2.53549194336
2.44992995262		2.24625301361
2.4584300518		2.10924434662
2.46693205833		2.20565795898
2.47543287277		2.47459983826
2.48393988609		2.74861621857
2.49243497849		2.92621898651
2.50094103813		2.94144248962
2.50946998596		2.80950832367
2.5179400444		2.55071544647
2.52643990517		2.25640106201
2.53494596481		2.10924434662
2.54345393181		2.19043445587
2.55194306374		2.46445083618
2.56044507027		2.73339271545
2.56894397736		2.92114448547
2.57744789124		2.94651699066
2.58594703674		2.81965732574
2.59444904327		2.56086444855
2.60294890404		2.27162456512
2.61144995689		2.10416984558
2.61995196342		2.19043445587
2.62845206261		2.44415378571
2.63697004318		2.72831821442
2.64546203613		2.91099643707
2.6539618969		2.9515914917
2.66245007515		2.82980632782
2.67096400261		2.58116149902
2.67950105667		2.27669906616
2.687967062		2.11431884766
2.6964609623		2.17521095276
2.7049639225		2.43907928467
2.71346187592		2.70802116394
2.72196292877		2.91099643707
2.73046708107		2.9515914917
2.73896598816		2.84502887726
2.74746704102		2.5913105011
2.75596904755		2.29699611664
2.76447987556		2.11939334869
2.77297592163		2.17521095276
2.78147101402		2.41878128052
2.78997397423		2.69787216187
2.79847502708		2.900847435
2.80697989464		2.9515914917
2.81548190117		2.8501033783
2.823980093		2.60653305054
2.83247709274		2.30714511871
2.84098100662		2.11939334869
2.84951305389		2.16506290436
2.85798001289		2.40863323212
2.86648201942		2.68772315979
2.87498402596		2.88562393188
2.8834900856		2.95666599274
2.89198589325		2.85517787933
2.90048789978		2.62175655365
2.90898609161		2.32236862183
2.91748404503		2.12446784973
2.92599487305		2.15491390228
2.93449497223		2.38326072693
2.94299697876		2.66742610931
2.95149207115		2.88562393188
2.95999598503		2.95666599274
2.96849298477		2.86532688141
2.97700095177		2.63698005676
2.98549699783		2.33759117126
2.9939968586		2.12954235077
3.00249695778		2.14983940125
3.01100301743		2.37311172485
3.01951003075		2.65727710724
3.02800297737		2.88562393188
3.03650188446		2.95666599274
3.04501008987		2.87547588348
3.05350995064		2.64712810516
3.06200408936		2.34774017334
3.0705139637		2.12954235077
3.07900691032		2.14983940125
3.08751606941		2.35281467438
3.09600996971		2.64712810516
3.10451698303		2.87040138245
3.11301708221		2.9617395401
3.12151193619		2.88055038452
3.13001489639		2.66235160828
3.13851690292		2.36803817749
3.14701604843		2.13969039917
3.15551805496		2.13969039917
3.1640150547		2.3426656723
3.17251992226		2.63190555573
3.18102002144		2.86025238037
3.18952798843		2.9515914917
3.19802308083		2.88562393188
3.20652508736		2.67757511139
3.21502995491		2.37818622589
3.2235250473		2.14476490021
3.23202800751		2.13461589813
3.24052906036		2.33759117126
3.24903488159		2.61160755157
3.25753092766		2.86025238037
3.26603198051		2.9515914917
3.2745320797		2.89577293396
3.28304004669		2.68264961243
3.29153299332		2.39848423004
3.30003595352		2.14983940125
3.30853700638		2.13461589813
3.31703591347		2.31729412079
3.32554292679		2.60145950317
3.33404994011		2.84502887726
3.34254097939		2.95666599274
3.35104203224		2.900847435
3.35954809189		2.69787216187
3.36804509163		2.41370677948
3.37655186653		2.15998840332
3.38504505157		2.12446784973
3.39354896545		2.30714511871
3.40204691887		2.58623600006
3.4105489254		2.8399553299
3.41904592514		2.95666599274
3.4275560379		2.900847435
3.43605303764		2.72324466705
3.44456005096		2.42893028259
3.45306587219		2.1701374054
3.46155500412		2.11431884766
3.470058918		2.29699611664
3.47855591774		2.57101249695
3.48706293106		2.83488082886
3.49555897713		2.9515914917
3.50406599045		2.91607093811
3.51256108284		2.72324466705
3.52106189728		2.43907928467
3.52956795692		2.17521095276
3.53806400299		2.11939334869
3.54656505585		2.28684806824
3.55506706238		2.56086444855
3.56357502937		2.82473182678
3.572067976		2.9515914917
3.5805709362		2.91607093811
3.58907103539		2.74354171753
3.59757590294		2.45430183411
3.60607385635		2.19043445587
3.61458086967		2.11431884766
3.62308096886		2.27162456512
3.63157486916		2.55071544647
3.64007902145		2.80950832367
3.64858388901		2.94651699066
3.6570789814		2.92114448547
3.66557598114		2.7536907196
3.67408299446		2.46952533722
3.68258309364		2.20058345795
3.69108295441		2.10416984558
3.69958996773		2.26147556305
3.70808601379		2.53549194336
3.71658802032		2.80443382263
3.7250919342		2.93636798859
3.73359489441		2.92621898651
3.74209189415		2.75876522064
3.75059199333		2.48474884033
3.75909209251		2.21073246002
3.76759600639		2.10416984558
3.77610206604		2.24625301361
3.78459405899		2.52534389496
3.79310202599		2.78413677216
3.80159497261		2.93636798859
3.81010389328		2.92621898651
3.81859898567		2.77398777008
3.8271009922		2.49997138977
3.83560109138		2.22595500946
3.84410691261		2.10416984558
3.85260391235		2.23610401154
3.86111092567		2.51012039185
3.86961007118		2.77398777008
3.87810492516		2.93636798859
3.88661408424		2.93636798859
3.89511489868		2.78921127319
3.90361499786		2.51519489288
3.9121029377		2.2310295105
3.92061495781		2.09909534454
3.92911195755		2.22595500946
3.93761897087		2.49997138977
3.94611501694		2.76891326904
3.95461606979		2.93129348755
3.96312189102		2.94144248962
3.97161889076		2.79428577423
3.98011898994		2.53041744232
3.98862099648		2.23610401154
3.99711990356		2.10924434662
4.00562286377		2.21580600739
4.01413297653		2.48474884033
4.02262401581		2.7536907196
4.03112506866		2.93129348755
4.03963303566		2.94144248962
4.04813504219		2.80443382263
4.05662798882		2.54564094543
4.06513500214		2.25132751465
4.07363009453		2.11431884766
4.08212995529		2.19550895691
4.0906329155		2.47459983826
4.09913301468		2.74354171753
4.10763597488		2.92114448547
4.11613607407		2.94144248962
4.12464809418		2.81965732574
4.13314294815		2.55578994751
4.14163994789		2.26147556305
4.15014100075		2.10924434662
4.15864086151		2.19043445587
4.16713786125		2.45430183411
4.17565202713		2.72831821442
4.18414497375		2.91607093811
4.19264388084		2.94651699066
4.20114803314		2.82980632782
4.20965504646		2.57101249695
4.21814799309		2.27669906616
4.22664999962		2.10924434662
4.23514986038		2.18535995483
4.2436568737		2.43400478363
4.25215101242		2.71817016602
4.2606549263		2.900847435
4.26915502548		2.9515914917
4.27765703201		2.82980632782
4.28616309166		2.58623600006
4.29466295242		2.28684806824
4.30316400528		2.11939334869
4.31166291237		2.1701374054
4.32016205788		2.42893028259
4.32866191864		2.69787216187
4.33716702461		2.90592193604
4.34566402435		2.9515914917
4.35416388512		2.84502887726
4.36266589165		2.5913105011
4.37130689621		2.29699611664
4.37979888916		2.11939334869
4.38830590248		2.1701374054
4.3968000412		2.41878128052
4.40529704094		2.69787216187
4.41380190849		2.900847435
4.42230296135		2.9515914917
4.43080401421		2.8501033783
4.4393029213		2.60653305054
4.44781208038		2.31221961975
4.45630693436		2.11939334869
4.46481490135		2.16506290436
4.47331309319		2.40355873108
4.48183393478		2.68264961243
4.49031090736		2.89069843292
4.49881196022		2.9515914917
4.50731301308		2.85517787933
4.51581406593		2.62175655365
4.52431988716		2.32236862183
4.53281497955		2.12446784973
4.54144287109		2.15491390228
4.54994297028		2.393409729
4.55844306946		2.67250061035
4.56694889069		2.89069843292
4.57545304298		2.9515914917
4.58396291733		2.86532688141
4.59244799614		2.62683105469
4.60094499588		2.33251667023
4.60952186584		2.12446784973
4.61807608604		2.15491390228
4.62657809258		2.37818622589
4.63507890701		2.66235160828
4.64358496666		2.88562393188
4.65208792686		2.9515914917
4.66057705879		2.87040138245
4.669080019		2.63698005676
4.67758488655		2.34774017334
4.68609404564		2.12446784973
4.69459199905		2.14983940125
4.70308709145		2.36296367645
4.71158790588		2.6522026062
4.72010588646		2.87547588348
4.7285900116		2.95666599274
4.73709607124		2.87547588348
4.74559307098		2.65727710724
4.75409388542		2.35281467438
4.76259303093		2.13461589813
4.77109289169		2.14476490021
4.77960205078		2.35281467438
4.78809785843		2.63698005676
4.79659795761		2.87040138245
4.80509591103		2.95666599274
4.81360793114		2.88562393188
4.82210206985		2.66235160828
4.83060407639		2.37311172485
4.83910489082		2.13969039917
4.8476099968		2.13461589813
4.85612201691		2.3426656723
4.86461091042		2.62175655365
4.87311291695		2.86532688141
4.88160800934		2.9515914917
4.89010906219		2.89069843292
4.89861106873		2.67757511139
4.90711307526		2.38833522797
4.91561889648		2.14476490021
4.92411994934		2.13461589813
4.93261504173		2.32236862183
4.94111704826		2.61160755157
4.94962191582		2.8501033783
4.958122015		2.95666599274
4.96662402153		2.89577293396
4.97512602806		2.69787216187
4.9836230278		2.40355873108
4.9921400547		2.15491390228
