0.000128984451294		2.63190555573
0.00268387794495		2.66742610931
0.00531196594238		2.42893028259
0.00793886184692		2.70802116394
0.0105547904968		2.393409729
0.0130548477173		2.69787216187
0.0156798362732		2.43907928467
0.0181818008423		2.61160755157
0.0206799507141		2.57608699799
0.0231828689575		2.4898223877
0.0256819725037		2.68264961243
0.0283138751984		2.40863323212
0.03080701828		2.71309566498
0.0333068370819		2.40355873108
0.0358059406281		2.66235160828
0.0384337902069		2.50504589081
0.0409328937531		2.55578994751
0.0434370040894		2.63190555573
0.0460138320923		2.44922733307
0.0485599040985		2.7029466629
0.0510928630829		2.393409729
0.0536839962006		2.71309566498
0.0562009811401		2.42893028259
0.0588188171387		2.64712810516
0.0614438056946		2.52534389496
0.0639460086823		2.5405664444
0.0665729045868		2.63190555573
0.0691959857941		2.46445083618
0.071702003479		2.7029466629
0.0743198394775		2.39848423004
0.0768218040466		2.71309566498
0.0794458389282		2.41878128052
0.0819458961487		2.64712810516
0.0844469070435		2.54564094543
0.0869498252869		2.52026939392
0.0894479751587		2.66742610931
0.0920770168304		2.42893028259
0.0945749282837		2.71309566498
0.0971989631653		2.38833522797
0.0996978282928		2.69279766083
0.102199792862		2.46952533722
0.104700803757		2.58116149902
0.107201814651		2.61160755157
0.109699010849		2.46445083618
0.112201929092		2.69787216187
0.11470079422		2.393409729
0.117199897766		2.7029466629
0.119697809219		2.44415378571
0.122193813324		2.61160755157
0.124693870544		2.58116149902
0.127218008041		2.48474884033
0.129836797714		2.67250061035
0.132452964783		2.41878128052
0.134953022003		2.71309566498
0.137455940247		2.393409729
0.139952898026		2.66742610931
0.142454862595		2.50504589081
0.144954919815		2.55071544647
0.147458791733		2.63698005676
0.150084018707		2.44922733307
0.152580976486		2.69787216187
0.155080795288		2.38833522797
0.157581806183		2.69787216187
0.160079956055		2.45430183411
0.162581920624		2.5913105011
0.165082931519		2.5913105011
0.167711019516		2.4898223877
0.170331954956		2.67250061035
0.172833919525		2.41370677948
0.175467014313		2.71309566498
0.178082942963		2.38833522797
0.180584907532		2.69279766083
0.183084011078		2.47459983826
0.185595989227		2.57608699799
0.188208818436		2.59638500214
0.190711021423		2.47459983826
0.193334817886		2.68264961243
0.195837020874		2.40355873108
0.198464870453		2.71309566498
0.20108795166		2.38833522797
0.203584909439		2.67757511139
0.206097841263		2.49489688873
0.208717823029		2.58116149902
0.211337804794		2.5913105011
0.213837862015		2.47459983826
0.216465950012		2.67757511139
0.219090938568		2.40863323212
0.221590995789		2.71309566498
0.224214792252		2.393409729
0.226718902588		2.67757511139
0.229340791702		2.47459983826
0.23184299469		2.58116149902
0.234467983246		2.5913105011
0.236967802048		2.47459983826
0.239466905594		2.69279766083
0.24196600914		2.393409729
0.244467020035		2.71309566498
0.246969938278		2.42893028259
0.249467849731		2.62683105469
0.251969814301		2.56593894958
0.254468917847		2.49997138977
0.256970882416		2.67757511139
0.259468793869		2.40863323212
0.261968851089		2.71309566498
0.264469861984		2.40863323212
0.266971826553		2.6522026062
0.269471883774		2.53549194336
0.272097826004		2.54564094543
0.274595975876		2.6420545578
0.277098894119		2.43400478363
0.279724836349		2.7029466629
0.282346010208		2.38833522797
0.284848928452		2.70802116394
0.287484884262		2.41878128052
0.290100812912		2.6522026062
0.292722940445		2.50504589081
0.295224905014		2.55071544647
0.29785490036		2.62175655365
0.300474882126		2.46445083618
0.302974939346		2.69279766083
0.305608987808		2.39848423004
0.308225870132		2.71309566498
0.310851812363		2.393409729
0.313476800919		2.68264961243
0.316015958786		2.47459983826
0.318601846695		2.5913105011
0.32110285759		2.60145950317
0.323603868484		2.46445083618
0.326110839844		2.69279766083
0.328728914261		2.39848423004
0.331229925156		2.71309566498
0.33373093605		2.41878128052
0.336230993271		2.63698005676
0.338728904724		2.55071544647
0.341231822968		2.50504589081
0.34373497963		2.66742610931
0.34636092186		2.42385578156
0.348980903625		2.7029466629
0.351483821869		2.38833522797
0.353981971741		2.68772315979
0.35648393631		2.47967433929
0.359107971191		2.5913105011
0.361607789993		2.5913105011
0.364109992981		2.46952533722
0.36673784256		2.67757511139
0.369350910187		2.40863323212
0.371850967407		2.70802116394
0.374350786209		2.40355873108
0.376866817474		2.66235160828
0.379503965378		2.49489688873
0.382110834122		2.57101249695
0.384612798691		2.61160755157
0.387115001678		2.45937633514
0.389736890793		2.69279766083
0.392236948013		2.393409729
0.394739866257		2.70802116394
0.397368907928		2.41370677948
0.39998793602		2.65727710724
0.402486801147		2.52534389496
0.404990911484		2.53549194336
0.407613992691		2.63698005676
0.410113811493		2.44415378571
0.412613868713		2.7029466629
0.415113925934		2.38833522797
0.41774892807		2.7029466629
0.420367956161		2.42893028259
0.422992944717		2.6420545578
0.425493001938		2.5405664444
0.428116798401		2.5405664444
0.430616855621		2.6522026062
0.433116912842		2.42893028259
0.435617923737		2.70802116394
0.438119888306		2.38833522797
0.4406208992		2.68264961243
0.443245887756		2.46445083618
0.445875883102		2.60653305054
0.44849395752		2.56086444855
0.45099401474		2.50504589081
0.453494787216		2.68264961243
0.45604300499		2.40863323212
0.458620786667		2.71309566498
0.461121797562		2.39848423004
0.46374797821		2.68264961243
0.466248989105		2.4898223877
0.46887087822		2.58623600006
0.471498012543		2.58116149902
0.474123001099		2.49997138977
0.476629018784		2.67757511139
0.479249000549		2.41878128052
0.481750011444		2.70802116394
0.484375		2.38833522797
0.486876964569		2.68264961243
0.489499807358		2.46445083618
0.491998910904		2.58623600006
0.494499921799		2.60145950317
0.497001886368		2.46445083618
0.499625921249		2.68264961243
0.502126932144		2.393409729
0.504626989365		2.70802116394
0.507128953934		2.41878128052
0.509751796722		2.6522026062
0.512252807617		2.53041744232
0.51488494873		2.55071544647
0.517505884171		2.62175655365
0.520130872726		2.46445083618
0.522629976273		2.69279766083
0.525146007538		2.393409729
0.527760982513		2.70802116394
0.530380010605		2.40863323212
0.532879829407		2.6522026062
0.535514831543		2.49997138977
0.53813290596		2.56593894958
0.540632009506		2.62175655365
0.543131828308		2.44922733307
0.54563999176		2.69787216187
0.548259019852		2.38833522797
0.550757884979		2.7029466629
0.553259849548		2.43400478363
0.555766820908		2.61160755157
0.55838394165		2.55071544647
0.560884952545		2.51012039185
0.563509941101		2.65727710724
0.566049814224		2.42893028259
0.568634986877		2.70802116394
0.571136951447		2.38833522797
0.5736348629		2.68772315979
0.576143980026		2.47967433929
0.578763008118		2.59638500214
0.581260919571		2.59638500214
0.583768844604		2.47459983826
0.586398839951		2.68264961243
0.589015007019		2.41370677948
0.591637849808		2.70802116394
0.594138860703		2.393409729
0.596778869629		2.68772315979
0.599395990372		2.44922733307
0.602015972137		2.61668205261
0.604520797729		2.56593894958
0.607142925262		2.51012039185
0.60976600647		2.65727710724
0.612264871597		2.42385578156
0.614764928818		2.70802116394
0.617266893387		2.39848423004
0.619760990143		2.67250061035
0.62225985527		2.49489688873
0.624760866165		2.55578994751
0.627278804779		2.62683105469
0.62989282608		2.45937633514
0.632519960403		2.69279766083
0.635021924973		2.39848423004
0.63764500618		2.71309566498
0.64027094841		2.40355873108
0.642895936966		2.67757511139
0.645523786545		2.46952533722
0.648147821426		2.60145950317
0.650645971298		2.5913105011
0.653273820877		2.49489688873
0.655896902084		2.66235160828
0.658523797989		2.42385578156
0.661023855209		2.70802116394
0.663524866104		2.38833522797
0.666148900986		2.68772315979
0.66864991188		2.47459983826
0.671149969101		2.58116149902
0.673648834229		2.61160755157
0.676159858704		2.45937633514
0.678775787354		2.68772315979
0.681276798248		2.393409729
0.683904886246		2.70802116394
0.686527967453		2.39848423004
0.689157009125		2.67757511139
0.691776990891		2.46952533722
0.694276809692		2.57608699799
0.696779966354		2.60653305054
0.699402809143		2.47967433929
0.701901912689		2.68772315979
0.704528808594		2.39848423004
0.707029819489		2.70802116394
0.709529876709		2.40863323212
0.712030887604		2.6420545578
0.714528799057		2.53549194336
0.717032909393		2.52026939392
0.719656944275		2.64712810516
0.722158908844		2.42893028259
0.724779844284		2.7029466629
0.727284908295		2.38833522797
0.729907989502		2.7029466629
0.732532978058		2.42385578156
0.735031843185		2.62683105469
0.737536907196		2.55578994751
0.74015879631		2.52534389496
0.742657899857		2.66235160828
0.745159864426		2.42385578156
0.747785806656		2.70802116394
0.750283002853		2.38833522797
0.752785921097		2.68264961243
0.755286931992		2.47967433929
0.757912874222		2.58623600006
0.760535001755		2.58116149902
0.763041973114		2.48474884033
0.765671014786		2.67757511139
0.768286943436		2.42385578156
0.770785808563		2.71309566498
0.773285865784		2.39848423004
0.775796890259		2.66742610931
0.778425931931		2.47967433929
0.781038999557		2.58623600006
0.783542871475		2.59638500214
0.786168813705		2.48474884033
0.788790941238		2.67250061035
0.791435956955		2.42385578156
0.79404091835		2.70802116394
0.796549797058		2.393409729
0.799165010452		2.69787216187
0.801666021347		2.46445083618
0.804165840149		2.58623600006
0.806667804718		2.60145950317
0.809167861938		2.46952533722
0.811666965485		2.69279766083
0.814168930054		2.393409729
0.816795825958		2.71309566498
0.81941986084		2.40355873108
0.822042942047		2.67250061035
0.824543952942		2.50504589081
0.827045917511		2.55071544647
0.829545974731		2.63698005676
0.83216881752		2.44922733307
0.834669828415		2.7029466629
0.837174892426		2.38833522797
0.839800834656		2.70802116394
0.842427015305		2.41878128052
0.845047950745		2.65727710724
0.847553014755		2.52026939392
0.850173950195		2.55071544647
0.852797985077		2.61160755157
0.855296850204		2.45937633514
0.857927799225		2.68772315979
0.860548973083		2.39848423004
0.863048791885		2.70802116394
0.865556955338		2.41370677948
0.868166923523		2.6522026062
0.870666980743		2.52534389496
0.873166799545		2.53041744232
0.875671863556		2.6522026062
0.878175973892		2.42385578156
0.880676984787		2.70802116394
0.883301973343		2.38833522797
0.885809898376		2.68772315979
0.888427972794		2.45430183411
0.890925884247		2.60145950317
0.893554925919		2.56593894958
0.896061897278		2.49489688873
0.898680925369		2.66742610931
0.901178836823		2.41370677948
0.903678894043		2.70802116394
0.906308889389		2.393409729
0.908928871155		2.69279766083
0.911557912827		2.44922733307
0.914179801941		2.61668205261
0.916682004929		2.56593894958
0.919178962708		2.49489688873
0.921686887741		2.67757511139
0.924305915833		2.40863323212
0.926807880402		2.71309566498
0.929306983948		2.40355873108
0.931807994843		2.66235160828
0.934307813644		2.51519489288
0.936811923981		2.5405664444
0.939309835434		2.64712810516
0.941809892654		2.42893028259
0.944310903549		2.70802116394
0.946811914444		2.38833522797
0.949434995651		2.69279766083
0.95193696022		2.46445083618
0.954561948776		2.60653305054
0.957065820694		2.57608699799
0.959686994553		2.50504589081
0.962188005447		2.67757511139
0.964685916901		2.40863323212
0.967190980911		2.71309566498
0.969812870026		2.39848423004
0.972312927246		2.66742610931
0.974811792374		2.50504589081
0.97731590271		2.54564094543
0.979813814163		2.6420545578
0.982316017151		2.43400478363
0.984941005707		2.69787216187
0.98756480217		2.393409729
0.990065813065		2.7029466629
0.992564916611		2.43907928467
0.995065927505		2.61160755157
0.997574806213		2.57101249695
1.00019884109		2.51519489288
1.00281786919		2.65727710724
1.00531697273		2.42893028259
1.00794482231		2.7029466629
1.01056790352		2.38833522797
1.01306986809		2.69787216187
1.01570296288		2.43907928467
1.01831889153		2.63190555573
1.02081894875		2.55071544647
1.02331900597		2.50504589081
1.02582979202		2.66742610931
1.02844595909		2.42385578156
1.03094601631		2.71309566498
1.03357100487		2.38326072693
1.03621292114		2.69787216187
1.038823843		2.43400478363
1.04132294655		2.61668205261
1.04382395744		2.57101249695
1.04632401466		2.4898223877
1.04894900322		2.66742610931
1.05157399178		2.42385578156
1.05407381058		2.70802116394
1.05657792091		2.38833522797
1.05920100212		2.68772315979
1.06170082092		2.47967433929
1.06420087814		2.57608699799
1.06670284271		2.61160755157
1.06920099258		2.45430183411
1.07169985771		2.69787216187
1.07420182228		2.38833522797
1.07670497894		2.7029466629
1.07933282852		2.42893028259
1.08195281029		2.64712810516
1.08457899094		2.51519489288
1.08708095551		2.53549194336
1.08957886696		2.6522026062
1.09207892418		2.42893028259
1.0945789814		2.70802116394
1.09708094597		2.38833522797
1.0997068882		2.68772315979
1.10232996941		2.44415378571
1.10482978821		2.60145950317
1.10733294487		2.58116149902
1.10995697975		2.49997138977
1.11258196831		2.66742610931
1.1150829792		2.41370677948
1.11757993698		2.71309566498
1.12007594109		2.39848423004
1.12257599831		2.66235160828
1.12507390976		2.51012039185
1.12758898735		2.5405664444
1.13020896912		2.62683105469
1.13270878792		2.44922733307
1.13520979881		2.7029466629
1.13783693314		2.38833522797
1.14033579826		2.7029466629
1.14283490181		2.44415378571
1.14536881447		2.61668205261
1.14796185493		2.55071544647
1.15058684349		2.52534389496
1.15308690071		2.65727710724
1.15559697151		2.42385578156
1.15821790695		2.70802116394
1.16084098816		2.38326072693
1.16346287727		2.7029466629
1.16600084305		2.43400478363
1.16859102249		2.63190555573
1.17108893394		2.55071544647
1.17358994484		2.51012039185
1.17610192299		2.67250061035
1.17871594429		2.42385578156
1.18134689331		2.70802116394
1.18396496773		2.38833522797
1.1865940094		2.7029466629
1.18921589851		2.42385578156
1.19171690941		2.63190555573
1.1942179203		2.55578994751
1.19672584534		2.51012039185
1.19934391975		2.65727710724
1.20197081566		2.43907928467
1.20459389687		2.7029466629
1.20709586143		2.38833522797
1.20959496498		2.69279766083
1.2120950222		2.45430183411
1.21459579468		2.5913105011
1.21709680557		2.5913105011
1.21972084045		2.4898223877
1.22222185135		2.68264961243
1.22472190857		2.39848423004
1.22722601891		2.70802116394
1.22984790802		2.40355873108
1.23234891891		2.65727710724
1.23484992981		2.52026939392
1.23748493195		2.55578994751
1.24010181427		2.61160755157
1.24259901047		2.45430183411
1.24509882927		2.69787216187
1.24760293961		2.38833522797
1.25022602081		2.70802116394
1.25285100937		2.41370677948
1.25538301468		2.6420545578
1.25797796249		2.52026939392
1.26060080528		2.55578994751
1.26309990883		2.63698005676
1.2656109333		2.44415378571
1.26822900772		2.69279766083
1.27085280418		2.393409729
1.27335190773		2.70802116394
1.27586078644		2.42385578156
1.27847981453		2.6420545578
1.28097987175		2.53549194336
1.28360486031		2.53549194336
1.28611493111		2.64712810516
1.28873181343		2.43907928467
1.29135680199		2.69787216187
1.29385685921		2.38833522797
1.2963578701		2.69787216187
1.29885792732		2.44415378571
1.3013548851		2.59638500214
1.30385899544		2.58623600006
1.30636096001		2.47459983826
1.30898284912		2.67250061035
1.31160783768		2.41878128052
1.3141078949		2.70802116394
1.31661701202		2.40355873108
1.31923389435		2.67757511139
1.32173395157		2.4898223877
1.3242328167		2.56086444855
1.32673788071		2.62683105469
1.32936286926		2.46445083618
1.3319838047		2.68772315979
1.33461093903		2.40355873108
1.33711481094		2.71309566498
1.33973693848		2.39848423004
1.34236097336		2.67757511139
1.3448870182		2.47967433929
1.34749698639		2.58623600006
1.35011601448		2.58116149902
1.35273981094		2.49997138977
1.35524082184		2.67250061035
1.35786700249		2.41370677948
1.36036396027		2.71309566498
1.36286592484		2.39848423004
1.36537384987		2.67250061035
1.36798596382		2.48474884033
1.37060880661		2.58623600006
1.37310791016		2.60145950317
1.37561202049		2.45937633514
1.37811589241		2.69787216187
1.38061594963		2.38833522797
1.3831179142		2.69787216187
1.38562583923		2.43907928467
1.38824391365		2.63190555573
1.3907430172		2.55071544647
1.39324378967		2.50504589081
1.39575099945		2.67250061035
1.39837193489		2.41878128052
1.4009950161		2.7029466629
1.403621912		2.38326072693
1.40612888336		2.69787216187
1.4087460041		2.43907928467
1.41124582291		2.61160755157
1.4137468338		2.57101249695
1.41624879837		2.4898223877
1.41887187958		2.67250061035
1.4213719368		2.40863323212
1.42387294769		2.71309566498
1.42637395859		2.40355873108
1.42887282372		2.65727710724
1.43137288094		2.52026939392
1.43387389183		2.53041744232
1.43637800217		2.6522026062
1.43887495995		2.42385578156
1.44137501717		2.70802116394
1.44387578964		2.393409729
1.44637799263		2.67250061035
1.44887781143		2.49489688873
1.4513759613		2.56086444855
1.45400190353		2.60145950317
1.45662879944		2.47459983826
1.45925283432		2.67757511139
1.46175193787		2.40355873108
1.46425294876		2.71309566498
1.46675801277		2.41370677948
1.46937680244		2.65727710724
1.47187995911		2.51519489288
1.47438502312		2.5405664444
1.47700786591		2.62683105469
1.47962880135		2.45937633514
1.48213195801		2.69279766083
1.48475694656		2.393409729
1.48725795746		2.70802116394
1.48975682259		2.42385578156
1.49225687981		2.62683105469
1.49475693703		2.55578994751
1.49725985527		2.49997138977
1.49988079071		2.66235160828
1.50238394737		2.41878128052
1.5048828125		2.70802116394
1.50738596916		2.40355873108
1.50988483429		2.66742610931
1.51238393784		2.51012039185
1.51488494873		2.54564094543
1.51739001274		2.6420545578
1.52000880241		2.44922733307
1.52263593674		2.69279766083
1.52513384819		2.39848423004
1.527769804		2.70802116394
1.53038692474		2.40863323212
1.5330119133		2.66742610931
1.5356388092		2.48474884033
1.53826189041		2.58623600006
1.54076290131		2.60145950317
1.54326295853		2.46445083618
1.54577088356		2.69279766083
1.54838895798		2.39848423004
1.5508890152		2.70802116394
1.55339598656		2.42385578156
1.55604791641		2.65727710724
1.55863189697		2.50504589081
1.56113386154		2.54564094543
1.56363391876		2.6420545578
1.56614494324		2.43400478363
1.56876587868		2.7029466629
1.5712659359		2.38833522797
1.57376599312		2.69787216187
1.57626986504		2.45430183411
1.57889294624		2.61668205261
1.58139300346		2.57101249695
1.58389592171		2.49489688873
1.58652091026		2.67250061035
1.58901786804		2.40863323212
1.59164500237		2.70802116394
1.59414482117		2.393409729
1.59665489197		2.67250061035
1.59927201271		2.46952533722
1.60189795494		2.59638500214
1.60439491272		2.5913105011
1.60689783096		2.47459983826
1.60939598083		2.69279766083
1.61189579964		2.393409729
1.61439800262		2.70802116394
1.61689782143		2.42893028259
1.61939191818		2.61668205261
1.62188982964		2.56086444855
1.6243929863		2.4898223877
1.62690782547		2.68264961243
1.62952589989		2.41370677948
1.63215589523		2.70802116394
1.634775877		2.38833522797
1.63727784157		2.68772315979
1.63977599144		2.46445083618
1.64227485657		2.58116149902
1.64477586746		2.60145950317
1.6472799778		2.45937633514
1.64977693558		2.69279766083
1.65227484703		2.38833522797
1.65477800369		2.7029466629
1.65727901459		2.44415378571
1.65977692604		2.60653305054
1.66227889061		2.58116149902
1.66477799416		2.48474884033
1.6672809124		2.68772315979
1.66977882385		2.39848423004
1.67227888107		2.70802116394
1.67477989197		2.42385578156
1.67728090286		2.63698005676
1.67978096008		2.55071544647
1.6822810173		2.51012039185
1.68478178978		2.67250061035
1.68728399277		2.40863323212
1.68978190422		2.71309566498
1.69228291512		2.40355873108
1.69478201866		2.65727710724
1.6972849369		2.52026939392
1.69978284836		2.53041744232
1.70228385925		2.65727710724
1.70478487015		2.42893028259
1.70728683472		2.71309566498
1.70992779732		2.38833522797
1.71253490448		2.7029466629
1.71503400803		2.44415378571
1.71766090393		2.62175655365
1.72016501427		2.56086444855
1.72278690338		2.51519489288
1.72528791428		2.65727710724
1.72791695595		2.42893028259
1.73053884506		2.7029466629
1.73316979408		2.38326072693
1.73579001427		2.71309566498
1.73828887939		2.42893028259
1.74078798294		2.62175655365
1.74328899384		2.56593894958
1.74579596519		2.49997138977
1.74841499329		2.66742610931
1.75091481209		2.41370677948
1.7534198761		2.70802116394
1.75607895851		2.38833522797
1.75866699219		2.69279766083
1.76116585732		2.46952533722
1.76366591454		2.58116149902
1.76617383957		2.60145950317
1.76879286766		2.47967433929
1.77129292488		2.68772315979
1.7737929821		2.393409729
1.77629494667		2.70802116394
1.7787938118		2.42385578156
1.78129601479		2.62683105469
1.78379487991		2.55578994751
1.78629779816		2.50504589081
1.78892493248		2.65727710724
1.79154682159		2.43400478363
1.79404878616		2.7029466629
1.79667782784		2.38833522797
1.79929685593		2.7029466629
1.80179691315		2.43907928467
1.80429792404		2.60653305054
1.80679988861		2.57608699799
1.80929780006		2.48474884033
1.81179881096		2.68264961243
1.81429982185		2.39848423004
1.81680083275		2.70802116394
1.81929898262		2.41878128052
1.82179880142		2.63698005676
1.82429885864		2.55071544647
1.8268020153		2.51012039185
1.82930278778		2.67250061035
1.83180093765		2.41370677948
1.83429980278		2.70802116394
1.83680391312		2.40355873108
1.83942699432		2.67757511139
1.84192681313		2.49997138977
1.84442782402		2.55578994751
1.84692978859		2.63190555573
1.84942889214		2.43907928467
1.85192894936		2.7029466629
1.85442900658		2.38833522797
1.85693097115		2.69279766083
1.85942983627		2.46952533722
1.86192989349		2.58116149902
1.86442995071		2.60653305054
1.86693191528		2.46445083618
1.86942195892		2.69279766083
1.87192392349		2.38833522797
1.87442493439		2.7029466629
1.87693881989		2.44415378571
1.87955784798		2.63190555573
1.88205981255		2.55578994751
1.88468384743		2.52026939392
1.88718795776		2.66235160828
1.88980984688		2.42893028259
1.89231085777		2.70802116394
1.89480900764		2.38833522797
1.89731192589		2.67757511139
1.8999350071		2.46445083618
1.9024348259		2.58623600006
1.90493583679		2.59638500214
1.90743899345		2.46952533722
1.90993380547		2.69279766083
1.91243886948		2.38833522797
1.91506195068		2.70802116394
1.91768884659		2.40355873108
1.92018890381		2.6522026062
1.92268896103		2.52534389496
1.92518901825		2.53549194336
1.92781591415		2.63698005676
1.9303150177		2.43400478363
1.9328148365		2.7029466629
1.93531394005		2.38833522797
1.93794393539		2.69279766083
1.94056582451		2.43907928467
1.9430668354		2.62175655365
1.94571781158		2.5405664444
1.94831800461		2.53041744232
1.95081591606		2.6522026062
1.95331788063		2.42385578156
1.95582485199		2.70802116394
1.95844292641		2.38833522797
1.96094298363		2.68772315979
1.96344184875		2.46952533722
1.96607780457		2.59638500214
1.96869397163		2.57101249695
1.97119379044		2.49489688873
1.97369480133		2.67757511139
1.97620582581		2.39848423004
1.97882199287		2.70802116394
1.981320858		2.39848423004
1.98382091522		2.65727710724
1.98632383347		2.52026939392
1.98882079124		2.53549194336
1.99132084846		2.64712810516
1.99382281303		2.42893028259
1.99633097649		2.70802116394
1.99894881248		2.38833522797
2.00157284737		2.70802116394
2.00407290459		2.44415378571
2.00669884682		2.62683105469
2.00919985771		2.56086444855
2.01170086861		2.49997138977
2.01419997215		2.67757511139
2.01670193672		2.40863323212
2.01920080185		2.71309566498
2.02170085907		2.40863323212
2.02420902252		2.6522026062
2.02682900429		2.51012039185
2.02932691574		2.5405664444
2.03182697296		2.64712810516
2.03432798386		2.43400478363
2.0368309021		2.70802116394
2.03932881355		2.38833522797
2.04182887077		2.68772315979
2.04432797432		2.48474884033
2.04682993889		2.57101249695
2.04932999611		2.61668205261
2.05182981491		2.45430183411
2.05432891846		2.69787216187
2.05683398247		2.38833522797
2.05945491791		2.70802116394
2.06195688248		2.43400478363
2.0644569397		2.61668205261
2.06695985794		2.56593894958
2.06945681572		2.49489688873
2.07195997238		2.68264961243
2.07445979118		2.40355873108
2.07708501816		2.71309566498
2.07971000671		2.393409729
2.08233499527		2.69279766083
2.08483600616		2.47459983826
2.08733797073		2.58116149902
2.08995985985		2.5913105011
2.09245991707		2.47459983826
2.09496092796		2.68772315979
2.09746694565		2.393409729
2.10008788109		2.70802116394
2.10271787643		2.40355873108
2.10537385941		2.68264961243
2.10796284676		2.46952533722
2.1104619503		2.58116149902
2.11296486855		2.60653305054
2.11546993256		2.45937633514
2.11808300018		2.68772315979
2.12058186531		2.393409729
2.12308382988		2.70802116394
2.12558698654		2.42385578156
2.12821793556		2.6420545578
2.13084101677		2.51519489288
2.13334298134		2.5405664444
2.13584280014		2.64712810516
2.13834190369		2.42893028259
2.14084386826		2.70802116394
2.1433429718		2.393409729
2.1458439827		2.68264961243
2.14834284782		2.4898223877
2.1508409977		2.56086444855
2.15334486961		2.62175655365
2.15584397316		2.44415378571
2.15834498405		2.69787216187
2.16084599495		2.38833522797
2.16334486008		2.69787216187
2.1658539772		2.45430183411
2.1684718132		2.60653305054
2.17097091675		2.57608699799
2.17347192764		2.4898223877
2.17601180077		2.67757511139
2.17859697342		2.40355873108
2.1811029911		2.71309566498
2.18372297287		2.393409729
2.18622589111		2.67250061035
2.18884801865		2.47967433929
2.19134998322		2.57608699799
2.19384980202		2.61668205261
2.1963570118		2.45430183411
2.19897580147		2.69279766083
2.20160079002		2.39848423004
2.20423078537		2.71309566498
2.20685482025		2.393409729
2.20947599411		2.68264961243
2.211977005		2.47967433929
2.21447587013		2.57101249695
2.21697878838		2.61668205261
2.21960282326		2.46952533722
2.22210478783		2.68772315979
2.22472786903		2.39848423004
2.22724890709		2.70802116394
2.22985482216		2.40355873108
2.23235583305		2.65727710724
2.23498487473		2.49997138977
2.23760986328		2.57101249695
2.24023079872		2.5913105011
2.24273085594		2.47459983826
2.24523091316		2.68772315979
2.24786186218		2.40355873108
2.25048398972		2.71309566498
2.25298190117		2.40355873108
2.25561594963		2.67757511139
2.25823688507		2.47459983826
2.26086592674		2.59638500214
2.26348280907		2.57101249695
2.26602482796		2.49489688873
2.26861000061		2.67250061035
2.27110791206		2.41370677948
2.27373385429		2.70802116394
2.27623701096		2.39848423004
2.27873587608		2.67250061035
2.28136086464		2.47459983826
2.28386092186		2.57101249695
2.28636598587		2.61160755157
2.28886198997		2.45430183411
2.2913608551		2.69787216187
2.293861866		2.38833522797
2.29636502266		2.69787216187
2.29886078835		2.44922733307
2.30136179924		2.59638500214
2.30386185646		2.58623600006
2.3063659668		2.47967433929
2.30887079239		2.68772315979
2.31149101257		2.40355873108
2.31413197517		2.70802116394
2.31675100327		2.38833522797
2.31936478615		2.69279766083
2.32186388969		2.46445083618
2.32436680794		2.58116149902
2.32687401772		2.60145950317
2.32949280739		2.47967433929
2.33211684227		2.67250061035
2.33474302292		2.41878128052
2.33724498749		2.70802116394
2.33987498283		2.393409729
2.34249281883		2.69279766083
2.34499287605		2.46445083618
2.34749889374		2.58116149902
2.35012102127		2.57608699799
2.35274600983		2.49997138977
2.35524487495		2.67250061035
2.35787200928		2.41878128052
2.36037182808		2.70802116394
2.36286997795		2.39848423004
2.36537981033		2.66742610931
2.36799097061		2.4898223877
2.37048983574		2.56086444855
2.37299180031		2.62175655365
2.3754928112		2.44922733307
2.37800002098		2.69787216187
2.38062500954		2.38833522797
2.38324689865		2.70802116394
2.38574981689		2.42385578156
2.38824892044		2.63190555573
2.39074993134		2.55578994751
2.39324998856		2.50504589081
2.39575099945		2.67250061035
2.39837694168		2.42385578156
2.40087580681		2.70802116394
2.40337586403		2.393409729
2.40588378906		2.67250061035
2.40850186348		2.47967433929
2.41100382805		2.57101249695
2.41350388527		2.61668205261
2.41604280472		2.45430183411
2.41863393784		2.68772315979
2.42125487328		2.39848423004
2.42388081551		2.71309566498
2.4263818264		2.40355873108
2.42900395393		2.67250061035
2.43150496483		2.49997138977
2.4340069294		2.55578994751
2.43650484085		2.63698005676
2.43900680542		2.43907928467
2.44150590897		2.70802116394
2.44400691986		2.38833522797
2.44650793076		2.68772315979
2.44900679588		2.46952533722
2.4515068531		2.57608699799
2.45400881767		2.60653305054
2.45650982857		2.45430183411
2.45900797844		2.69787216187
2.46150994301		2.38833522797
2.46401000023		2.69787216187
2.46651101112		2.44415378571
2.46900892258		2.60145950317
2.47150993347		2.58116149902
2.47400999069		2.47967433929
2.47651290894		2.68772315979
2.47901082039		2.393409729
2.48150992393		2.70802116394
2.4840118885		2.42893028259
2.4865128994		2.63190555573
2.48901200294		2.55578994751
2.49151396751		2.50504589081
2.49401283264		2.67757511139
2.49652099609		2.40863323212
2.49913883209		2.70802116394
2.50176501274		2.38833522797
2.50426793098		2.68264961243
2.50676679611		2.47459983826
2.50938892365		2.5913105011
2.51189184189		2.59638500214
2.51439094543		2.46952533722
2.51689291		2.69279766083
2.51939201355		2.393409729
2.5220348835		2.70802116394
2.52464294434		2.40355873108
2.52714395523		2.65727710724
2.52976799011		2.49997138977
2.53226900101		2.55578994751
2.5347700119		2.63698005676
2.53727388382		2.43907928467
2.53989386559		2.7029466629
2.54239392281		2.38833522797
2.54489398003		2.69787216187
2.54739689827		2.44922733307
2.55002188683		2.62175655365
2.55252099037		2.57101249695
2.5550198555		2.49489688873
2.55752301216		2.68264961243
2.56014585495		2.41878128052
2.56277394295		2.70802116394
2.56527280807		2.38833522797
2.56789898872		2.68772315979
2.57039880753		2.46952533722
2.5728969574		2.58116149902
2.57541298866		2.60653305054
2.57802581787		2.47967433929
2.58052492142		2.68772315979
2.58302497864		2.39848423004
2.58552598953		2.70802116394
2.58802390099		2.42893028259
2.59052586555		2.62175655365
2.59302592278		2.56086444855
2.59552598		2.49997138977
2.59803080559		2.67250061035
2.6006538868		2.41878128052
2.603276968		2.70802116394
2.60578489304		2.38833522797
2.60840392113		2.69279766083
2.61102890968		2.44922733307
2.6135289669		2.60145950317
2.61606884003		2.57608699799
2.61864900589		2.49997138977
2.62114691734		2.67757511139
2.62364888191		2.40355873108
2.62616991997		2.71309566498
2.62878298759		2.39848423004
2.63128185272		2.66742610931
2.63378095627		2.50504589081
2.63628387451		2.54564094543
2.63890790939		2.62175655365
2.64140701294		2.44922733307
2.64390897751		2.7029466629
2.6464099884		2.38833522797
2.64903283119		2.7029466629
2.65153694153		2.43907928467
2.65404200554		2.61160755157
2.6566619873		2.55071544647
2.65916085243		2.51012039185
2.66178798676		2.65727710724
2.66428780556		2.42385578156
2.66678786278		2.70802116394
2.66941189766		2.38833522797
2.67191290855		2.68264961243
2.6744120121		2.47967433929
2.67691397667		2.57101249695
2.6794128418		2.61160755157
2.68191194534		2.45430183411
2.68441295624		2.69787216187
2.68691682816		2.38833522797
2.68941283226		2.69787216187
2.69191479683		2.44922733307
2.69441580772		2.59638500214
2.69691801071		2.5913105011
2.69954180717		2.49489688873
2.70204091072		2.68264961243
2.70454096794		2.40355873108
2.70704388618		2.71309566498
2.70954298973		2.41370677948
2.71216988564		2.66742610931
2.71479201317		2.4898223877
2.71729278564		2.55578994751
2.71979379654		2.63190555573
2.72229290009		2.44415378571
2.72479391098		2.7029466629
2.72729682922		2.38833522797
2.72979283333		2.69279766083
2.73229980469		2.45937633514
2.73492097855		2.60653305054
2.73742294312		2.58623600006
2.73991990089		2.48474884033
2.74241995811		2.68772315979
2.74492192268		2.393409729
2.74742388725		2.70802116394
2.74992179871		2.42385578156
2.75242090225		2.63190555573
2.75492095947		2.55578994751
2.75742483139		2.51012039185
2.75992178917		2.67250061035
2.76242494583		2.40863323212
2.76492381096		2.71309566498
2.76742696762		2.40355873108
2.7699239254		2.65727710724
2.77242493629		2.52534389496
2.77492499352		2.53041744232
2.77742695808		2.6522026062
2.7799270153		2.42385578156
2.78242588043		2.70802116394
2.78492593765		2.393409729
2.78742980957		2.67757511139
2.78992891312		2.4898223877
2.79242801666		2.56086444855
2.79492783546		2.63190555573
2.79743981361		2.44415378571
2.80005383492		2.69279766083
2.80255389214		2.38833522797
2.80505394936		2.7029466629
2.80755591393		2.44415378571
2.81006097794		2.60145950317
2.81268000603		2.56086444855
2.81518101692		2.51012039185
2.81780600548		2.66235160828
2.82030701637		2.41878128052
2.82280683517		2.71309566498
2.82530784607		2.38833522797
2.8279337883		2.68264961243
2.83055782318		2.46445083618
2.8330578804		2.58623600006
2.83556699753		2.60145950317
2.83818292618		2.48474884033
2.84080791473		2.67250061035
2.84330892563		2.40355873108
2.84581685066		2.70802116394
2.84843397141		2.39848423004
2.85107398033		2.68264961243
2.85368800163		2.46445083618
2.85619401932		2.5913105011
2.85881185532		2.57608699799
2.86131191254		2.48474884033
2.86380982399		2.68772315979
2.86630988121		2.39848423004
2.86880397797		2.71309566498
2.87130594254		2.42385578156
2.87380480766		2.63190555573
2.87631487846		2.55071544647
2.87881398201		2.51012039185
2.88131380081		2.67250061035
2.88381385803		2.40863323212
2.88631701469		2.71309566498
2.88882088661		2.40863323212
2.89144086838		2.67250061035
2.8939409256		2.49997138977
2.89644193649		2.55578994751
2.89894199371		2.63190555573
2.90144085884		2.43907928467
2.90394186974		2.7029466629
2.90644478798		2.38833522797
2.90906691551		2.69787216187
2.91156983376		2.44922733307
2.91419386864		2.61668205261
2.91682195663		2.54564094543
2.91944599152		2.53549194336
2.9219429493		2.6522026062
2.92444491386		2.42893028259
2.92694783211		2.70802116394
2.92944478989		2.393409729
2.93194580078		2.68264961243
2.934445858		2.4898223877
2.93694996834		2.56086444855
2.93957185745		2.60653305054
2.94207191467		2.45937633514
2.94457197189		2.69787216187
2.94707584381		2.38833522797
2.94969797134		2.70802116394
2.95219898224		2.42385578156
2.95482492447		2.6420545578
2.95732498169		2.53549194336
2.95982480049		2.52026939392
2.96232700348		2.66235160828
2.96482682228		2.41878128052
2.96733283997		2.70802116394
2.96995401382		2.38833522797
2.97257685661		2.69279766083
2.97507596016		2.46445083618
2.9775788784		2.58623600006
2.98007678986		2.60653305054
2.98257684708		2.46445083618
2.9850769043		2.69787216187
2.98757791519		2.38833522797
2.99007892609		2.7029466629
2.99257898331		2.43907928467
2.99507784843		2.61160755157
2.99758386612		2.57101249695
3.00020694733		2.51012039185
3.00283384323		2.65727710724
3.0054628849		2.43400478363
3.00808286667		2.69787216187
3.01058197021		2.38833522797
3.01308178902		2.69279766083
3.01558279991		2.45430183411
3.01808381081		2.59638500214
3.02058291435		2.5913105011
3.02308392525		2.47459983826
3.02558493614		2.68772315979
3.02821087837		2.39848423004
3.03083300591		2.71309566498
3.03333497047		2.40355873108
3.03584289551		2.65727710724
3.03846001625		2.49997138977
3.04096198082		2.55071544647
3.04346179962		2.63190555573
3.04604196548		2.44922733307
3.0485868454		2.69787216187
3.05108594894		2.38833522797
3.05358695984		2.7029466629
3.05609583855		2.44415378571
3.05871295929		2.62175655365
3.06121301651		2.56086444855
3.06383895874		2.51519489288
3.06633996964		2.66235160828
3.06883978844		2.41370677948
3.07133793831		2.70802116394
3.07384085655		2.39848423004
3.07634282112		2.66235160828
3.07896590233		2.4898223877
3.08146691322		2.56086444855
3.08396601677		2.62683105469
3.08646893501		2.44415378571
3.08896684647		2.7029466629
3.09146785736		2.38833522797
3.0939719677		2.69279766083
3.09659600258		2.43907928467
3.09921884537		2.63190555573
3.10184288025		2.53549194336
3.10434389114		2.52026939392
3.10684490204		2.65727710724
3.10934495926		2.41878128052
3.11184382439		2.70802116394
3.11434483528		2.39848423004
3.11684393883		2.66742610931
3.11933898926		2.50504589081
3.12183880806		2.54564094543
3.12434387207		2.6420545578
3.12685799599		2.43907928467
3.12947297096		2.69787216187
3.13209700584		2.393409729
3.13459587097		2.70802116394
3.13709998131		2.43400478363
3.13959789276		2.61668205261
3.14209890366		2.57608699799
3.14460086823		2.49489688873
3.14710187912		2.67757511139
3.1495988369		2.40355873108
3.15209984779		2.70802116394
3.15459990501		2.41878128052
3.15710401535		2.6420545578
3.1596019268		2.5405664444
3.16222691536		2.5405664444
3.16485381126		2.63190555573
3.16747999191		2.45937633514
3.16997694969		2.69787216187
3.17247796059		2.393409729
3.17497682571		2.69787216187
3.17748093605		2.44922733307
3.18010282516		2.62175655365
3.18260383606		2.56086444855
3.18510293961		2.49489688873
3.18760585785		2.67757511139
3.19010591507		2.40355873108
3.19260692596		2.70802116394
3.19510483742		2.41370677948
3.1976108551		2.6420545578
3.20023298264		2.51012039185
3.20286178589		2.56593894958
3.20549201965		2.60145950317
3.20810890198		2.47967433929
3.21060991287		2.68772315979
3.21310782433		2.39848423004
3.21561479568		2.70802116394
3.21823692322		2.40863323212
3.22085881233		2.66742610931
3.22350096703		2.48474884033
3.22611999512		2.58116149902
3.22873687744		2.58116149902
3.23123693466		2.48474884033
3.2338809967		2.67250061035
3.23649787903		2.41878128052
3.239112854		2.70802116394
3.24161291122		2.393409729
3.24411201477		2.68264961243
3.24662280083		2.48474884033
3.24923801422		2.58623600006
3.25186395645		2.58116149902
3.25436282158		2.47967433929
3.25686788559		2.68264961243
3.25948882103		2.40863323212
3.26198887825		2.71309566498
3.26449084282		2.41370677948
3.26699090004		2.6522026062
3.26961493492		2.51012039185
3.27211880684		2.54564094543
3.27474188805		2.62175655365
3.27724385262		2.45430183411
3.27986979485		2.69279766083
3.28252291679		2.39848423004
3.28512096405		2.71309566498
3.28774785995		2.39848423004
3.29037094116		2.68264961243
3.29286980629		2.48474884033
3.29549479485		2.58623600006
3.29799580574		2.60145950317
3.30049490929		2.46445083618
3.30299687386		2.69279766083
3.30549693108		2.38833522797
3.30799484253		2.7029466629
3.31049799919		2.43907928467
3.31299686432		2.60653305054
3.31549882889		2.57101249695
3.31799888611		2.4898223877
3.32062196732		2.67250061035
3.32312297821		2.41370677948
3.32563090324		2.70802116394
3.32824778557		2.393409729
3.33087396622		2.68264961243
3.3334980011		2.45430183411
3.33609390259		2.60653305054
3.33862495422		2.57101249695
3.34125089645		2.51012039185
3.34387493134		2.65727710724
3.34637999535		2.42385578156
3.34900188446		2.7029466629
3.35150194168		2.38833522797
3.35400295258		2.68264961243
3.35650491714		2.47459983826
3.35900402069		2.57101249695
3.36151194572		2.61160755157
3.36412787437		2.46952533722
3.36662697792		2.68772315979
3.36912178993		2.393409729
3.37162089348		2.7029466629
3.37412190437		2.43400478363
3.3766348362		2.62175655365
3.37925481796		2.5405664444
3.38187885284		2.53549194336
3.3843858242		2.64712810516
3.38700795174		2.43907928467
3.38950681686		2.7029466629
3.39200496674		2.38833522797
3.3945069313		2.68772315979
3.39701390266		2.46952533722
3.39963293076		2.59638500214
3.40213489532		2.58623600006
3.40463280678		2.47967433929
3.40713596344		2.68772315979
3.40975785255		2.40863323212
3.41225886345		2.70802116394
3.41488480568		2.39848423004
3.41738891602		2.66235160828
3.42000985146		2.4898223877
3.42250990868		2.56086444855
3.42501091957		2.62683105469
3.42764091492		2.46445083618
3.43026399612		2.68264961243
3.43288683891		2.40863323212
3.43539381027		2.70802116394
3.43801093102		2.39848423004
3.44051885605		2.66742610931
3.44313788414		2.4898223877
3.44564700127		2.56593894958
3.44826579094		2.60145950317
3.45088791847		2.47967433929
3.45338892937		2.68772315979
3.45588898659		2.393409729
3.45851588249		2.71309566498
3.46101498604		2.40863323212
3.46351480484		2.64712810516
3.46605587006		2.52534389496
3.46864080429		2.54564094543
3.47114300728		2.6420545578
3.47364091873		2.43400478363
3.47615098953		2.70802116394
3.47877001762		2.38833522797
3.48126888275		2.69787216187
3.48389291763		2.43907928467
3.48639392853		2.61160755157
3.48889493942		2.57608699799
3.49139380455		2.4898223877
3.49389481544		2.68264961243
3.4964017868		2.39848423004
3.49901986122		2.70802116394
3.50152182579		2.40355873108
3.50402092934		2.6522026062
3.50652384758		2.52534389496
3.50914692879		2.55071544647
3.51164698601		2.63698005676
3.51414895058		2.43907928467
3.5166478157		2.7029466629
3.51915693283		2.38833522797
3.52177381516		2.69787216187
3.52427387238		2.45430183411
3.52690291405		2.62175655365
3.52952384949		2.54564094543
3.53202486038		2.51519489288
3.53452396393		2.66742610931
3.53702688217		2.41370677948
3.53952693939		2.71309566498
3.54202485085		2.40355873108
3.54452896118		2.65727710724
3.54702687263		2.51519489288
3.54952692986		2.53549194336
3.55202794075		2.64712810516
3.5545258522		2.42893028259
3.55703186989		2.70802116394
3.55965280533		2.38326072693
3.56215286255		2.68772315979
3.56465291977		2.46445083618
3.56715488434		2.58623600006
3.56965589523		2.60145950317
3.57215499878		2.46445083618
3.57465600967		2.69787216187
3.57715988159		2.393409729
3.57978200912		2.70802116394
3.58228182793		2.41878128052
3.58490681648		2.64712810516
3.58740901947		2.53549194336
3.5899078846		2.52026939392
3.59241080284		2.65727710724
3.59503388405		2.43400478363
3.59767389297		2.69787216187
3.60028791428		2.38833522797
3.60290980339		2.70802116394
3.60542082787		2.42385578156
3.60803580284		2.6522026062
3.61053490639		2.53041744232
3.61303591728		2.52534389496
3.61554288864		2.65727710724
3.61815500259		2.43400478363
3.62065386772		2.70802116394
3.62315487862		2.38833522797
3.62565684319		2.68264961243
3.62816286087		2.47967433929
3.63066387177		2.57101249695
3.63316392899		2.61668205261
3.63567280769		2.45430183411
3.63828897476		2.69279766083
3.64091396332		2.40355873108
3.64355993271		2.71309566498
3.64617586136		2.393409729
3.6487929821		2.68264961243
3.65141892433		2.45937633514
3.65404081345		2.61160755157
3.65654587746		2.57101249695
3.65904283524		2.49489688873
3.66166782379		2.67250061035
3.66416883469		2.41370677948
3.66667199135		2.71309566498
3.6691699028		2.40355873108
3.67166900635		2.65727710724
3.67417001724		2.52026939392
3.67680287361		2.55578994751
3.67942094803		2.61668205261
3.68192100525		2.45937633514
3.68442082405		2.69787216187
3.68692398071		2.38833522797
3.68954586983		2.7029466629
3.69204497337		2.43400478363
3.69454479218		2.62175655365
3.69704890251		2.56593894958
3.69967389107		2.51519489288
3.70229697227		2.64712810516
3.70492386818		2.43907928467
3.7074239254		2.70802116394
3.70992398262		2.38833522797
3.71242380142		2.68772315979
3.71492385864		2.46952533722
3.71742582321		2.57608699799
3.71992492676		2.60653305054
3.72242593765		2.46445083618
3.72492480278		2.69279766083
3.72742795944		2.38833522797
3.730052948		2.7029466629
3.73255300522		2.42893028259
3.73517680168		2.65727710724
3.73780584335		2.51519489288
3.74042797089		2.55578994751
3.74292683601		2.63190555573
3.74543595314		2.44922733307
3.74805498123		2.69279766083
3.75055480003		2.38833522797
3.75317978859		2.70802116394
3.75569200516		2.42385578156
3.75830292702		2.6522026062
3.76092982292		2.51519489288
3.76343083382		2.5405664444
3.76596784592		2.6420545578
3.76855683327		2.44415378571
3.77105689049		2.69787216187
3.77355790138		2.38833522797
3.77606487274		2.69787216187
3.77868294716		2.43907928467
3.78118395805		2.60653305054
3.78380680084		2.55578994751
3.78631186485		2.51012039185
3.78893589973		2.66235160828
3.79155898094		2.43400478363
3.79406094551		2.70802116394
3.7965669632		2.393409729
3.79918384552		2.69279766083
3.80168700218		2.46445083618
3.80418586731		2.5913105011
3.80668783188		2.59638500214
3.80931091309		2.4898223877
3.81193685532		2.67250061035
3.81443786621		2.40863323212
3.81693983078		2.70802116394
3.81956386566		2.39848423004
3.82206296921		2.67250061035
3.82456493378		2.50504589081
3.82706594467		2.55071544647
3.82968878746		2.62175655365
3.83219599724		2.45430183411
3.83482098579		2.68772315979
3.83744692802		2.39848423004
3.84006500244		2.71309566498
3.84256601334		2.40355873108
3.84506583214		2.65727710724
3.8475689888		2.52534389496
3.8500688076		2.53041744232
3.85269379616		2.63698005676
3.8551928997		2.44415378571
3.8578209877		2.69787216187
3.86044287682		2.38833522797
3.86294293404		2.70802116394
3.86545181274		2.43400478363
3.86806201935		2.63698005676
3.87056088448		2.54564094543
3.87306189537		2.51012039185
3.87556600571		2.66742610931
3.8780708313		2.41370677948
3.88069701195		2.70802116394
3.8831949234		2.393409729
3.88570380211		2.67757511139
3.88832187653		2.46952533722
3.89094591141		2.59638500214
3.8934469223		2.5913105011
3.89598298073		2.47967433929
3.89857387543		2.67757511139
3.90107488632		2.40355873108
3.90357398987		2.71309566498
3.90608286858		2.41370677948
3.90870094299		2.66235160828
3.91120100021		2.52026939392
3.9137070179		2.5405664444
3.91632580757		2.62175655365
3.91895079613		2.45937633514
3.92145180702		2.69787216187
3.92395281792		2.38833522797
3.92657995224		2.70802116394
3.92907691002		2.42893028259
3.93170189857		2.64712810516
3.93420481682		2.53549194336
3.93670487404		2.52026939392
3.93920397758		2.66235160828
3.94170284271		2.41878128052
3.94420695305		2.71309566498
3.94670701027		2.393409729
3.9492058754		2.66742610931
3.95170593262		2.51012039185
3.95420694351		2.54564094543
3.95683193207		2.62683105469
3.95933198929		2.44922733307
3.96195578575		2.69787216187
3.96445679665		2.38833522797
3.96695899963		2.70802116394
3.96945881844		2.43907928467
3.97195887566		2.61160755157
3.97445678711		2.57608699799
3.97696089745		2.4898223877
3.97945785522		2.68772315979
3.98195791245		2.40355873108
3.98445892334		2.71309566498
3.98696184158		2.41878128052
3.98945999146		2.63698005676
3.99196600914		2.5405664444
3.99458599091		2.53549194336
3.99709391594		2.6522026062
3.99970984459		2.43907928467
4.00221395493		2.7029466629
4.00471186638		2.393409729
4.00721287727		2.68772315979
4.00971484184		2.46952533722
4.01221299171		2.57608699799
4.01471495628		2.61160755157
4.0172150135		2.45937633514
4.01971483231		2.69787216187
4.02221393585		2.38833522797
4.02471590042		2.69787216187
4.02734279633		2.42385578156
4.02996587753		2.64712810516
4.0324678421		2.53549194336
4.03496789932		2.52026939392
4.03758978844		2.64712810516
4.04009199142		2.43400478363
4.04259181023		2.70802116394
4.04509282112		2.393409729
4.04759693146		2.68264961243
4.05022096634		2.46445083618
4.05284380913		2.60653305054
4.05537796021		2.57608699799
4.05797195435		2.49997138977
4.0604698658		2.67757511139
4.06297087669		2.40355873108
4.06547880173		2.70802116394
4.06809592247		2.39848423004
4.07060289383		2.66742610931
4.07322382927		2.48474884033
4.07572889328		2.57101249695
4.07834792137		2.59638500214
4.08097290993		2.48474884033
4.08359885216		2.67757511139
4.08610701561		2.40863323212
4.08872389793		2.71309566498
4.09122395515		2.40355873108
4.09372282028		2.66742610931
4.09622693062		2.51012039185
4.09872579575		2.54564094543
4.10122585297		2.6420545578
4.10372400284		2.43400478363
4.10622882843		2.7029466629
4.10885095596		2.38833522797
4.11135196686		2.69787216187
4.11397600174		2.43400478363
4.1166009903		2.63698005676
4.11909484863		2.55578994751
4.12159490585		2.51012039185
4.12409496307		2.67250061035
4.12661194801		2.41370677948
4.12923002243		2.70802116394
4.13172793388		2.39848423004
4.13422894478		2.67250061035
4.1367328167		2.49997138977
4.13935494423		2.57608699799
4.14197993279		2.59638500214
4.14448094368		2.47459983826
4.14698386192		2.69279766083
4.14960980415		2.40355873108
4.1522359848		2.70802116394
4.15485692024		2.39848423004
4.15735888481		2.67757511139
4.15998196602		2.47967433929
4.16248297691		2.57608699799
4.16498494148		2.61160755157
4.16748785973		2.45430183411
4.17011094093		2.69279766083
4.17260885239		2.393409729
4.17510890961		2.70802116394
4.17748594284		2.44922733307
4.17998385429		2.60145950317
4.18248581886		2.58623600006
4.18498587608		2.47967433929
4.18748998642		2.68264961243
4.18998599052		2.39848423004
4.19248700142		2.70802116394
4.19498991966		2.42893028259
4.19749593735		2.63190555573
4.20011496544		2.5405664444
4.20261287689		2.52534389496
4.20511198044		2.66235160828
4.20749187469		2.40863323212
4.2101149559		2.70802116394
4.21261501312		2.39848423004
4.21511483192		2.67250061035
4.21774101257		2.48474884033
4.22023892403		2.56593894958
4.2227408886		2.62175655365
4.22524094582		2.45937633514
4.2278778553		2.69279766083
4.2304918766		2.39848423004
4.23299694061		2.71309566498
4.23562693596		2.40355873108
4.23824286461		2.66742610931
4.2407438755		2.50504589081
4.2432448864		2.55071544647
4.24575185776		2.63698005676
4.24837088585		2.45430183411
4.25099492073		2.69279766083
4.25349497795		2.393409729
4.25603890419		2.70802116394
4.25862002373		2.41878128052
4.26111984253		2.63698005676
4.2636218071		2.54564094543
4.26613092422		2.51012039185
4.2687458992		2.65727710724
4.2712469101		2.42893028259
4.27374792099		2.71309566498
4.27624893188		2.393409729
4.27874994278		2.67757511139
4.28124880791		2.49489688873
4.28375196457		2.55578994751
4.28637480736		2.60653305054
4.28900098801		2.47459983826
4.29149985313		2.68772315979
4.29400086403		2.393409729
4.29650783539		2.70802116394
4.29912686348		2.41370677948
4.3016269207		2.6420545578
4.30412793159		2.54564094543
4.30663490295		2.52026939392
4.3092508316		2.64712810516
4.31175398827		2.42893028259
4.31425285339		2.70802116394
4.31675386429		2.393409729
4.31925392151		2.68264961243
4.32175588608		2.48474884033
4.32425189018		2.56086444855
4.32675695419		2.62683105469
4.32925486565		2.44922733307
4.33175683022		2.7029466629
4.33425593376		2.38833522797
4.33688497543		2.7029466629
4.33950591087		2.42385578156
4.34200501442		2.62683105469
4.34450984001		2.55578994751
4.34713482857		2.52534389496
4.34975790977		2.6420545578
4.35225892067		2.43400478363
4.3547577858		2.70802116394
4.35725998878		2.38833522797
4.35975790024		2.68264961243
4.36225986481		2.48474884033
4.36475992203		2.56593894958
4.36725783348		2.62175655365
4.36975383759		2.44922733307
4.37225198746		2.69787216187
4.37475299835		2.38833522797
4.37726688385		2.69787216187
4.37988686562		2.43907928467
4.38238692284		2.61668205261
4.38501787186		2.54564094543
4.3876388073		2.53041744232
4.39013791084		2.6522026062
4.39263892174		2.41878128052
4.39513778687		2.70802116394
4.39776992798		2.38833522797
4.40038990974		2.69787216187
4.40301299095		2.43400478363
4.40552282333		2.61668205261
4.4081389904		2.54564094543
4.4106400013		2.51519489288
4.41314196587		2.66742610931
4.41564893723		2.41370677948
4.41826796532		2.7029466629
4.42076802254		2.38833522797
4.42326688766		2.67757511139
4.42576694489		2.49489688873
4.42826795578		2.55578994751
4.43076896667		2.63190555573
4.4332678318		2.44415378571
4.43577599525		2.70802116394
4.43839597702		2.38833522797
4.4410200119		2.7029466629
4.4435210228		2.42893028259
4.44610595703		2.6420545578
4.44864702225		2.5405664444
4.45114684105		2.52026939392
4.45364499092		2.66235160828
4.4561560154		2.41878128052
4.45877194405		2.7029466629
4.46127200127		2.393409729
4.46377801895		2.68264961243
4.46640300751		2.46445083618
4.46902394295		2.60145950317
4.47152280807		2.58116149902
4.47402191162		2.48474884033
4.47652697563		2.68264961243
4.47902393341		2.39848423004
4.48152589798		2.70802116394
4.4840259552		2.42385578156
4.48652601242		2.63190555573
4.48902392387		2.55578994751
4.49152588844		2.50504589081
4.49402689934		2.67757511139
4.49652886391		2.40863323212
4.49915289879		2.70802116394
4.50165295601		2.393409729
4.5041539669		2.67250061035
4.50665593147		2.49997138977
4.50915288925		2.55071544647
4.51165485382		2.63698005676
4.51415395737		2.43907928467
4.51665687561		2.7029466629
4.51927995682		2.38326072693
4.52178001404		2.69787216187
4.52428078651		2.45430183411
4.52678489685		2.59638500214
4.52940678596		2.56593894958
4.53203296661		2.51519489288
4.53453278542		2.66742610931
4.53715896606		2.42893028259
4.53978490829		2.7029466629
4.54228687286		2.38833522797
4.54490685463		2.7029466629
4.54741001129		2.44922733307
4.55003380775		2.61668205261
4.55253887177		2.56086444855
4.55515885353		2.53041744232
4.55778884888		2.6522026062
4.56041002274		2.44415378571
4.56303596497		2.69787216187
4.56567001343		2.393409729
4.5682888031		2.71309566498
4.57091093063		2.40355873108
4.57341194153		2.66235160828
4.57607197762		2.4898223877
4.57866191864		2.57608699799
4.58116292953		2.61668205261
4.58366298676		2.45430183411
4.58617281914		2.69787216187
4.58878898621		2.38833522797
4.59128880501		2.7029466629
4.59378886223		2.43400478363
4.59629893303		2.62175655365
4.59891581535		2.54564094543
4.60141682625		2.51519489288
4.6040430069		2.64712810516
4.60654401779		2.42893028259
4.60916686058		2.7029466629
4.6116669178		2.38833522797
4.61416697502		2.69279766083
4.61666584015		2.46952533722
4.61916089058		2.58116149902
4.62166595459		2.60653305054
4.62416195869		2.45937633514
4.62667584419		2.69787216187
4.62929582596		2.39848423004
4.63179397583		2.70802116394
4.6342959404		2.42385578156
4.63679885864		2.63190555573
4.63929581642		2.56086444855
4.64192199707		2.52026939392
4.6444208622		2.65727710724
4.64708995819		2.43907928467
4.64967298508		2.7029466629
4.65217494965		2.38833522797
4.65479779243		2.7029466629
4.6573009491		2.44415378571
4.65979886055		2.61160755157
4.6622979641		2.57608699799
4.66480088234		2.48474884033
4.66742682457		2.67250061035
4.67005085945		2.41878128052
4.67255091667		2.71309566498
4.67505002022		2.39848423004
4.67755389214		2.67250061035
4.68017601967		2.48474884033
4.68267583847		2.56593894958
4.68517684937		2.61160755157
4.68780493736		2.46952533722
4.69030284882		2.69787216187
4.69280290604		2.393409729
4.69530391693		2.7029466629
4.69792985916		2.41878128052
4.70043587685		2.63698005676
4.70305585861		2.52534389496
4.7055618763		2.53549194336
4.70817995071		2.63698005676
4.71067881584		2.43907928467
4.71318292618		2.7029466629
4.7156829834		2.393409729
4.71830582619		2.7029466629
4.72080683708		2.45937633514
4.72330880165		2.59638500214
4.72581601143		2.5913105011
4.72843289375		2.49489688873
4.73105978966		2.66742610931
4.73368287086		2.42385578156
4.7361907959		2.70802116394
4.73880887032		2.38833522797
4.74130988121		2.68772315979
4.74393391609		2.45430183411
4.7464389801		2.60145950317
4.74905896187		2.57101249695
4.75156092644		2.49489688873
4.75406098366		2.68264961243
4.75656199455		2.40355873108
4.75906085968		2.70802116394
4.76156187057		2.41370677948
4.76406097412		2.6420545578
4.76656389236		2.53549194336
4.76918792725		2.5405664444
4.77168798447		2.6522026062
4.77418780327		2.42893028259
4.77668881416		2.7029466629
4.77919483185		2.393409729
4.78181481361		2.69279766083
4.78431487083		2.46445083618
4.78681898117		2.58116149902
4.78943896294		2.57608699799
4.79206395149		2.49997138977
4.79456591606		2.67757511139
4.79707288742		2.40355873108
4.79969382286		2.71309566498
4.80219388008		2.39848423004
4.80481696129		2.68264961243
4.80731987953		2.48474884033
4.80994200706		2.58623600006
4.81244182587		2.59638500214
4.81506991386		2.48474884033
4.81757187843		2.68772315979
4.8201918602		2.40355873108
4.82269597054		2.70802116394
4.82519483566		2.40355873108
4.8278260231		2.66742610931
4.83044695854		2.47967433929
4.83307385445		2.58623600006
4.83557987213		2.60145950317
4.83819794655		2.48474884033
4.84069681168		2.68772315979
4.84319782257		2.39848423004
4.8457069397		2.70802116394
4.84832382202		2.40863323212
4.85082387924		2.6522026062
4.85332393646		2.53041744232
4.85582494736		2.53041744232
4.85833001137		2.65727710724
4.86095094681		2.43400478363
4.86344885826		2.7029466629
4.86608099937		2.393409729
4.86869287491		2.70802116394
4.87119078636		2.43907928467
4.87369394302		2.61668205261
4.8762049675		2.57101249695
4.87870287895		2.48474884033
4.88120293617		2.68264961243
4.88370490074		2.39848423004
4.8862118721		2.71309566498
4.88883090019		2.40355873108
4.89132881165		2.66235160828
4.89382886887		2.52534389496
4.89633178711		2.53549194336
4.89882993698		2.6522026062
4.9013299942		2.42385578156
4.90382885933		2.70802116394
4.90633392334		2.38833522797
4.90895485878		2.68772315979
4.91145586967		2.46952533722
4.91407990456		2.60145950317
4.91658496857		2.58623600006
4.91920685768		2.49997138977
4.92170786858		2.68264961243
4.92420697212		2.40863323212
4.92670893669		2.71309566498
4.92920899391		2.41370677948
4.93170881271		2.64712810516
4.9342110157		2.5405664444
4.93671798706		2.52026939392
4.93933391571		2.64712810516
4.94183492661		2.42893028259
4.9443359375		2.70802116394
4.94683790207		2.38833522797
4.94933485985		2.68264961243
4.95183801651		2.48474884033
4.95433783531		2.56593894958
4.95683789253		2.62683105469
4.95933794975		2.45430183411
4.96183896065		2.7029466629
4.96433901787		2.38833522797
4.96684098244		2.69787216187
4.96934080124		2.45430183411
4.97196483612		2.61160755157
4.97446489334		2.57101249695
4.97709178925		2.51012039185
4.97959089279		2.67250061035
4.98209095001		2.41370677948
4.98459196091		2.71309566498
4.98709392548		2.39848423004
4.9895927906		2.65727710724
4.99209189415		2.52026939392
4.99459385872		2.53549194336
4.9970998764		2.6522026062
4.99971795082		2.43907928467
