0.000127077102661		2.68772315979
0.00393199920654		2.41370677948
0.00667405128479		2.70802116394
0.00929093360901		2.45430183411
0.0119149684906		2.56593894958
0.0145418643951		2.67250061035
0.0171639919281		2.393409729
0.019788980484		2.69787216187
0.0224139690399		2.49489688873
0.025043964386		2.51012039185
0.0276689529419		2.69787216187
0.0302929878235		2.38326072693
0.0329630374908		2.68264961243
0.0356709957123		2.52534389496
0.0382919311523		2.49489688873
0.0409200191498		2.7029466629
0.0435478687286		2.38326072693
0.0461709499359		2.65727710724
0.0487930774689		2.57608699799
0.0514190196991		2.44922733307
0.0540819168091		2.71309566498
0.0566720962524		2.40863323212
0.0592958927155		2.61668205261
0.061919927597		2.61668205261
0.0645589828491		2.42385578156
0.0671820640564		2.71309566498
0.0698070526123		2.43907928467
0.0724310874939		2.57608699799
0.0750560760498		2.66235160828
0.0776810646057		2.39848423004
0.0803050994873		2.69787216187
0.0829410552979		2.47967433929
0.0855560302734		2.53041744232
0.088182926178		2.68772315979
0.0908069610596		2.38326072693
0.093435049057		2.68772315979
0.0960619449615		2.52534389496
0.0986828804016		2.4898223877
0.10130906105		2.7029466629
0.103940010071		2.38326072693
0.106558084488		2.65727710724
0.109184980392		2.57608699799
0.111809968948		2.44922733307
0.114435911179		2.70802116394
0.11705994606		2.41370677948
0.119688987732		2.61668205261
0.122317075729		2.62683105469
0.124939918518		2.41878128052
0.127562046051		2.71309566498
0.130188941956		2.44415378571
0.132912874222		2.58623600006
0.135564088821		2.64712810516
0.138180971146		2.39848423004
0.140805959702		2.7029466629
0.143441915512		2.46445083618
0.146065950394		2.54564094543
0.148689031601		2.67757511139
0.151314973831		2.38833522797
0.153943061829		2.69279766083
0.156569004059		2.51012039185
0.159190893173		2.50504589081
0.161818027496		2.69787216187
0.164443016052		2.38326072693
0.167068004608		2.67250061035
0.169694900513		2.56086444855
0.172326087952		2.46952533722
0.17494392395		2.70802116394
0.17756986618		2.40355873108
0.180193901062		2.63190555573
0.182858943939		2.60145950317
0.185443878174		2.42893028259
0.188072919846		2.71309566498
0.190696001053		2.42893028259
0.193325996399		2.58623600006
0.19594502449		2.6522026062
0.198570966721		2.40355873108
0.201195955276		2.7029466629
0.203824043274		2.46952533722
0.206445932388		2.5405664444
0.209073066711		2.67757511139
0.211698055267		2.38833522797
0.214328050613		2.69279766083
0.216955900192		2.51012039185
0.219575881958		2.49997138977
0.222205877304		2.7029466629
0.224826097488		2.38326072693
0.227448940277		2.66742610931
0.230074882507		2.56593894958
0.232707023621		2.45937633514
0.235342025757		2.70802116394
0.237952947617		2.39848423004
0.240576028824		2.62683105469
0.243205070496		2.60653305054
0.245828866959		2.42893028259
0.248454093933		2.70802116394
0.251077890396		2.43400478363
0.253707885742		2.58116149902
0.256329059601		2.6522026062
0.258954048157		2.39848423004
0.261579036713		2.7029466629
0.264213085175		2.46952533722
0.266830921173		2.5405664444
0.269455909729		2.68264961243
0.272123098373		2.38833522797
0.274709939957		2.69279766083
0.27733206749		2.51519489288
0.279959917068		2.49997138977
0.282592058182		2.69787216187
0.285207033157		2.37818622589
0.287833929062		2.66235160828
0.290459871292		2.56593894958
0.293085098267		2.46445083618
0.295711994171		2.70802116394
0.298341035843		2.40355873108
0.300962924957		2.62175655365
0.303587913513		2.61160755157
0.30621099472		2.42893028259
0.308836936951		2.70802116394
0.311461925507		2.43400478363
0.314091920853		2.58116149902
0.316713094711		2.6522026062
0.319339036942		2.40355873108
0.321964025497		2.7029466629
0.324716091156		2.45430183411
0.327338933945		2.55578994751
0.329964876175		2.67250061035
0.332596063614		2.393409729
0.33521604538		2.69787216187
0.33784198761		2.49997138977
0.340463876724		2.51012039185
0.343091964722		2.69279766083
0.345715999603		2.38326072693
0.348340034485		2.67250061035
0.350965976715		2.55071544647
0.35359287262		2.47459983826
0.356215953827		2.70802116394
0.358841896057		2.39848423004
0.361469984055		2.6420545578
0.364098072052		2.59638500214
0.366718053818		2.43400478363
0.369343996048		2.70802116394
0.371969938278		2.41878128052
0.374595880508		2.59638500214
0.377220869064		2.63698005676
0.379852056503		2.40863323212
0.382478952408		2.7029466629
0.385088920593		2.45937633514
0.387712955475		2.54564094543
0.390340089798		2.67757511139
0.393004894257		2.393409729
0.395598888397		2.69787216187
0.398222923279		2.50504589081
0.400848865509		2.51012039185
0.403475999832		2.69279766083
0.406100034714		2.38326072693
0.40872502327		2.67250061035
0.411350011826		2.55071544647
0.41397690773		2.46952533722
0.416600942612		2.7029466629
0.419225931168		2.39848423004
0.421851873398		2.6420545578
0.424475908279		2.59638500214
0.427102088928		2.43400478363
0.429725885391		2.70802116394
0.432364940643		2.42385578156
0.43497800827		2.5913105011
0.437606096268		2.6420545578
0.440227985382		2.40863323212
0.442893981934		2.7029466629
0.445481061935		2.46445083618
0.448105096817		2.54564094543
0.450731039047		2.67757511139
0.453358888626		2.38833522797
0.455985069275		2.69787216187
0.458606958389		2.50504589081
0.46123790741		2.50504589081
0.463867902756		2.69279766083
0.466492891312		2.38326072693
0.469110012054		2.67250061035
0.471738100052		2.55071544647
0.474360942841		2.46952533722
0.476984024048		2.70802116394
0.479609012604		2.39848423004
0.48223400116		2.63190555573
0.484862089157		2.60145950317
0.487483978271		2.43400478363
0.490110874176		2.70802116394
0.492817878723		2.41878128052
0.495490074158		2.60653305054
0.498115062714		2.62175655365
0.500751018524		2.41878128052
0.5033659935		2.70802116394
0.505990028381		2.44922733307
0.50861287117		2.56086444855
0.511239051819		2.66742610931
0.513870000839		2.393409729
0.516489028931		2.69787216187
0.519115924835		2.4898223877
0.521740913391		2.52534389496
0.524365901947		2.69279766083
0.526990890503		2.37818622589
0.529614925385		2.67757511139
0.532255887985		2.53549194336
0.534866094589		2.47967433929
0.537492036819		2.70802116394
0.540114879608		2.393409729
0.542799949646		2.65727710724
0.545491933823		2.56593894958
0.548119068146		2.45430183411
0.550741910934		2.70802116394
0.553370952606		2.40355873108
0.555993080139		2.62175655365
0.558619976044		2.61160755157
0.561244010925		2.42893028259
0.563873052597		2.70802116394
0.566494941711		2.43400478363
0.569122076035		2.58116149902
0.571744918823		2.6522026062
0.574373960495		2.40355873108
0.576997041702		2.7029466629
0.579623937607		2.47459983826
0.582252025604		2.53549194336
0.58487200737		2.68264961243
0.5874979496		2.38326072693
0.59012389183		2.68772315979
0.592839956284		2.50504589081
0.595499038696		2.51012039185
0.598124027252		2.69279766083
0.600749969482		2.38326072693
0.603376865387		2.67250061035
0.605999946594		2.54564094543
0.608625888824		2.46952533722
0.61125087738		2.7029466629
0.613878011703		2.393409729
0.61650800705		2.63698005676
0.619127988815		2.59638500214
0.621753931046		2.43907928467
0.624382972717		2.71309566498
0.62700510025		2.42385578156
0.629627943039		2.59638500214
0.632261037827		2.6420545578
0.634870052338		2.40863323212
0.637495040894		2.7029466629
0.640120983124		2.45937633514
0.642795085907		2.56086444855
0.645504951477		2.66235160828
0.648130893707		2.393409729
0.65075802803		2.69787216187
0.653384923935		2.47967433929
0.656007051468		2.52026939392
0.658632040024		2.68772315979
0.66125702858		2.38326072693
0.663888931274		2.68264961243
0.666509866714		2.53041744232
0.669131994247		2.48474884033
0.671757936478		2.7029466629
0.674383878708		2.38833522797
0.677010059357		2.6522026062
0.679635047913		2.58116149902
0.682267904282		2.44922733307
0.684885025024		2.70802116394
0.687510967255		2.41370677948
0.690140008926		2.61160755157
0.692857980728		2.61160755157
0.695513963699		2.42893028259
0.698137044907		2.71309566498
0.700762987137		2.43400478363
0.703389883041		2.58116149902
0.706019878387		2.64712810516
0.708638906479		2.40863323212
0.711271047592		2.70802116394
0.713896036148		2.46952533722
0.71651506424		2.5405664444
0.71914100647		2.67757511139
0.721765995026		2.38326072693
0.724390983582		2.69279766083
0.727014064789		2.51519489288
0.729640960693		2.49997138977
0.732272863388		2.69787216187
0.734891891479		2.38326072693
0.737516880035		2.66742610931
0.740144014359		2.56593894958
0.742807865143		2.46952533722
0.745518922806		2.70802116394
0.748143911362		2.393409729
0.750771045685		2.6420545578
0.753395080566		2.58623600006
0.756021976471		2.43907928467
0.758643865585		2.70802116394
0.761270999908		2.41878128052
0.763895988464		2.59638500214
0.766520023346		2.63190555573
0.769145011902		2.41370677948
0.771770954132		2.7029466629
0.774395942688		2.45430183411
0.777023077011		2.55578994751
0.779648065567		2.66742610931
0.782280921936		2.393409729
0.784898042679		2.69279766083
0.787530899048		2.49489688873
0.790148019791		2.51519489288
0.792859077454		2.69279766083
0.795526027679		2.38326072693
0.79815196991		2.68772315979
0.800776958466		2.52534389496
0.803402900696		2.4898223877
0.806026935577		2.7029466629
0.808651924133		2.38326072693
0.811276912689		2.6522026062
0.813905954361		2.57101249695
0.816544055939		2.45430183411
0.819154977798		2.70802116394
0.821776866913		2.40355873108
0.824403047562		2.61668205261
0.827030897141		2.62175655365
0.829653978348		2.42385578156
0.832287073135		2.70802116394
0.834905862808		2.43907928467
0.83752989769		2.57101249695
0.840157032013		2.66235160828
0.842819929123		2.40355873108
0.84553194046		2.7029466629
0.848155975342		2.46952533722
0.850782871246		2.54564094543
0.853409051895		2.67757511139
0.856038093567		2.38833522797
0.858658075333		2.69279766083
0.861283063889		2.51012039185
0.863914966583		2.50504589081
0.866535902023		2.69787216187
0.869163990021		2.38833522797
0.871788978577		2.66742610931
0.874410867691		2.56086444855
0.877036094666		2.46445083618
0.879659891129		2.7029466629
0.882294893265		2.393409729
0.884903907776		2.62683105469
0.887528896332		2.60145950317
0.890155076981		2.43400478363
0.89288687706		2.70802116394
0.895539999008		2.41370677948
0.898161888123		2.60653305054
0.900789022446		2.63190555573
0.90341591835		2.41370677948
0.906040906906		2.71309566498
0.908663988113		2.44922733307
0.911289930344		2.56086444855
0.913915872574		2.66742610931
0.916539907455		2.393409729
0.919163942337		2.69787216187
0.921792984009		2.49489688873
0.924416065216		2.52026939392
0.927042961121		2.69279766083
0.929666996002		2.38326072693
0.93230009079		2.68264961243
0.934918880463		2.5405664444
0.93754196167		2.47459983826
0.940170049667		2.7029466629
0.942835092545		2.38326072693
0.94554400444		2.65727710724
0.948169946671		2.57101249695
0.950800895691		2.45937633514
0.953423023224		2.70802116394
0.956045866013		2.40355873108
0.958672046661		2.62175655365
0.961296081543		2.61160755157
0.963923931122		2.42385578156
0.966546058655		2.70802116394
0.969173908234		2.43907928467
0.97179889679		2.57608699799
0.974425077438		2.6522026062
0.977048873901		2.39848423004
0.97967505455		2.7029466629
0.982306003571		2.47459983826
0.984924077988		2.53041744232
0.987550973892		2.68772315979
0.990175962448		2.38326072693
0.99289393425		2.69279766083
0.995553016663		2.49997138977
0.998177051544		2.51012039185
1.00080299377		2.69787216187
1.00342988968		2.38326072693
1.00605297089		2.67250061035
1.00867795944		2.55578994751
1.01130509377		2.46952533722
1.01393008232		2.70802116394
1.01655507088		2.39848423004
1.01917886734		2.63190555573
1.02180504799		2.60145950317
1.02443003654		2.43907928467
1.0270550251		2.70802116394
1.02967905998		2.42385578156
1.03231906891		2.59638500214
1.03493309021		2.64712810516
1.03755688667		2.40863323212
1.04018187523		2.7029466629
1.04285287857		2.45430183411
1.04555988312		2.57101249695
1.04818201065		2.66235160828
1.05080795288		2.39848423004
1.0534350872		2.7029466629
1.05605888367		2.48474884033
1.05868506432		2.52026939392
1.06131005287		2.68772315979
1.06394290924		2.38326072693
1.06656002998		2.68264961243
1.06919288635		2.53041744232
1.07181096077		2.48474884033
1.074436903		2.7029466629
1.07706189156		2.38833522797
1.07968688011		2.64712810516
1.0823199749		2.58116149902
1.08493900299		2.44415378571
1.08756399155		2.70802116394
1.09018802643		2.41878128052
1.09289908409		2.62175655365
1.09556508064		2.60653305054
1.09819197655		2.42893028259
1.10081505775		2.7029466629
1.10344195366		2.43400478363
1.10606503487		2.58116149902
1.10869193077		2.6522026062
1.11131691933		2.40355873108
1.11395096779		2.7029466629
1.11656689644		2.46952533722
1.11919307709		2.5405664444
1.12181997299		2.68264961243
1.12444496155		2.38833522797
1.12706899643		2.69279766083
1.12969398499		2.51519489288
1.13232803345		2.49489688873
1.13493800163		2.7029466629
1.13756108284		2.38326072693
1.1401860714		2.66235160828
1.14285707474		2.55578994751
1.14544487		2.45937633514
1.14807295799		2.70802116394
1.1506960392		2.40355873108
1.15332198143		2.62175655365
1.15594696999		2.61160755157
1.15857195854		2.42893028259
1.16119909286		2.70802116394
1.16382408142		2.43400478363
1.16644906998		2.57608699799
1.16907405853		2.6522026062
1.17170000076		2.40355873108
1.17432594299		2.7029466629
1.17694997787		2.47459983826
1.1795759201		2.53549194336
1.18220996857		2.68264961243
1.18482494354		2.38833522797
1.18745398521		2.68772315979
1.19007587433		2.52026939392
1.19270205498		2.49489688873
1.195333004		2.69787216187
1.19795393944		2.38326072693
1.20057702065		2.66235160828
1.20320487022		2.57101249695
1.2058300972		2.45937633514
1.20845389366		2.70802116394
1.21107888222		2.40355873108
1.21370697021		2.62175655365
1.21632909775		2.61668205261
1.21896100044		2.42893028259
1.22158098221		2.70802116394
1.22420787811		2.43907928467
1.22683095932		2.57608699799
1.22945690155		2.65727710724
1.23211693764		2.40355873108
1.23470902443		2.69787216187
1.23733186722		2.47967433929
1.23995995522		2.53549194336
1.24259209633		2.68264961243
1.24520897865		2.38833522797
1.24783301353		2.68772315979
1.25045990944		2.52534389496
1.25308704376		2.49489688873
1.25571107864		2.7029466629
1.25833487511		2.38326072693
1.26096105576		2.65727710724
1.26359391212		2.57101249695
1.26621294022		2.45430183411
1.2688369751		2.70802116394
1.27146196365		2.41370677948
1.27408909798		2.61668205261
1.27671909332		2.61160755157
1.27933907509		2.42385578156
1.28196597099		2.7029466629
1.28459000587		2.43400478363
1.28721404076		2.57608699799
1.28984093666		2.6522026062
1.29247188568		2.39848423004
1.2950899601		2.69787216187
1.29771709442		2.47967433929
1.30034089088		2.53041744232
1.30297398567		2.68772315979
1.30558991432		2.38326072693
1.30821704865		2.68772315979
1.3108420372		2.52534389496
1.31346988678		2.4898223877
1.31609296799		2.7029466629
1.31871891022		2.38833522797
1.32134389877		2.65727710724
1.32397007942		2.57608699799
1.32659387589		2.45430183411
1.32922101021		2.70802116394
1.33184504509		2.40863323212
1.33447408676		2.61668205261
1.3370950222		2.62175655365
1.33972191811		2.42385578156
1.34235286713		2.70802116394
1.34497308731		2.43907928467
1.34759497643		2.57101249695
1.35022306442		2.66235160828
1.35288500786		2.40355873108
1.35547399521		2.69787216187
1.3581058979		2.48474884033
1.36072587967		2.52534389496
1.36334991455		2.68772315979
1.36597490311		2.38833522797
1.36859989166		2.68264961243
1.37122702599		2.53041744232
1.37385296822		2.4898223877
1.37647604942		2.7029466629
1.37910199165		2.38833522797
1.38172698021		2.6522026062
1.38434791565		2.58116149902
1.38699293137		2.44922733307
1.38959693909		2.70802116394
1.39222407341		2.40863323212
1.39486002922		2.61668205261
1.39748001099		2.62683105469
1.40010690689		2.41878128052
1.40277099609		2.70802116394
1.40535593033		2.44415378571
1.40798091888		2.56593894958
1.41060495377		2.66742610931
1.41323208809		2.40355873108
1.41585898399		2.7029466629
1.4184820652		2.48474884033
1.42110705376		2.52534389496
1.42373609543		2.68772315979
1.42635703087		2.38326072693
1.42898392677		2.68264961243
1.43160796165		2.53549194336
1.43423700333		2.48474884033
1.43685793877		2.7029466629
1.43949007988		2.38833522797
1.44211506844		2.6522026062
1.44473600388		2.58116149902
1.44735789299		2.44922733307
1.44998788834		2.70802116394
1.45261693001		2.41370677948
1.45523691177		2.60653305054
1.4578640461		2.62683105469
1.46048688889		2.41370677948
1.46311807632		2.7029466629
1.46573901176		2.44922733307
1.46836209297		2.56086444855
1.47098994255		2.66235160828
1.47361588478		2.393409729
1.47623896599		2.69787216187
1.47886300087		2.4898223877
1.48148989677		2.52026939392
1.48411393166		2.68772315979
1.48674106598		2.38326072693
1.48936605453		2.68264961243
1.49199199677		2.52026939392
1.4947450161		2.49997138977
1.49736905098		2.69787216187
1.49999690056		2.38833522797
1.50262999535		2.66235160828
1.50524401665		2.56593894958
1.50786805153		2.45937633514
1.51049304008		2.70802116394
1.51311993599		2.40863323212
1.51574492455		2.62175655365
1.5183699131		2.61160755157
1.52100300789		2.42893028259
1.52362203598		2.70802116394
1.52624607086		2.43400478363
1.52887201309		2.58116149902
1.53149700165		2.6522026062
1.53412389755		2.40355873108
1.53674697876		2.69787216187
1.53937292099		2.46952533722
1.54199790955		2.5405664444
1.54462409019		2.68264961243
1.54724907875		2.38326072693
1.54987406731		2.68772315979
1.55250597		2.51519489288
1.55512595177		2.49489688873
1.557751894		2.69787216187
1.56037592888		2.38326072693
1.5630068779		2.65727710724
1.56562590599		2.57101249695
1.56825304031		2.45430183411
1.5708770752		2.70802116394
1.57350301743		2.40355873108
1.5761320591		2.62175655365
1.57875394821		2.61668205261
1.58137798309		2.42385578156
1.584004879		2.70802116394
1.58662796021		2.43400478363
1.58925390244		2.57608699799
1.59188199043		2.6420545578
1.594632864		2.40863323212
1.59725594521		2.7029466629
1.59988093376		2.45937633514
1.60251903534		2.55578994751
1.60513186455		2.67250061035
1.60775589943		2.393409729
1.61038088799		2.69279766083
1.61301493645		2.49997138977
1.61563205719		2.51012039185
1.61825799942		2.69787216187
1.62088394165		2.38326072693
1.62351107597		2.67250061035
1.62613296509		2.55071544647
1.62875795364		2.46952533722
1.63138508797		2.7029466629
1.63400888443		2.393409729
1.63662791252		2.63190555573
1.6392519474		2.60145950317
1.64187908173		2.43907928467
1.64451289177		2.70802116394
1.64713692665		2.42385578156
1.64976286888		2.5913105011
1.65239500999		2.6420545578
1.65501403809		2.40863323212
1.65763688087		2.7029466629
1.66026306152		2.46445083618
1.66290903091		2.55071544647
1.66551494598		2.67757511139
1.66814088821		2.38833522797
1.67076587677		2.69279766083
1.67339086533		2.50504589081
1.6760160923		2.50504589081
1.67864108086		2.69787216187
1.68126797676		2.38326072693
1.68389892578		2.67250061035
1.6865170002		2.55071544647
1.68914294243		2.46445083618
1.69176793098		2.70802116394
1.69439291954		2.39848423004
1.69701910019		2.63190555573
1.69964408875		2.60145950317
1.70227599144		2.43400478363
1.70489597321		2.70802116394
1.70752096176		2.42893028259
1.71014595032		2.5913105011
1.71287202835		2.63190555573
1.71552395821		2.41370677948
1.71814799309		2.70802116394
1.72077202797		2.44922733307
1.7233979702		2.56593894958
1.72602200508		2.66742610931
1.72864794731		2.393409729
1.73127293587		2.69787216187
1.7338988781		2.4898223877
1.73652386665		2.52534389496
1.73914790154		2.68772315979
1.74177289009		2.37818622589
1.74440002441		2.68264961243
1.74702596664		2.5405664444
1.74965000153		2.47967433929
1.75228190422		2.70802116394
1.75490307808		2.393409729
1.75752592087		2.64712810516
1.7601518631		2.58623600006
1.76281809807		2.45430183411
1.7654209137		2.70802116394
1.76802897453		2.41370677948
1.77065205574		2.60653305054
1.77328109741		2.62683105469
1.7759039402		2.41878128052
1.77852988243		2.7029466629
1.78115391731		2.44922733307
1.78378105164		2.56086444855
1.78640604019		2.66235160828
1.78903889656		2.393409729
1.7916560173		2.69787216187
1.79441308975		2.46952533722
1.79703187943		2.53549194336
1.79965591431		2.68264961243
1.80228304863		2.38833522797
1.80490899086		2.68772315979
1.80753087997		2.52026939392
1.81015896797		2.49489688873
1.8128259182		2.7029466629
1.81540894508		2.38833522797
1.81803488731		2.66235160828
1.82066106796		2.56593894958
1.82328391075		2.45937633514
1.82590293884		2.70802116394
1.82852697372		2.40863323212
1.83115386963		2.61668205261
1.83378887177		2.61160755157
1.83641290665		2.42893028259
1.8390378952		2.70802116394
1.84166407585		2.43400478363
1.84428906441		2.57608699799
1.84691786766		2.65727710724
1.84953904152		2.40355873108
1.85216999054		2.7029466629
1.85478901863		2.47967433929
1.85741686821		2.53041744232
1.86003899574		2.68264961243
1.86266589165		2.38326072693
1.86529302597		2.68772315979
1.86791491508		2.52026939392
1.87054204941		2.4898223877
1.87316894531		2.7029466629
1.87579107285		2.38833522797
1.87841796875		2.65727710724
1.88104295731		2.57101249695
1.88366508484		2.44922733307
1.8862850666		2.70802116394
1.88891005516		2.40863323212
1.89153504372		2.61668205261
1.89418196678		2.61160755157
1.89679598808		2.42385578156
1.89942002296		2.7029466629
1.90204596519		2.43400478363
1.90467000008		2.57608699799
1.90729689598		2.65727710724
1.90992093086		2.39848423004
1.91255402565		2.69787216187
1.91517400742		2.47967433929
1.91779708862		2.53041744232
1.92042303085		2.68772315979
1.92304897308		2.38326072693
1.92567300797		2.68264961243
1.92830491066		2.52534389496
1.93092489243		2.49489688873
1.93355107307		2.7029466629
1.93617606163		2.38833522797
1.93880295753		2.65727710724
1.94142603874		2.58116149902
1.94405603409		2.45430183411
1.94668006897		2.70802116394
1.94930291176		2.40863323212
1.95192694664		2.61668205261
1.95455408096		2.62175655365
1.95717906952		2.42385578156
1.95980286598		2.70802116394
1.96243596077		2.44415378571
1.96505403519		2.57101249695
1.96767902374		2.66235160828
1.9703040123		2.39848423004
1.97293686867		2.7029466629
1.97555589676		2.47967433929
1.97818088531		2.53041744232
1.98080587387		2.68772315979
1.98343396187		2.38326072693
1.98605895042		2.68264961243
1.98868298531		2.53041744232
1.99130702019		2.4898223877
1.99393701553		2.7029466629
1.99655795097		2.38833522797
1.9991838932		2.6522026062
2.00181007385		2.57608699799
2.00443601608		2.44922733307
2.00705909729		2.7029466629
2.00970196724		2.41370677948
2.01231694221		2.61160755157
2.01493597031		2.62683105469
2.01756000519		2.41878128052
2.02018594742		2.7029466629
2.02290201187		2.42893028259
2.02556204796		2.58623600006
2.02818703651		2.64712810516
2.03081488609		2.40355873108
2.03343892097		2.7029466629
2.03606295586		2.46952533722
2.03868794441		2.54564094543
2.04131388664		2.68264961243
2.0439388752		2.38833522797
2.04656386375		2.69279766083
2.0491900444		2.51012039185
2.05181407928		2.49997138977
2.05444192886		2.69787216187
2.05706691742		2.38326072693
2.05969190598		2.66742610931
2.06231999397		2.56086444855
2.06494188309		2.46445083618
2.06756806374		2.70802116394
2.07019209862		2.39848423004
2.07285904884		2.62683105469
2.07544398308		2.61160755157
2.07806801796		2.42893028259
2.08069300652		2.70802116394
2.08332109451		2.43400478363
2.08594489098		2.58116149902
2.08856892586		2.6522026062
2.09119987488		2.40863323212
2.09382295609		2.69787216187
2.09644603729		2.46952533722
2.09907197952		2.54564094543
2.1016960144		2.68264961243
2.10445189476		2.393409729
2.10707306862		2.69787216187
2.10969805717		2.49489688873
2.11233186722		2.51519489288
2.11494708061		2.69279766083
2.11757397652		2.38833522797
2.12020206451		2.67757511139
2.1228621006		2.5405664444
2.12544989586		2.47967433929
2.12807607651		2.70802116394
2.13070201874		2.393409729
2.13332295418		2.6420545578
2.13594508171		2.5913105011
2.13856887817		2.43907928467
2.14119195938		2.70802116394
2.14383196831		2.41878128052
2.14645290375		2.59638500214
2.1490778923		2.63698005676
2.15170288086		2.41878128052
2.15433001518		2.70802116394
2.15695595741		2.45937633514
2.15957903862		2.55578994751
2.16221094131		2.67757511139
2.16482806206		2.393409729
2.16745495796		2.69279766083
2.17008209229		2.49997138977
2.17271208763		2.51012039185
2.1753320694		2.69279766083
2.17795705795		2.38326072693
2.18058204651		2.67250061035
2.18320798874		2.54564094543
2.18583297729		2.47459983826
2.18845796585		2.7029466629
2.19108605385		2.393409729
2.19371008873		2.63698005676
2.19633603096		2.59638500214
2.19895792007		2.43907928467
2.2015850544		2.7029466629
2.20421099663		2.42385578156
2.20683503151		2.59638500214
2.20945906639		2.6420545578
2.21215796471		2.41878128052
2.2148399353		2.70802116394
2.21746301651		2.43907928467
2.22008800507		2.57101249695
2.22271203995		2.65727710724
2.22533893585		2.39848423004
2.22796201706		2.69787216187
2.23058795929		2.48474884033
2.23321604729		2.52534389496
2.23583889008		2.68772315979
2.2384660244		2.38326072693
2.24108886719		2.68264961243
2.24371695518		2.52534389496
2.24634099007		2.48474884033
2.24896788597		2.7029466629
2.25159096718		2.38833522797
2.25422596931		2.6522026062
2.25684309006		2.58116149902
2.25946688652		2.44922733307
2.26209592819		2.7029466629
2.26472187042		2.41370677948
2.26734495163		2.61160755157
2.26997089386		2.62175655365
2.27259993553		2.42385578156
2.27521896362		2.7029466629
2.27784395218		2.44415378571
2.28046989441		2.56593894958
2.28309607506		2.66235160828
2.28571987152		2.39848423004
2.28834605217		2.69787216187
2.29097104073		2.48474884033
2.29359698296		2.52534389496
2.2962269783		2.68772315979
2.29884791374		2.38326072693
2.30149197578		2.68772315979
2.30409908295		2.53041744232
2.3067240715		2.48474884033
2.30934906006		2.7029466629
2.31197690964		2.38833522797
2.3147289753		2.66742610931
2.3173520565		2.56086444855
2.31997394562		2.46445083618
2.32260799408		2.71309566498
2.3252260685		2.39848423004
2.32785201073		2.62683105469
2.33047604561		2.60653305054
2.33310389519		2.42893028259
2.33573389053		2.70802116394
2.33835291862		2.43400478363
2.34097695351		2.58623600006
2.34360599518		2.64712810516
2.34623003006		2.40355873108
2.34885406494		2.7029466629
2.35148000717		2.46952533722
2.35410904884		2.5405664444
2.35673093796		2.68264961243
2.35935497284		2.38833522797
2.36198186874		2.69279766083
2.36473202705		2.49489688873
2.36735606194		2.51012039185
2.36998391151		2.69279766083
2.37261390686		2.38326072693
2.37523388863		2.67250061035
2.37785887718		2.5405664444
2.38048601151		2.47459983826
2.38310599327		2.70802116394
2.38572692871		2.393409729
2.38835096359		2.63698005676
2.39097690582		2.59638500214
2.39362001419		2.44415378571
2.39623594284		2.7029466629
2.39886188507		2.42385578156
2.40148591995		2.59638500214
2.4041121006		2.63698005676
2.40673708916		2.40863323212
2.40936207771		2.7029466629
2.41198706627		2.44922733307
2.41461396217		2.55578994751
2.41724491119		2.67250061035
2.41986393929		2.393409729
2.42249703407		2.69279766083
2.4251139164		2.49997138977
2.42773890495		2.51519489288
2.43036389351		2.69279766083
2.4329969883		2.38326072693
2.43561387062		2.67250061035
2.43824100494		2.55071544647
2.44086909294		2.47459983826
2.4434928894		2.70802116394
2.44611907005		2.39848423004
2.44874286652		2.63698005676
2.4513669014		2.59638500214
2.4539949894		2.43907928467
2.4566180706		2.70802116394
2.45924401283		2.42385578156
2.46186900139		2.59638500214
2.46449995041		2.6420545578
2.46712088585		2.40863323212
2.4697470665		2.7029466629
2.47237992287		2.45937633514
2.47499704361		2.55071544647
2.47762203217		2.67250061035
2.48024487495		2.393409729
2.48287987709		2.69787216187
2.48549795151		2.50504589081
2.48812389374		2.51012039185
2.49074888229		2.69279766083
2.49337387085		2.38326072693
2.49599909782		2.67250061035
2.49863004684		2.54564094543
2.50125098228		2.46952533722
2.50387501717		2.7029466629
2.5065009594		2.393409729
2.50912499428		2.63190555573
2.51174998283		2.59638500214
2.51437687874		2.43907928467
2.51700091362		2.7029466629
2.51962804794		2.42385578156
2.52225708961		2.5913105011
2.52487802505		2.6420545578
2.52750205994		2.40863323212
2.53012895584		2.7029466629
2.53285002708		2.44922733307
2.53550505638		2.56593894958
2.53813004494		2.66235160828
2.54075503349		2.39848423004
2.5433819294		2.69787216187
2.54600691795		2.4898223877
2.54862904549		2.52534389496
2.55125689507		2.68772315979
2.55388188362		2.38326072693
2.55650687218		2.68264961243
2.55913090706		2.53041744232
2.56175708771		2.48474884033
2.56438398361		2.7029466629
2.56700897217		2.38833522797
2.5696349144		2.64712810516
2.57226586342		2.58116149902
2.57488298416		2.44922733307
2.57750988007		2.70802116394
2.58014202118		2.41370677948
2.58280205727		2.61668205261
2.5853869915		2.63190555573
2.58800888062		2.41878128052
2.59063601494		2.7029466629
2.59326505661		2.44415378571
2.59588599205		2.56086444855
2.59851193428		2.66742610931
2.60113692284		2.393409729
2.60376405716		2.69787216187
2.60640692711		2.4898223877
2.60901498795		2.52026939392
2.61164093018		2.69279766083
2.61426997185		2.38326072693
2.61688899994		2.67757511139
2.61951589584		2.53549194336
2.62214708328		2.47967433929
2.62476801872		2.70802116394
2.62739109993		2.393409729
2.63001799583		2.64712810516
2.63264703751		2.58623600006
2.63525986671		2.43907928467
2.6378839016		2.7029466629
2.64051103592		2.41878128052
2.64314603806		2.60145950317
2.64576792717		2.63190555573
2.64839291573		2.41878128052
2.65102005005		2.7029466629
2.65364694595		2.44922733307
2.65627002716		2.56086444855
2.65889406204		2.66742610931
2.66152691841		2.393409729
2.66415405273		2.69787216187
2.66677188873		2.4898223877
2.66939496994		2.51519489288
2.67202186584		2.69279766083
2.67464900017		2.38326072693
2.67727208138		2.67757511139
2.67989706993		2.5405664444
2.6825299263		2.47967433929
2.68514800072		2.7029466629
2.68777394295		2.393409729
2.69039988518		2.6420545578
2.69302487373		2.58623600006
2.69565105438		2.43907928467
2.69827508926		2.70802116394
2.70090007782		2.41878128052
2.7035279274		2.60145950317
2.70615196228		2.63190555573
2.70877504349		2.41370677948
2.71140098572		2.7029466629
2.71403098106		2.45430183411
2.7166519165		2.56086444855
2.71927809715		2.67250061035
2.72190308571		2.39848423004
2.72465801239		2.69787216187
2.72727894783		2.47459983826
2.72990393639		2.53549194336
2.73253798485		2.68772315979
2.73515486717		2.38326072693
2.73777890205		2.68264961243
2.74040603638		2.52026939392
2.74304008484		2.49489688873
2.74565601349		2.7029466629
2.74828195572		2.38326072693
2.75090789795		2.6522026062
2.75353503227		2.57608699799
2.75615787506		2.45430183411
2.75878286362		2.70802116394
2.76140809059		2.40863323212
2.7640349865		2.61668205261
2.76665997505		2.62175655365
2.76928400993		2.42385578156
2.77190995216		2.70802116394
2.77453494072		2.44415378571
2.77715992928		2.57608699799
2.7797870636		2.65727710724
2.78241705894		2.40355873108
2.78503608704		2.69279766083
2.78766298294		2.47967433929
2.79028701782		2.53041744232
2.79291892052		2.68264961243
2.79553794861		2.38326072693
2.79816389084		2.68264961243
2.80078887939		2.52534389496
2.80341696739		2.4898223877
2.8060400486		2.7029466629
2.80866503716		2.38833522797
2.81129002571		2.65727710724
2.81391787529		2.57101249695
2.81654191017		2.45430183411
2.81916689873		2.70802116394
2.82178997993		2.40863323212
2.82442188263		2.61160755157
2.82704305649		2.62175655365
2.82966709137		2.42385578156
2.83229994774		2.7029466629
2.83491897583		2.44415378571
2.83754396439		2.57101249695
2.84016990662		2.66235160828
2.84287786484		2.40355873108
2.84554600716		2.7029466629
2.84817004204		2.46445083618
2.85079598427		2.54564094543
2.85342097282		2.67757511139
2.85604906082		2.38833522797
2.85867094994		2.69279766083
2.86129689217		2.51012039185
2.86393094063		2.50504589081
2.86654901505		2.69787216187
2.86917304993		2.38833522797
2.87179708481		2.67250061035
2.87442302704		2.56086444855
2.87704992294		2.46445083618
2.87967395782		2.7029466629
2.88230609894		2.39848423004
2.88491892815		2.62683105469
2.88754200935		2.61160755157
2.89016890526		2.43400478363
2.89286708832		2.7029466629
2.8955540657		2.41370677948
2.89817905426		2.60145950317
2.90080094337		2.62683105469
2.9034280777		2.41370677948
2.90606093407		2.7029466629
2.90867900848		2.44922733307
2.91130208969		2.56086444855
2.9139289856		2.67250061035
2.91655302048		2.39848423004
2.91917705536		2.69279766083
2.92180490494		2.49489688873
2.92442989349		2.52026939392
2.92705488205		2.69279766083
2.92967987061		2.38326072693
2.93231391907		2.67757511139
2.93493103981		2.53549194336
2.93755698204		2.47967433929
2.94018292427		2.7029466629
2.94285702705		2.38833522797
2.94555687904		2.65727710724
2.94819808006		2.56086444855
2.95080804825		2.45430183411
2.95343494415		2.70802116394
2.95605802536		2.40863323212
2.95868492126		2.62175655365
2.96130895615		2.61668205261
2.96393704414		2.42385578156
2.96656107903		2.70802116394
2.96918797493		2.43907928467
2.97181200981		2.57608699799
2.97443795204		2.65727710724
2.97706007957		2.40355873108
2.97968697548		2.69787216187
2.9823179245		2.47967433929
2.98493909836		2.53549194336
2.98756790161		2.68264961243
2.99018907547		2.38833522797
2.99290299416		2.69279766083
2.99556493759		2.49997138977
2.99818897247		2.51012039185
3.00081706047		2.69279766083
3.00344204903		2.38326072693
3.00606608391		2.67250061035
3.00868988037		2.55071544647
3.01131701469		2.46952533722
3.01394295692		2.70802116394
3.01656699181		2.393409729
3.0191950798		2.63190555573
3.02181601524		2.60145950317
3.02444195747		2.43400478363
3.02707004547		2.70802116394
3.02969408035		2.42385578156
3.03233098984		2.5913105011
3.03494405746		2.6420545578
3.03756809235		2.40863323212
3.04019498825		2.7029466629
3.04286003113		2.45937633514
3.04544496536		2.55071544647
3.04807400703		2.67757511139
3.05069494247		2.393409729
3.05332398415		2.69279766083
3.05594801903		2.50504589081
3.05857300758		2.51012039185
3.06119704247		2.69787216187
3.06382894516		2.38326072693
3.0664498806		2.66742610931
3.06907987595		2.55071544647
3.07169890404		2.46445083618
3.07432794571		2.70802116394
3.07694888115		2.39848423004
3.07957696915		2.63190555573
3.08221006393		2.60145950317
3.08482599258		2.43400478363
3.08745193481		2.70802116394
3.09007692337		2.42893028259
3.0927028656		2.58623600006
3.09532999992		2.64712810516
3.09795188904		2.40863323212
3.10057687759		2.7029466629
3.10320591927		2.46445083618
3.10582900047		2.54564094543
3.1084549427		2.68264961243
3.11108088493		2.393409729
3.11370706558		2.68772315979
3.11633110046		2.51012039185
3.11895608902		2.50504589081
3.12158203125		2.69787216187
3.12420892715		2.37818622589
3.12683105469		2.66742610931
3.12945699692		2.55578994751
3.13211989403		2.46952533722
3.13470005989		2.70802116394
3.13732504845		2.39848423004
3.13995099068		2.62683105469
3.14258003235		2.60653305054
3.14521002769		2.43400478363
3.14783501625		2.7029466629
3.15046691895		2.42893028259
3.15308594704		2.58623600006
3.15570998192		2.6522026062
3.15833687782		2.40863323212
3.1609609127		2.69787216187
3.16358709335		2.46952533722
3.16621208191		2.5405664444
3.16883802414		2.68264961243
3.1714630127		2.38833522797
3.17408895493		2.69279766083
3.17671298981		2.51519489288
3.17933988571		2.50504589081
3.18196392059		2.69279766083
3.18458986282		2.38833522797
3.1872150898		2.66742610931
3.18983888626		2.56086444855
3.19247198105		2.45937633514
3.19509100914		2.70802116394
3.19771695137		2.39848423004
3.20034193993		2.62683105469
3.20297408104		2.60653305054
3.20559096336		2.43400478363
3.20821905136		2.70802116394
3.21084308624		2.43400478363
3.21346998215		2.58623600006
3.21609306335		2.6522026062
3.21871900558		2.40355873108
3.22134399414		2.7029466629
3.22396993637		2.46952533722
3.22659397125		2.53549194336
3.22922086716		2.68264961243
3.2318520546		2.38833522797
3.23459792137		2.69279766083
3.23722100258		2.49489688873
3.23984789848		2.51519489288
3.24247908592		2.69279766083
3.2450978756		2.38326072693
3.24772191048		2.67757511139
3.25034999847		2.5405664444
3.25298094749		2.47459983826
3.25560092926		2.70802116394
3.25822591782		2.393409729
3.2608499527		2.6420545578
3.26348090172		2.5913105011
3.26610207558		2.43907928467
3.26872491837		2.70802116394
3.27135109901		2.41878128052
3.27397894859		2.60145950317
3.27660107613		2.63190555573
3.27922701836		2.41370677948
3.28185200691		2.7029466629
3.28447890282		2.45937633514
3.28710198402		2.55578994751
3.28972792625		2.67250061035
3.29236197472		2.39848423004
3.29497790337		2.69279766083
3.29760503769		2.49997138977
3.30022907257		2.51012039185
3.30293607712		2.68772315979
3.30560493469		2.38326072693
3.30823087692		2.68264961243
3.31085586548		2.52534389496
3.31348991394		2.4898223877
3.31610608101		2.7029466629
3.31873393059		2.38833522797
3.32135796547		2.6522026062
3.32398509979		2.57608699799
3.32660698891		2.45430183411
3.32923293114		2.70802116394
3.33185887337		2.40355873108
3.33462786674		2.63698005676
3.33723402023		2.60653305054
3.33986091614		2.43400478363
3.34249305725		2.7029466629
3.34511089325		2.42893028259
3.34773492813		2.58623600006
3.35036087036		2.64712810516
3.35299301147		2.40863323212
3.35561203957		2.7029466629
3.35823607445		2.46445083618
3.360861063		2.54564094543
3.36348891258		2.68264961243
3.36611294746		2.38833522797
3.36873888969		2.69279766083
3.37136507034		2.51012039185
3.3739900589		2.50504589081
3.37661504745		2.69787216187
3.37924003601		2.38833522797
3.38186597824		2.67250061035
3.38448309898		2.56086444855
3.38710904121		2.46445083618
3.389731884		2.7029466629
3.39236187935		2.39848423004
3.39500403404		2.63190555573
3.39761805534		2.60653305054
3.40024399757		2.43400478363
3.40287709236		2.7029466629
3.40549397469		2.43400478363
3.40811896324		2.58116149902
3.41074299812		2.6522026062
3.41337203979		2.40863323212
3.41599392891		2.7029466629
3.41861987114		2.46952533722
3.42124509811		2.5405664444
3.42387294769		2.67757511139
3.4264960289		2.38833522797
3.42912101746		2.68772315979
3.43174695969		2.51012039185
3.43437409401		2.50504589081
3.43699789047		2.69787216187
3.43962287903		2.38326072693
3.44225597382		2.66235160828
3.44487500191		2.56086444855
3.44749999046		2.45937633514
3.45012497902		2.70802116394
3.45279288292		2.39848423004
3.45537495613		2.62683105469
3.45800089836		2.60653305054
3.46062588692		2.42893028259
3.46325707436		2.7029466629
3.46587705612		2.43907928467
3.468501091		2.58116149902
3.47112703323		2.6522026062
3.47375297546		2.40355873108
3.47638392448		2.69787216187
3.47900295258		2.47459983826
3.48162889481		2.5405664444
3.48425602913		2.68264961243
3.48687887192		2.38833522797
3.48950409889		2.68772315979
3.49213695526		2.51519489288
3.49475502968		2.49997138977
3.49738097191		2.7029466629
3.50001001358		2.38326072693
3.5026409626		2.66235160828
3.50525689125		2.56593894958
3.5078830719		2.45937633514
3.51050806046		2.70802116394
3.51313400269		2.40355873108
3.51575803757		2.62175655365
3.5183839798		2.61160755157
3.52100801468		2.42893028259
3.52363586426		2.70802116394
3.52625989914		2.43400478363
3.52888607979		2.58116149902
3.53150987625		2.6522026062
3.53413701057		2.40355873108
3.53676009178		2.7029466629
3.53938794136		2.47459983826
3.54201197624		2.55071544647
3.5447640419		2.67250061035
3.54738903046		2.393409729
3.55001187325		2.69279766083
3.55264306068		2.49997138977
3.55526208878		2.51519489288
3.55789494514		2.69787216187
3.56051397324		2.38326072693
3.56314086914		2.67250061035
3.56576490402		2.54564094543
3.56838989258		2.46952533722
3.57101488113		2.7029466629
3.57364106178		2.39848423004
3.57626795769		2.63698005676
3.57889199257		2.5913105011
3.58151507378		2.43907928467
3.58414292336		2.7029466629
3.58677005768		2.42385578156
3.58939194679		2.59638500214
3.59201788902		2.63190555573
3.59477210045		2.42385578156
3.59739303589		2.7029466629
3.60001802444		2.44415378571
3.60265088081		2.57101249695
3.60526990891		2.66235160828
3.60789394379		2.39848423004
3.61051988602		2.69787216187
3.61314702034		2.48474884033
3.61577105522		2.52534389496
3.61839604378		2.68772315979
3.62102293968		2.38326072693
3.62364792824		2.68264961243
3.62627387047		2.53041744232
3.62889909744		2.4898223877
3.63152289391		2.7029466629
3.63414692879		2.393409729
3.63676595688		2.6522026062
3.63939595222		2.58116149902
3.64201688766		2.45430183411
3.64465093613		2.70802116394
3.64727592468		2.41370677948
3.64990091324		2.61160755157
3.65253305435		2.63190555573
3.65514993668		2.41878128052
3.65777587891		2.7029466629
3.66040301323		2.44415378571
3.66303706169		2.57101249695
3.66565299034		2.66742610931
3.66827702522		2.393409729
3.67090201378		2.69279766083
3.67352986336		2.48474884033
3.67615389824		2.52534389496
3.6787788868		2.69279766083
3.68140506744		2.38326072693
3.68403196335		2.68264961243
3.68665504456		2.53549194336
3.68928289413		2.48474884033
3.69190502167		2.7029466629
3.69465994835		2.38833522797
3.69728088379		2.66742610931
3.69990801811		2.56086444855
3.70253992081		2.46445083618
3.70515799522		2.70802116394
3.70778203011		2.40355873108
3.71040892601		2.62175655365
3.71303486824		2.61160755157
3.71566009521		2.43400478363
3.71828508377		2.7029466629
3.72091507912		2.43400478363
3.72353601456		2.58116149902
3.72616100311		2.6522026062
3.72878503799		2.40355873108
3.73141098022		2.69787216187
3.73403692245		2.47459983826
3.73666191101		2.5405664444
3.73928809166		2.68264961243
3.74191308022		2.38326072693
3.74453806877		2.68772315979
3.74716305733		2.51519489288
3.74978590012		2.49489688873
3.75242495537		2.69787216187
3.75504088402		2.38833522797
3.7576649189		2.65727710724
3.76028895378		2.56593894958
3.76292204857		2.45937633514
3.76553988457		2.7029466629
3.76818704605		2.40355873108
3.77079296112		2.62175655365
3.77341794968		2.60653305054
3.77604389191		2.42893028259
3.77866697311		2.7029466629
3.78129196167		2.43907928467
3.78392004967		2.57608699799
3.78654289246		2.65727710724
3.78917002678		2.40355873108
3.79179406166		2.7029466629
3.79442000389		2.47459983826
3.79704499245		2.53549194336
3.799669981		2.68264961243
3.8023109436		2.38833522797
3.80492401123		2.68772315979
3.80754590034		2.52026939392
3.81017303467		2.49489688873
3.81288099289		2.69787216187
3.81555008888		2.38833522797
3.818171978		2.67250061035
3.82080006599		2.54564094543
3.82342600822		2.47459983826
3.82604789734		2.70802116394
3.82867407799		2.39848423004
3.83130002022		2.63698005676
3.83392596245		2.5913105011
3.836550951		2.43907928467
3.83917498589		2.7029466629
3.84180092812		2.42385578156
3.84442591667		2.59638500214
3.84705090523		2.6420545578
3.84967708588		2.41370677948
3.85230898857		2.7029466629
3.85492706299		2.45937633514
3.85755300522		2.55071544647
3.86017799377		2.67250061035
3.86284208298		2.393409729
3.86542987823		2.69279766083
3.86805486679		2.49997138977
3.87068104744		2.51012039185
3.873306036		2.69787216187
3.87593102455		2.38326072693
3.87855601311		2.67250061035
3.88118100166		2.55071544647
3.88381099701		2.47459983826
3.88642191887		2.70802116394
3.88904905319		2.39848423004
3.89167404175		2.63190555573
3.8943169117		2.59638500214
3.89693498611		2.43907928467
3.899559021		2.70802116394
3.90219187737		2.42385578156
3.90480899811		2.5913105011
3.90743589401		2.6420545578
3.91006088257		2.41370677948
3.91269087791		2.7029466629
3.91531205177		2.46445083618
3.91793608665		2.55071544647
3.92056107521		2.67250061035
3.92318797112		2.38833522797
3.92581105232		2.69279766083
3.92844009399		2.51012039185
3.93106198311		2.50504589081
3.93368887901		2.69787216187
3.93631386757		2.38326072693
3.93893909454		2.67250061035
3.94156503677		2.55071544647
3.94419193268		2.46952533722
3.94681501389		2.70802116394
3.94944000244		2.40355873108
3.95206594467		2.63698005676
3.95481801033		2.58116149902
3.95744204521		2.44415378571
3.96006608009		2.70802116394
3.96269893646		2.41370677948
3.96532487869		2.60653305054
3.96794199944		2.62683105469
3.97056889534		2.41878128052
3.97319507599		2.7029466629
3.97581791878		2.44922733307
3.97844409943		2.56086444855
3.98107194901		2.66742610931
3.98369598389		2.39848423004
3.98632192612		2.69787216187
3.98894500732		2.4898223877
3.99156999588		2.52026939392
3.99419903755		2.68772315979
3.99682188034		2.38326072693
3.99944496155		2.67757511139
4.00215506554		2.52026939392
4.00482606888		2.49489688873
4.00744891167		2.69787216187
4.01007199287		2.38833522797
4.01270699501		2.66235160828
4.01532292366		2.56593894958
4.01795005798		2.45430183411
4.02057504654		2.70802116394
4.0232000351		2.40355873108
4.02582287788		2.62175655365
4.02845096588		2.61160755157
4.03107595444		2.42893028259
4.03370189667		2.70802116394
4.03632593155		2.43400478363
4.03895187378		2.58116149902
4.04157686234		2.65727710724
4.04420399666		2.40355873108
4.04683494568		2.7029466629
4.0494530201		2.47459983826
4.05211400986		2.5405664444
4.05470395088		2.68264961243
4.05732893944		2.38833522797
4.05995488167		2.68772315979
4.06257987022		2.51519489288
4.06520700455		2.49489688873
4.06783103943		2.7029466629
4.07045507431		2.38326072693
4.07308292389		2.65727710724
4.07570695877		2.56593894958
4.07833099365		2.45937633514
4.08095788956		2.70802116394
4.08358287811		2.40863323212
4.08620905876		2.61668205261
4.08883190155		2.61668205261
4.09145903587		2.42893028259
4.0940849781		2.70802116394
4.09671092033		2.43907928467
4.09933304787		2.57608699799
4.10195994377		2.64712810516
4.10471200943		2.41370677948
4.10733795166		2.7029466629
4.10996007919		2.45937633514
4.11259508133		2.55071544647
4.1152100563		2.67250061035
4.11783599854		2.38833522797
4.12046504021		2.69279766083
4.12308907509		2.50504589081
4.12571287155		2.51012039185
4.12834501266		2.69787216187
4.1309659481		2.38326072693
4.13358592987		2.66742610931
4.13620901108		2.55071544647
4.13883209229		2.46952533722
4.14145493507		2.70802116394
4.14409399033		2.39848423004
4.14671492577		2.63190555573
4.14934206009		2.60145950317
4.15196704865		2.44415378571
4.15459489822		2.7029466629
4.15721487999		2.42893028259
4.15984201431		2.5913105011
4.16247487068		2.6420545578
4.1650929451		2.41370677948
4.16771697998		2.7029466629
4.17034602165		2.46445083618
4.17297506332		2.54564094543
4.17559409142		2.67757511139
4.17822003365		2.38833522797
4.18084597588		2.69279766083
4.18347287178		2.50504589081
4.18609690666		2.50504589081
4.18871998787		2.69787216187
4.19134807587		2.38326072693
4.19397306442		2.66742610931
4.19659996033		2.55578994751
4.19922208786		2.46445083618
4.20184993744		2.7029466629
4.20460104942		2.38833522797
4.20722389221		2.64712810516
4.20985507965		2.58116149902
4.21248197556		2.44922733307
4.21510004997		2.70802116394
4.21772503853		2.41370677948
4.22035002708		2.60653305054
4.22298192978		2.63190555573
4.22560191154		2.41878128052
4.22822594643		2.7029466629
4.23085188866		2.44922733307
4.23347806931		2.56593894958
4.23610091209		2.66742610931
4.23872804642		2.39848423004
4.24135398865		2.69279766083
4.2439789772		2.49489688873
4.24660396576		2.52026939392
4.24922990799		2.68772315979
4.25185489655		2.38833522797
4.25448203087		2.68264961243
4.2571079731		2.5405664444
4.25973105431		2.47967433929
4.26235699654		2.70802116394
4.26498293877		2.38833522797
4.26760792732		2.64712810516
4.2702319622		2.58623600006
4.27289795876		2.44922733307
4.27548289299		2.70802116394
4.27810788155		2.41370677948
4.28073406219		2.60145950317
4.2833609581		2.63190555573
4.28598403931		2.41878128052
4.28860998154		2.7029466629
4.29124093056		2.44922733307
4.293861866		2.55578994751
4.29648900032		2.66742610931
4.29910993576		2.393409729
4.30173707008		2.69279766083
4.30436587334		2.49489688873
4.3069870472		2.52026939392
4.30961203575		2.69279766083
4.31224608421		2.38326072693
4.31486296654		2.67757511139
4.31748795509		2.5405664444
4.32011508942		2.47967433929
4.3227789402		2.70802116394
4.32536506653		2.393409729
4.32799005508		2.6420545578
4.33061408997		2.58623600006
4.33324193954		2.43907928467
4.33586597443		2.7029466629
4.33849000931		2.41878128052
4.34111595154		2.60145950317
4.34374308586		2.63190555573
4.34636902809		2.41370677948
4.34899187088		2.70802116394
4.35161805153		2.45430183411
4.3542470932		2.55578994751
4.35686802864		2.66742610931
4.3594930172		2.393409729
4.36212801933		2.69279766083
4.36474394798		2.49997138977
4.36736989021		2.51519489288
4.36999487877		2.69279766083
4.37263393402		2.38326072693
4.37524604797		2.67757511139
4.37787103653		2.55071544647
4.38049793243		2.47967433929
4.38312101364		2.70802116394
4.38573908806		2.39848423004
4.38836503029		2.6420545578
4.39099001884		2.5913105011
4.39363288879		2.43907928467
4.39624905586		2.70802116394
4.39887499809		2.42385578156
4.40149903297		2.59638500214
4.40412688255		2.63698005676
4.40675091743		2.41370677948
4.40937709808		2.7029466629
4.41200208664		2.45430183411
4.4146270752		2.55071544647
4.41725492477		2.66742610931
4.41987895966		2.393409729
4.422508955		2.69279766083
4.42512893677		2.49997138977
4.42775297165		2.51012039185
4.43037796021		2.69787216187
4.4330098629		2.38326072693
4.43562793732		2.67757511139
4.43825387955		2.54564094543
4.44088101387		2.47459983826
4.44350600243		2.70802116394
4.44613003731		2.393409729
4.44875502586		2.63698005676
4.45138192177		2.5913105011
4.45401406288		2.43907928467
4.45663094521		2.7029466629
4.45925807953		2.42385578156
4.46188187599		2.60145950317
4.46451091766		2.63698005676
4.46713495255		2.40863323212
4.4697599411		2.7029466629
4.47239398956		2.45937633514
4.47501301765		2.55578994751
4.47763490677		2.67250061035
4.48025989532		2.393409729
4.48289203644		2.69279766083
4.4855120182		2.49997138977
4.48813509941		2.51012039185
4.49076199532		2.69279766083
4.49338793755		2.38833522797
4.4960129261		2.67250061035
4.49863791466		2.54564094543
4.50126600266		2.46952533722
4.50389003754		2.7029466629
4.50651502609		2.39848423004
4.50913691521		2.63698005676
4.5117650032		2.59638500214
4.51439094543		2.43400478363
4.51701498032		2.7029466629
4.51964092255		2.42385578156
4.52227306366		2.5913105011
4.52489089966		2.6420545578
4.52751708031		2.40863323212
4.5301399231		2.69787216187
4.53285908699		2.44922733307
4.53552508354		2.57101249695
4.53814196587		2.66235160828
4.5407679081		2.39848423004
4.54339408875		2.69787216187
4.54601788521		2.4898223877
4.54864287376		2.52534389496
4.55126786232		2.69279766083
4.55389595032		2.38326072693
4.5565199852		2.68264961243
4.55914497375		2.53549194336
4.56177186966		2.48474884033
4.56439590454		2.7029466629
4.5670208931		2.38833522797
4.56964802742		2.6522026062
4.57227802277		2.58116149902
4.57489705086		2.44415378571
4.57752299309		2.70802116394
4.58014702797		2.41878128052
4.58281588554		2.61668205261
4.58540201187		2.62683105469
4.58802509308		2.41878128052
4.59065008163		2.7029466629
4.59327697754		2.44922733307
4.59589886665		2.56086444855
4.59852409363		2.66235160828
4.60115003586		2.393409729
4.60377788544		2.69787216187
4.60640096664		2.4898223877
4.60902690887		2.52026939392
4.61165189743		2.68772315979
4.61428308487		2.38326072693
4.61690688133		2.67757511139
4.61952900887		2.53549194336
4.62215900421		2.47967433929
4.62477898598		2.7029466629
4.62740302086		2.393409729
4.63003087044		2.64712810516
4.63266301155		2.58116149902
4.63527393341		2.44415378571
4.63789796829		2.7029466629
4.64052295685		2.41878128052
4.64315795898		2.60653305054
4.64578104019		2.63190555573
4.64841008186		2.41370677948
4.65103387833		2.7029466629
4.65365791321		2.44922733307
4.65628290176		2.56086444855
4.65890693665		2.66742610931
4.66153407097		2.393409729
4.66416406631		2.69787216187
4.6667869091		2.4898223877
4.66940903664		2.52026939392
4.67203593254		2.69279766083
4.67466187477		2.38326072693
4.67728900909		2.67757511139
4.67990994453		2.54564094543
4.68254303932		2.47967433929
4.68516206741		2.7029466629
4.68778800964		2.393409729
4.6904129982		2.6420545578
4.6930398941		2.58623600006
4.69566297531		2.44415378571
4.69829487801		2.70802116394
4.70091295242		2.42385578156
4.70354104042		2.60145950317
4.70616388321		2.63190555573
4.70879006386		2.41878128052
4.71141409874		2.69787216187
4.71404409409		2.45430183411
4.71666693687		2.55578994751
4.71929192543		2.67250061035
4.72191500664		2.39848423004
4.72466993332		2.69787216187
4.72729206085		2.48474884033
4.72991800308		2.53549194336
4.73255109787		2.68772315979
4.73516893387		2.38833522797
4.7377948761		2.68772315979
4.74041795731		2.52534389496
4.7430460453		2.4898223877
4.74567008018		2.7029466629
4.74829387665		2.38833522797
4.7509200573		2.65727710724
4.75354909897		2.57101249695
4.75617098808		2.45430183411
4.75879597664		2.7029466629
4.76142406464		2.40863323212
4.76404595375		2.61668205261
4.76667404175		2.61668205261
4.76929688454		2.42385578156
4.77192187309		2.70802116394
4.77454900742		2.43907928467
4.77717399597		2.57101249695
4.77980804443		2.65727710724
4.78243088722		2.39848423004
4.78505301476		2.69787216187
4.78767609596		2.47967433929
4.79030108452		2.53041744232
4.79293203354		2.68772315979
4.79555106163		2.38833522797
4.79817795753		2.68264961243
4.80080199242		2.52534389496
4.80343008041		2.49489688873
4.80609297752		2.69787216187
4.80868196487		2.38833522797
4.81130409241		2.6522026062
4.81394386292		2.57101249695
4.81655406952		2.44922733307
4.81918096542		2.7029466629
4.82180500031		2.41370677948
4.82443404198		2.61160755157
4.82705593109		2.62175655365
4.82968091965		2.42385578156
4.8323059082		2.7029466629
4.8349339962		2.44922733307
4.83755707741		2.57101249695
4.84018206596		2.66235160828
4.84284806252		2.40355873108
4.84543299675		2.69787216187
4.84805798531		2.48474884033
4.85068392754		2.52534389496
4.85330986977		2.68772315979
4.85593509674		2.38326072693
4.8585600853		2.68264961243
4.86119198799		2.53041744232
4.8638150692		2.4898223877
4.86643886566		2.7029466629
4.86906099319		2.393409729
4.87168598175		2.64712810516
4.87431693077		2.57608699799
4.87693691254		2.45430183411
4.87956404686		2.7029466629
4.88219594955		2.40863323212
4.88480496407		2.60653305054
4.8874309063		2.62175655365
4.8900539875		2.42385578156
4.8926858902		2.7029466629
4.89531898499		2.44922733307
4.8979408741		2.57101249695
4.90056586266		2.66235160828
4.90319395065		2.39848423004
4.90581607819		2.69787216187
4.90844202042		2.48474884033
4.91106700897		2.52534389496
4.9136929512		2.69279766083
4.91631698608		2.38833522797
4.91894292831		2.68264961243
4.92156791687		2.53549194336
4.92419505119		2.48474884033
4.92681789398		2.7029466629
4.92944192886		2.38833522797
4.93206787109		2.6522026062
4.93469691277		2.58116149902
4.93731999397		2.44922733307
4.93994688988		2.7029466629
4.94258499146		2.41370677948
4.94519591331		2.60653305054
4.94782090187		2.62683105469
4.95044589043		2.42385578156
4.95307707787		2.70802116394
4.95569801331		2.45430183411
4.95832204819		2.56593894958
4.96094799042		2.66742610931
4.96357607841		2.39848423004
4.9661989212		2.69279766083
4.96882486343		2.4898223877
4.97145009041		2.52026939392
4.97407507896		2.69279766083
4.97669887543		2.38326072693
4.97932600975		2.68264961243
4.98195195198		2.53041744232
4.98458099365		2.48474884033
4.98720097542		2.7029466629
4.98982691765		2.393409729
4.99246096611		2.64712810516
4.99507808685		2.58623600006
4.99770307541		2.44415378571
