0.000121116638184		2.67757511139
0.00409603118896		2.45937633514
0.0069842338562		2.5405664444
0.00984501838684		2.67757511139
0.0127201080322		2.51012039185
0.0156011581421		2.49489688873
0.0184710025787		2.66742610931
0.0213441848755		2.56086444855
0.0242230892181		2.46445083618
0.0271060466766		2.63190555573
0.0299711227417		2.61668205261
0.0328462123871		2.44922733307
0.0357270240784		2.58623600006
0.0385990142822		2.66742610931
0.0414731502533		2.46445083618
0.0444231033325		2.5405664444
0.047226190567		2.67757511139
0.0501041412354		2.50504589081
0.0529730319977		2.49489688873
0.0558550357819		2.66742610931
0.0587551593781		2.56086444855
0.0616011619568		2.45937633514
0.064512014389		2.63190555573
0.0673520565033		2.62175655365
0.0702271461487		2.44922733307
0.0731041431427		2.58116149902
0.075982093811		2.66742610931
0.0788540840149		2.45937633514
0.0817301273346		2.53549194336
0.084625005722		2.67757511139
0.0874881744385		2.51012039185
0.0903651714325		2.49489688873
0.0932381153107		2.66742610931
0.0961170196533		2.56086444855
0.0989911556244		2.45937633514
0.101865053177		2.63190555573
0.104744195938		2.61668205261
0.107615232468		2.44922733307
0.110491037369		2.58116149902
0.113366127014		2.66742610931
0.116243124008		2.46445083618
0.119117021561		2.53549194336
0.121995210648		2.67757511139
0.1248691082		2.51012039185
0.127743005753		2.49489688873
0.130618095398		2.66742610931
0.133500099182		2.56086444855
0.136371135712		2.45937633514
0.139245033264		2.63190555573
0.14212012291		2.61668205261
0.144998073578		2.44922733307
0.147877216339		2.58116149902
0.150746107101		2.66742610931
0.153625011444		2.46445083618
0.156498193741		2.5405664444
0.159374237061		2.67757511139
0.162247180939		2.51012039185
0.165125131607		2.49489688873
0.168001174927		2.66742610931
0.170876026154		2.56086444855
0.173755168915		2.45937633514
0.176624059677		2.62683105469
0.179499149323		2.62175655365
0.182376146317		2.44415378571
0.185255050659		2.58116149902
0.188127040863		2.66742610931
0.191026210785		2.45937633514
0.193886041641		2.5405664444
0.196752071381		2.67757511139
0.1996281147		2.51012039185
0.202503204346		2.49489688873
0.20538020134		2.66235160828
0.208253145218		2.55578994751
0.211132049561		2.45937633514
0.214010000229		2.63190555573
0.216880083084		2.61668205261
0.219754219055		2.44922733307
0.222631216049		2.58116149902
0.225508213043		2.67250061035
0.228381156921		2.46445083618
0.231257200241		2.53549194336
0.2341401577		2.67757511139
0.237014055252		2.51012039185
0.239884138107		2.49489688873
0.242757081985		2.66742610931
0.245634078979		2.56086444855
0.248507022858		2.46445083618
0.251386165619		2.63190555573
0.254267215729		2.61668205261
0.257136106491		2.44922733307
0.260010004044		2.58116149902
0.262885093689		2.67250061035
0.265762090683		2.46445083618
0.268636226654		2.53549194336
0.271512031555		2.67757511139
0.274490118027		2.50504589081
0.277390003204		2.50504589081
0.280267000198		2.67250061035
0.283138036728		2.55071544647
0.286014080048		2.46952533722
0.288890123367		2.63698005676
0.291765213013		2.60653305054
0.294641017914		2.44922733307
0.297514200211		2.5913105011
0.300391197205		2.66742610931
0.303265094757		2.45430183411
0.306144237518		2.54564094543
0.309019088745		2.67757511139
0.311892032623		2.49997138977
0.31477022171		2.49997138977
0.317642211914		2.67250061035
0.320517063141		2.55071544647
0.323394060135		2.46952533722
0.32626914978		2.63698005676
0.329137086868		2.61160755157
0.332014083862		2.44922733307
0.334898233414		2.58623600006
0.337772130966		2.66235160828
0.340645074844		2.45937633514
0.343532085419		2.54564094543
0.346397161484		2.68264961243
0.349274158478		2.50504589081
0.352147102356		2.49997138977
0.35503411293		2.67250061035
0.357897043228		2.55578994751
0.360775232315		2.46952533722
0.363655090332		2.63698005676
0.366526126862		2.61160755157
0.36939907074		2.44415378571
0.372273206711		2.5913105011
0.375153064728		2.66235160828
0.378027200699		2.45937633514
0.380899190903		2.54564094543
0.383785009384		2.67757511139
0.386653184891		2.49997138977
0.389528036118		2.49997138977
0.392402172089		2.66742610931
0.395281076431		2.55578994751
0.398152112961		2.46445083618
0.401028156281		2.63698005676
0.403912067413		2.60653305054
0.406782150269		2.44922733307
0.409657001495		2.58623600006
0.412531137466		2.66742610931
0.415415048599		2.46445083618
0.418280124664		2.54564094543
0.421156167984		2.67757511139
0.424040079117		2.50504589081
0.426909208298		2.50504589081
0.429803133011		2.66742610931
0.432658195496		2.55578994751
0.43553519249		2.46445083618
0.438409090042		2.63698005676
0.441284179688		2.60653305054
0.44416809082		2.44922733307
0.447036027908		2.58623600006
0.449909210205		2.66742610931
0.452786207199		2.45937633514
0.4556620121		2.5405664444
0.45853805542		2.67757511139
0.461410999298		2.49997138977
0.464294195175		2.50504589081
0.467161178589		2.67250061035
0.470038175583		2.55578994751
0.472916126251		2.46445083618
0.475795030594		2.63698005676
0.478665113449		2.61160755157
0.481540203094		2.44922733307
0.484503030777		2.59638500214
0.487416028976		2.65727710724
0.490292072296		2.45430183411
0.493165016174		2.55071544647
0.496042013168		2.67757511139
0.498919010162		2.49489688873
0.501793146133		2.51012039185
0.504675149918		2.66742610931
0.50754404068		2.54564094543
0.510420084		2.46952533722
0.513292074203		2.64712810516
0.516170024872		2.60145950317
0.519044160843		2.44922733307
0.52191901207		2.59638500214
0.524797201157		2.65727710724
0.527670145035		2.45430183411
0.530544042587		2.55071544647
0.533421039581		2.67757511139
0.536299228668		2.49489688873
0.539172172546		2.51012039185
0.542047023773		2.67250061035
0.544923067093		2.54564094543
0.547798156738		2.46952533722
0.550674200058		2.6420545578
0.553550004959		2.59638500214
0.556425094604		2.44922733307
0.55930018425		2.5913105011
0.562178134918		2.65727710724
0.565052032471		2.45430183411
0.567925214767		2.55071544647
0.570801019669		2.68264961243
0.57368516922		2.49489688873
0.576544046402		2.50504589081
0.579419136047		2.67250061035
0.582304000854		2.54564094543
0.585187196732		2.46952533722
0.58805513382		2.64712810516
0.590930223465		2.60145950317
0.593832015991		2.45430183411
0.596680164337		2.59638500214
0.599556207657		2.66235160828
0.602431058884		2.45430183411
0.605308055878		2.54564094543
0.608180046082		2.67757511139
0.611055135727		2.49489688873
0.613938093185		2.51012039185
0.616808176041		2.67250061035
0.619682073593		2.54564094543
0.622558116913		2.46952533722
0.625434160233		2.6420545578
0.628310203552		2.59638500214
0.63118314743		2.44922733307
0.634062051773		2.59638500214
0.636936187744		2.66235160828
0.639809131622		2.45430183411
0.642685174942		2.55071544647
0.64556312561		2.67757511139
0.648437023163		2.49997138977
0.65131020546		2.50504589081
0.654194116592		2.67250061035
0.657063007355		2.54564094543
0.659938097		2.46445083618
0.662813186646		2.6420545578
0.665692090988		2.59638500214
0.668563127518		2.44922733307
0.671439170837		2.59638500214
0.674321174622		2.65727710724
0.677191019058		2.45430183411
0.680069208145		2.55071544647
0.682944059372		2.67757511139
0.685819149017		2.49489688873
0.688691139221		2.51012039185
0.691566228867		2.67250061035
0.694524049759		2.5405664444
0.697443008423		2.47459983826
0.700319051743		2.6522026062
0.703193187714		2.58623600006
0.706070184708		2.44922733307
0.708943128586		2.60145950317
0.711819171906		2.6522026062
0.7146961689		2.45430183411
0.717570066452		2.56086444855
0.720445156097		2.67250061035
0.723322153091		2.48474884033
0.726198196411		2.51519489288
0.729073047638		2.67250061035
0.731946229935		2.53549194336
0.734824180603		2.47459983826
0.737698078156		2.64712810516
0.740573167801		2.58623600006
0.743448019028		2.44922733307
0.746324062347		2.60653305054
0.749200105667		2.6522026062
0.752075195312		2.45430183411
0.754956007004		2.55578994751
0.757825136185		2.67757511139
0.76070022583		2.48474884033
0.763583183289		2.51519489288
0.766451120377		2.67250061035
0.769328117371		2.5405664444
0.772207021713		2.47459983826
0.775079011917		2.6522026062
0.777959108353		2.5913105011
0.780828237534		2.45430183411
0.783712148666		2.60653305054
0.78657913208		2.65727710724
0.7894551754		2.44922733307
0.792332172394		2.55578994751
0.795206069946		2.67757511139
0.798081159592		2.4898223877
0.800957202911		2.51012039185
0.803839206696		2.67250061035
0.806707143784		2.53549194336
0.809582233429		2.46952533722
0.812457084656		2.6522026062
0.815335035324		2.5913105011
0.818209171295		2.44922733307
0.821084022522		2.60145950317
0.823966026306		2.6522026062
0.826827049255		2.44922733307
0.829700231552		2.55578994751
0.83257818222		2.67757511139
0.835464000702		2.48474884033
0.838335037231		2.51519489288
0.841212034225		2.67250061035
0.84409403801		2.53549194336
0.846963167191		2.47459983826
0.84983921051		2.6522026062
0.852714061737		2.5913105011
0.855590105057		2.45430183411
0.858463048935		2.60145950317
0.861345052719		2.65727710724
0.86422419548		2.45430183411
0.86709022522		2.56086444855
0.869965076447		2.67757511139
0.872842073441		2.4898223877
0.87571811676		2.51519489288
0.878591060638		2.67757511139
0.881467103958		2.5405664444
0.884414196014		2.47967433929
0.887343168259		2.6522026062
0.890218019485		2.57608699799
0.893111228943		2.45430183411
0.895973205566		2.60653305054
0.898844003677		2.6420545578
0.901720046997		2.44922733307
0.904604196548		2.56593894958
0.907473087311		2.67757511139
0.910345077515		2.47967433929
0.913223028183		2.52026939392
0.916097164154		2.67757511139
0.918971061707		2.53041744232
0.921847105026		2.47967433929
0.92472410202		2.65727710724
0.92760014534		2.58116149902
0.930473089218		2.45430183411
0.933347225189		2.61160755157
0.93622803688		2.6420545578
0.939098119736		2.44922733307
0.941973209381		2.56593894958
0.944851160049		2.67757511139
0.947725057602		2.47967433929
0.95060300827		2.52026939392
0.953502178192		2.67757511139
0.956354141235		2.53041744232
0.959227085114		2.48474884033
0.962103128433		2.6522026062
0.964980125427		2.57608699799
0.967853069305		2.44922733307
0.970729112625		2.60653305054
0.973610162735		2.64712810516
0.976480007172		2.44922733307
0.979355096817		2.56593894958
0.982230186462		2.67757511139
0.985107183456		2.47967433929
0.987982034683		2.52026939392
0.990856170654		2.67250061035
0.993737220764		2.53041744232
0.996608018875		2.47967433929
0.999482154846		2.65727710724
1.00235700607		2.57608699799
1.00523519516		2.45430183411
1.00810909271		2.61160755157
1.01098322868		2.64712810516
1.01386618614		2.44922733307
1.01673412323		2.56086444855
1.01960921288		2.67757511139
1.02248716354		2.47967433929
1.02536320686		2.52026939392
1.02823519707		2.67757511139
1.03111314774		2.53041744232
1.03399419785		2.47967433929
1.03686118126		2.6522026062
1.03974413872		2.58116149902
1.04261302948		2.45430183411
1.0454890728		2.61160755157
1.04836702347		2.64712810516
1.05124020576		2.45430183411
1.05412006378		2.56593894958
1.05699014664		2.67250061035
1.05986309052		2.48474884033
1.06274008751		2.52026939392
1.06561613083		2.67757511139
1.06849002838		2.53041744232
1.07136702538		2.47459983826
1.07425308228		2.65727710724
1.07711005211		2.57608699799
1.07998514175		2.45430183411
1.08285903931		2.60653305054
1.08574819565		2.64712810516
1.08861804008		2.44415378571
1.0914940834		2.56593894958
1.0944070816		2.67757511139
1.09724521637		2.47967433929
1.10012221336		2.51519489288
1.10299611092		2.67757511139
1.10587310791		2.53041744232
1.10874700546		2.47967433929
1.11162114143		2.6522026062
1.11450505257		2.57608699799
1.11737322807		2.44922733307
1.12024903297		2.60653305054
1.12312316895		2.64712810516
1.12599802017		2.44922733307
1.12887907028		2.56086444855
1.13175010681		2.67757511139
1.13463306427		2.48474884033
1.13749909401		2.52026939392
1.14037418365		2.67250061035
1.14325118065		2.52534389496
1.14612913132		2.47967433929
1.14900112152		2.6522026062
1.15187716484		2.58116149902
1.15476322174		2.45430183411
1.15762710571		2.60653305054
1.16050601006		2.64712810516
1.16337919235		2.44922733307
1.16625523567		2.56086444855
1.16913509369		2.67757511139
1.17200422287		2.48474884033
1.17488312721		2.52026939392
1.17775511742		2.67757511139
1.18063020706		2.53041744232
1.18351221085		2.47459983826
1.18638205528		2.6522026062
1.18925714493		2.58116149902
1.19214010239		2.44922733307
1.19501209259		2.61160755157
1.19788217545		2.6522026062
1.20076012611		2.44922733307
1.20364117622		2.56086444855
1.20650911331		2.67757511139
1.20938420296		2.47967433929
1.21225905418		2.52026939392
1.21513819695		2.67757511139
1.21801710129		2.53041744232
1.22088503838		2.47967433929
1.2237701416		2.6522026062
1.22663712502		2.58116149902
1.22951221466		2.45430183411
1.23238921165		2.60653305054
1.23526501656		2.64712810516
1.23813915253		2.44922733307
1.24101400375		2.56086444855
1.24389600754		2.67757511139
1.24676513672		2.47967433929
1.24964118004		2.51519489288
1.25251507759		2.67250061035
1.25539207458		2.53041744232
1.25827002525		2.47967433929
1.26114416122		2.6522026062
1.26402401924		2.58116149902
1.2668941021		2.45430183411
1.26976799965		2.61160755157
1.27264308929		2.64712810516
1.27552008629		2.45430183411
1.27839612961		2.56086444855
1.28126907349		2.67757511139
1.28415107727		2.47967433929
1.2870221138		2.51519489288
1.28989601135		2.67250061035
1.29277205467		2.53041744232
1.29564619064		2.47967433929
1.29852223396		2.6522026062
1.30139803886		2.58116149902
1.30428123474		2.44922733307
1.30715322495		2.60653305054
1.31002402306		2.64712810516
1.31289815903		2.44922733307
1.31577515602		2.56086444855
1.31864905357		2.67757511139
1.32152414322		2.47967433929
1.32449102402		2.52534389496
1.32739305496		2.67757511139
1.33027100563		2.52534389496
1.33314800262		2.48474884033
1.33602905273		2.65727710724
1.33890223503		2.57608699799
1.34177803993		2.45430183411
1.34465622902		2.61668205261
1.34752821922		2.63698005676
1.35040402412		2.44922733307
1.35328006744		2.57101249695
1.35615611076		2.67250061035
1.35903000832		2.47459983826
1.36190509796		2.52026939392
1.36478114128		2.67757511139
1.36765623093		2.52534389496
1.37053108215		2.47967433929
1.3734061718		2.66235160828
1.37628316879		2.57101249695
1.37915802002		2.45430183411
1.38203310966		2.61668205261
1.38491010666		2.63698005676
1.38778305054		2.44922733307
1.39066100121		2.56593894958
1.39354300499		2.67757511139
1.39641404152		2.47459983826
1.39928412437		2.52534389496
1.40216302872		2.67250061035
1.40503716469		2.52534389496
1.40791010857		2.47967433929
1.41078710556		2.66235160828
1.41367006302		2.57101249695
1.41653800011		2.45430183411
1.41941213608		2.61160755157
1.42228913307		2.63698005676
1.42516517639		2.44415378571
1.42803812027		2.56593894958
1.43091320992		2.67250061035
1.43379712105		2.47459983826
1.43666410446		2.52026939392
1.43954014778		2.67757511139
1.44241404533		2.52534389496
1.44529223442		2.48474884033
1.44816803932		2.66235160828
1.45104217529		2.57101249695
1.45392417908		2.45430183411
1.45679402351		2.61668205261
1.45966911316		2.63698005676
1.46254515648		2.44922733307
1.46542215347		2.56593894958
1.46829319		2.67250061035
1.471170187		2.47459983826
1.47405219078		2.52026939392
1.47692012787		2.67757511139
1.47979521751		2.52026939392
1.48267006874		2.48474884033
1.48555421829		2.66235160828
1.48842215538		2.57101249695
1.49129915237		2.45430183411
1.4941740036		2.61668205261
1.49704909325		2.63190555573
1.49992418289		2.44922733307
1.50279808044		2.56593894958
1.50567603111		2.67250061035
1.50854802132		2.47967433929
1.51142406464		2.52534389496
1.51430821419		2.67757511139
1.51719021797		2.52534389496
1.52004313469		2.48474884033
1.52291822433		2.66235160828
1.52580523491		2.57101249695
1.52867817879		2.45430183411
1.53155207634		2.61668205261
1.53446316719		2.63698005676
1.53730416298		2.45430183411
1.54017710686		2.56593894958
1.54305505753		2.67250061035
1.54593014717		2.47459983826
1.54880523682		2.52534389496
1.55168008804		2.67757511139
1.55457520485		2.52534389496
1.55743217468		2.48474884033
1.560308218		2.65727710724
1.56318211555		2.57608699799
1.56605815887		2.45430183411
1.56893205643		2.61668205261
1.5718061924		2.63698005676
1.57468605042		2.44415378571
1.57755112648		2.57101249695
1.58042621613		2.67250061035
1.58330011368		2.46952533722
1.58619117737		2.52534389496
1.58906006813		2.67757511139
1.59193515778		2.52534389496
1.59481215477		2.48474884033
1.597687006		2.66235160828
1.60056209564		2.57608699799
1.60343813896		2.45937633514
1.60631108284		2.61160755157
1.60918903351		2.6420545578
1.61206316948		2.44922733307
1.6149392128		2.56593894958
1.61781620979		2.67757511139
1.62069106102		2.47967433929
1.62357211113		2.52534389496
1.62644100189		2.67757511139
1.62931418419		2.52534389496
1.63219022751		2.48474884033
1.63507008553		2.65727710724
1.6379442215		2.57101249695
1.64081716537		2.45430183411
1.64369916916		2.61160755157
1.64656710625		2.6420545578
1.64944601059		2.44922733307
1.65231800079		2.56593894958
1.65519523621		2.67250061035
1.65806818008		2.47459983826
1.66094613075		2.52534389496
1.663834095		2.67757511139
1.66669511795		2.53041744232
1.6695702076		2.48474884033
1.67244815826		2.65727710724
1.67532205582		2.57608699799
1.67819714546		2.45430183411
1.68107223511		2.61160755157
1.68395709991		2.63698005676
1.68682312965		2.45430183411
1.68969917297		2.57101249695
1.6925740242		2.67250061035
1.69545221329		2.46952533722
1.69832801819		2.52026939392
1.70119905472		2.67757511139
1.70408201218		2.52534389496
1.70695018768		2.48474884033
1.70982503891		2.65727710724
1.7127020359		2.57608699799
1.71557807922		2.45430183411
1.71845221519		2.61668205261
1.72132611275		2.6420545578
1.724214077		2.44922733307
1.72707819939		2.56593894958
1.72995305061		2.67757511139
1.73282814026		2.47967433929
1.73570609093		2.52026939392
1.73857808113		2.67757511139
1.7414560318		2.52534389496
1.74441814423		2.48474884033
1.74733114243		2.66235160828
1.75020813942		2.56593894958
1.75308704376		2.46445083618
1.75596213341		2.62175655365
1.75883221626		2.62683105469
1.76170706749		2.44922733307
1.76459217072		2.57608699799
1.76745700836		2.66742610931
1.77033400536		2.46952533722
1.773209095		2.52534389496
1.77608513832		2.67757511139
1.77896118164		2.52026939392
1.78183317184		2.49489688873
1.78471207619		2.66235160828
1.78758811951		2.56593894958
1.79046106339		2.45430183411
1.79333615303		2.62683105469
1.79621505737		2.63190555573
1.79908704758		2.44922733307
1.80196118355		2.57101249695
1.80484008789		2.67250061035
1.80771422386		2.46952533722
1.81058907509		2.53041744232
1.81349611282		2.67757511139
1.8163421154		2.51519489288
1.81921410561		2.4898223877
1.8220911026		2.66235160828
1.8249630928		2.56593894958
1.82783317566		2.45937633514
1.83070921898		2.61668205261
1.83358812332		2.62683105469
1.83646821976		2.44922733307
1.83934307098		2.57608699799
1.84222412109		2.67250061035
1.84509515762		2.46952533722
1.84797120094		2.53041744232
1.85084319115		2.67757511139
1.85372710228		2.51519489288
1.85659503937		2.4898223877
1.85947108269		2.66235160828
1.86234521866		2.56593894958
1.86522316933		2.45937633514
1.86809706688		2.62175655365
1.87097215652		2.63190555573
1.87385416031		2.44922733307
1.87672305107		2.57608699799
1.87959814072		2.67757511139
1.88247513771		2.46952533722
1.88534903526		2.53041744232
1.88822412491		2.67757511139
1.89109921455		2.51519489288
1.89398121834		2.4898223877
1.89684915543		2.66235160828
1.89972400665		2.57101249695
1.90260004997		2.45430183411
1.90547800064		2.62175655365
1.90835213661		2.63190555573
1.91122913361		2.44922733307
1.91411018372		2.57101249695
1.9169781208		2.67250061035
1.91985416412		2.46952533722
1.92272901535		2.53041744232
1.92560601234		2.67250061035
1.92848205566		2.51519489288
1.93137407303		2.4898223877
1.93423700333		2.66235160828
1.93710517883		2.57101249695
1.93998003006		2.45430183411
1.94285607338		2.62175655365
1.94573307037		2.63190555573
1.94860720634		2.44922733307
1.95148205757		2.57101249695
1.95444202423		2.67250061035
1.95736813545		2.46445083618
1.96023821831		2.53549194336
1.96311116219		2.67757511139
1.96598505974		2.51012039185
1.96885919571		2.49489688873
1.9717361927		2.66235160828
1.97461915016		2.56086444855
1.97748804092		2.45937633514
1.9803621769		2.62683105469
1.98323702812		2.62175655365
1.98611521721		2.44922733307
1.98898720741		2.58116149902
1.99186205864		2.66742610931
1.99474215508		2.46445083618
1.99761414528		2.53549194336
2.00048923492		2.67757511139
2.00336503983		2.51012039185
2.00624108315		2.49489688873
2.00911521912		2.66742610931
2.01199102402		2.56086444855
2.01486802101		2.46445083618
2.01774215698		2.62683105469
2.02062106133		2.61668205261
2.02350020409		2.44922733307
2.02637004852		2.58116149902
2.02924203873		2.66742610931
2.03212022781		2.46445083618
2.03499507904		2.53549194336
2.03787016869		2.68264961243
2.04074406624		2.51012039185
2.04362821579		2.49489688873
2.04649615288		2.66742610931
2.0493710041		2.56086444855
2.05224514008		2.46445083618
2.05512309074		2.62683105469
2.05799913406		2.61668205261
2.06087207794		2.44922733307
2.06375312805		2.58116149902
2.06662321091		2.66742610931
2.0695002079		2.46445083618
2.0723760128		2.53549194336
2.07524609566		2.67757511139
2.07811522484		2.51012039185
2.08099007607		2.49489688873
2.0838701725		2.66742610931
2.08675217628		2.56086444855
2.0896282196		2.45937633514
2.09250116348		2.62683105469
2.0953772068		2.62175655365
2.0982542038		2.44922733307
2.101126194		2.58116149902
2.10401010513		2.67250061035
2.10687804222		2.46445083618
2.10976004601		2.53549194336
2.11262822151		2.67757511139
2.11550712585		2.51012039185
2.11837911606		2.4898223877
2.12125515938		2.66742610931
2.12413620949		2.56086444855
2.1270070076		2.45937633514
2.12988209724		2.62683105469
2.13275814056		2.62175655365
2.13563203812		2.44415378571
2.13850903511		2.58116149902
2.14138317108		2.66742610931
2.14426517487		2.45937633514
2.14713311195		2.53549194336
2.15000915527		2.67757511139
2.1528840065		2.51012039185
2.15576505661		2.49489688873
2.15863704681		2.66742610931
2.16151118279		2.56593894958
2.16442608833		2.46445083618
2.16726207733		2.63190555573
2.17013716698		2.62175655365
2.1730120182		2.44922733307
2.1758890152		2.58116149902
2.17876315117		2.67250061035
2.1816380024		2.46445083618
2.18453216553		2.5405664444
2.18754220009		2.67757511139
2.19039011002		2.49997138977
2.19326400757		2.51012039185
2.19627022743		2.67250061035
2.19916200638		2.5405664444
2.20201611519		2.46952533722
2.20489621162		2.6420545578
2.20776820183		2.59638500214
2.21064400673		2.44922733307
2.21351909637		2.5913105011
2.21639704704		2.65727710724
2.21926808357		2.45430183411
2.22214603424		2.55071544647
2.22502207756		2.67757511139
2.22789502144		2.49489688873
2.23077106476		2.50504589081
2.23365402222		2.67250061035
2.23652005196		2.54564094543
2.2393951416		2.46952533722
2.2422721386		2.64712810516
2.24514913559		2.60145950317
2.24802207947		2.44922733307
2.25089716911		2.59638500214
2.25378012657		2.65727710724
2.25664806366		2.45937633514
2.25952410698		2.55071544647
2.26239800453		2.67757511139
2.26527500153		2.49489688873
2.26815009117		2.50504589081
2.27102422714		2.67250061035
2.27390623093		2.5405664444
2.27677702904		2.46952533722
2.27965211868		2.64712810516
2.28252601624		2.59638500214
2.28540420532		2.45430183411
2.28828406334		2.59638500214
2.29115319252		2.66235160828
2.29403710365		2.45430183411
2.29690217972		2.55071544647
2.29977822304		2.67757511139
2.30265307426		2.49489688873
2.30553102493		2.50504589081
2.30840420723		2.67250061035
2.31128001213		2.54564094543
2.31416106224		2.46952533722
2.3170311451		2.63698005676
2.31990623474		2.59638500214
2.32278108597		2.44922733307
2.32565522194		2.5913105011
2.32852911949		2.66742610931
2.33140015602		2.45430183411
2.33427906036		2.54564094543
2.33716011047		2.67757511139
2.34003520012		2.49489688873
2.34290909767		2.50504589081
2.34578704834		2.67250061035
2.34865903854		2.54564094543
2.35153508186		2.46952533722
2.35444903374		2.64712810516
2.3572871685		2.59638500214
2.36016106606		2.44922733307
2.36303520203		2.59638500214
2.36591315269		2.65727710724
2.36878705025		2.45937633514
2.37166309357		2.55071544647
2.37454605103		2.67757511139
2.377420187		2.49489688873
2.38028907776		2.51012039185
2.38316512108		2.67250061035
2.38604021072		2.54564094543
2.38891601562		2.46952533722
2.3917901516		2.6420545578
2.39466810226		2.59638500214
2.39754104614		2.44922733307
2.40041613579		2.59638500214
2.40329408646		2.65727710724
2.40629506111		2.45430183411
2.40917015076		2.55578994751
2.41204309464		2.67757511139
2.4149210453		2.4898223877
2.41779518127		2.51519489288
2.42066907883		2.67250061035
2.42354512215		2.53549194336
2.42642116547		2.47967433929
2.42929601669		2.6522026062
2.43217206001		2.58623600006
2.43504810333		2.44922733307
2.43792104721		2.60145950317
2.44079709053		2.6522026062
2.44368100166		2.45430183411
2.4465470314		2.56086444855
2.44942307472		2.67757511139
2.45229721069		2.48474884033
2.45517516136		2.51519489288
2.45804905891		2.67250061035
2.46092510223		2.5405664444
2.46380710602		2.47459983826
2.46668219566		2.6522026062
2.46954917908		2.58623600006
2.47242712975		2.44922733307
2.47530412674		2.60145950317
2.47817707062		2.65727710724
2.48105311394		2.45430183411
2.48393511772		2.56086444855
2.48680210114		2.67757511139
2.48967814445		2.48474884033
2.49255418777		2.51012039185
2.49543118477		2.67250061035
2.498306036		2.53549194336
2.50118017197		2.47459983826
2.50405406952		2.6522026062
2.50693011284		2.5913105011
2.50980615616		2.44922733307
2.51268100739		2.60145950317
2.5155570507		2.6522026062
2.51845121384		2.45430183411
2.52130818367		2.55578994751
2.52419018745		2.68264961243
2.52705812454		2.4898223877
2.52993416786		2.51012039185
2.53281021118		2.67250061035
2.53568720818		2.5405664444
2.53856015205		2.47459983826
2.54143619537		2.64712810516
2.54431605339		2.5913105011
2.54718613625		2.45430183411
2.55006217957		2.60145950317
2.55293607712		2.65727710724
2.55582308769		2.45430183411
2.55868721008		2.55578994751
2.56156301498		2.68264961243
2.56447911263		2.48474884033
2.56731414795		2.51012039185
2.57018709183		2.67250061035
2.57306313515		2.53549194336
2.57593417168		2.47459983826
2.57880711555		2.6522026062
2.58168315887		2.5913105011
2.58457922935		2.45430183411
2.58744311333		2.60653305054
2.59031701088		2.6522026062
2.5931930542		2.44922733307
2.59606814384		2.55578994751
2.59894323349		2.67757511139
2.60181808472		2.4898223877
2.60469603539		2.51519489288
2.60756921768		2.67250061035
2.61044621468		2.53549194336
2.61331820488		2.47459983826
2.61619520187		2.64712810516
2.6190700531		2.58623600006
2.62194609642		2.44922733307
2.62482213974		2.60145950317
2.62769603729		2.6522026062
2.63057303429		2.45430183411
2.63344717026		2.56086444855
2.63632822037		2.67757511139
2.63919901848		2.48474884033
2.64207220078		2.51519489288
2.64495611191		2.67250061035
2.647824049		2.5405664444
2.65070009232		2.47459983826
2.65358114243		2.64712810516
2.65645003319		2.5913105011
2.65932512283		2.44922733307
2.66220116615		2.60145950317
2.66507720947		2.65727710724
2.6679520607		2.45430183411
2.67082619667		2.55578994751
2.6737101078		2.67757511139
2.67657804489		2.48474884033
2.67945408821		2.51519489288
2.68233013153		2.67250061035
2.68520617485		2.53549194336
2.68807721138		2.47459983826
2.69095516205		2.64712810516
2.69383621216		2.5913105011
2.69670605659		2.44922733307
2.69958114624		2.60145950317
2.70245623589		2.65727710724
2.70533323288		2.45430183411
2.70820713043		2.55578994751
2.71108317375		2.67757511139
2.71396517754		2.4898223877
2.71683621407		2.51519489288
2.71971106529		2.67757511139
2.72258615494		2.5405664444
2.72546100616		2.47459983826
2.72833704948		2.64712810516
2.73121118546		2.5913105011
2.73409700394		2.44922733307
2.73696208		2.60145950317
2.73983502388		2.65727710724
2.74271011353		2.45430183411
2.74558711052		2.55578994751
2.74846410751		2.67757511139
2.75133705139		2.4898223877
2.75421404839		2.51519489288
2.75709319115		2.67250061035
2.75996422768		2.5405664444
2.76284003258		2.47459983826
2.7657160759		2.64712810516
2.76859021187		2.58623600006
2.7714650631		2.45430183411
2.77437901497		2.60653305054
2.77721619606		2.65727710724
2.78009009361		2.45430183411
2.78296613693		2.55578994751
2.7858440876		2.67757511139
2.78871822357		2.48474884033
2.79159402847		2.51519489288
2.79453706741		2.67757511139
2.79734516144		2.5405664444
2.80022001266		2.47459983826
2.80309510231		2.64712810516
2.80597114563		2.5913105011
2.80884504318		2.44922733307
2.8117210865		2.60145950317
2.81460404396		2.65727710724
2.8174700737		2.44922733307
2.82034611702		2.55578994751
2.82322907448		2.67757511139
2.82609009743		2.4898223877
2.82896518707		2.51012039185
2.8318400383		2.67250061035
2.8347260952		2.5405664444
2.83760023117		2.47459983826
2.84047722816		2.64712810516
2.84335017204		2.58623600006
2.8462240696		2.44922733307
2.84910011292		2.60145950317
2.8519961834		2.6522026062
2.85485506058		2.45430183411
2.85772800446		2.55578994751
2.86060214043		2.67757511139
2.86351108551		2.4898223877
2.86635422707		2.51519489288
2.86922812462		2.67250061035
2.87210416794		2.5405664444
2.87498211861		2.47459983826
2.87785315514		2.64712810516
2.88072919846		2.5913105011
2.88361215591		2.44922733307
2.886480093		2.59638500214
2.88935518265		2.6522026062
2.89223122597		2.44922733307
2.89511013031		2.55578994751
2.89798212051		2.67757511139
2.90085816383		2.48474884033
2.90373301506		2.51012039185
2.90660905838		2.67250061035
2.90948200226		2.54564094543
2.91236519814		2.47459983826
2.91523814201		2.6522026062
2.91811108589		2.5913105011
2.92098617554		2.44922733307
2.92386817932		2.60145950317
2.92673707008		2.65727710724
2.92961120605		2.45430183411
2.93248605728		2.55578994751
2.93536400795		2.68264961243
2.93823719025		2.4898223877
2.94111323357		2.51519489288
2.94399404526		2.67250061035
2.94686317444		2.54564094543
2.94973921776		2.47459983826
2.95261716843		2.64712810516
2.95549821854		2.5913105011
2.95836615562		2.44922733307
2.96124005318		2.60145950317
2.9641251564		2.65727710724
2.96699118614		2.44922733307
2.96986722946		2.55578994751
2.97274303436		2.67757511139
2.97562003136		2.4898223877
2.97849416733		2.51012039185
2.98136806488		2.67250061035
2.98424315453		2.5405664444
2.98711919785		2.47459983826
2.98999500275		2.64712810516
2.99287104607		2.5913105011
2.99574804306		2.44922733307
2.99862003326		2.60145950317
3.00150322914		2.65727710724
3.0044491291		2.44922733307
3.00737404823		2.56086444855
3.01024913788		2.67757511139
3.01312422752		2.47967433929
3.01599812508		2.52026939392
3.0188741684		2.67250061035
3.02174901962		2.53549194336
3.02463006973		2.47967433929
3.02750015259		2.6522026062
3.03037500381		2.58116149902
3.03325009346		2.45430183411
3.03612613678		2.60653305054
3.03900122643		2.6522026062
3.04187703133		2.44922733307
3.04475402832		2.56086444855
3.04762721062		2.67757511139
3.05050420761		2.47967433929
3.05337905884		2.52026939392
3.05625414848		2.67250061035
3.05912804604		2.53041744232
3.06200814247		2.47967433929
3.06488108635		2.65727710724
3.06775522232		2.58116149902
3.07063007355		2.44922733307
3.07350707054		2.60653305054
3.07637310028		2.64712810516
3.0792491436		2.45430183411
3.08212304115		2.56086444855
3.08501005173		2.67757511139
3.08788204193		2.48474884033
3.09076404572		2.52026939392
3.09364104271		2.67250061035
3.09650921822		2.53549194336
3.09938406944		2.47967433929
3.10225915909		2.6522026062
3.10513710976		2.58116149902
3.10801100731		2.44922733307
3.11088514328		2.60145950317
3.11376214027		2.64712810516
3.11663413048		2.44922733307
3.11951208115		2.56086444855
3.12238717079		2.67757511139
3.12526321411		2.47967433929
3.12813806534		2.51519489288
3.13101410866		2.67250061035
3.13389611244		2.53549194336
3.13676404953		2.47967433929
3.13963913918		2.6522026062
3.1425151825		2.58116149902
3.14539313316		2.44922733307
3.14826512337		2.60653305054
3.15114116669		2.64712810516
3.15401816368		2.44922733307
3.156894207		2.56086444855
3.15976715088		2.67757511139
3.1626431942		2.48474884033
3.16552114487		2.52026939392
3.1683921814		2.67757511139
3.17126917839		2.53549194336
3.17415118217		2.47459983826
3.17702007294		2.6522026062
3.17990207672		2.58116149902
3.18277001381		2.45430183411
3.18564605713		2.60653305054
3.18852114677		2.64712810516
3.19140100479		2.44922733307
3.19427418709		2.56086444855
3.19714713097		2.67757511139
3.20002317429		2.47967433929
3.20289611816		2.51519489288
3.2057762146		2.67250061035
3.2086520195		2.53549194336
3.2115252018		2.47967433929
3.2144920826		2.65727710724
3.21740007401		2.57608699799
3.22027516365		2.45430183411
3.22315001488		2.61668205261
3.22604012489		2.63698005676
3.22890305519		2.44922733307
3.23177719116		2.56593894958
3.23465323448		2.67757511139
3.23752617836		2.46952533722
3.24040722847		2.52534389496
3.24327611923		2.67757511139
3.2461540699		2.52534389496
3.24902820587		2.48474884033
3.25190520287		2.66235160828
3.25478219986		2.57608699799
3.25765705109		2.45430183411
3.26053023338		2.61668205261
3.26340508461		2.63698005676
3.26628303528		2.45430183411
3.26916003227		2.57101249695
3.27203202248		2.67250061035
3.2749080658		2.47459983826
3.27778220177		2.52534389496
3.28065800667		2.67757511139
3.28353905678		2.52534389496
3.28640818596		2.48474884033
3.28928422928		2.66235160828
3.29215908051		2.57608699799
3.2950360775		2.45430183411
3.29790902138		2.61160755157
3.30078721046		2.63698005676
3.30366015434		2.44415378571
3.30654001236		2.57101249695
3.30941009521		2.67757511139
3.31228613853		2.47459983826
3.31516313553		2.52534389496
3.31803822517		2.67757511139
3.3209130764		2.52534389496
3.32379412651		2.48474884033
3.32665610313		2.66235160828
3.32953119278		2.57608699799
3.3324072361		2.45430183411
3.33529520035		2.61160755157
3.33816623688		2.6420545578
3.34104013443		2.44922733307
3.34392404556		2.56593894958
3.34679222107		2.67757511139
3.34966802597		2.47459983826
3.35254502296		2.52534389496
3.35542416573		2.67757511139
3.35829806328		2.52534389496
3.36116814613		2.48474884033
3.36405110359		2.65727710724
3.36691904068		2.57608699799
3.36979222298		2.45430183411
3.37266921997		2.61668205261
3.37554717064		2.6420545578
3.37842106819		2.44922733307
3.38129615784		2.56593894958
3.38417220116		2.67250061035
3.38704609871		2.47967433929
3.3899230957		2.52026939392
3.39279818535		2.67757511139
3.39567422867		2.52534389496
3.3985490799		2.47967433929
3.40142321587		2.65727710724
3.404307127		2.57101249695
3.40717720985		2.45430183411
3.41004920006		2.61668205261
3.41292405128		2.6420545578
3.41580104828		2.44922733307
3.41867613792		2.56593894958
3.42155218124		2.67250061035
3.42451500893		2.46952533722
3.42742705345		2.53041744232
3.43030309677		2.67757511139
3.43317818642		2.51519489288
3.43605303764		2.49489688873
3.43893122673		2.66742610931
3.44180321693		2.56593894958
3.4446811676		2.45937633514
3.44756007195		2.62175655365
3.45043110847		2.62683105469
3.45330500603		2.44922733307
3.45618319511		2.57608699799
3.45905423164		2.67250061035
3.46193218231		2.46952533722
3.46480917931		2.53041744232
3.46768212318		2.67757511139
3.47055912018		2.51519489288
3.47343420982		2.4898223877
3.47630810738		2.66235160828
3.4791841507		2.56593894958
3.48205804825		2.45937633514
3.48493719101		2.62683105469
3.48781013489		2.63190555573
3.49068522453		2.44415378571
3.49356102943		2.57608699799
3.49644303322		2.67250061035
3.4993121624		2.46952533722
3.50218701363		2.53041744232
3.50506711006		2.67757511139
3.50793719292		2.52026939392
3.51081323624		2.49489688873
3.51368904114		2.66742610931
3.51656413078		2.57101249695
3.5194401741		2.45430183411
3.52231621742		2.62175655365
3.52519416809		2.62683105469
3.52806520462		2.44922733307
3.53094220161		2.57101249695
3.53381514549		2.67250061035
3.53669905663		2.46952533722
3.53956818581		2.53041744232
3.54244208336		2.67757511139
3.54531908035		2.52026939392
3.54819321632		2.4898223877
3.55106902122		2.66742610931
3.55394506454		2.56593894958
3.55682516098		2.45430183411
3.55969500542		2.61668205261
3.56257009506		2.63190555573
3.56544804573		2.44922733307
3.56832003593		2.57101249695
3.57119703293		2.67250061035
3.57407212257		2.46445083618
3.57694101334		2.53041744232
3.57981419563		2.67757511139
3.58269000053		2.52026939392
3.58558320999		2.49489688873
3.58845019341		2.66235160828
3.59132504463		2.56593894958
3.5941991806		2.45937633514
3.59707522392		2.61668205261
3.59995007515		2.62683105469
3.60282516479		2.44922733307
3.6057062149		2.57101249695
3.60857820511		2.67250061035
3.61145114899		2.46952533722
3.61436009407		2.53041744232
3.61720204353		2.67757511139
3.62007522583		2.51519489288
3.62295413017		2.48474884033
3.62583804131		2.66235160828
3.62870407104		2.56593894958
3.63157820702		2.45937633514
3.63448810577		2.62175655365
3.637332201		2.63190555573
3.64020514488		2.44922733307
3.6430811882		2.57101249695
3.64596009254		2.67250061035
3.64884710312		2.46952533722
3.65170812607		2.53041744232
3.6545920372		2.67757511139
3.65745806694		2.52026939392
3.66033315659		2.4898223877
3.66320800781		2.66235160828
3.66608500481		2.56593894958
3.6689581871		2.45430183411
3.67183423042		2.61668205261
3.67471218109		2.63190555573
3.6775841713		2.44415378571
3.68046021461		2.57101249695
3.68333506584		2.67250061035
3.68634009361		2.46445083618
3.68921113014		2.53549194336
3.69208621979		2.67757511139
3.69496417046		2.51012039185
3.69783806801		2.49489688873
3.70071220398		2.66742610931
3.70359516144		2.56086444855
3.70646619797		2.45937633514
3.70933818817		2.62683105469
3.71221423149		2.62175655365
3.71509718895		2.44922733307
3.71796512604		2.57608699799
3.72084021568		2.67250061035
3.72372412682		2.45937633514
3.7265920639		2.53549194336
3.72946715355		2.67757511139
3.7323410511		2.51012039185
3.7352180481		2.49489688873
3.73809409142		2.66742610931
3.74096822739		2.56086444855
3.74385118484		2.45937633514
3.74671912193		2.62683105469
3.74959421158		2.62175655365
3.75247216225		2.44415378571
3.75535011292		2.57608699799
3.75822019577		2.66742610931
3.76109600067		2.46445083618
3.76397919655		2.5405664444
3.76684617996		2.67250061035
3.76972222328		2.51012039185
3.77259707451		2.49489688873
3.7754740715		2.66742610931
3.77834820747		2.56086444855
3.7812230587		2.45937633514
3.78409910202		2.62683105469
3.78697514534		2.62175655365
3.78985118866		2.44415378571
3.79272508621		2.58116149902
3.79560208321		2.66742610931
3.79847502708		2.46445083618
3.8013510704		2.53041744232
3.80424022675		2.67757511139
3.80710101128		2.51012039185
3.80997800827		2.49489688873
3.81285214424		2.66742610931
3.81573009491		2.56086444855
3.81860423088		2.45937633514
3.82147908211		2.62683105469
3.82444500923		2.60653305054
3.82734704018		2.44922733307
3.83022117615		2.58623600006
3.83309817314		2.66235160828
3.83598208427		2.45937633514
3.83885622025		2.54564094543
3.84173202515		2.67757511139
3.84461402893		2.49997138977
3.84748315811		2.49997138977
3.85035705566		2.66742610931
3.85323405266		2.55578994751
3.85611009598		2.46445083618
3.85898518562		2.63698005676
3.86186003685		2.60653305054
3.86474108696		2.44922733307
3.86761116982		2.58623600006
3.87048602104		2.66742610931
3.87336111069		2.45937633514
3.87623620033		2.5405664444
3.87911200523		2.67757511139
3.88198804855		2.50504589081
3.8848631382		2.49997138977
3.88773703575		2.66742610931
3.89061522484		2.55578994751
3.89350104332		2.46445083618
3.89636421204		2.63698005676
3.89923906326		2.60653305054
3.90211510658		2.44922733307
3.9049911499		2.58623600006
3.90786504745		2.66742610931
3.91074109077		2.45937633514
3.91361808777		2.54564094543
3.91649103165		2.67757511139
3.91936516762		2.50504589081
3.92224121094		2.49997138977
3.92511820793		2.66742610931
3.92799305916		2.55578994751
3.93086719513		2.46445083618
3.93375110626		2.63698005676
3.93661808968		2.60653305054
3.939494133		2.44922733307
3.94236922264		2.58623600006
3.94524717331		2.66742610931
3.94812011719		2.45430183411
3.95099520683		2.54564094543
3.95387220383		2.67757511139
3.95674920082		2.50504589081
3.9596221447		2.49997138977
3.96249914169		2.66742610931
3.96537423134		2.55578994751
3.96824812889		2.46445083618
3.97112321854		2.63190555573
3.97400617599		2.60653305054
3.97687602043		2.44922733307
3.97974920273		2.58116149902
3.98263120651		2.66742610931
3.98550200462		2.45937633514
3.98837614059		2.5405664444
3.99125123024		2.67757511139
3.99412608147		2.50504589081
3.99700021744		2.49997138977
3.99987721443		2.66742610931
4.00275301933		2.55071544647
4.00562906265		2.46445083618
4.00850510597		2.63698005676
4.01137804985		2.61160755157
4.0142621994		2.44922733307
4.01713013649		2.58623600006
4.02000403404		2.66235160828
4.02288007736		2.45937633514
4.02575802803		2.5405664444
4.028632164		2.67757511139
4.03150606155		2.50504589081
4.034471035		2.50504589081
4.0373852253		2.67250061035
4.04025816917		2.54564094543
4.04313421249		2.46952533722
4.04600715637		2.6420545578
4.04888319969		2.59638500214
4.05175900459		2.44922733307
4.05463504791		2.59638500214
4.05750823021		2.65727710724
4.0603852272		2.45430183411
4.06326007843		2.55578994751
4.06613922119		2.67757511139
4.0690112114		2.49489688873
4.07189416885		2.50504589081
4.07476115227		2.67250061035
4.07763004303		2.55071544647
4.08050513268		2.46952533722
4.08338117599		2.64712810516
4.08626508713		2.59638500214
4.08914113045		2.44922733307
4.09201407433		2.59638500214
4.09489202499		2.66235160828
4.09776711464		2.45430183411
4.10064101219		2.55071544647
4.10351800919		2.67757511139
4.10639119148		2.49489688873
4.1092672348		2.50504589081
4.11214208603		2.67250061035
4.11501812935		2.54564094543
4.11789321899		2.46952533722
4.12077116966		2.6420545578
4.12367200851		2.59638500214
4.12651920319		2.44922733307
4.12939405441		2.59638500214
4.13227510452		2.65727710724
4.13514900208		2.45430183411
4.13802313805		2.55071544647
4.14089608192		2.67757511139
4.14377307892		2.49997138977
4.14665007591		2.51012039185
4.14952206612		2.67250061035
4.15239620209		2.54564094543
4.15528321266		2.46952533722
4.15814900398		2.63698005676
4.16103100777		2.59638500214
4.16390609741		2.44922733307
4.16677808762		2.5913105011
4.16965007782		2.66235160828
4.17252516747		2.45430183411
4.17540216446		2.55071544647
4.17827701569		2.67757511139
4.18115210533		2.49489688873
4.18402814865		2.50504589081
4.18690419197		2.67250061035
4.18977713585		2.54564094543
4.19265508652		2.46952533722
4.19552922249		2.6420545578
4.19840407372		2.60145950317
4.20127820969		2.44922733307
4.20416212082		2.59638500214
4.20702910423		2.66235160828
4.20990419388		2.45430183411
4.2127790451		2.54564094543
4.21565914154		2.67757511139
4.21853113174		2.49489688873
4.22140717506		2.51012039185
4.22429203987		2.67250061035
4.22715711594		2.55071544647
4.23003315926		2.46952533722
4.23290801048		2.63698005676
4.23578619957		2.59638500214
4.23865914345		2.44922733307
4.24153208733		2.5913105011
4.24451303482		2.65727710724
4.24741005898		2.45430183411
4.25029110909		2.55578994751
4.25316119194		2.67757511139
4.25603818893		2.4898223877
4.25891208649		2.51519489288
4.26178812981		2.67250061035
4.26466202736		2.5405664444
4.26753807068		2.47459983826
4.27041220665		2.64712810516
4.27329015732		2.58623600006
4.27616500854		2.45430183411
4.27903914452		2.60145950317
4.28191423416		2.6522026062
4.28479218483		2.44922733307
4.28766703606		2.55578994751
4.29054021835		2.67757511139
4.29341721535		2.4898223877
4.29629206657		2.51012039185
4.29916906357		2.67757511139
4.30204105377		2.5405664444
4.30492210388		2.47459983826
4.30779314041		2.6522026062
4.31066703796		2.5913105011
4.31354403496		2.44922733307
4.3164191246		2.60145950317
4.31929516792		2.6522026062
4.32216906548		2.45430183411
4.32504320145		2.55578994751
4.32791304588		2.67757511139
4.3307890892		2.48474884033
4.3336660862		2.51012039185
4.33654618263		2.67250061035
4.33942723274		2.5405664444
4.34229707718		2.47459983826
4.34517502785		2.64712810516
4.34804821014		2.58623600006
4.35092306137		2.44922733307
4.35380101204		2.60145950317
4.35667610168		2.65727710724
4.35955119133		2.44922733307
4.36242508888		2.55578994751
4.36530208588		2.67757511139
4.36817622185		2.4898223877
4.37105202675		2.51519489288
4.37393307686		2.67250061035
4.37680721283		2.5405664444
4.37967705727		2.47459983826
4.38255214691		2.64712810516
4.38542914391		2.58623600006
4.38830518723		2.44922733307
4.39117908478		2.59638500214
4.39405417442		2.6522026062
4.39692902565		2.45430183411
4.3998041153		2.55578994751
4.40268206596		2.67757511139
4.40555715561		2.4898223877
4.40843009949		2.51519489288
4.41130709648		2.67250061035
4.41419005394		2.5405664444
4.41705822945		2.47459983826
4.41993308067		2.64712810516
4.42280817032		2.5913105011
4.42568516731		2.44922733307
4.42856407166		2.60145950317
4.43143320084		2.6522026062
4.43431019783		2.44922733307
4.43718504906		2.55578994751
4.44006109238		2.67757511139
4.4429371357		2.48474884033
4.44581222534		2.51519489288
4.44868516922		2.67250061035
4.45156216621		2.5405664444
4.45452523232		2.47967433929
4.45744013786		2.6522026062
4.46031308174		2.58116149902
4.46319007874		2.45430183411
4.46606302261		2.60653305054
4.46893906593		2.64712810516
4.47181415558		2.45430183411
4.47469210625		2.56593894958
4.4775660038		2.67757511139
4.48044013977		2.47967433929
4.48331713676		2.52534389496
4.48631811142		2.67757511139
4.48919320107		2.52534389496
4.49206709862		2.4898223877
4.49494504929		2.66235160828
4.49781703949		2.57101249695
4.50069403648		2.45430183411
4.50356912613		2.62175655365
4.50644516945		2.63698005676
4.50932002068		2.44922733307
4.51219415665		2.57101249695
4.51507210732		2.67250061035
4.51795101166		2.46445083618
4.52082514763		2.52534389496
4.52370023727		2.67757511139
4.52657103539		2.52026939392
4.52944612503		2.48474884033
4.53232121468		2.65727710724
4.53519916534		2.57101249695
4.5380730629		2.45430183411
4.54095005989		2.61668205261
4.54383206367		2.63698005676
4.54670000076		2.44922733307
4.54957509041		2.57101249695
4.55245018005		2.67757511139
4.55533719063		2.46952533722
4.5582010746		2.52534389496
4.56107711792		2.67757511139
4.56396007538		2.52026939392
4.56682610512		2.48474884033
4.56970214844		2.66235160828
4.57257819176		2.57101249695
4.57545018196		2.44922733307
4.57832217216		2.61668205261
4.58119511604		2.63698005676
4.58407616615		2.44415378571
4.58695721626		2.57101249695
4.58983206749		2.67250061035
4.59270715714		2.47459983826
4.59558200836		2.52026939392
4.59845709801		2.67757511139
4.60133218765		2.52534389496
4.60421299934		2.48474884033
4.60709023476		2.65727710724
4.60995817184		2.56593894958
4.61283302307		2.45430183411
4.61570906639		2.61668205261
4.61858510971		2.63698005676
4.62145900726		2.44922733307
4.62437415123		2.57101249695
4.62720918655		2.67757511139
4.63008618355		2.46952533722
4.63296103477		2.52534389496
4.63584423065		2.67757511139
4.63871216774		2.52534389496
4.64158701897		2.48474884033
4.64449715614		2.66235160828
4.64733815193		2.57101249695
4.65021204948		2.45430183411
4.65308713913		2.61668205261
4.65596413612		2.63698005676
4.65884113312		2.44922733307
4.66171503067		2.57101249695
4.6646001339		2.67757511139
4.66746520996		2.46952533722
4.67034006119		2.52534389496
4.67321610451		2.67757511139
4.67609214783		2.52026939392
4.67896509171		2.48474884033
4.68184709549		2.66235160828
4.68472003937		2.57101249695
4.68759202957		2.45430183411
4.69046711922		2.61160755157
4.69334411621		2.62175655365
4.696352005		2.44922733307
4.69922018051		2.57608699799
4.70209407806		2.67250061035
4.70497202873		2.46445083618
4.70784521103		2.53041744232
4.7107231617		2.67757511139
4.71359705925		2.51519489288
4.71647000313		2.49489688873
4.71934700012		2.66742610931
4.72222304344		2.56593894958
4.72509908676		2.45430183411
4.72797322273		2.62175655365
4.73084807396		2.62175655365
4.73373413086		2.44922733307
4.73660111427		2.57608699799
4.73947501183		2.67250061035
4.7423491478		2.46445083618
4.74522709846		2.53041744232
4.74809908867		2.67757511139
4.75097513199		2.51012039185
4.75385212898		2.4898223877
4.75673007965		2.66742610931
4.75960612297		2.56086444855
4.76247906685		2.45937633514
4.76535415649		2.62175655365
4.76822900772		2.62175655365
4.77110314369		2.44415378571
4.77397918701		2.57608699799
4.77685904503		2.67250061035
4.77973008156		2.46445083618
4.7826051712		2.53041744232
4.78549003601		2.67757511139
4.78835821152		2.51519489288
4.79123210907		2.4898223877
4.79410910606		2.66235160828
4.79698204994		2.56086444855
4.79985713959		2.45430183411
4.80273509026		2.62175655365
4.80560922623		2.62175655365
4.80848312378		2.44415378571
4.81136012077		2.57608699799
4.81424021721		2.67250061035
4.81711006165		2.46445083618
4.81998515129		2.53041744232
4.82286000252		2.67250061035
4.82573318481		2.51519489288
4.82860302925		2.4898223877
4.83147907257		2.66235160828
4.83445000648		2.55578994751
4.83736610413		2.46445083618
4.84024000168		2.63190555573
4.84311509132		2.61160755157
4.84599113464		2.44415378571
4.8488650322		2.58623600006
4.85173916817		2.66742610931
4.8546230793		2.45937633514
4.85749006271		2.53549194336
4.86036610603		2.67757511139
4.86324000359		2.50504589081
4.86611700058		2.49489688873
4.86899113655		2.66742610931
4.87186813354		2.55578994751
4.874751091		2.45937633514
4.87761807442		2.63190555573
4.88049221039		2.61160755157
4.88336801529		2.44922733307
4.88624715805		2.58116149902
4.8891210556		2.66742610931
4.89199399948		2.45937633514
4.89487314224		2.5405664444
4.89774513245		2.67757511139
4.90062212944		2.51012039185
4.90350413322		2.49997138977
4.90637111664		2.66235160828
4.90924715996		2.55578994751
4.91212320328		2.45937633514
4.91500020027		2.62683105469
4.91787314415		2.61668205261
4.92075109482		2.44922733307
4.92363119125		2.58623600006
4.92649912834		2.66742610931
4.92937421799		2.45937633514
4.93224906921		2.53549194336
4.93512606621		2.67757511139
4.93800115585		2.51012039185
4.94087600708		2.49997138977
4.94375705719		2.66742610931
4.94662714005		2.56086444855
4.94950222969		2.45937633514
4.95237803459		2.63190555573
4.9552590847		2.61160755157
4.95812821388		2.44922733307
4.96100306511		2.58116149902
4.96389317513		2.66742610931
4.96675300598		2.45937633514
4.96963000298		2.5405664444
4.9725060463		2.67757511139
4.97538208961		2.50504589081
4.97825622559		2.49489688873
4.98113107681		2.66742610931
4.98400712013		2.55578994751
4.98688220978		2.46445083618
4.989757061		2.63190555573
4.99263501167		2.61668205261
4.99551010132		2.44922733307
4.9983830452		2.58116149902
