0.000127077102661		2.62175655365
0.00262999534607		2.38833522797
0.00513291358948		2.71817016602
0.00763607025146		2.38833522797
0.0101239681244		2.71817016602
0.0126259326935		2.39848423004
0.0151259899139		2.7029466629
0.0176348686218		2.41370677948
0.0201258659363		2.68264961243
0.0226268768311		2.44415378571
0.0251269340515		2.65727710724
0.0276339054108		2.46952533722
0.0301270484924		2.63190555573
0.0326280593872		2.51012039185
0.0351259708405		2.59638500214
0.037633895874		2.5405664444
0.0401298999786		2.56086444855
0.0426299571991		2.57608699799
0.0451309680939		2.52534389496
0.0476350784302		2.60653305054
0.0501630306244		2.49489688873
0.0526309013367		2.6420545578
0.0551300048828		2.45937633514
0.0576429367065		2.66235160828
0.0601329803467		2.43400478363
0.0626308917999		2.69279766083
0.0651340484619		2.41370677948
0.0676510334015		2.7029466629
0.0701420307159		2.39848423004
0.0726430416107		2.71817016602
0.0751428604126		2.38326072693
0.0776460170746		2.72324466705
0.0801429748535		2.38833522797
0.0826439857483		2.71817016602
0.0851428508759		2.40355873108
0.0876519680023		2.7029466629
0.0901470184326		2.41878128052
0.0926449298859		2.68264961243
0.095144033432		2.44415378571
0.0976510047913		2.65727710724
0.100144863129		2.47967433929
0.102645874023		2.62175655365
0.105146884918		2.51012039185
0.107647895813		2.5913105011
0.110146999359		2.54564094543
0.112645864487		2.55578994751
0.115145921707		2.58116149902
0.117651939392		2.52534389496
0.120146989822		2.61668205261
0.122648000717		2.48474884033
0.125148057938		2.64712810516
0.12765789032		2.45937633514
0.130150079727		2.67250061035
0.132648944855		2.42893028259
0.13514995575		2.68772315979
0.137654066086		2.40863323212
0.140148878098		2.70802116394
0.142649888992		2.39848423004
0.145150899887		2.71817016602
0.147654056549		2.38326072693
0.150152921677		2.71817016602
0.152651071548		2.393409729
0.155152082443		2.70802116394
0.157654047012		2.40355873108
0.160151004791		2.69787216187
0.162653923035		2.42385578156
0.165152072906		2.67757511139
0.167655944824		2.44415378571
0.17015504837		2.64712810516
0.172654867172		2.48474884033
0.175153970718		2.61668205261
0.177658081055		2.52026939392
0.180155992508		2.58116149902
0.182659864426		2.55071544647
0.185154914856		2.55071544647
0.187658071518		2.58623600006
0.190156936646		2.52026939392
0.192654848099		2.61668205261
0.195158004761		2.47967433929
0.19765996933		2.64712810516
0.200157880783		2.44922733307
0.202658891678		2.67250061035
0.205163002014		2.42893028259
0.207660913467		2.69279766083
0.210157871246		2.40355873108
0.212660074234		2.70802116394
0.215162038803		2.38833522797
0.217663049698		2.71817016602
0.220159053802		2.38326072693
0.222661972046		2.72324466705
0.225161075592		2.393409729
0.227661848068		2.71309566498
0.230160951614		2.40355873108
0.232661008835		2.69279766083
0.235163927078		2.42893028259
0.237659931183		2.66742610931
0.240154981613		2.45937633514
0.242656946182		2.6420545578
0.245154857635		2.4898223877
0.247669935226		2.61668205261
0.250164985657		2.52026939392
0.252665042877		2.58116149902
0.255164861679		2.56086444855
0.257668972015		2.54564094543
0.260165929794		2.58623600006
0.262667894363		2.51012039185
0.265166044235		2.62175655365
0.26767706871		2.47967433929
0.270165920258		2.65727710724
0.272667884827		2.44415378571
0.275167942047		2.67757511139
0.277667999268		2.41878128052
0.280169963837		2.69787216187
0.282675027847		2.40355873108
0.285168886185		2.71309566498
0.287672996521		2.38833522797
0.290168046951		2.71817016602
0.292669057846		2.38833522797
0.295168876648		2.71817016602
0.297674894333		2.393409729
0.300169944763		2.7029466629
0.302671909332		2.41370677948
0.305171012878		2.68772315979
0.307673931122		2.43400478363
0.310172080994		2.66742610931
0.31267285347		2.45937633514
0.315171957016		2.6420545578
0.317674875259		2.4898223877
0.32017493248		2.60653305054
0.322673082352		2.53041744232
0.325175046921		2.57608699799
0.327678918839		2.56593894958
0.330173969269		2.53549194336
0.332675933838		2.59638500214
0.335177898407		2.50504589081
0.337677955627		2.62683105469
0.340175867081		2.46952533722
0.342676877975		2.6522026062
0.34517788887		2.44415378571
0.347681999207		2.68264961243
0.350177049637		2.42385578156
0.352679014206		2.69787216187
0.355180025101		2.39848423004
0.357680082321		2.71817016602
0.360183954239		2.393409729
0.362680912018		2.72324466705
0.36517906189		2.38833522797
0.367681980133		2.71309566498
0.370179891586		2.393409729
0.372696876526		2.7029466629
0.375179052353		2.41370677948
0.377683877945		2.68772315979
0.380181074142		2.43400478363
0.382681846619		2.66742610931
0.385181903839		2.46952533722
0.387685060501		2.63190555573
0.39018201828		2.50504589081
0.392683982849		2.60145950317
0.395182847977		2.53549194336
0.397686958313		2.56593894958
0.400183916092		2.57101249695
0.402683019638		2.53549194336
0.405184030533		2.60145950317
0.407688856125		2.49997138977
0.410184860229		2.63698005676
0.412687063217		2.46445083618
0.415185928345		2.66235160828
0.417690992355		2.43907928467
0.42018699646		2.68264961243
0.42268705368		2.41370677948
0.425188064575		2.7029466629
0.427690029144		2.39848423004
0.430188894272		2.71309566498
0.432689905167		2.38833522797
0.435188055038		2.71817016602
0.437695980072		2.38326072693
0.440188884735		2.71309566498
0.442690849304		2.39848423004
0.445188999176		2.7029466629
0.447691917419		2.41370677948
0.450191020966		2.68772315979
0.452691078186		2.44415378571
0.455189943314		2.65727710724
0.457695960999		2.47459983826
0.460191011429		2.62683105469
0.462691068649		2.51012039185
0.465193033218		2.5913105011
0.467700004578		2.5405664444
0.470195055008		2.56086444855
0.472692012787		2.57608699799
0.475193977356		2.52534389496
0.477696895599		2.60653305054
0.480193853378		2.4898223877
0.482696056366		2.63698005676
0.485195875168		2.46445083618
0.487694978714		2.66742610931
0.49018907547		2.43400478363
0.492687940598		2.68772315979
0.495187997818		2.41370677948
0.497710943222		2.7029466629
0.500196933746		2.39848423004
0.502701044083		2.71309566498
0.505203962326		2.38833522797
0.507700920105		2.71817016602
0.510197877884		2.38833522797
0.512697935104		2.71309566498
0.515215873718		2.39848423004
0.517700910568		2.69787216187
0.52019906044		2.41878128052
0.522700071335		2.68264961243
0.525202035904		2.44415378571
0.527701854706		2.65727710724
0.530200958252		2.47967433929
0.532700061798		2.62683105469
0.535202026367		2.51012039185
0.537705898285		2.58623600006
0.540202856064		2.54564094543
0.542702913284		2.55578994751
0.545202970505		2.58116149902
0.547704935074		2.52026939392
0.550204992294		2.61160755157
0.552703857422		2.4898223877
0.555204868317		2.63698005676
0.557707071304		2.45937633514
0.560208082199		2.67250061035
0.562705993652		2.42893028259
0.565207004547		2.69279766083
0.567710876465		2.40863323212
0.570206880569		2.70802116394
0.572705984116		2.393409729
0.575208902359		2.71817016602
0.577710866928		2.393409729
0.580206871033		2.71817016602
0.58270907402		2.38833522797
0.585213899612		2.71309566498
0.587713003159		2.40355873108
0.590209960938		2.69787216187
0.592715024948		2.42385578156
0.595211029053		2.67757511139
0.597712993622		2.44922733307
0.600210905075		2.64712810516
0.60271191597		2.47967433929
0.605208873749		2.61668205261
0.607712984085		2.51519489288
0.610211849213		2.58623600006
0.612711906433		2.55071544647
0.615212917328		2.55071544647
0.61771607399		2.58623600006
0.620212078094		2.51519489288
0.622716903687		2.61668205261
0.625212907791		2.47967433929
0.627716064453		2.6522026062
0.630214929581		2.45430183411
0.632715940475		2.67250061035
0.635215997696		2.42893028259
0.637717008591		2.69787216187
0.640217065811		2.40355873108
0.642718076706		2.71309566498
0.645215988159		2.393409729
0.647719860077		2.71817016602
0.650218009949		2.38833522797
0.652718067169		2.71817016602
0.655216932297		2.38833522797
0.657718896866		2.70802116394
0.660218000412		2.40355873108
0.662719011307		2.69279766083
0.665217876434		2.42893028259
0.667727947235		2.67250061035
0.670227050781		2.45430183411
0.672720909119		2.64712810516
0.675227880478		2.48474884033
0.677722930908		2.61160755157
0.680222988129		2.52534389496
0.682721853256		2.58116149902
0.685221910477		2.55578994751
0.687725067139		2.54564094543
0.690222978592		2.5913105011
0.692723989487		2.51012039185
0.695222854614		2.62175655365
0.697726964951		2.47967433929
0.700224876404		2.6522026062
0.702723026276		2.44415378571
0.705223083496		2.67757511139
0.707726955414		2.41878128052
0.710224866867		2.69787216187
0.712727069855		2.40355873108
0.715225934982		2.70802116394
0.717727899551		2.38833522797
0.720227956772		2.71309566498
0.722728013992		2.38833522797
0.725225925446		2.71817016602
0.72773194313		2.393409729
0.730226993561		2.70802116394
0.73272895813		2.40863323212
0.735226869583		2.69279766083
0.737726926804		2.42893028259
0.740222930908		2.66742610931
0.742719888687		2.46445083618
0.745221853256		2.6420545578
0.747741937637		2.49489688873
0.750230073929		2.60653305054
0.752729892731		2.53041744232
0.755229949951		2.57101249695
0.757735013962		2.56593894958
0.760231018066		2.5405664444
0.762732028961		2.59638500214
0.765231847763		2.50504589081
0.767734050751		2.62683105469
0.770231962204		2.47459983826
0.772733926773		2.65727710724
0.775249004364		2.44415378571
0.777735948563		2.68264961243
0.780235052109		2.41878128052
0.782737016678		2.69787216187
0.785235881805		2.40355873108
0.787737846375		2.71309566498
0.790232896805		2.393409729
0.792737007141		2.71817016602
0.79523396492		2.38833522797
0.797739028931		2.71309566498
0.800237894058		2.39848423004
0.802737951279		2.70802116394
0.805240869522		2.41370677948
0.807740926743		2.68772315979
0.810239076614		2.43400478363
0.812738895416		2.66235160828
0.815237045288		2.46445083618
0.817743062973		2.63190555573
0.820239067078		2.49997138977
0.82273888588		2.60145950317
0.825244903564		2.53549194336
0.827743053436		2.57101249695
0.830242872238		2.56593894958
0.83274102211		2.53041744232
0.835238933563		2.60145950317
0.837744951248		2.49997138977
0.840241909027		2.62683105469
0.842742919922		2.46445083618
0.845243930817		2.66235160828
0.847743988037		2.43907928467
0.850242853165		2.68772315979
0.852742910385		2.41878128052
0.855242013931		2.7029466629
0.857748031616		2.40355873108
0.860244035721		2.71309566498
0.862745046616		2.38833522797
0.865244865417		2.71817016602
0.867748975754		2.393409729
0.870246887207		2.71309566498
0.872745990753		2.39848423004
0.875247001648		2.7029466629
0.877749919891		2.41878128052
0.880248069763		2.68264961243
0.882749080658		2.43907928467
0.885247945786		2.65727710724
0.88775396347		2.46952533722
0.890249967575		2.62683105469
0.892750024796		2.50504589081
0.895250082016		2.59638500214
0.897753000259		2.5405664444
0.900249958038		2.55578994751
0.902755975723		2.57101249695
0.905250072479		2.53041744232
0.907751083374		2.60653305054
0.910250902176		2.49489688873
0.912750959396		2.63698005676
0.915251970291		2.46445083618
0.91775393486		2.66742610931
0.920251846313		2.43400478363
0.922755002975		2.68264961243
0.92525100708		2.41370677948
0.927754878998		2.7029466629
0.930253982544		2.393409729
0.932754039764		2.71817016602
0.935253858566		2.38326072693
0.937757968903		2.71817016602
0.940253019333		2.38833522797
0.942755937576		2.71309566498
0.945255041122		2.39848423004
0.94775891304		2.69787216187
0.950258016586		2.41878128052
0.952756881714		2.68264961243
0.955256938934		2.44415378571
0.957758903503		2.65727710724
0.960255861282		2.47459983826
0.962759971619		2.62175655365
0.965260028839		2.51519489288
0.967763900757		2.5913105011
0.970258951187		2.55071544647
0.972759008408		2.55578994751
0.975260972977		2.58116149902
0.977766036987		2.52534389496
0.980262994766		2.61160755157
0.982761859894		2.4898223877
0.985261917114		2.6420545578
0.987760066986		2.45430183411
0.990252971649		2.66742610931
0.992753982544		2.42893028259
0.995254039764		2.69279766083
0.997768878937		2.41370677948
1.00026392937		2.70802116394
1.00276398659		2.393409729
1.00526499748		2.71309566498
1.00776600838		2.38833522797
1.0102648735		2.71817016602
1.01276397705		2.38833522797
1.01527094841		2.71309566498
1.01776885986		2.40355873108
1.02026796341		2.69787216187
1.02276706696		2.42385578156
1.02526593208		2.67757511139
1.02776789665		2.44922733307
1.03026795387		2.6522026062
1.03276705742		2.4898223877
1.03526592255		2.62175655365
1.03776907921		2.51519489288
1.04026889801		2.58623600006
1.04276895523		2.55071544647
1.04526805878		2.55071544647
1.04777288437		2.58623600006
1.05026888847		2.51519489288
1.05276894569		2.61668205261
1.05527305603		2.47967433929
1.05777692795		2.6420545578
1.06027007103		2.45430183411
1.0627720356		2.67250061035
1.06527090073		2.41878128052
1.06778001785		2.69279766083
1.07027196884		2.40863323212
1.07277297974		2.71309566498
1.07527399063		2.393409729
1.07777500153		2.71817016602
1.08027386665		2.38833522797
1.08277487755		2.71817016602
1.08527398109		2.38833522797
1.0877828598		2.70802116394
1.09027600288		2.40863323212
1.09277701378		2.69279766083
1.09527492523		2.42893028259
1.09777903557		2.67250061035
1.10027599335		2.45937633514
1.10277795792		2.64712810516
1.10527896881		2.48474884033
1.10777807236		2.61160755157
1.11027789116		2.52026939392
1.11277985573		2.58116149902
1.11527705193		2.55578994751
1.11777997017		2.54564094543
1.12027907372		2.5913105011
1.12277984619		2.51012039185
1.12527990341		2.62175655365
1.12778306007		2.47967433929
1.13028097153		2.6522026062
1.13278102875		2.44922733307
1.13528490067		2.67757511139
1.13778495789		2.42385578156
1.14028191566		2.69787216187
1.14278101921		2.40355873108
1.14528393745		2.71309566498
1.14778399467		2.393409729
1.15028190613		2.71817016602
1.1527838707		2.38833522797
1.15528297424		2.71309566498
1.15779185295		2.393409729
1.16028499603		2.70802116394
1.16278386116		2.40863323212
1.16528391838		2.69279766083
1.16778492928		2.43400478363
1.17028403282		2.66235160828
1.17278695107		2.45937633514
1.17528486252		2.63698005676
1.1777908802		2.49489688873
1.1802880764		2.60653305054
1.18278884888		2.53041744232
1.18528795242		2.57101249695
1.18778896332		2.56086444855
1.19028902054		2.5405664444
1.19279003143		2.59638500214
1.19528794289		2.50504589081
1.19778990746		2.62683105469
1.20029091835		2.47459983826
1.20278906822		2.65727710724
1.20529103279		2.44415378571
1.20779204369		2.68264961243
1.21029186249		2.42385578156
1.21279597282		2.69787216187
1.21529102325		2.40355873108
1.21779584885		2.71309566498
1.22029089928		2.38833522797
1.22279191017		2.71817016602
1.22529196739		2.38833522797
1.22779297829		2.71309566498
1.23029398918		2.393409729
1.2327940464		2.7029466629
1.23529195786		2.41370677948
1.23779201508		2.68772315979
1.24028491974		2.43907928467
1.24278688431		2.66235160828
1.24528694153		2.46952533722
1.24779891968		2.63698005676
1.25029802322		2.49997138977
1.25279688835		2.59638500214
1.25529503822		2.53549194336
1.25780105591		2.57101249695
1.26029706001		2.57101249695
1.26279807091		2.53549194336
1.2652990818		2.60145950317
1.26780605316		2.49997138977
1.27029895782		2.63190555573
1.27279996872		2.46445083618
1.27529907227		2.66235160828
1.27780294418		2.43400478363
1.28029894829		2.68264961243
1.28280091286		2.41370677948
1.28530097008		2.69787216187
1.28780198097		2.39848423004
1.29030895233		2.71309566498
1.29279994965		2.38833522797
1.29530191422		2.71817016602
1.29780387878		2.38833522797
1.30030298233		2.71817016602
1.30280399323		2.39848423004
1.30530405045		2.7029466629
1.30780506134		2.41370677948
1.31030392647		2.68772315979
1.31280589104		2.44415378571
1.31530499458		2.66235160828
1.31782984734		2.46952533722
1.32030487061		2.62683105469
1.3228058815		2.50504589081
1.32530593872		2.59638500214
1.32780504227		2.5405664444
1.33030605316		2.56086444855
1.33280587196		2.57608699799
1.33530688286		2.53041744232
1.33781099319		2.60145950317
1.34030890465		2.49997138977
1.34280705452		2.63698005676
1.34530901909		2.46445083618
1.34781002998		2.66742610931
1.35030889511		2.43400478363
1.35280990601		2.68772315979
1.35530900955		2.41370677948
1.3578119278		2.70802116394
1.36031103134		2.39848423004
1.36281299591		2.71817016602
1.36530900002		2.38833522797
1.36782002449		2.72324466705
1.37031197548		2.38833522797
1.3728120327		2.71309566498
1.37531304359		2.40355873108
1.37781500816		2.69787216187
1.38031291962		2.41878128052
1.38281393051		2.67757511139
1.38531208038		2.44415378571
1.38781499863		2.6522026062
1.39031386375		2.47967433929
1.39281487465		2.62175655365
1.39531588554		2.51012039185
1.39781689644		2.5913105011
1.40031599998		2.54564094543
1.40281701088		2.55071544647
1.40531492233		2.58116149902
1.40781903267		2.52534389496
1.41031599045		2.60653305054
1.41281604767		2.4898223877
1.41531801224		2.6420545578
1.41782093048		2.45937633514
1.42031693459		2.66742610931
1.42281889915		2.42893028259
1.42531991005		2.69279766083
1.4278190136		2.40863323212
1.43031191826		2.70802116394
1.43281388283		2.39848423004
1.43531298637		2.71817016602
1.43782401085		2.38833522797
1.44032287598		2.71817016602
1.44282102585		2.38833522797
1.44532394409		2.71309566498
1.44782686234		2.40355873108
1.45032095909		2.69787216187
1.45282506943		2.42385578156
1.45532298088		2.67757511139
1.45782494545		2.44922733307
1.460324049		2.6522026062
1.46282291412		2.48474884033
1.46532297134		2.62175655365
1.46783089638		2.51519489288
1.47032499313		2.58623600006
1.47282505035		2.55071544647
1.47532486916		2.55578994751
1.47782707214		2.58623600006
1.48032593727		2.51519489288
1.48282694817		2.61668205261
1.48532795906		2.48474884033
1.48782491684		2.64712810516
1.49031996727		2.45430183411
1.49282002449		2.67250061035
1.49532008171		2.42385578156
1.49784088135		2.69279766083
1.50032997131		2.40355873108
1.50282907486		2.70802116394
1.50532889366		2.393409729
1.50783205032		2.71817016602
1.51032805443		2.38833522797
1.51283097267		2.71817016602
1.51533102989		2.393409729
1.51783084869		2.70802116394
1.52033185959		2.40355873108
1.52283596992		2.69279766083
1.5253329277		2.42893028259
1.52783489227		2.67250061035
1.53033185005		2.45430183411
1.53283286095		2.64712810516
1.53533697128		2.4898223877
1.5378370285		2.61668205261
1.54033303261		2.52026939392
1.54283189774		2.58116149902
1.5453338623		2.55578994751
1.5478348732		2.54564094543
1.55033493042		2.5913105011
1.55283689499		2.51012039185
1.55533695221		2.62175655365
1.5578379631		2.47967433929
1.56033802032		2.6522026062
1.56283998489		2.44415378571
1.56533789635		2.67250061035
1.56783795357		2.42385578156
1.57033705711		2.69787216187
1.57283902168		2.40863323212
1.57533597946		2.70802116394
1.57784295082		2.393409729
1.5803399086		2.71817016602
1.58283901215		2.38833522797
1.58533906937		2.71817016602
1.58784294128		2.393409729
1.59033989906		2.70802116394
1.59284186363		2.40863323212
1.59534096718		2.69279766083
1.59784603119		2.42893028259
1.60034584999		2.66742610931
1.60284304619		2.45937633514
1.60534405708		2.6420545578
1.60784506798		2.49489688873
1.61034393311		2.60653305054
1.61284303665		2.53041744232
1.61534404755		2.57101249695
1.61784791946		2.56086444855
1.62034392357		2.5405664444
1.62284493446		2.59638500214
1.62534403801		2.50504589081
1.62784790993		2.62175655365
1.6303460598		2.47459983826
1.63284492493		2.65727710724
1.63534593582		2.44415378571
1.63784790039		2.67757511139
1.64034605026		2.42385578156
1.64284801483		2.69787216187
1.64534807205		2.40355873108
1.64785003662		2.71309566498
1.65034794807		2.38833522797
1.65284991264		2.71817016602
1.65534806252		2.38833522797
1.65785288811		2.71817016602
1.66034889221		2.39848423004
1.66284990311		2.7029466629
1.66534900665		2.41370677948
1.66785693169		2.68772315979
1.67035102844		2.43907928467
1.67285084724		2.66235160828
1.67535185814		2.46445083618
1.67787194252		2.63698005676
1.68035387993		2.49997138977
1.68285608292		2.60145950317
1.68535494804		2.5405664444
1.68785595894		2.56593894958
1.69035506248		2.57101249695
1.69285297394		2.53549194336
1.69535589218		2.60145950317
1.69786000252		2.49997138977
1.70036101341		2.62683105469
1.70285487175		2.46952533722
1.70535588264		2.66235160828
1.70785689354		2.43907928467
1.71035599709		2.68264961243
1.71285605431		2.41878128052
1.7153570652		2.7029466629
1.7178580761		2.39848423004
1.7203578949		2.71309566498
1.72285985947		2.38833522797
1.72535705566		2.71817016602
1.72786188126		2.38833522797
1.73035907745		2.71309566498
1.73285889626		2.39848423004
1.73536086082		2.70802116394
1.73785686493		2.41878128052
1.74035286903		2.68264961243
1.74285292625		2.44415378571
1.7453520298		2.65727710724
1.7478659153		2.47459983826
1.7503619194		2.63190555573
1.75286197662		2.51012039185
1.75536704063		2.60145950317
1.75786495209		2.5405664444
1.76036405563		2.56593894958
1.76286387444		2.57608699799
1.76536297798		2.53041744232
1.7678668499		2.60653305054
1.77036499977		2.49489688873
1.77286291122		2.63698005676
1.77536487579		2.46445083618
1.7778699398		2.66235160828
1.78036594391		2.43400478363
1.7828669548		2.68772315979
1.78536486626		2.40863323212
1.78786897659		2.7029466629
1.79036593437		2.393409729
1.79286599159		2.71309566498
1.79536890984		2.38833522797
1.79787492752		2.71817016602
1.8003680706		2.38833522797
1.80287098885		2.71309566498
1.80536985397		2.40355873108
1.80787301064		2.69787216187
1.81036996841		2.42385578156
1.81287002563		2.68264961243
1.81537294388		2.44415378571
1.81787395477		2.65727710724
1.82037186623		2.47459983826
1.82287096977		2.62175655365
1.82537198067		2.51012039185
1.82787489891		2.59638500214
1.83037090302		2.54564094543
1.83287787437		2.55578994751
1.83537197113		2.58116149902
1.8378739357		2.52534389496
1.84037399292		2.60653305054
1.84287500381		2.4898223877
1.84537386894		2.6420545578
1.84787797928		2.45430183411
1.85037493706		2.66742610931
1.85287499428		2.43400478363
1.85537600517		2.68772315979
1.85787892342		2.41370677948
1.8603758812		2.70802116394
1.86287498474		2.39848423004
1.86537504196		2.71817016602
1.86788392067		2.38833522797
1.87037706375		2.71817016602
1.87287902832		2.38833522797
1.87537884712		2.71309566498
1.87787985802		2.40863323212
1.88037991524		2.69787216187
1.88287806511		2.42385578156
1.88538002968		2.67757511139
1.88788104057		2.44922733307
1.8903799057		2.6522026062
1.8928809166		2.48474884033
1.89538002014		2.62175655365
1.89788794518		2.51519489288
1.90038204193		2.58623600006
1.90288186073		2.55071544647
1.90538287163		2.55071544647
1.90788388252		2.58116149902
1.91039896011		2.52026939392
1.91288399696		2.61160755157
1.91538286209		2.48474884033
1.91788506508		2.64712810516
1.92038702965		2.45937633514
1.92288398743		2.67250061035
1.925385952		2.42893028259
1.92788887024		2.69279766083
1.93038988113		2.40863323212
1.93288707733		2.70802116394
1.93538784981		2.393409729
1.9378888607		2.71309566498
1.94038796425		2.38833522797
1.9428858757		2.71309566498
1.9453868866		2.393409729
1.94789099693		2.70802116394
1.95038795471		2.40863323212
1.95288801193		2.69279766083
1.95538806915		2.42385578156
1.95789289474		2.67250061035
1.96038889885		2.45430183411
1.96288895607		2.64712810516
1.96538996696		2.4898223877
1.96789288521		2.61668205261
1.97039294243		2.52534389496
1.97289085388		2.58116149902
1.97539305687		2.55578994751
1.97789502144		2.54564094543
1.98039197922		2.5913105011
1.98289394379		2.51012039185
1.98539400101		2.62175655365
1.98789191246		2.47967433929
1.99038600922		2.6522026062
1.99288702011		2.44922733307
1.99538493156		2.67757511139
1.99790000916		2.42385578156
2.00039505959		2.69787216187
2.00289702415		2.40355873108
2.00539708138		2.70802116394
2.00789904594		2.393409729
2.0103969574		2.71817016602
2.01289796829		2.38833522797
2.01539587975		2.71817016602
2.01790094376		2.393409729
2.02039790154		2.70802116394
2.02289795876		2.40863323212
2.02539801598		2.69279766083
2.0278980732		2.42893028259
2.03040003777		2.67250061035
2.03289794922		2.45937633514
2.03539991379		2.6420545578
2.03790092468		2.4898223877
2.04039907455		2.60653305054
2.04289984703		2.53041744232
2.04540085793		2.57101249695
2.04790306091		2.56593894958
2.05040192604		2.5405664444
2.05290198326		2.5913105011
2.05540394783		2.50504589081
2.0579059124		2.62175655365
2.06040287018		2.47459983826
2.06290507317		2.6522026062
2.06540894508		2.44415378571
2.0679090023		2.67757511139
2.07040500641		2.42385578156
2.07290291786		2.69787216187
2.07540607452		2.40355873108
2.07790803909		2.71309566498
2.0804040432		2.393409729
2.08290791512		2.72324466705
2.08540701866		2.38833522797
2.0879149437		2.71817016602
2.09040999413		2.393409729
2.09290790558		2.7029466629
2.09540700912		2.41370677948
2.09791493416		2.68772315979
2.10040688515		2.43400478363
2.10291004181		2.66742610931
2.10540986061		2.46445083618
2.1079120636		2.63698005676
2.11040902138		2.49997138977
2.11290788651		2.59638500214
2.1154088974		2.53549194336
2.11791300774		2.57101249695
2.12040996552		2.56593894958
2.12291097641		2.53549194336
2.12541007996		2.60145950317
2.1279129982		2.49997138977
2.13041186333		2.63190555573
2.1329100132		2.46952533722
2.13541293144		2.65727710724
2.13791704178		2.43907928467
2.14041185379		2.68264961243
2.14291906357		2.41370677948
2.14541196823		2.7029466629
2.14791488647		2.40355873108
2.1504149437		2.71817016602
2.15291285515		2.38833522797
2.15541601181		2.71817016602
2.15791702271		2.38833522797
2.16041493416		2.71309566498
2.16291594505		2.39848423004
2.16541600227		2.7029466629
2.16792106628		2.41370677948
2.1704158783		2.68264961243
2.17291688919		2.43907928467
2.17541885376		2.65727710724
2.1779229641		2.46952533722
2.18042087555		2.63190555573
2.1829199791		2.51012039185
2.18542003632		2.59638500214
2.18794202805		2.53549194336
2.19042086601		2.56086444855
2.19292187691		2.57608699799
2.19542002678		2.53041744232
2.19792485237		2.60145950317
2.20042395592		2.49489688873
2.20292186737		2.63190555573
2.20542407036		2.46445083618
2.20792388916		2.66742610931
2.21042203903		2.43400478363
2.21292304993		2.68772315979
2.2154250145		2.41370677948
2.21792697906		2.70802116394
2.22042989731		2.39848423004
2.22292399406		2.71309566498
2.22542405128		2.38833522797
2.22792601585		2.71817016602
2.23042607307		2.38833522797
2.23292398453		2.70802116394
2.23542690277		2.39848423004
2.23791885376		2.69787216187
2.24041986465		2.41878128052
2.2429189682		2.68264961243
2.24541807175		2.44415378571
2.2479300499		2.65727710724
2.25042700768		2.47459983826
2.25292801857		2.62683105469
2.25542807579		2.51012039185
2.25793099403		2.5913105011
2.26042795181		2.54564094543
2.26292896271		2.56086444855
2.26542806625		2.58116149902
2.26793503761		2.52534389496
2.27042984962		2.60653305054
2.27293086052		2.4898223877
2.27543091774		2.6420545578
2.27793192863		2.45937633514
2.28043103218		2.66742610931
2.28293299675		2.43400478363
2.28543186188		2.69279766083
2.28793287277		2.40863323212
2.29043197632		2.70802116394
2.29293394089		2.393409729
2.29543185234		2.71817016602
2.29794502258		2.38833522797
2.3004360199		2.71817016602
2.30293488503		2.393409729
2.30543589592		2.70802116394
2.30793786049		2.40355873108
2.31043601036		2.69787216187
2.31293797493		2.42385578156
2.31543588638		2.68264961243
2.31793785095		2.44922733307
2.3204369545		2.6522026062
2.32293605804		2.48474884033
2.32543897629		2.62175655365
2.32794189453		2.51519489288
2.33043789864		2.58623600006
2.3329398632		2.55071544647
2.33543801308		2.55578994751
2.33794093132		2.58116149902
2.34044003487		2.51519489288
2.34293889999		2.61160755157
2.34543991089		2.48474884033
2.34794092178		2.64712810516
2.350440979		2.45430183411
2.3529419899		2.67250061035
2.35544085503		2.42893028259
2.35794401169		2.69279766083
2.36044096947		2.40863323212
2.36294198036		2.70802116394
2.36544299126		2.393409729
2.36794304848		2.71817016602
2.37044405937		2.38833522797
2.37294387817		2.71817016602
2.37544703484		2.393409729
2.37794685364		2.70802116394
2.38044500351		2.40863323212
2.38294386864		2.69279766083
2.38544487953		2.42893028259
2.38794589043		2.67250061035
2.39044690132		2.45937633514
2.39294695854		2.64712810516
2.39544487		2.4898223877
2.39795207977		2.61160755157
2.40044689178		2.52026939392
2.40294790268		2.58116149902
2.40544891357		2.55578994751
2.40794992447		2.54564094543
2.41044902802		2.5913105011
2.41294884682		2.51519489288
2.41544890404		2.62175655365
2.41795706749		2.47967433929
2.42044901848		2.6522026062
2.42295193672		2.44922733307
2.42545104027		2.67250061035
2.42795205116		2.42893028259
2.43045306206		2.69787216187
2.43295288086		2.40863323212
2.43545293808		2.70802116394
2.43795394897		2.393409729
2.44045186043		2.71817016602
2.44295406342		2.38833522797
2.44545292854		2.71817016602
2.44795298576		2.39848423004
2.45045304298		2.70802116394
2.45296001434		2.40863323212
2.45545291901		2.68772315979
2.45795702934		2.42893028259
2.4604549408		2.66742610931
2.46295595169		2.46445083618
2.46545505524		2.6420545578
2.46796107292		2.4898223877
2.4704580307		2.60653305054
2.4729578495		2.52534389496
2.47545790672		2.57608699799
2.47797989845		2.56086444855
2.48045802116		2.5405664444
2.48295903206		2.59638500214
2.48545694351		2.50504589081
2.48795390129		2.63190555573
2.49045085907		2.47459983826
2.49294996262		2.65727710724
2.49545097351		2.43907928467
2.49797105789		2.67757511139
2.50045895576		2.41878128052
2.50295996666		2.69787216187
2.50546097755		2.40355873108
2.50796294212		2.71309566498
2.51046204567		2.393409729
2.51296305656		2.71817016602
2.51546406746		2.38833522797
2.51796507835		2.71309566498
2.52046298981		2.39848423004
2.5229640007		2.70802116394
2.52546405792		2.41370677948
2.52796387672		2.68772315979
2.53046989441		2.43400478363
2.53296399117		2.66742610931
2.53546595573		2.46445083618
2.5379679203		2.63698005676
2.54046988487		2.49997138977
2.54296588898		2.60653305054
2.5454659462		2.53549194336
2.54796791077		2.57101249695
2.55046701431		2.56593894958
2.55296897888		2.53549194336
2.55546808243		2.59638500214
2.55796694756		2.49997138977
2.56046891212		2.63190555573
2.56296992302		2.46952533722
2.56546902657		2.66235160828
2.56797099113		2.43907928467
2.57047104836		2.68264961243
2.57296991348		2.41878128052
2.57547092438		2.7029466629
2.57797408104		2.39848423004
2.58047294617		2.71309566498
2.58297204971		2.38833522797
2.58547091484		2.71817016602
2.5879740715		2.393409729
2.59047293663		2.71817016602
2.59297204018		2.39848423004
2.59547400475		2.7029466629
2.59798002243		2.41878128052
2.60047292709		2.68264961243
2.60297393799		2.43907928467
2.60547184944		2.66235160828
2.60798287392		2.46952533722
2.61047506332		2.63190555573
2.61297488213		2.50504589081
2.61547803879		2.59638500214
2.61797904968		2.5405664444
2.62047696114		2.56086444855
2.62297701836		2.57608699799
2.62547707558		2.53041744232
2.62797904015		2.60145950317
2.6304769516		2.49489688873
2.63297700882		2.63698005676
2.63547897339		2.46445083618
2.63797998428		2.66235160828
2.6404800415		2.43907928467
2.64297890663		2.68772315979
2.64547896385		2.41370677948
2.6479818821		2.7029466629
2.65048003197		2.39848423004
2.65297985077		2.71309566498
2.65548086166		2.393409729
2.657984972		2.71817016602
2.66048192978		2.393409729
2.662981987		2.71309566498
2.66548204422		2.39848423004
2.66798901558		2.69787216187
2.67048192024		2.41878128052
2.6729850769		2.68264961243
2.67548298836		2.44415378571
2.67798495293		2.65727710724
2.68048596382		2.47459983826
2.68298506737		2.62683105469
2.68548989296		2.51012039185
2.68798685074		2.5913105011
2.69048404694		2.54564094543
2.69298601151		2.56086444855
2.69548606873		2.57608699799
2.69798898697		2.52534389496
2.70048689842		2.61160755157
2.70298600197		2.4898223877
2.70548796654		2.6420545578
2.70798707008		2.45937633514
2.71048808098		2.66742610931
2.71298789978		2.42893028259
2.71548891068		2.68772315979
2.71798992157		2.41370677948
2.72049093246		2.7029466629
2.72298789024		2.39848423004
2.72549104691		2.71817016602
2.7279920578		2.393409729
2.73048996925		2.71817016602
2.73299098015		2.38833522797
2.73549199104		2.71309566498
2.73798799515		2.40355873108
2.74048304558		2.69787216187
2.74298405647		2.42385578156
2.74548387527		2.67757511139
2.74799990654		2.44922733307
2.75049304962		2.6522026062
2.75299286842		2.47967433929
2.75549292564		2.61668205261
2.75799489021		2.52026939392
2.76049399376		2.58623600006
2.76300191879		2.55071544647
2.76549506187		2.55071544647
2.767993927		2.58623600006
2.7704949379		2.52026939392
2.77299594879		2.61668205261
2.77549600601		2.48474884033
2.77799987793		2.64712810516
2.78049707413		2.45430183411
2.78299593925		2.67250061035
2.78549599648		2.42893028259
2.78799796104		2.69279766083
2.79049897194		2.40863323212
2.79299807549		2.70802116394
2.79549694061		2.393409729
2.79799985886		2.71817016602
2.8004989624		2.38833522797
2.80301499367		2.71817016602
2.80550289154		2.38833522797
2.80800199509		2.70802116394
2.81050300598		2.40863323212
2.81300091743		2.69787216187
2.81550097466		2.42893028259
2.81800293922		2.67250061035
2.82050204277		2.45430183411
2.82300305367		2.64712810516
2.82550501823		2.4898223877
2.82800197601		2.61668205261
2.83050489426		2.52534389496
2.83300590515		2.58116149902
2.83550286293		2.55578994751
2.83800601959		2.55071544647
2.84050893784		2.58623600006
2.84300494194		2.51012039185
2.84550595284		2.62175655365
2.84800601006		2.47967433929
2.85050702095		2.6522026062
2.85300588608		2.44922733307
2.8555059433		2.67250061035
2.85801005363		2.42385578156
2.86050605774		2.69787216187
2.86300802231		2.40355873108
2.86550998688		2.71309566498
2.86801600456		2.393409729
2.8705098629		2.71817016602
2.87300896645		2.38833522797
2.87550997734		2.72324466705
2.87801098824		2.39848423004
2.88050889969		2.7029466629
2.88301086426		2.40863323212
2.88550901413		2.69279766083
2.88801193237		2.42893028259
2.89051294327		2.66742610931
2.89301085472		2.46445083618
2.89551186562		2.63698005676
2.8980140686		2.49489688873
2.90051198006		2.60653305054
2.90301394463		2.52534389496
2.90551400185		2.57608699799
2.90801692009		2.56593894958
2.91051602364		2.5405664444
2.91301393509		2.5913105011
2.91551494598		2.51012039185
2.91802096367		2.62683105469
2.9205160141		2.47459983826
2.92301702499		2.65727710724
2.92551589012		2.44415378571
2.92801690102		2.67757511139
2.93051791191		2.42385578156
2.93301701546		2.69787216187
2.93551802635		2.40355873108
2.93801999092		2.71309566498
2.94052004814		2.393409729
2.94301795959		2.72324466705
2.94551897049		2.38833522797
2.94801998138		2.71309566498
2.9505200386		2.393409729
2.95301985741		2.70802116394
2.9555208683		2.41370677948
2.95801997185		2.68772315979
2.96052098274		2.43400478363
2.96302199364		2.66742610931
2.96552085876		2.46952533722
2.96802592278		2.63698005676
2.97052288055		2.49997138977
2.97302293777		2.60653305054
2.975522995		2.53549194336
2.97802400589		2.57101249695
2.98052191734		2.56593894958
2.98302292824		2.53549194336
2.98552393913		2.60145950317
2.98801708221		2.50504589081
2.99051690102		2.63190555573
2.99301695824		2.46445083618
2.99552297592		2.65727710724
2.99803304672		2.44415378571
3.00052690506		2.68264961243
3.00302696228		2.41878128052
3.0055270195		2.7029466629
3.00802707672		2.40355873108
3.0105278492		2.71817016602
3.01302790642		2.393409729
3.01553106308		2.71817016602
3.01802897453		2.38833522797
3.02052807808		2.71309566498
3.02302885056		2.39848423004
3.02552890778		2.7029466629
3.02802991867		2.41370677948
3.03052902222		2.68264961243
3.03303003311		2.44415378571
3.03553104401		2.66235160828
3.03802990913		2.46952533722
3.04053092003		2.63190555573
3.04303407669		2.50504589081
3.0455300808		2.59638500214
3.04803490639		2.5405664444
3.05053186417		2.56593894958
3.05303192139		2.57608699799
3.05553293228		2.53041744232
3.05803704262		2.60145950317
3.06053495407		2.49489688873
3.06303405762		2.63698005676
3.06553602219		2.46445083618
3.06804084778		2.66235160828
3.07053494453		2.43400478363
3.07304286957		2.68772315979
3.07553792		2.41370677948
3.07803606987		2.7029466629
3.08053708076		2.39848423004
3.08303689957		2.71817016602
3.08553791046		2.38833522797
3.08804106712		2.71817016602
3.09053897858		2.393409729
3.09304285049		2.71309566498
3.09553790092		2.40355873108
3.09804105759		2.7029466629
3.10053896904		2.41878128052
3.1030459404		2.68264961243
3.10554099083		2.44415378571
3.1080429554		2.66235160828
3.11054205894		2.47459983826
3.11304092407		2.62683105469
3.11554002762		2.51012039185
3.11804294586		2.59638500214
3.12054204941		2.54564094543
3.12304091454		2.55578994751
3.12554192543		2.57608699799
3.12804508209		2.52534389496
3.13054394722		2.60653305054
3.13304495811		2.49489688873
3.13554286957		2.6420545578
3.13804507256		2.45937633514
3.14054489136		2.66742610931
3.14304304123		2.43400478363
3.1455450058		2.68772315979
3.14804601669		2.41370677948
3.1505510807		2.7029466629
3.15304684639		2.39848423004
3.15554690361		2.71817016602
3.15804886818		2.38833522797
3.16054701805		2.71817016602
3.16304588318		2.393409729
3.16554784775		2.71309566498
3.16804790497		2.39848423004
3.17056488991		2.69787216187
3.17304992676		2.42385578156
3.1755490303		2.68264961243
3.17805290222		2.44922733307
3.18055105209		2.6522026062
3.18305397034		2.47967433929
3.18555307388		2.61668205261
3.18805098534		2.51519489288
3.19055294991		2.58623600006
3.19305205345		2.55071544647
3.19555306435		2.55071544647
3.19805288315		2.58623600006
3.20055198669		2.52026939392
3.20305299759		2.61668205261
3.20555186272		2.48474884033
3.20805287361		2.6420545578
3.2105550766		2.45430183411
3.21305394173		2.67250061035
3.21555304527		2.42893028259
3.21805691719		2.69279766083
3.22055506706		2.40863323212
3.22305703163		2.71309566498
3.22555589676		2.393409729
3.22806191444		2.71817016602
3.23055791855		2.38833522797
3.23305606842		2.71817016602
3.23555588722		2.393409729
3.23805189133		2.70802116394
3.24055099487		2.40355873108
3.24304986		2.69279766083
3.24554991722		2.42893028259
3.24806284904		2.67250061035
3.25056004524		2.45430183411
3.25305986404		2.64712810516
3.25556087494		2.4898223877
3.2580640316		2.61668205261
3.26055908203		2.52534389496
3.2630610466		2.58116149902
3.2655620575		2.55578994751
3.26806402206		2.54564094543
3.27056193352		2.58623600006
3.27306199074		2.51519489288
3.27556300163		2.62175655365
3.2780649662		2.47967433929
3.28056287766		2.6522026062
3.28306508064		2.44922733307
3.28556394577		2.67757511139
3.28806495667		2.42385578156
3.29056406021		2.69787216187
3.29306602478		2.40355873108
3.29556393623		2.71309566498
3.29806900024		2.393409729
3.30056500435		2.71817016602
3.30306601524		2.38833522797
3.3055729866		2.71817016602
3.30806994438		2.393409729
3.3105700016		2.70802116394
3.31306600571		2.40863323212
3.31556892395		2.69279766083
3.31806898117		2.42893028259
3.3205678463		2.66742610931
3.32306790352		2.45937633514
3.32556796074		2.6420545578
3.32807087898		2.49489688873
3.33056998253		2.61160755157
3.33307003975		2.53041744232
3.33556985855		2.57608699799
3.33807587624		2.56086444855
3.34057092667		2.54564094543
3.34307193756		2.5913105011
3.34556984901		2.51012039185
3.34807395935		2.62683105469
3.35057091713		2.47459983826
3.35307192802		2.65727710724
3.35557389259		2.44415378571
3.35807204247		2.67757511139
3.36057305336		2.41878128052
3.36307287216		2.69787216187
3.36557388306		2.39848423004
3.36807584763		2.70802116394
3.37057495117		2.393409729
3.37307405472		2.71817016602
3.37557601929		2.38833522797
3.37807703018		2.71817016602
3.38057494164		2.39848423004
3.38308405876		2.70802116394
3.38557600975		2.40863323212
3.38807892799		2.69279766083
3.39057707787		2.43400478363
3.39307689667		2.66742610931
3.39557790756		2.46952533722
3.39808106422		2.63698005676
3.40057992935		2.49997138977
3.40308094025		2.60145950317
3.40558099747		2.53549194336
3.40807986259		2.57101249695
3.41058087349		2.56593894958
3.41308188438		2.53549194336
3.41558098793		2.59638500214
3.4180829525		2.49997138977
3.42058205605		2.62683105469
3.42308306694		2.46952533722
3.42558193207		2.66235160828
3.42808485031		2.44415378571
3.43058204651		2.68264961243
3.43308591843		2.41878128052
3.43558287621		2.7029466629
3.43808507919		2.40355873108
3.44058489799		2.71309566498
3.44308495522		2.393409729
3.44558405876		2.71817016602
3.44808697701		2.38833522797
3.45058608055		2.71817016602
3.45308494568		2.39848423004
3.45558691025		2.7029466629
3.45808887482		2.41878128052
3.46059393883		2.68264961243
3.46308708191		2.43907928467
3.46558785439		2.66235160828
3.4680929184		2.46952533722
3.47058796883		2.63698005676
3.47308897972		2.50504589081
3.47558808327		2.59638500214
3.47809004784		2.53549194336
3.48058986664		2.56086444855
3.48308897018		2.57101249695
3.48558998108		2.53041744232
3.48808503151		2.60653305054
3.49058294296		2.49489688873
3.49308490753		2.6420545578
3.4955830574		2.46445083618
3.49810004234		2.66235160828
3.50059485435		2.43907928467
3.50309085846		2.69279766083
3.50559306145		2.41878128052
3.50809502602		2.7029466629
3.51059293747		2.39848423004
3.51309490204		2.71817016602
3.51559185982		2.38833522797
3.5180978775		2.71817016602
3.52059292793		2.38833522797
3.5230948925		2.71309566498
3.52559494972		2.39848423004
3.52809906006		2.69787216187
3.53059697151		2.41878128052
3.53309607506		2.68264961243
3.53559684753		2.44415378571
3.53810501099		2.65727710724
3.54059886932		2.47459983826
3.5430970192		2.62683105469
3.54559898376		2.50504589081
3.54809904099		2.5913105011
3.55059885979		2.54564094543
3.55309987068		2.55578994751
3.55559897423		2.57101249695
3.55810189247		2.52534389496
3.56060099602		2.61160755157
3.56310105324		2.4898223877
3.56560087204		2.63698005676
3.56810092926		2.45937633514
3.57060194016		2.66742610931
3.57310295105		2.43400478363
3.57559990883		2.68264961243
3.57810497284		2.41370677948
3.58060407639		2.7029466629
3.58312106133		2.39848423004
3.58560490608		2.71817016602
3.5881049633		2.393409729
3.59060502052		2.72324466705
3.59310293198		2.393409729
3.59560489655		2.72324466705
3.59823298454		2.38833522797
3.60072898865		2.71309566498
3.60323095322		2.40863323212
3.60573005676		2.69787216187
3.60823607445		2.43400478363
3.61073207855		2.67250061035
3.61323094368		2.45937633514
3.61573886871		2.64712810516
3.61823606491		2.49489688873
3.62073397636		2.61160755157
3.62323403358		2.53041744232
3.62573504448		2.58623600006
3.62823486328		2.56086444855
3.6307349205		2.5405664444
3.63323307037		2.5913105011
3.63573598862		2.51519489288
3.63823699951		2.62683105469
3.64073491096		2.47459983826
3.64323592186		2.65727710724
3.64573597908		2.45430183411
3.64823794365		2.67757511139
3.65073800087		2.42385578156
3.65323591232		2.69787216187
3.65573787689		2.40863323212
3.65823888779		2.70802116394
3.66073894501		2.393409729
3.6632399559		2.71817016602
3.66573905945		2.38833522797
3.66824197769		2.71817016602
3.67074108124		2.393409729
3.67323803902		2.7029466629
3.67574095726		2.40863323212
3.67824006081		2.68772315979
3.6807410717		2.43400478363
3.6832420826		2.66742610931
3.68573999405		2.45430183411
3.68824601173		2.6420545578
3.69074392319		2.49997138977
3.69324707985		2.60653305054
3.69574189186		2.51519489288
3.69837188721		2.59638500214
3.70086789131		2.54564094543
3.70336890221		2.56086444855
3.70587587357		2.57101249695
3.70837306976		2.53041744232
3.71087002754		2.60653305054
3.71336984634		2.49489688873
3.71587586403		2.63698005676
3.71836996078		2.45937633514
3.72087001801		2.66742610931
3.7233710289		2.43400478363
3.72587800026		2.68772315979
3.7283718586		2.40863323212
3.73087096214		2.70802116394
3.73337292671		2.39848423004
3.7358789444		2.71817016602
3.73836493492		2.38833522797
3.74086499214		2.71817016602
3.74336695671		2.393409729
3.74588298798		2.71309566498
3.74837684631		2.40355873108
3.75087499619		2.69787216187
3.75337600708		2.42385578156
3.75588393211		2.67757511139
3.7583758831		2.44922733307
3.760876894		2.6522026062
3.76337599754		2.47967433929
3.76588487625		2.62683105469
3.76837801933		2.51519489288
3.77088093758		2.5913105011
3.77337884903		2.55071544647
3.77588605881		2.56086444855
3.77837896347		2.58116149902
3.78087902069		2.52026939392
3.78337788582		2.61668205261
3.78588604927		2.4898223877
3.78837990761		2.64712810516
3.79087996483		2.45430183411
3.79338288307		2.66742610931
3.79588699341		2.42893028259
3.79838204384		2.68772315979
3.80088186264		2.40863323212
3.80338597298		2.70802116394
3.80588698387		2.393409729
3.808385849		2.71817016602
3.81088399887		2.38833522797
3.813382864		2.71817016602
3.81588387489		2.393409729
3.81838607788		2.70802116394
3.82088494301		2.40355873108
3.82338690758		2.69787216187
3.82589101791		2.42385578156
3.82838797569		2.67757511139
3.83088588715		2.44922733307
3.83338594437		2.64712810516
3.83588695526		2.48474884033
3.83838796616		2.62175655365
3.84088802338		2.51519489288
3.8433868885		2.58116149902
3.8458878994		2.55578994751
3.84839701653		2.55071544647
3.85088801384		2.58623600006
3.85338902473		2.51519489288
3.85589504242		2.61668205261
3.85838985443		2.47967433929
3.86088991165		2.64712810516
3.86338996887		2.44922733307
3.86589288712		2.67757511139
3.86839199066		2.42385578156
3.87089085579		2.69279766083
3.87339186668		2.40863323212
3.87589693069		2.70802116394
3.8783929348		2.393409729
3.88089203835		2.72324466705
3.88339185715		2.38833522797
3.88590192795		2.71817016602
3.88839292526		2.393409729
3.89089393616		2.70802116394
3.89339399338		2.40863323212
3.89590001106		2.69279766083
3.89839601517		2.42893028259
3.90089392662		2.67757511139
3.90339493752		2.45430183411
3.90590286255		2.64712810516
3.90839505196		2.4898223877
3.91089701653		2.61160755157
3.91339707375		2.52534389496
3.91590285301		2.57608699799
3.91839694977		2.55578994751
3.92089700699		2.5405664444
3.92339992523		2.58623600006
3.92591094971		2.51012039185
3.92839789391		2.62175655365
3.93090105057		2.47967433929
3.93339896202		2.6522026062
3.93590593338		2.44922733307
3.93840193748		2.67757511139
3.94089984894		2.42385578156
3.94340085983		2.69787216187
3.94590687752		2.40355873108
3.9484000206		2.71309566498
3.95090103149		2.393409729
3.95339989662		2.71817016602
3.95590901375		2.38833522797
3.95840406418		2.71817016602
3.96090197563		2.393409729
3.96340203285		2.70802116394
3.96590995789		2.40863323212
3.96840405464		2.69279766083
3.97090506554		2.43400478363
3.97340488434		2.66742610931
3.97591304779		2.45937633514
3.97840499878		2.6420545578
3.980905056		2.49997138977
3.98340702057		2.60653305054
3.98591184616		2.53041744232
3.9883980751		2.57101249695
3.99089884758		2.56593894958
3.99339795113		2.5405664444
3.99593305588		2.5913105011
3.9984099865		2.50504589081
4.00090789795		2.62683105469
4.00341391563		2.47459983826
4.0059158802		2.65727710724
4.00840902328		2.44415378571
4.01091003418		2.68264961243
4.01340794563		2.41878128052
4.01591897011		2.69787216187
4.01840901375		2.40355873108
4.02091002464		2.71309566498
4.02341198921		2.38833522797
4.0259180069		2.72324466705
4.02841186523		2.38833522797
4.03091192245		2.71309566498
4.03341197968		2.393409729
4.03591990471		2.7029466629
4.03841400146		2.41370677948
4.04091405869		2.68772315979
4.04341387749		2.43907928467
4.0459189415		2.66742610931
4.04841685295		2.46952533722
4.0509159565		2.63190555573
4.05341506004		2.50504589081
4.05592703819		2.60653305054
4.05841588974		2.5405664444
4.06091594696		2.56593894958
4.06341791153		2.56593894958
4.06591796875		2.53549194336
4.06841897964		2.60145950317
4.0709168911		2.49997138977
4.07341694832		2.63698005676
4.07592487335		2.46952533722
4.07841587067		2.66235160828
4.08092188835		2.43907928467
4.08341884613		2.68772315979
4.08592295647		2.41878128052
4.08842206001		2.7029466629
4.09091997147		2.39848423004
4.09342098236		2.71309566498
4.09592890739		2.38833522797
4.09842085838		2.72324466705
4.10092186928		2.38833522797
4.10342693329		2.71309566498
4.10592889786		2.39848423004
4.10842299461		2.7029466629
4.11092090607		2.41878128052
4.11342191696		2.68264961243
4.11592888832		2.44415378571
4.11842489243		2.66235160828
4.12092494965		2.47459983826
4.12342405319		2.62683105469
4.12593007088		2.50504589081
4.12842488289		2.59638500214
4.13092398643		2.5405664444
4.13342499733		2.56086444855
4.13593292236		2.57101249695
4.13842487335		2.52534389496
4.14092707634		2.60653305054
4.14342594147		2.49489688873
4.14593291283		2.6420545578
4.14842700958		2.45937633514
4.1509270668		2.66742610931
4.15342903137		2.43400478363
4.15593385696		2.68772315979
4.15843391418		2.41370677948
4.16092896461		2.70802116394
4.16342806816		2.39848423004
4.16593694687		2.71817016602
4.1684319973		2.38833522797
4.17092990875		2.71817016602
4.17343401909		2.393409729
4.17593789101		2.71817016602
4.17843198776		2.39848423004
4.18093299866		2.69787216187
4.18343305588		2.41878128052
4.18594098091		2.68264961243
4.18843388557		2.44415378571
4.19093108177		2.6522026062
4.19343304634		2.47967433929
4.19593787193		2.62175655365
4.19843292236		2.51519489288
4.20093488693		2.5913105011
4.20343399048		2.55071544647
4.20594286919		2.55578994751
4.20843505859		2.58116149902
4.2109348774		2.52026939392
4.21343588829		2.61668205261
4.21594190598		2.4898223877
4.21843600273		2.64712810516
4.2209379673		2.45937633514
4.22343587875		2.66742610931
4.22594499588		2.43400478363
4.22843885422		2.68772315979
4.23093700409		2.40863323212
4.23343896866		2.70802116394
4.23594999313		2.393409729
4.23843193054		2.71817016602
4.24093198776		2.38833522797
4.24343204498		2.71817016602
4.2459359169		2.38833522797
4.24844408035		2.71309566498
4.25094103813		2.40355873108
4.25344204903		2.69279766083
4.25594687462		2.42385578156
4.25844192505		2.67250061035
4.26094102859		2.45430183411
4.26344203949		2.6522026062
4.26594400406		2.48474884033
4.26844406128		2.61668205261
4.27094507217		2.52026939392
4.2734439373		2.58623600006
4.27595186234		2.55071544647
4.27844405174		2.55071544647
4.28094387054		2.58623600006
4.28344798088		2.52026939392
4.2859518528		2.61668205261
4.28844594955		2.47967433929
4.29094600677		2.64712810516
4.29344701767		2.45430183411
4.29595208168		2.67250061035
4.29844594002		2.42893028259
4.30094504356		2.69279766083
4.30344796181		2.40355873108
4.30595493317		2.70802116394
4.30844902992		2.393409729
4.31094884872		2.71817016602
4.31345486641		2.38833522797
4.31595492363		2.71817016602
4.31844902039		2.38833522797
4.32094788551		2.70802116394
4.32345199585		2.40863323212
4.32595705986		2.69279766083
4.32844996452		2.42893028259
4.33095097542		2.67250061035
4.33345103264		2.45937633514
4.335958004		2.64712810516
4.3384540081		2.4898223877
4.34095191956		2.61160755157
4.34345197678		2.52534389496
4.34595990181		2.58116149902
4.34845399857		2.56086444855
4.35095405579		2.54564094543
4.35345196724		2.5913105011
4.35596203804		2.51519489288
4.3584549427		2.62683105469
4.36095499992		2.47967433929
4.36345505714		2.6522026062
4.36596393585		2.44922733307
4.36845588684		2.67757511139
4.37095689774		2.42385578156
4.37345600128		2.69279766083
4.37596607208		2.40355873108
4.3784558773		2.71309566498
4.38095593452		2.393409729
4.38345885277		2.71817016602
4.38596391678		2.38326072693
4.38845801353		2.71817016602
4.39096403122		2.39848423004
4.39345788956		2.70802116394
4.39596796036		2.40863323212
4.39846086502		2.69279766083
4.40095996857		2.43400478363
4.40346002579		2.66742610931
4.40596795082		2.45937633514
4.40846085548		2.6420545578
4.41096305847		2.49489688873
4.4134619236		2.60653305054
4.41596889496		2.52534389496
4.41846299171		2.56593894958
4.42096304893		2.56593894958
4.42346286774		2.5405664444
4.42597103119		2.5913105011
4.42846393585		2.50504589081
4.43096494675		2.62683105469
4.43346595764		2.46952533722
4.435972929		2.6522026062
4.43846607208		2.44415378571
4.44096493721		2.68264961243
4.4434659481		2.41878128052
4.44597196579		2.7029466629
4.44846701622		2.40355873108
4.45096707344		2.71309566498
4.45346689224		2.38833522797
4.45597505569		2.71817016602
4.45846700668		2.38326072693
4.46096801758		2.71817016602
4.4634680748		2.39848423004
4.46597003937		2.7029466629
4.46847605705		2.41370677948
4.47096800804		2.68264961243
4.47346997261		2.43400478363
4.47598099709		2.66742610931
4.47847104073		2.46952533722
4.48096990585		2.63698005676
4.48347187042		2.49997138977
4.48597693443		2.60145950317
4.48846507072		2.53549194336
4.49096298218		2.56593894958
4.49346494675		2.57101249695
4.49596786499		2.53549194336
4.49847602844		2.60145950317
4.50097584724		2.50504589081
4.50347495079		2.63190555573
4.50598406792		2.46952533722
4.50847506523		2.66235160828
4.51097393036		2.43907928467
4.51347589493		2.68772315979
4.51598405838		2.41370677948
4.51847505569		2.7029466629
4.52097606659		2.39848423004
4.52347588539		2.71309566498
4.52598285675		2.38833522797
4.52847790718		2.71817016602
4.53097701073		2.38833522797
4.5334789753		2.71309566498
4.53598499298		2.39848423004
4.53847789764		2.7029466629
4.54097890854		2.41878128052
4.54347896576		2.68264961243
4.54599189758		2.43907928467
4.54848194122		2.66235160828
4.550978899		2.47459983826
4.5534799099		2.62683105469
4.55598902702		2.50504589081
4.55848193169		2.59638500214
4.56098389626		2.5405664444
4.56348204613		2.56593894958
4.56598806381		2.57608699799
4.56848406792		2.53549194336
4.57102203369		2.60145950317
4.57348585129		2.49489688873
4.57599186897		2.63698005676
4.57848405838		2.45937633514
4.58098602295		2.66235160828
4.5834839344		2.43400478363
4.58599305153		2.68264961243
4.58848404884		2.41370677948
4.59098505974		2.7029466629
4.59348607063		2.39848423004
4.59599399567		2.71817016602
4.59848690033		2.38833522797
4.6009888649		2.71817016602
4.60348701477		2.393409729
4.60599398613		2.71309566498
4.60848808289		2.40355873108
4.61098694801		2.69787216187
4.61348986626		2.41878128052
4.61599588394		2.68264961243
4.6184899807		2.44922733307
4.62099003792		2.6522026062
4.62349486351		2.47967433929
4.62599992752		2.62683105469
4.62848997116		2.51012039185
4.63099002838		2.58623600006
4.63349103928		2.54564094543
4.63599896431		2.56086444855
4.63849186897		2.58116149902
4.64099192619		2.52026939392
4.64349293709		2.61160755157
4.64600086212		2.48474884033
4.64849305153		2.6420545578
4.65099406242		2.45937633514
4.65349507332		2.67250061035
4.65599989891		2.42893028259
4.65849494934		2.69279766083
4.66099405289		2.41370677948
4.66349506378		2.70802116394
4.66599798203		2.39848423004
4.66849684715		2.71817016602
4.67099690437		2.38833522797
4.67349696159		2.71817016602
4.67600393295		2.393409729
4.67849707603		2.71309566498
4.6809990406		2.40355873108
4.68349885941		2.69787216187
4.68600487709		2.42385578156
4.6884970665		2.67757511139
4.69099998474		2.44922733307
4.69349884987		2.6522026062
4.69600605965		2.48474884033
4.69850087166		2.61668205261
4.70100402832		2.51519489288
4.70350003242		2.58623600006
4.70600891113		2.55071544647
4.70849990845		2.55071544647
4.71100187302		2.58623600006
4.71350193024		2.52026939392
4.7160089016		2.61668205261
4.71850299835		2.47967433929
4.72100186348		2.64712810516
4.7235019207		2.44922733307
4.72601103783		2.67757511139
4.72850298882		2.42893028259
4.73100495338		2.69279766083
4.73350286484		2.40863323212
4.73601102829		2.70802116394
4.73849797249		2.393409729
4.74099588394		2.71817016602
4.74349689484		2.38833522797
4.74600195885		2.71817016602
4.74850797653		2.393409729
4.75100588799		2.71309566498
4.75350689888		2.40863323212
4.75601506233		2.69279766083
4.75850701332		2.42893028259
4.76100993156		2.67250061035
4.76350903511		2.45430183411
4.76601600647		2.64712810516
4.76850891113		2.4898223877
4.77100992203		2.61160755157
4.77350997925		2.52534389496
4.77601599693		2.58116149902
4.77851605415		2.56086444855
4.78101086617		2.54564094543
4.78351092339		2.5913105011
4.78601694107		2.51519489288
4.78851103783		2.62175655365
4.7910130024		2.47967433929
4.79350996017		2.65727710724
4.7960190773		2.44922733307
4.79851293564		2.67757511139
4.80101203918		2.42385578156
4.80351305008		2.69787216187
4.80602097511		2.40355873108
4.80851602554		2.71309566498
4.81101489067		2.393409729
4.81351494789		2.71817016602
4.8160200119		2.38326072693
4.81851506233		2.71309566498
4.82101607323		2.393409729
4.82351708412		2.70802116394
4.82602405548		2.40863323212
4.82851791382		2.68772315979
4.83101797104		2.42893028259
4.83351802826		2.66742610931
4.83602499962		2.45937633514
4.83851695061		2.6420545578
4.8410179615		2.49489688873
4.8435189724		2.60653305054
4.84602499008		2.53041744232
4.84852004051		2.57101249695
4.85101985931		2.56086444855
4.85351991653		2.5405664444
4.85603499413		2.5913105011
4.85852003098		2.50504589081
4.86101984978		2.62683105469
4.86352205276		2.47459983826
4.86602187157		2.65727710724
4.86852288246		2.43907928467
4.87102293968		2.68264961243
4.8735229969		2.42385578156
4.87603092194		2.69787216187
4.87852287292		2.39848423004
4.88102388382		2.71309566498
4.88352489471		2.38833522797
4.8860309124		2.71817016602
4.8885269165		2.38833522797
4.89102387428		2.71309566498
4.89352488518		2.39848423004
4.89603495598		2.7029466629
4.89852595329		2.41370677948
4.90102386475		2.68772315979
4.90352702141		2.43907928467
4.90603303909		2.66742610931
4.90852689743		2.46952533722
4.91102695465		2.63190555573
4.91352891922		2.49997138977
4.91603398323		2.60145950317
4.91852807999		2.53549194336
4.92102885246		2.56593894958
4.92353105545		2.57101249695
4.92603802681		2.53041744232
4.92853093147		2.60145950317
4.93103003502		2.49997138977
4.93353700638		2.62683105469
4.93603801727		2.46445083618
4.93853187561		2.65727710724
4.94103193283		2.43907928467
4.94353103638		2.68264961243
4.94603896141		2.41370677948
4.94853305817		2.70802116394
4.95103287697		2.40355873108
4.95353388786		2.71309566498
4.95603990555		2.393409729
4.95853304863		2.72324466705
4.96103596687		2.38833522797
4.96353507042		2.71817016602
4.96604204178		2.39848423004
4.96853590012		2.7029466629
4.97103500366		2.41370677948
4.97353696823		2.68264961243
4.97604107857		2.44415378571
4.97853899002		2.65727710724
4.98103690147		2.46952533722
4.98353505135		2.62683105469
4.98604488373		2.50504589081
4.98853206635		2.59638500214
4.9910299778		2.54564094543
4.99353194237		2.56086444855
4.99603295326		2.57608699799
4.99854207039		2.53041744232
