0.000126123428345		2.60145950317
0.0039689540863		2.47459983826
0.00672101974487		2.67757511139
0.00947499275208		2.44922733307
0.0122151374817		2.58116149902
0.0148379802704		2.66742610931
0.0175881385803		2.41878128052
0.0202219486237		2.66235160828
0.0229640007019		2.57608699799
0.0255930423737		2.43907928467
0.0282220840454		2.69279766083
0.0308439731598		2.47967433929
0.0335910320282		2.52026939392
0.0362150669098		2.67250061035
0.03884100914		2.44922733307
0.0415930747986		2.60653305054
0.0442171096802		2.65727710724
0.0468440055847		2.41370677948
0.0495979785919		2.67757511139
0.0522179603577		2.56593894958
0.0548779964447		2.44922733307
0.0575950145721		2.68772315979
0.0602259635925		2.45430183411
0.0628459453583		2.52534389496
0.0654709339142		2.67250061035
0.0680959224701		2.44922733307
0.070739030838		2.59638500214
0.0734801292419		2.65727710724
0.0762279033661		2.40355873108
0.0789849758148		2.68772315979
0.0817360877991		2.51012039185
0.0844841003418		2.4898223877
0.0872330665588		2.67250061035
0.0899879932404		2.44922733307
0.0927319526672		2.60653305054
0.095358133316		2.65727710724
0.098109960556		2.40355873108
0.100740909576		2.67757511139
0.103482961655		2.5405664444
0.106111049652		2.46445083618
0.108860969543		2.67757511139
0.111611127853		2.44922733307
0.114234924316		2.56086444855
0.11686205864		2.67250061035
0.119612932205		2.43400478363
0.122236967087		2.6420545578
0.124985933304		2.60145950317
0.127614021301		2.41878128052
0.130363941193		2.68772315979
0.133111953735		2.47459983826
0.135738134384		2.51519489288
0.138370990753		2.67250061035
0.141120910645		2.44922733307
0.143863916397		2.61668205261
0.146615028381		2.6420545578
0.149276018143		2.41370677948
0.151992082596		2.68772315979
0.154616117477		2.53041744232
0.157366037369		2.47967433929
0.159996032715		2.67757511139
0.162740945816		2.44922733307
0.165365934372		2.56593894958
0.167994022369		2.67250061035
0.170746088028		2.42893028259
0.173494100571		2.65727710724
0.176118135452		2.60145950317
0.178750991821		2.42385578156
0.181493997574		2.68772315979
0.184123039246		2.47967433929
0.186870098114		2.51519489288
0.189630031586		2.67250061035
0.192369937897		2.44415378571
0.194996118546		2.61668205261
0.197750091553		2.63698005676
0.200501918793		2.41370677948
0.203248023987		2.69279766083
0.205996990204		2.48474884033
0.208629131317		2.50504589081
0.211374044418		2.67250061035
0.214122056961		2.44922733307
0.216748952866		2.60653305054
0.21950507164		2.6522026062
0.222255945206		2.40863323212
0.224998950958		2.68772315979
0.227623939514		2.52534389496
0.230257987976		2.46952533722
0.233000993729		2.68264961243
0.235626935959		2.44415378571
0.238251924515		2.55071544647
0.241004943848		2.66742610931
0.24375295639		2.42385578156
0.246500968933		2.65727710724
0.249128103256		2.59638500214
0.251754045486		2.42893028259
0.254378080368		2.68772315979
0.257004022598		2.49489688873
0.259755134583		2.50504589081
0.262381076813		2.67250061035
0.265007019043		2.44922733307
0.267628908157		2.57101249695
0.270258903503		2.66742610931
0.273005962372		2.41878128052
0.275631904602		2.6522026062
0.278257131577		2.60653305054
0.280882120132		2.42385578156
0.283632993698		2.68772315979
0.286255121231		2.4898223877
0.288891077042		2.49997138977
0.291631937027		2.67250061035
0.294258117676		2.44922733307
0.296884059906		2.58116149902
0.299634933472		2.66235160828
0.302259922028		2.41878128052
0.305016994476		2.66742610931
0.307760000229		2.55578994751
0.310382127762		2.45430183411
0.313003063202		2.69279766083
0.315628051758		2.46445083618
0.318253040314		2.52026939392
0.320894002914		2.67250061035
0.323637962341		2.44922733307
0.326386928558		2.61668205261
0.329020023346		2.6522026062
0.331763982773		2.41370677948
0.33438706398		2.68264961243
0.337014913559		2.54564094543
0.339640140533		2.45937633514
0.342266082764		2.68772315979
0.344888925552		2.45937633514
0.347640037537		2.5405664444
0.350266933441		2.66742610931
0.353014945984		2.44415378571
0.355638980865		2.62175655365
0.358266115189		2.64712810516
0.360893964767		2.40863323212
0.363644123077		2.68264961243
0.366266965866		2.53549194336
0.368900060654		2.46952533722
0.371644020081		2.68264961243
0.374268054962		2.44922733307
0.376893997192		2.55071544647
0.379646062851		2.66742610931
0.382270097733		2.43907928467
0.384895086288		2.63190555573
0.387651920319		2.62175655365
0.390402078629		2.42385578156
0.393149137497		2.68772315979
0.395898103714		2.46445083618
0.39865398407		2.52534389496
0.401421070099		2.66742610931
0.404149055481		2.43907928467
0.406898975372		2.63698005676
0.409651994705		2.60145950317
0.412400007248		2.43400478363
0.41502404213		2.69279766083
0.41764998436		2.48474884033
0.42027592659		2.49489688873
0.422902107239		2.67250061035
0.425651073456		2.44922733307
0.428409099579		2.61160755157
0.43115901947		2.6522026062
0.433907032013		2.40863323212
0.436651945114		2.68264961243
0.439310073853		2.52534389496
0.442034006119		2.47967433929
0.44477891922		2.67250061035
0.447530031204		2.44922733307
0.450155973434		2.58116149902
0.452903985977		2.66235160828
0.455656051636		2.40863323212
0.458281040192		2.66742610931
0.460906028748		2.57608699799
0.463654994965		2.44415378571
0.466284036636		2.68772315979
0.469043016434		2.45430183411
0.471812963486		2.55071544647
0.474534034729		2.66742610931
0.477282047272		2.42893028259
0.479913949966		2.64712810516
0.482659101486		2.60145950317
0.485284090042		2.42385578156
0.487910985947		2.68772315979
0.490664958954		2.48474884033
0.493408918381		2.51519489288
0.496033906937		2.67250061035
0.49866104126		2.45430183411
0.501411914825		2.59638500214
0.504034996033		2.66235160828
0.506788015366		2.40863323212
0.50941991806		2.67250061035
0.512161970139		2.55071544647
0.514790058136		2.45430183411
0.517413139343		2.68772315979
0.520041942596		2.45937633514
0.522789001465		2.53549194336
0.525538921356		2.67250061035
0.528162956238		2.44415378571
0.530793905258		2.62175655365
0.533540964127		2.63190555573
0.536166906357		2.40863323212
0.53892493248		2.68772315979
0.541665077209		2.49997138977
0.544420957565		2.50504589081
0.547167062759		2.67250061035
0.549792051315		2.45430183411
0.552417993546		2.58623600006
0.555185079575		2.65727710724
0.557917118073		2.40355873108
0.56066608429		2.68264961243
0.563285112381		2.54564094543
0.565911054611		2.45937633514
0.568571090698		2.68264961243
0.571296930313		2.44922733307
0.574046134949		2.55578994751
0.576671123505		2.67250061035
0.579332113266		2.43907928467
0.582046985626		2.63698005676
0.584671974182		2.62683105469
0.587296962738		2.40863323212
0.589927911758		2.68264961243
0.592673063278		2.51519489288
0.595423936844		2.49489688873
0.598047971725		2.67757511139
0.600676059723		2.44922733307
0.603424072266		2.57608699799
0.606049060822		2.66742610931
0.608680963516		2.43400478363
0.61142706871		2.6522026062
0.614176988602		2.58116149902
0.61692404747		2.44922733307
0.619678020477		2.68772315979
0.622425079346		2.44922733307
0.62505197525		2.54564094543
0.62767791748		2.67250061035
0.630434036255		2.43907928467
0.633182048798		2.6420545578
0.635927915573		2.60145950317
0.638692140579		2.43400478363
0.641428947449		2.68772315979
0.644053936005		2.47459983826
0.646680116653		2.51012039185
0.649435997009		2.67250061035
0.65218091011		2.44922733307
0.654804944992		2.61160755157
0.657431125641		2.65727710724
0.660058021545		2.40863323212
0.662806987762		2.67757511139
0.665431976318		2.55071544647
0.668057918549		2.45430183411
0.670684099197		2.68772315979
0.673310041428		2.46445083618
0.676059007645		2.53549194336
0.678690910339		2.67250061035
0.681433916092		2.44922733307
0.684058904648		2.61668205261
0.686686038971		2.64712810516
0.689402103424		2.40355873108
0.692062139511		2.68264961243
0.694811105728		2.52026939392
0.697437047958		2.47459983826
0.700190067291		2.67757511139
0.70293712616		2.44922733307
0.705687046051		2.58623600006
0.708312988281		2.66742610931
0.71106505394		2.41370677948
0.713814020157		2.67250061035
0.716562986374		2.55071544647
0.719188928604		2.45937633514
0.721946001053		2.68264961243
0.724690914154		2.44415378571
0.727448940277		2.57101249695
0.730195999146		2.66742610931
0.73294210434		2.41370677948
0.735690116882		2.66742610931
0.738318920135		2.56593894958
0.74107003212		2.45937633514
0.743816137314		2.68264961243
0.746443033218		2.44922733307
0.749073982239		2.53041744232
0.751819133759		2.66742610931
0.754444122314		2.44415378571
0.757071018219		2.61668205261
0.759696006775		2.64712810516
0.762444972992		2.40863323212
0.765069007874		2.68264961243
0.767695903778		2.5405664444
0.770323038101		2.45937633514
0.772948026657		2.68264961243
0.775697946548		2.44922733307
0.778324127197		2.54564094543
0.781074047089		2.66742610931
0.783823013306		2.43400478363
0.786448001862		2.63698005676
0.789073944092		2.62683105469
0.79182600975		2.41878128052
0.794450044632		2.68772315979
0.797199964523		2.4898223877
0.799825906754		2.49489688873
0.802575111389		2.67250061035
0.805331945419		2.44922733307
0.808074951172		2.61160755157
0.810701131821		2.6522026062
0.813318967819		2.40863323212
0.815946102142		2.66235160828
0.818607091904		2.57101249695
0.821332931519		2.44922733307
0.824078083038		2.68772315979
0.826704978943		2.45430183411
0.829462051392		2.54564094543
0.832202911377		2.67250061035
0.83497095108		2.42893028259
0.837705135345		2.65727710724
0.840335130692		2.60145950317
0.843082904816		2.43400478363
0.845830917358		2.69279766083
0.848455905914		2.46445083618
0.851206064224		2.53041744232
0.853832960129		2.67250061035
0.856456041336		2.45430183411
0.859091043472		2.60145950317
0.861833095551		2.6522026062
0.864459991455		2.40863323212
0.867083072662		2.67250061035
0.869710922241		2.57101249695
0.872334003448		2.43907928467
0.874959945679		2.68772315979
0.877710103989		2.46445083618
0.880336046219		2.52026939392
0.882961034775		2.67250061035
0.885709047318		2.44922733307
0.888343095779		2.61160755157
0.891088008881		2.64712810516
0.893713951111		2.40863323212
0.896462917328		2.68264961243
0.899097919464		2.53549194336
0.901839017868		2.47459983826
0.90446305275		2.68264961243
0.90708899498		2.44922733307
0.90971493721		2.5405664444
0.912339925766		2.67250061035
0.914964914322		2.44922733307
0.917715072632		2.62683105469
0.920341968536		2.63698005676
0.922966957092		2.40863323212
0.925719976425		2.68772315979
0.928471088409		2.4898223877
0.931222915649		2.49489688873
0.933968067169		2.67250061035
0.936717987061		2.45430183411
0.939373016357		2.60145950317
0.942096948624		2.65727710724
0.944844007492		2.40863323212
0.947473049164		2.67757511139
0.950225114822		2.53549194336
0.952973127365		2.48474884033
0.955723047256		2.67250061035
0.958471059799		2.44922733307
0.961223125458		2.5913105011
0.963972091675		2.6522026062
0.966721057892		2.40355873108
0.969356060028		2.67757511139
0.972105979919		2.53549194336
0.974848031998		2.47459983826
0.977472066879		2.68264961243
0.980102062225		2.44415378571
0.982850074768		2.55578994751
0.985599040985		2.66742610931
0.98822593689		2.42893028259
0.990855932236		2.6420545578
0.993600130081		2.60653305054
0.996226072311		2.42385578156
0.998857975006		2.68772315979
1.00160193443		2.48474884033
1.0042309761		2.49997138977
1.00697898865		2.67250061035
1.00973105431		2.45430183411
1.01247692108		2.61160755157
1.01510310173		2.65727710724
1.01772809029		2.40863323212
1.02035903931		2.66742610931
1.02310395241		2.55071544647
1.02585601807		2.46445083618
1.02848100662		2.68264961243
1.03123211861		2.44415378571
1.03398013115		2.56593894958
1.03673100471		2.66742610931
1.03948903084		2.41878128052
1.04223203659		2.66742610931
1.04498195648		2.55071544647
1.04773306847		2.46445083618
1.05036211014		2.68264961243
1.05310893059		2.44922733307
1.05573892593		2.54564094543
1.05848503113		2.67250061035
1.06122612953		2.42893028259
1.06385207176		2.6420545578
1.06647801399		2.62683105469
1.06910705566		2.41370677948
1.07173705101		2.68772315979
1.07436203957		2.52026939392
1.07698607445		2.47459983826
1.07974505424		2.67757511139
1.08248806		2.44922733307
1.08523797989		2.58116149902
1.08786296844		2.66742610931
1.09049105644		2.42385578156
1.09324502945		2.65727710724
1.09599113464		2.57101249695
1.09874105453		2.45430183411
1.10136604309		2.68772315979
1.10399007797		2.45937633514
1.10674309731		2.53549194336
1.10949611664		2.67250061035
1.11224603653		2.43907928467
1.11499094963		2.64712810516
1.11774110794		2.59638500214
1.12037301064		2.42893028259
1.12311697006		2.69279766083
1.12574291229		2.47967433929
1.12836813927		2.51012039185
1.13111901283		2.66742610931
1.13374400139		2.44922733307
1.13636898994		2.58116149902
1.1390080452		2.66235160828
1.14174604416		2.41370677948
1.14437103271		2.66235160828
1.14712095261		2.56086444855
1.1497490406		2.44415378571
1.15249490738		2.68264961243
1.15512299538		2.45937633514
1.15774607658		2.52534389496
1.16037392616		2.67250061035
1.1629960537		2.44922733307
1.16574907303		2.60653305054
1.16837310791		2.6522026062
1.17112493515		2.40863323212
1.17387294769		2.68264961243
1.17649912834		2.53041744232
1.17913103104		2.46952533722
1.18187499046		2.68264961243
1.18449997902		2.44922733307
1.18712592125		2.55071544647
1.1897559166		2.67250061035
1.19250106812		2.43907928467
1.19512796402		2.63190555573
1.1977519989		2.6420545578
1.2003800869		2.40863323212
1.20312809944		2.68772315979
1.20575499535		2.52026939392
1.20854091644		2.4898223877
1.21125507355		2.67250061035
1.21400499344		2.44922733307
1.21675801277		2.59638500214
1.21951198578		2.6522026062
1.22226309776		2.40863323212
1.22500610352		2.68264961243
1.22775697708		2.50504589081
1.23038601875		2.48474884033
1.23313093185		2.67757511139
1.2357571125		2.44922733307
1.23838305473		2.57101249695
1.24113607407		2.66742610931
1.24388504028		2.41370677948
1.24663996696		2.66742610931
1.24939012527		2.55071544647
1.25213503838		2.46445083618
1.25488400459		2.67757511139
1.25750994682		2.44922733307
1.26013803482		2.54564094543
1.2627620697		2.67250061035
1.26538705826		2.44415378571
1.26801204681		2.62175655365
1.27076411247		2.63190555573
1.27351403236		2.41370677948
1.27613711357		2.68772315979
1.27876996994		2.52026939392
1.28151512146		2.4898223877
1.28426408768		2.67757511139
1.28688693047		2.44922733307
1.28951597214		2.57101249695
1.29213905334		2.66742610931
1.29476499557		2.43400478363
1.29738998413		2.63698005676
1.30001807213		2.62683105469
1.30276608467		2.41878128052
1.30539703369		2.69279766083
1.30814099312		2.49489688873
1.31076192856		2.49489688873
1.31338500977		2.67757511139
1.31600904465		2.44922733307
1.31863903999		2.56593894958
1.32139492035		2.66235160828
1.32414507866		2.41878128052
1.32677006721		2.6522026062
1.32940292358		2.59638500214
1.33214998245		2.43400478363
1.33490204811		2.69279766083
1.33764696121		2.45430183411
1.34027409554		2.53041744232
1.3430249691		2.67250061035
1.34577393532		2.43907928467
1.34854793549		2.64712810516
1.35127496719		2.60145950317
1.35402297974		2.43400478363
1.35677313805		2.69279766083
1.35940313339		2.46952533722
1.36215305328		2.52534389496
1.36490011215		2.66742610931
1.36752390862		2.44922733307
1.3701570034		2.61160755157
1.37290096283		2.6420545578
1.37552595139		2.40863323212
1.3782749176		2.68772315979
1.38090491295		2.53041744232
1.38365507126		2.48474884033
1.38640213013		2.67250061035
1.38903594017		2.44922733307
1.39178109169		2.58116149902
1.39453005791		2.66235160828
1.39728093147		2.40863323212
1.40003108978		2.67757511139
1.40278100967		2.53549194336
1.40540504456		2.46445083618
1.40803194046		2.68264961243
1.41078090668		2.44415378571
1.41340613365		2.54564094543
1.41615700722		2.66742610931
1.41881394386		2.43400478363
1.42153310776		2.6420545578
1.42415690422		2.61668205261
1.42678713799		2.41370677948
1.42953491211		2.68772315979
1.43228697777		2.48474884033
1.43503308296		2.52026939392
1.43778300285		2.67250061035
1.44041109085		2.44922733307
1.44315910339		2.61668205261
1.44578504562		2.6522026062
1.44854307175		2.40863323212
1.45128512383		2.68264961243
1.45391106606		2.52534389496
1.45653700829		2.46952533722
1.45917201042		2.68264961243
1.4619140625		2.44415378571
1.46453690529		2.55071544647
1.46716403961		2.66742610931
1.4699139595		2.43907928467
1.47254490852		2.63698005676
1.47529101372		2.61668205261
1.47791290283		2.41370677948
1.4805419445		2.68772315979
1.48328995705		2.49489688873
1.48591709137		2.49489688873
1.48854613304		2.67250061035
1.49129199982		2.44415378571
1.49404191971		2.5913105011
1.49679112434		2.66235160828
1.49942398071		2.41370677948
1.50216698647		2.67250061035
1.50479197502		2.56593894958
1.50741791725		2.44415378571
1.51017093658		2.68264961243
1.51291704178		2.44922733307
1.51554298401		2.5405664444
1.51816892624		2.66742610931
1.52080011368		2.45430183411
1.5235490799		2.62683105469
1.52629709244		2.62683105469
1.52892708778		2.41370677948
1.53167009354		2.68772315979
1.53429698944		2.51012039185
1.53704810143		2.49997138977
1.53979802132		2.67250061035
1.54242300987		2.44922733307
1.54504704475		2.58116149902
1.54779911041		2.66235160828
1.55042505264		2.42385578156
1.55304908752		2.65727710724
1.55580496788		2.57608699799
1.55855703354		2.44922733307
1.56129193306		2.68772315979
1.56391692162		2.45430183411
1.56654191017		2.53041744232
1.56917190552		2.67250061035
1.57180309296		2.45430183411
1.57442593575		2.60145950317
1.57705307007		2.65727710724
1.57980298996		2.40863323212
1.58242893219		2.67250061035
1.5850520134		2.56593894958
1.58780407906		2.45937633514
1.59043693542		2.68772315979
1.59317994118		2.44922733307
1.59580492973		2.53549194336
1.59842801094		2.67250061035
1.60118198395		2.44415378571
1.60392904282		2.63698005676
1.60655713081		2.62683105469
1.60934209824		2.41878128052
1.61205911636		2.69279766083
1.61480712891		2.47459983826
1.61743211746		2.50504589081
1.62005996704		2.67250061035
1.62280702591		2.44922733307
1.62543201447		2.58623600006
1.6280579567		2.66235160828
1.63081693649		2.41370677948
1.63356113434		2.67250061035
1.63630890846		2.5405664444
1.63894891739		2.46445083618
1.64168691635		2.68264961243
1.64443612099		2.44922733307
1.64706206322		2.56086444855
1.64981293678		2.66742610931
1.65243697166		2.43400478363
1.65506196022		2.6420545578
1.65781211853		2.60653305054
1.66043996811		2.41878128052
1.66318893433		2.68772315979
1.66581201553		2.4898223877
1.66843891144		2.49489688873
1.67119002342		2.66742610931
1.67393803596		2.45430183411
1.67656612396		2.59638500214
1.67919206619		2.66235160828
1.68194007874		2.40863323212
1.68456506729		2.66742610931
1.6871919632		2.58116149902
1.68981909752		2.43400478363
1.69244194031		2.69279766083
1.69506692886		2.47967433929
1.69781804085		2.51519489288
1.70044398308		2.67250061035
1.7031929493		2.44922733307
1.70581793785		2.60145950317
1.70844697952		2.65727710724
1.71119713783		2.40863323212
1.71381998062		2.67250061035
1.71644592285		2.57101249695
1.71907806396		2.44415378571
1.72182798386		2.68772315979
1.72457003593		2.44922733307
1.72719693184		2.5405664444
1.72982501984		2.67250061035
1.7325720787		2.44415378571
1.73519706726		2.62175655365
1.73782491684		2.64712810516
1.74045205116		2.41370677948
1.74319911003		2.68772315979
1.74582409859		2.5405664444
1.74845004082		2.46952533722
1.75119304657		2.68264961243
1.75381708145		2.44922733307
1.75644302368		2.5405664444
1.75907206535		2.67250061035
1.76182699203		2.44415378571
1.76445007324		2.62683105469
1.76707696915		2.63698005676
1.76982808113		2.41370677948
1.77245306969		2.68772315979
1.77520298958		2.50504589081
1.7778301239		2.48474884033
1.78058195114		2.67250061035
1.78320407867		2.44922733307
1.7858300209		2.56593894958
1.78845500946		2.66742610931
1.79120802879		2.42893028259
1.79395604134		2.65727710724
1.79658102989		2.59638500214
1.79924201965		2.42893028259
1.80195593834		2.69279766083
1.80460190773		2.47459983826
1.80733299255		2.52026939392
1.80995607376		2.66742610931
1.81257605553		2.45430183411
1.81520104408		2.58623600006
1.81782793999		2.66742610931
1.82047009468		2.41878128052
1.82321095467		2.66235160828
1.82583498955		2.58116149902
1.8286011219		2.44922733307
1.83133602142		2.68264961243
1.83396196365		2.45937633514
1.83658790588		2.52534389496
1.83924603462		2.66742610931
1.84196209908		2.44922733307
1.84458613396		2.61160755157
1.84721302986		2.65727710724
1.84984207153		2.40863323212
1.85259103775		2.67757511139
1.85534095764		2.53041744232
1.85808992386		2.48474884033
1.86084103584		2.67757511139
1.86359000206		2.45430183411
1.86621713638		2.58116149902
1.8688480854		2.66742610931
1.87159109116		2.41878128052
1.87422013283		2.65727710724
1.8769659996		2.57608699799
1.8795940876		2.43400478363
1.88222002983		2.68772315979
1.8849670887		2.46445083618
1.88759803772		2.51519489288
1.89034605026		2.66742610931
1.89309310913		2.44415378571
1.89584302902		2.62683105469
1.89846992493		2.63190555573
1.90121912956		2.41370677948
1.90384697914		2.68264961243
1.90647101402		2.53041744232
1.90910410881		2.47459983826
1.91184711456		2.67757511139
1.91447091103		2.44922733307
1.917096138		2.55578994751
1.91984796524		2.66742610931
1.9224729538		2.43907928467
1.92509698868		2.63698005676
1.92784690857		2.61668205261
1.93047595024		2.41878128052
1.93322396278		2.68772315979
1.93584799767		2.49489688873
1.93847608566		2.49997138977
1.94122600555		2.67250061035
1.94397497177		2.45430183411
1.94660210609		2.5913105011
1.94926309586		2.66235160828
1.95197701454		2.41370677948
1.95460104942		2.66235160828
1.95722699165		2.58116149902
1.95985507965		2.43400478363
1.96247911453		2.69279766083
1.96510195732		2.48474884033
1.96785402298		2.51519489288
1.97048711777		2.66742610931
1.97322797775		2.44922733307
1.97585511208		2.59638500214
1.97847890854		2.66235160828
1.98123192787		2.40863323212
1.98397803307		2.67757511139
1.98660492897		2.55578994751
1.98926210403		2.45430183411
1.99198412895		2.68264961243
1.99473404884		2.44415378571
1.99748206139		2.56086444855
2.00010991096		2.66742610931
2.00285696983		2.42893028259
2.00548410416		2.6420545578
2.00811100006		2.61160755157
2.01086091995		2.42385578156
2.01360797882		2.69279766083
2.01623511314		2.47967433929
2.01886701584		2.49997138977
2.02161407471		2.67250061035
2.02436709404		2.45430183411
2.02711606026		2.62175655365
2.02986907959		2.63698005676
2.03261399269		2.41370677948
2.03536295891		2.69279766083
2.03811407089		2.48474884033
2.04086709023		2.51519489288
2.04361391068		2.66742610931
2.04636597633		2.44922733307
2.04911398888		2.63190555573
2.05186390877		2.62175655365
2.05451202393		2.41370677948
2.05724096298		2.68772315979
2.05986404419		2.50504589081
2.06248092651		2.47967433929
2.06510901451		2.67757511139
2.06773304939		2.44922733307
2.07036995888		2.54564094543
2.07311701775		2.66742610931
2.07587099075		2.42385578156
2.07862496376		2.6522026062
2.08136892319		2.58116149902
2.08399605751		2.43907928467
2.08674407005		2.69279766083
2.08937692642		2.46445083618
2.09211993217		2.53549194336
2.09487009048		2.66742610931
2.09749603271		2.44922733307
2.10024690628		2.63190555573
2.10286998749		2.63698005676
2.10549712181		2.40863323212
2.1081199646		2.67757511139
2.11087203026		2.52534389496
2.11349892616		2.47459983826
2.1162481308		2.67757511139
2.11887907982		2.44415378571
2.12162494659		2.57101249695
2.12425208092		2.66742610931
2.12700104713		2.42385578156
2.12975096703		2.66235160828
2.13237595558		2.5913105011
2.13499999046		2.42893028259
2.13763213158		2.69279766083
2.14037895203		2.47459983826
2.14300203323		2.51012039185
2.14562702179		2.67250061035
2.14825201035		2.44922733307
2.15087795258		2.57608699799
2.15350413322		2.66742610931
2.15612912178		2.42893028259
2.15888810158		2.65727710724
2.16162896156		2.58116149902
2.16425490379		2.43400478363
2.16700410843		2.68772315979
2.16963195801		2.46445083618
2.17238092422		2.53041744232
2.17500591278		2.67250061035
2.17763113976		2.44922733307
2.18025898933		2.60145950317
2.18300795555		2.6522026062
2.18575811386		2.40355873108
2.18838310242		2.68772315979
2.1911380291		2.52534389496
2.19388413429		2.48474884033
2.19650912285		2.67757511139
2.19914102554		2.44922733307
2.2018840313		2.56593894958
2.20450901985		2.66742610931
2.20713496208		2.43907928467
2.20988702774		2.64712810516
2.21263504028		2.59638500214
2.21526098251		2.42893028259
2.2178850174		2.69279766083
2.22052311897		2.49489688873
2.22326207161		2.50504589081
2.22588706017		2.67250061035
2.22856903076		2.44922733307
2.2312669754		2.5913105011
2.23401594162		2.65727710724
2.23676395416		2.40863323212
2.23939704895		2.67250061035
2.2421400547		2.5405664444
2.24488997459		2.47459983826
2.24751400948		2.68264961243
2.25014805794		2.44922733307
2.25289106369		2.56086444855
2.25551700592		2.67250061035
2.25814199448		2.43907928467
2.26089310646		2.6420545578
2.26351594925		2.63190555573
2.26614308357		2.41370677948
2.2689011097		2.68772315979
2.27164411545		2.49489688873
2.27439713478		2.51012039185
2.277146101		2.66742610931
2.27989602089		2.44922733307
2.28252005577		2.60653305054
2.28514409065		2.65727710724
2.28789591789		2.40863323212
2.29052209854		2.67250061035
2.29327106476		2.53549194336
2.29589509964		2.46445083618
2.29853105545		2.68264961243
2.30127191544		2.44922733307
2.3039059639		2.54564094543
2.30664896965		2.67250061035
2.30930995941		2.44415378571
2.31201601028		2.6420545578
2.31464004517		2.62683105469
2.31726694107		2.40863323212
2.31990408897		2.68772315979
2.32265210152		2.50504589081
2.32540202141		2.50504589081
2.32815313339		2.67250061035
2.33090209961		2.45430183411
2.33352613449		2.59638500214
2.33615207672		2.65727710724
2.33891010284		2.40863323212
2.3416531086		2.67757511139
2.3442800045		2.55071544647
2.34702897072		2.46952533722
2.34965705872		2.68264961243
2.35242295265		2.44922733307
2.35515594482		2.56593894958
2.35790610313		2.66742610931
2.36053204536		2.42893028259
2.36328196526		2.65727710724
2.36590695381		2.59638500214
2.36853790283		2.42385578156
2.37128090858		2.69279766083
2.37390613556		2.48474884033
2.37653207779		2.49997138977
2.37916612625		2.67250061035
2.38190698624		2.45430183411
2.38453412056		2.58623600006
2.38716506958		2.66235160828
2.38991594315		2.41370677948
2.39265990257		2.67250061035
2.39528512955		2.57101249695
2.39791107178		2.43907928467
2.40066194534		2.68772315979
2.40328812599		2.45937633514
2.40591311455		2.52026939392
2.40854692459		2.67250061035
2.41128492355		2.44922733307
2.41391396523		2.60653305054
2.41653704643		2.65727710724
2.4191699028		2.40863323212
2.42191410065		2.67757511139
2.42453813553		2.56086444855
2.42717003822		2.44922733307
2.42991805077		2.68772315979
2.43266391754		2.44922733307
2.43529009819		2.54564094543
2.43791699409		2.66742610931
2.44066691399		2.44415378571
2.44329190254		2.63190555573
2.44591498375		2.63698005676
2.44854998589		2.40863323212
2.45129203796		2.68264961243
2.45392107964		2.52534389496
2.45654296875		2.46952533722
2.45917606354		2.68264961243
2.46191906929		2.44415378571
2.46454405785		2.55071544647
2.4671690464		2.67250061035
2.4699280262		2.43907928467
2.47267103195		2.64712810516
2.47529602051		2.61668205261
2.47792100906		2.41878128052
2.48067212105		2.68772315979
2.48329591751		2.49489688873
2.48592090607		2.49489688873
2.48855400085		2.67757511139
2.49129891396		2.44922733307
2.49392294884		2.57101249695
2.49654912949		2.66742610931
2.49918007851		2.43400478363
2.50192594528		2.6522026062
2.50454998016		2.60145950317
2.50730013847		2.43400478363
2.50992703438		2.68772315979
2.51267504692		2.46952533722
2.51530003548		2.51012039185
2.51792597771		2.66742610931
2.5205540657		2.44922733307
2.5233039856		2.59638500214
2.52592802048		2.66235160828
2.52868509293		2.40863323212
2.53142905235		2.67757511139
2.53405308723		2.55578994751
2.53667902946		2.45430183411
2.53939509392		2.68772315979
2.54205608368		2.45430183411
2.54467892647		2.53549194336
2.54730606079		2.67250061035
2.54993391037		2.44922733307
2.55268597603		2.61668205261
2.55543112755		2.63698005676
2.55805706978		2.40863323212
2.56067991257		2.68264961243
2.56329894066		2.54564094543
2.56592392921		2.45937633514
2.56856799126		2.68772315979
2.57130908966		2.44922733307
2.57393312454		2.5405664444
2.57655906677		2.66742610931
2.57919096947		2.44922733307
2.58193397522		2.62683105469
2.58456110954		2.64712810516
2.58718705177		2.40863323212
2.58994007111		2.68264961243
2.59268498421		2.51012039185
2.59531211853		2.47967433929
2.59793591499		2.67757511139
2.60056304932		2.44922733307
2.60331010818		2.56086444855
2.60593795776		2.66742610931
2.60856890678		2.44415378571
2.6113140583		2.6420545578
2.61393809319		2.62175655365
2.61656594276		2.41370677948
2.61939311028		2.69279766083
2.62206602097		2.47967433929
2.62469005585		2.49997138977
2.62731599808		2.67250061035
2.62994098663		2.44922733307
2.63256502151		2.57101249695
2.63519906998		2.67250061035
2.63794112206		2.42893028259
2.64056897163		2.64712810516
2.64319205284		2.60653305054
2.64594602585		2.42893028259
2.6487019062		2.69279766083
2.65144491196		2.46445083618
2.65406799316		2.52026939392
2.65669393539		2.67250061035
2.65935492516		2.45430183411
2.66208696365		2.60653305054
2.66482305527		2.64712810516
2.66757106781		2.40863323212
2.67019796371		2.68264961243
2.67295002937		2.52026939392
2.67569494247		2.4898223877
2.67832112312		2.67250061035
2.68107295036		2.44415378571
2.68369793892		2.57101249695
2.68632292747		2.66742610931
2.68895506859		2.43400478363
2.69169712067		2.6522026062
2.69432401657		2.60653305054
2.69694900513		2.42385578156
2.6995780468		2.69279766083
2.70232391357		2.4898223877
2.7049510479		2.49997138977
2.70757508278		2.67250061035
2.71020102501		2.44922733307
2.71295213699		2.58116149902
2.71557593346		2.66742610931
2.7182071209		2.42385578156
2.72095298767		2.65727710724
2.7235789299		2.59638500214
2.72620296478		2.42893028259
2.72896099091		2.68772315979
2.73170399666		2.46445083618
2.73432993889		2.52026939392
2.73695492744		2.67250061035
2.73958110809		2.45430183411
2.74233007431		2.60145950317
2.74495697021		2.65727710724
2.74770593643		2.40863323212
2.75033211708		2.67250061035
2.75295591354		2.57101249695
2.75558114052		2.44415378571
2.75820708275		2.69279766083
2.76095795631		2.45937633514
2.76358413696		2.52026939392
2.76620793343		2.67250061035
2.76896595955		2.44922733307
2.77171111107		2.62683105469
2.77446007729		2.63190555573
2.77708411217		2.41370677948
2.77971196175		2.68264961243
2.78246092796		2.51012039185
2.78508496284		2.47967433929
2.78771209717		2.68264961243
2.79034399986		2.44922733307
2.79309010506		2.56086444855
2.7958381176		2.66742610931
2.79846191406		2.42893028259
2.80122113228		2.65727710724
2.80396294594		2.58116149902
2.80659008026		2.43400478363
2.80924606323		2.69279766083
2.81195807457		2.46952533722
2.81458091736		2.51012039185
2.81720900536		2.67250061035
2.81984901428		2.44922733307
2.82259106636		2.60145950317
2.82521700859		2.66235160828
2.82796692848		2.41370677948
2.83059501648		2.66742610931
2.83334302902		2.55071544647
2.83609294891		2.46952533722
2.83872509003		2.68264961243
2.84146809578		2.44922733307
2.84409308434		2.54564094543
2.84671902657		2.67250061035
2.84937906265		2.44415378571
2.85209393501		2.63190555573
2.85472106934		2.63698005676
2.85734701157		2.41370677948
2.8599729538		2.68264961243
2.86272001266		2.52026939392
2.8653459549		2.47967433929
2.86797213554		2.68264961243
2.87059903145		2.44922733307
2.87334799767		2.55578994751
2.87609910965		2.66742610931
2.87873101234		2.43400478363
2.8814740181		2.6522026062
2.88410592079		2.60653305054
2.88684892654		2.43400478363
2.88948297501		2.68772315979
2.89222502708		2.47459983826
2.89497613907		2.52534389496
2.8976020813		2.66742610931
2.90022993088		2.45430183411
2.90297698975		2.61160755157
2.9056019783		2.6522026062
2.90822911263		2.40863323212
2.91097712517		2.67250061035
2.9136030674		2.55578994751
2.91635394096		2.46445083618
2.91898798943		2.68772315979
2.9217300415		2.44922733307
2.92435503006		2.54564094543
2.92697906494		2.66742610931
2.92960596085		2.44922733307
2.93222999573		2.62175655365
2.93497896194		2.63698005676
2.93760895729		2.40863323212
2.94035792351		2.68772315979
2.94310808182		2.50504589081
2.94573307037		2.4898223877
2.9483590126		2.67757511139
2.95111012459		2.44415378571
2.95385813713		2.58623600006
2.95648503304		2.66742610931
2.95911598206		2.42385578156
2.96186208725		2.66235160828
2.96461105347		2.57101249695
2.96724200249		2.44415378571
2.96998691559		2.68772315979
2.97261095047		2.45937633514
2.97523593903		2.52534389496
2.97798609734		2.67250061035
2.98061394691		2.44922733307
2.98336291313		2.62683105469
2.98598814011		2.64712810516
2.98861312866		2.40863323212
2.99124002457		2.67250061035
2.99398994446		2.5405664444
2.99673891068		2.47459983826
2.99937200546		2.67757511139
3.00211405754		2.44415378571
3.00473999977		2.55578994751
3.00736403465		2.67250061035
3.01013112068		2.43400478363
3.01286506653		2.6522026062
3.01549100876		2.60653305054
3.01811504364		2.42385578156
3.02075004578		2.68772315979
3.0234940052		2.4898223877
3.02624297142		2.51519489288
3.02900099754		2.66742610931
3.0317440033		2.44922733307
3.03437209129		2.61160755157
3.03712010384		2.64712810516
3.03974699974		2.40863323212
3.04237103462		2.67250061035
3.04500102997		2.55578994751
3.04774594307		2.46445083618
3.05038094521		2.68264961243
3.05312395096		2.44922733307
3.05587100983		2.56086444855
3.05849909782		2.67250061035
3.06124091148		2.42893028259
3.06399011612		2.6522026062
3.06661391258		2.60145950317
3.0692820549		2.42893028259
3.07199907303		2.68772315979
3.07462406158		2.48474884033
3.07724905014		2.50504589081
3.0800011158		2.67250061035
3.08262705803		2.44922733307
3.08537602425		2.60145950317
3.08800196648		2.65727710724
3.09075403214		2.40863323212
3.093501091		2.67757511139
3.09612894058		2.55071544647
3.09875798225		2.45430183411
3.10150313377		2.68264961243
3.10425400734		2.44922733307
3.10700297356		2.56593894958
3.10963010788		2.66742610931
3.11225795746		2.43907928467
3.11500597		2.64712810516
3.11775612831		2.5913105011
3.12038207054		2.42893028259
3.12313103676		2.68772315979
3.12575507164		2.47967433929
3.12838292122		2.51519489288
3.13113594055		2.67250061035
3.13388895988		2.44922733307
3.13663196564		2.62175655365
3.13929390907		2.64712810516
3.14200806618		2.40863323212
3.14463496208		2.67757511139
3.14738297462		2.52534389496
3.15001106262		2.47459983826
3.15275907516		2.67757511139
3.15538597107		2.44922733307
3.15813612938		2.57101249695
3.16076207161		2.67250061035
3.16351008415		2.42893028259
3.16613602638		2.6522026062
3.16876912117		2.61160755157
3.17151212692		2.42893028259
3.17413806915		2.69279766083
3.17676401138		2.49489688873
3.1793949604		2.49489688873
3.18213891983		2.67250061035
3.18476510048		2.45430183411
3.18739104271		2.57608699799
3.19002103806		2.66742610931
3.19276595116		2.41878128052
3.19538998604		2.6522026062
3.19801592827		2.60145950317
3.20064091682		2.42385578156
3.20326495171		2.69279766083
3.20601606369		2.48474884033
3.20865011215		2.49997138977
3.2113931179		2.67250061035
3.21401906013		2.44922733307
3.21664905548		2.58623600006
3.21939992905		2.65727710724
3.22214412689		2.40863323212
3.22476911545		2.67250061035
3.227394104		2.57101249695
3.23002791405		2.44415378571
3.2327709198		2.68772315979
3.2353990078		2.45937633514
3.23814702034		2.53549194336
3.24077296257		2.66742610931
3.24339699745		2.44922733307
3.24602198601		2.60653305054
3.2486550808		2.65727710724
3.25139808655		2.40863323212
3.2540230751		2.67250061035
3.25664901733		2.56086444855
3.25930809975		2.45430183411
3.26202392578		2.68264961243
3.26477408409		2.44922733307
3.26740098		2.54564094543
3.27002501488		2.67250061035
3.27264904976		2.44922733307
3.27527713776		2.61668205261
3.27802705765		2.6420545578
3.28065109253		2.40863323212
3.28327798843		2.68264961243
3.28602600098		2.53041744232
3.28865909576		2.46952533722
3.29140400887		2.67757511139
3.29402899742		2.44415378571
3.29677796364		2.56593894958
3.29941701889		2.66742610931
3.30215501785		2.42893028259
3.30477905273		2.64712810516
3.30740594864		2.61668205261
3.31002807617		2.41370677948
3.31264901161		2.68772315979
3.31527209282		2.52026939392
3.31789898872		2.47967433929
3.32054209709		2.68264961243
3.32328295708		2.44922733307
3.32603192329		2.57101249695
3.32866501808		2.66742610931
3.33140993118		2.42385578156
3.33403205872		2.6522026062
3.33665895462		2.60653305054
3.33931899071		2.42893028259
3.34203505516		2.69279766083
3.34478497505		2.47459983826
3.34741210938		2.51012039185
3.35016393661		2.67250061035
3.35291194916		2.44922733307
3.35553693771		2.60653305054
3.3581609726		2.65727710724
3.36078810692		2.40863323212
3.36341309547		2.66742610931
3.36603713036		2.57608699799
3.36866903305		2.43907928467
3.37141394615		2.68772315979
3.37403893471		2.46952533722
3.37666392326		2.51519489288
3.37932705879		2.66742610931
3.38204503059		2.44922733307
3.3847899437		2.61668205261
3.38741493225		2.6522026062
3.39004611969		2.40863323212
3.39279103279		2.67757511139
3.39541912079		2.54564094543
3.39816594124		2.47459983826
3.40079593658		2.68264961243
3.40356111526		2.44922733307
3.40629410744		2.57101249695
3.40905308723		2.66742610931
3.41179299355		2.41370677948
3.41441893578		2.65727710724
3.41704511642		2.59638500214
3.41967201233		2.42385578156
3.42242002487		2.68772315979
3.4250459671		2.47459983826
3.42779803276		2.52026939392
3.43054795265		2.66742610931
3.43317294121		2.45430183411
3.43592190742		2.62175655365
3.43867993355		2.63190555573
3.44142413139		2.41878128052
3.44404792786		2.68772315979
3.44667410851		2.52026939392
3.44939398766		2.4898223877
3.45204806328		2.67757511139
3.45467400551		2.44922733307
3.45729899406		2.56086444855
3.4600520134		2.66742610931
3.46280002594		2.41878128052
3.4654340744		2.65727710724
3.46817612648		2.58623600006
3.47080397606		2.42893028259
3.4735519886		2.69279766083
3.47617697716		2.46952533722
3.47880792618		2.51012039185
3.48155403137		2.66742610931
3.48417711258		2.45430183411
3.48680400848		2.59638500214
3.48943400383		2.66235160828
3.4921810627		2.41370677948
3.49480390549		2.66742610931
3.49743008614		2.57608699799
3.50005602837		2.43907928467
3.50268101692		2.68772315979
3.50543308258		2.46445083618
3.50805711746		2.51519489288
3.51080799103		2.66742610931
3.51343202591		2.45430183411
3.51605701447		2.59638500214
3.51868796349		2.66235160828
3.52143406868		2.40863323212
3.52405905724		2.67250061035
3.52668309212		2.56593894958
3.52938604355		2.44922733307
3.53206110001		2.68264961243
3.53481197357		2.44415378571
3.53755903244		2.55071544647
3.54018902779		2.67250061035
3.54293608665		2.43907928467
3.54556202888		2.63698005676
3.54819297791		2.62683105469
3.55093693733		2.41878128052
3.55356192589		2.68264961243
3.55618810654		2.51012039185
3.55894494057		2.49489688873
3.56168007851		2.67250061035
3.56430602074		2.44922733307
3.56693100929		2.57101249695
3.56956601143		2.66742610931
3.57231402397		2.41878128052
3.57506513596		2.66235160828
3.57769012451		2.58116149902
3.58032011986		2.43400478363
3.58306694031		2.68772315979
3.58581590652		2.45430183411
3.5884449482		2.53041744232
3.59119391441		2.66742610931
3.59381699562		2.45430183411
3.59644198418		2.61668205261
3.59907507896		2.6522026062
3.60181808472		2.40863323212
3.60444307327		2.67757511139
3.60706806183		2.55071544647
3.60969591141		2.44922733307
3.61244606972		2.68264961243
3.61507105827		2.45430183411
3.61769509315		2.53549194336
3.62032294273		2.67250061035
3.62307190895		2.44415378571
3.62581992149		2.63698005676
3.62844800949		2.62175655365
3.63120794296		2.41370677948
3.63394904137		2.69279766083
3.63657307625		2.49997138977
3.63923096657		2.4898223877
3.64195013046		2.67250061035
3.64470005035		2.45430183411
3.64732503891		2.5913105011
3.65007805824		2.65727710724
3.65282392502		2.40863323212
3.65544891357		2.67250061035
3.65807700157		2.56593894958
3.66070413589		2.44415378571
3.66332793236		2.69279766083
3.66607713699		2.45937633514
3.66870999336		2.52534389496
3.67145490646		2.66742610931
3.67407798767		2.44922733307
3.67670512199		2.61160755157
3.67946195602		2.6420545578
3.6822040081		2.40863323212
3.68482804298		2.68264961243
3.68745493889		2.53549194336
3.69008207321		2.46445083618
3.69283008575		2.68264961243
3.69545602798		2.44922733307
3.69808197021		2.54564094543
3.70070910454		2.67250061035
3.70345497131		2.43907928467
3.70608305931		2.62683105469
3.70871496201		2.63190555573
3.71146011353		2.41370677948
3.71408891678		2.68772315979
3.71683502197		2.50504589081
3.71946501732		2.48474884033
3.72220897675		2.67250061035
3.7248339653		2.44922733307
3.72746109962		2.57101249695
3.73008799553		2.66742610931
3.7328350544		2.42893028259
3.73546004295		2.64712810516
3.73808693886		2.61160755157
3.74084091187		2.42893028259
3.74358892441		2.68772315979
3.74634003639		2.45937633514
3.74909496307		2.5405664444
3.75183796883		2.67250061035
3.75446605682		2.44415378571
3.75721311569		2.63190555573
3.7598400116		2.63190555573
3.76246500015		2.41370677948
3.76509213448		2.68264961243
3.76771402359		2.5405664444
3.77034497261		2.46445083618
3.77309203148		2.68264961243
3.77571702003		2.44922733307
3.77846813202		2.56086444855
3.78121900558		2.66742610931
3.78396892548		2.41878128052
3.78671813011		2.66235160828
3.78937196732		2.58116149902
3.79209494591		2.44922733307
3.79471898079		2.68772315979
3.79735207558		2.47459983826
3.800096035		2.52534389496
3.80272102356		2.66742610931
3.80534291267		2.45430183411
3.80809593201		2.61160755157
3.81071805954		2.65727710724
3.81333899498		2.41370677948
3.81596302986		2.66742610931
3.81860208511		2.57608699799
3.82135510445		2.45430183411
3.82409906387		2.68264961243
3.82684993744		2.44922733307
3.82948112488		2.55071544647
3.8322250843		2.66742610931
3.83485007286		2.44415378571
3.83747601509		2.63190555573
3.84022593498		2.62175655365
3.84285092354		2.41878128052
3.84561896324		2.68772315979
3.84835505486		2.47967433929
3.85110497475		2.51519489288
3.85385203362		2.66742610931
3.85647702217		2.45430183411
3.85910892487		2.59638500214
3.86185503006		2.6522026062
3.86448001862		2.40863323212
3.86722803116		2.67757511139
3.86985492706		2.55071544647
3.87247991562		2.45430183411
3.87510490417		2.68772315979
3.87772893906		2.46445083618
3.88036608696		2.52026939392
3.88310694695		2.66742610931
3.8857319355		2.45430183411
3.88847994804		2.62683105469
3.8912320137		2.63190555573
3.89385700226		2.41370677948
3.89648604393		2.67757511139
3.899269104		2.51012039185
3.90198397636		2.4898223877
3.90460991859		2.67250061035
3.9072329998		2.44922733307
3.90986204147		2.56086444855
3.91261100769		2.66742610931
3.91523504257		2.43400478363
3.91785812378		2.6420545578
3.92048811913		2.62683105469
3.92310905457		2.41370677948
3.92573595047		2.68264961243
3.92836403847		2.51519489288
3.93111896515		2.48474884033
3.93386292458		2.67757511139
3.93648695946		2.44922733307
3.93912005424		2.56593894958
3.94186306		2.66742610931
3.94449210167		2.42893028259
3.94723796844		2.65727710724
3.94986796379		2.59638500214
3.95261502266		2.43907928467
3.95524096489		2.69279766083
3.95786595345		2.47967433929
3.96062111855		2.51519489288
3.96337199211		2.67250061035
3.96611595154		2.44922733307
3.96874809265		2.62175655365
3.97149205208		2.63698005676
3.97411894798		2.40863323212
3.97674298286		2.67757511139
3.97937703133		2.5405664444
3.98211812973		2.47459983826
3.98474311829		2.67757511139
3.98749613762		2.44922733307
3.99012303352		2.55578994751
3.99287104607		2.66742610931
3.99549508095		2.43400478363
3.99812102318		2.63698005676
4.00074791908		2.62683105469
4.00337290764		2.41370677948
4.00612092018		2.68772315979
4.00875306129		2.51519489288
4.01149892807		2.49489688873
4.01412200928		2.67250061035
4.01674795151		2.44415378571
4.01938009262		2.56086444855
4.02212500572		2.67250061035
4.02474808693		2.43400478363
4.0273771286		2.64712810516
4.03012704849		2.60145950317
4.03275108337		2.42385578156
4.0353770256		2.68772315979
4.0381269455		2.48474884033
4.04087591171		2.51519489288
4.04350209236		2.67250061035
4.04613304138		2.44922733307
4.04888296127		2.59638500214
4.05162811279		2.6522026062
4.05425310135		2.41370677948
4.0568780899		2.66742610931
4.05950093269		2.57101249695
4.06212091446		2.43907928467
4.06474709511		2.68772315979
4.06737303734		2.47967433929
4.07000899315		2.50504589081
4.07275605202		2.66742610931
4.07538199425		2.45430183411
4.07813191414		2.60653305054
4.08088207245		2.6420545578
4.083507061		2.40355873108
4.08613300323		2.67250061035
4.08876395226		2.56086444855
4.09151005745		2.45937633514
4.09425997734		2.68264961243
4.0968849659		2.44415378571
4.09950995445		2.5405664444
4.10213398933		2.66742610931
4.10475897789		2.45430183411
4.10738706589		2.61160755157
4.11013698578		2.6420545578
4.112885952		2.41370677948
4.11551213264		2.68772315979
4.11813592911		2.53041744232
4.12089204788		2.48474884033
4.12363910675		2.67250061035
4.12638807297		2.44922733307
4.12915110588		2.5913105011
4.13188695908		2.6522026062
4.1345140934		2.41370677948
4.13713693619		2.66742610931
4.13976502419		2.58116149902
4.14239001274		2.43400478363
4.14514112473		2.68772315979
4.14789295197		2.45430183411
4.15064311028		2.54564094543
4.15339207649		2.67250061035
4.15614199638		2.43400478363
4.1587729454		2.6420545578
4.16151809692		2.60145950317
4.16414213181		2.42385578156
4.16676592827		2.68772315979
4.16939806938		2.49997138977
4.17214512825		2.49997138977
4.17489409447		2.67250061035
4.17751908302		2.44922733307
4.1801469326		2.58116149902
4.18289613724		2.66235160828
4.18552112579		2.41370677948
4.18827104568		2.66742610931
4.19090509415		2.57101249695
4.1936480999		2.45430183411
4.19627308846		2.68772315979
4.19890594482		2.45937633514
4.20164895058		2.53549194336
4.20427203178		2.66742610931
4.20689702034		2.44922733307
4.20952391624		2.60653305054
4.21215510368		2.65727710724
4.21489906311		2.40863323212
4.21752595901		2.67250061035
4.2201499939		2.56086444855
4.22277593613		2.45430183411
4.22540092468		2.68772315979
4.22815203667		2.45430183411
4.23091197014		2.54564094543
4.23365211487		2.67250061035
4.23627591133		2.44415378571
4.23890995979		2.62683105469
4.24165296555		2.62683105469
4.24427700043		2.41370677948
4.24690413475		2.67757511139
4.24952912331		2.53041744232
4.25215411186		2.46952533722
4.25477790833		2.68264961243
4.25740504265		2.44922733307
4.26015496254		2.55071544647
4.26278090477		2.66742610931
4.26540398598		2.44415378571
4.26815700531		2.63190555573
4.27078294754		2.63190555573
4.27353000641		2.41878128052
4.27615904808		2.68772315979
4.27878904343		2.51519489288
4.28153300285		2.4898223877
4.28415799141		2.67757511139
4.28678512573		2.44415378571
4.28941392899		2.55578994751
4.29216003418		2.66742610931
4.2949180603		2.42385578156
4.29766106606		2.66235160828
4.30028796196		2.58623600006
4.30303692818		2.44415378571
4.30566191673		2.68772315979
4.30841112137		2.45430183411
4.31115603447		2.53549194336
4.31378006935		2.67250061035
4.31640791893		2.44922733307
4.31915712357		2.62175655365
4.32178997993		2.6420545578
4.32441401482		2.40355873108
4.32716393471		2.68264961243
4.32979297638		2.53041744232
4.33254098892		2.47967433929
4.33529090881		2.67250061035
4.3379149437		2.44415378571
4.34054303169		2.56086444855
4.34329199791		2.66742610931
4.34591794014		2.43400478363
4.34867405891		2.6522026062
4.35141706467		2.57608699799
4.35416793823		2.44922733307
4.35679197311		2.68772315979
4.35942411423		2.46445083618
4.36216902733		2.52534389496
4.36479496956		2.66742610931
4.36741900444		2.44922733307
4.37017011642		2.61160755157
4.37279510498		2.6522026062
4.37542009354		2.40863323212
4.37817597389		2.67757511139
4.38091993332		2.53041744232
4.38354706764		2.46952533722
4.38617110252		2.67757511139
4.38879704475		2.44922733307
4.39142203331		2.53549194336
4.39417290688		2.66742610931
4.39679813385		2.44922733307
4.39943194389		2.62175655365
4.40217399597		2.63190555573
4.40480208397		2.40863323212
4.40755105019		2.68772315979
4.41017603874		2.52026939392
4.41280412674		2.47459983826
4.41554999352		2.67757511139
4.41817498207		2.44922733307
4.42093396187		2.57101249695
4.42368006706		2.66235160828
4.4264330864		2.41370677948
4.42918491364		2.67250061035
4.43192791939		2.5405664444
4.43455410004		2.45937633514
4.43717813492		2.68772315979
4.43980503082		2.45937633514
4.44255590439		2.53549194336
4.44517993927		2.67250061035
4.44780397415		2.44922733307
4.45043301582		2.61160755157
4.45318007469		2.6420545578
4.45593094826		2.40863323212
4.45856404305		2.68264961243
4.46131491661		2.51012039185
4.46405911446		2.49489688873
4.46680808067		2.67250061035
4.46943807602		2.44922733307
4.47218298912		2.5913105011
4.47481012344		2.66235160828
4.47756195068		2.40863323212
4.48031902313		2.67250061035
4.48306202888		2.53549194336
4.48568511009		2.46445083618
4.48831295967		2.68264961243
4.49106311798		2.44415378571
4.4938120842		2.55578994751
4.49656200409		2.66235160828
4.49919009209		2.43400478363
4.50194001198		2.6522026062
4.50469207764		2.58623600006
4.50743794441		2.44922733307
4.51019501686		2.68772315979
4.51293706894		2.44922733307
4.51556396484		2.5405664444
4.51818799973		2.66742610931
4.52095198631		2.43907928467
4.52369308472		2.6420545578
4.52644205093		2.60145950317
4.5291929245		2.43400478363
4.53194308281		2.68772315979
4.53469204903		2.45937633514
4.53744292259		2.5405664444
4.54019498825		2.66742610931
4.54294300079		2.43400478363
4.54557394981		2.63698005676
4.54831910133		2.60145950317
4.55106902122		2.42893028259
4.55369496346		2.68772315979
4.55644512177		2.47459983826
4.55922198296		2.52534389496
4.56193900108		2.66742610931
4.56456208229		2.44922733307
4.5671889782		2.60653305054
4.56982398033		2.6522026062
4.57257199287		2.40863323212
4.5751991272		2.67250061035
4.57794904709		2.5405664444
4.58057498932		2.45937633514
4.58332204819		2.67757511139
4.58594894409		2.44922733307
4.58857798576		2.54564094543
4.59132599831		2.66742610931
4.59407496452		2.43400478363
4.59670090675		2.6420545578
4.59935998917		2.61668205261
4.60207796097		2.41878128052
4.60482597351		2.68772315979
4.60745096207		2.48474884033
4.6102039814		2.51012039185
4.61295104027		2.67250061035
4.6155769825		2.45430183411
4.61820197105		2.5913105011
4.6209590435		2.6522026062
4.62370491028		2.40863323212
4.62632799149		2.67757511139
4.62896704674		2.55071544647
4.63170695305		2.46445083618
4.63433098793		2.67757511139
4.63708090782		2.44415378571
4.6397049427		2.54564094543
4.64232897758		2.66742610931
4.64495611191		2.44922733307
4.64757990837		2.61668205261
4.65021109581		2.64712810516
4.65295600891		2.40863323212
4.65558409691		2.68264961243
4.65833210945		2.51519489288
4.66108393669		2.4898223877
4.66370892525		2.67757511139
4.6663339138		2.44922733307
4.66896605492		2.55578994751
4.67170906067		2.66742610931
4.67433595657		2.43400478363
4.67708492279		2.64712810516
4.67971396446		2.60653305054
4.68246197701		2.42893028259
4.68521094322		2.68772315979
4.68783712387		2.47459983826
4.69046401978		2.51012039185
4.69321298599		2.66742610931
4.69583702087		2.44922733307
4.69846606255		2.59638500214
4.70121312141		2.65727710724
4.70384001732		2.40863323212
4.7064640522		2.66742610931
4.70924806595		2.55578994751
4.71197104454		2.46445083618
4.71471500397		2.67757511139
4.7173409462		2.44922733307
4.71996998787		2.5405664444
4.72271800041		2.66742610931
4.72546601295		2.42893028259
4.72821497917		2.64712810516
4.73097205162		2.58116149902
4.73372006416		2.44415378571
4.73634290695		2.68772315979
4.73910212517		2.45430183411
4.74184393883		2.54564094543
4.74447107315		2.66742610931
4.74722099304		2.44415378571
4.74984812737		2.62683105469
4.75259399414		2.62683105469
4.75522208214		2.41370677948
4.75784492493		2.68264961243
4.76047706604		2.52534389496
4.76322293282		2.47967433929
4.76597094536		2.67757511139
4.76860404015		2.44922733307
4.77134609222		2.57608699799
4.77397298813		2.66742610931
4.77659797668		2.42893028259
4.77926206589		2.64712810516
4.7819750309		2.59638500214
4.78472495079		2.43400478363
4.78734898567		2.68772315979
4.78998303413		2.48474884033
4.792730093		2.51519489288
4.79548311234		2.67250061035
4.79822611809		2.45430183411
4.80085206032		2.61668205261
4.80347800255		2.64712810516
4.80622696877		2.40863323212
4.80886006355		2.67757511139
4.81159591675		2.52534389496
4.81421899796		2.47459983826
4.81684494019		2.68264961243
4.81948804855		2.44922733307
4.82222890854		2.55071544647
4.82485413551		2.66742610931
4.82748007774		2.44922733307
4.83023190498		2.63698005676
4.83285498619		2.62683105469
4.83547902107		2.41370677948
4.83823013306		2.68772315979
4.84085893631		2.51519489288
4.84348392487		2.47967433929
4.84623098373		2.67250061035
4.84886312485		2.44922733307
4.85160803795		2.57101249695
4.85423207283		2.66742610931
4.85685801506		2.42893028259
4.85961103439		2.6522026062
4.86223602295		2.60145950317
4.86485910416		2.42385578156
4.86748600006		2.68772315979
4.87023806572		2.4898223877
4.87298607826		2.51012039185
4.87561202049		2.66742610931
4.87824296951		2.44922733307
4.88098597527		2.59638500214
4.8836119175		2.66235160828
4.88623809814		2.41878128052
4.88886904716		2.65727710724
4.89161300659		2.57608699799
4.89423799515		2.43907928467
4.8968629837		2.68772315979
4.89949512482		2.47459983826
4.90223908424		2.52026939392
4.90503001213		2.66742610931
4.90774106979		2.44922733307
4.91036891937		2.62175655365
4.91311693192		2.63190555573
4.91574192047		2.41370677948
4.91836810112		2.68264961243
4.92112398148		2.52026939392
4.923869133		2.4898223877
4.92662096024		2.67250061035
4.92937707901		2.44922733307
4.932117939		2.60145950317
4.93474507332		2.66235160828
4.9373691082		2.41370677948
4.9399960041		2.66235160828
4.94262003899		2.58623600006
4.94524598122		2.42893028259
4.94787192345		2.69279766083
4.95062613487		2.47459983826
4.953373909		2.52534389496
4.95612311363		2.66742610931
4.95874810219		2.45430183411
4.96150398254		2.62175655365
4.96424913406		2.63190555573
4.96699690819		2.41370677948
4.96962809563		2.68772315979
4.97237491608		2.4898223877
4.97499895096		2.4898223877
4.97762513161		2.67250061035
4.98037600517		2.44922733307
4.98300099373		2.57101249695
4.98562502861		2.66742610931
4.98825192451		2.42893028259
4.99100613594		2.6522026062
4.99375295639		2.58623600006
4.99637699127		2.43400478363
4.99900913239		2.68772315979
