0.000126838684082		2.55578994751
0.00411796569824		2.66235160828
0.00690293312073		2.40355873108
0.00964188575745		2.63190555573
0.0123908519745		2.62175655365
0.0151510238647		2.41370677948
0.0178928375244		2.66742610931
0.0206408500671		2.55578994751
0.0233919620514		2.45430183411
0.0261468887329		2.66742610931
0.0288939476013		2.50504589081
0.0316460132599		2.48474884033
0.0343978404999		2.66235160828
0.0371458530426		2.4898223877
0.0398979187012		2.51519489288
0.0426459312439		2.67250061035
0.0454039573669		2.52026939392
0.0481479167938		2.55071544647
0.0508968830109		2.67757511139
0.0536518096924		2.4898223877
0.0564408302307		2.5913105011
0.0591578483582		2.67250061035
0.0619058609009		2.41370677948
0.0646588802338		2.61668205261
0.0674068927765		2.63698005676
0.0701580047607		2.40355873108
0.0729110240936		2.65727710724
0.075660943985		2.57608699799
0.0784080028534		2.43907928467
0.0811588764191		2.66742610931
0.0839488506317		2.51012039185
0.0866599082947		2.47459983826
0.089409828186		2.65727710724
0.0921590328217		2.4898223877
0.0949068069458		2.49997138977
0.0976529121399		2.66742610931
0.100406885147		2.51012039185
0.103235006332		2.55071544647
0.106042861938		2.67757511139
0.108786821365		2.4898223877
0.11153793335		2.5913105011
0.114288806915		2.66742610931
0.117038965225		2.41370677948
0.119788885117		2.62175655365
0.122539997101		2.63190555573
0.125289916992		2.40355873108
0.128038883209		2.65727710724
0.130792856216		2.57101249695
0.133548021317		2.44415378571
0.136291027069		2.66742610931
0.139042854309		2.51519489288
0.141799926758		2.47459983826
0.144543886185		2.66235160828
0.147291898727		2.4898223877
0.150041818619		2.50504589081
0.152792930603		2.66742610931
0.155550956726		2.51519489288
0.158294916153		2.54564094543
0.16104388237		2.67757511139
0.163805961609		2.50504589081
0.166544914246		2.58623600006
0.16929602623		2.67250061035
0.172044992447		2.43400478363
0.174799919128		2.61668205261
0.177546024323		2.64712810516
0.180297851562		2.39848423004
0.18304681778		2.6522026062
0.185798883438		2.5913105011
0.188548803329		2.42893028259
0.191298961639		2.67250061035
0.194057941437		2.53041744232
0.196798801422		2.46952533722
0.199550867081		2.66235160828
0.202302932739		2.4898223877
0.205051898956		2.49489688873
0.207800865173		2.66235160828
0.210552930832		2.50504589081
0.213307857513		2.53041744232
0.216053962708		2.67250061035
0.218801021576		2.51519489288
0.221552848816		2.56593894958
0.224304914474		2.67250061035
0.227058887482		2.45430183411
0.229803800583		2.60653305054
0.232553958893		2.65727710724
0.235304832458		2.40355873108
0.238053798676		2.63698005676
0.240805864334		2.60653305054
0.243564844131		2.41878128052
0.246307849884		2.66235160828
0.249056816101		2.54564094543
0.251803874969		2.45430183411
0.254557847977		2.66235160828
0.257305860519		2.49489688873
0.260056972504		2.48474884033
0.262806892395		2.66235160828
0.265558004379		2.49489688873
0.268308877945		2.51519489288
0.271057844162		2.67250061035
0.273809909821		2.52026939392
0.276561021805		2.55578994751
0.279309034348		2.67757511139
0.282061815262		2.47459983826
0.284811973572		2.59638500214
0.287559986115		2.66742610931
0.29031085968		2.40863323212
0.29306101799		2.62683105469
0.295815944672		2.62175655365
0.29856300354		2.40863323212
0.301311016083		2.65727710724
0.30406999588		2.56086444855
0.306813001633		2.44922733307
0.309562921524		2.66235160828
0.312319993973		2.50504589081
0.315066814423		2.47459983826
0.317814826965		2.66235160828
0.320564985275		2.4898223877
0.323321819305		2.50504589081
0.326066970825		2.67250061035
0.328815937042		2.51519489288
0.331566810608		2.54564094543
0.334317922592		2.67757511139
0.337067842484		2.49997138977
0.339816808701		2.58623600006
0.342568874359		2.67250061035
0.345317840576		2.42385578156
0.348062992096		2.61668205261
0.350811958313		2.6420545578
0.353564977646		2.39848423004
0.356320858002		2.6522026062
0.35907292366		2.58116149902
0.361820936203		2.43400478363
0.364571809769		2.66742610931
0.367321014404		2.52026939392
0.370072841644		2.46952533722
0.372820854187		2.66235160828
0.375572919846		2.4898223877
0.378321886063		2.49997138977
0.381072998047		2.66742610931
0.383831977844		2.51012039185
0.386575937271		2.53549194336
0.389323949814		2.67757511139
0.39207482338		2.51519489288
0.394825935364		2.57608699799
0.397579908371		2.67250061035
0.400324821472		2.44415378571
0.403072834015		2.61160755157
0.405829906464		2.6522026062
0.408576965332		2.39848423004
0.411345005035		2.63698005676
0.414085865021		2.59638500214
0.416827917099		2.41878128052
0.419579029083		2.66235160828
0.422326803207		2.53549194336
0.425078868866		2.45937633514
0.427830934525		2.66235160828
0.430578947067		2.49489688873
0.433329820633		2.4898223877
0.436080932617		2.66235160828
0.438830852509		2.49997138977
0.441581010818		2.52026939392
0.444332838058		2.67250061035
0.447080850601		2.52026939392
0.449829816818		2.56593894958
0.452581882477		2.67250061035
0.455333948135		2.46445083618
0.458084821701		2.60145950317
0.460831880569		2.66235160828
0.463590860367		2.40863323212
0.466333866119		2.62683105469
0.469082832336		2.61668205261
0.471837997437		2.40863323212
0.474591970444		2.66235160828
0.477335929871		2.55578994751
0.480088949203		2.44922733307
0.482841014862		2.66742610931
0.485585927963		2.50504589081
0.488338947296		2.47967433929
0.491088867188		2.65727710724
0.493844985962		2.4898223877
0.496587991714		2.51012039185
0.499337911606		2.67250061035
0.50208902359		2.52026939392
0.50484085083		2.55071544647
0.50759100914		2.67250061035
0.510340929031		2.49489688873
0.513089895248		2.5913105011
0.515843868256		2.66742610931
0.518591880798		2.41370677948
0.521339893341		2.61668205261
0.524099826813		2.63698005676
0.526842832565		2.40355873108
0.529591798782		2.65727710724
0.532341957092		2.57101249695
0.535096883774		2.43907928467
0.537843942642		2.66742610931
0.540592908859		2.51519489288
0.543351888657		2.47459983826
0.546095848083		2.66235160828
0.548844814301		2.49489688873
0.55159497261		2.49997138977
0.554347991943		2.66742610931
0.557101964951		2.51519489288
0.559847831726		2.5405664444
0.562595844269		2.67757511139
0.565351963043		2.50504589081
0.568112850189		2.58116149902
0.570848941803		2.67250061035
0.573604822159		2.43400478363
0.576347827911		2.61160755157
0.57909989357		2.6522026062
0.581849813461		2.39848423004
0.584600925446		2.6420545578
0.587350845337		2.5913105011
0.590099811554		2.42893028259
0.592849969864		2.66235160828
0.595595836639		2.53549194336
0.598343849182		2.46445083618
0.601094961166		2.66235160828
0.603847980499		2.49489688873
0.606603860855		2.49489688873
0.609351873398		2.66235160828
0.612100839615		2.49997138977
0.614854812622		2.52534389496
0.617607831955		2.67250061035
0.620352983475		2.52026939392
0.62310385704		2.57101249695
0.625857830048		2.67757511139
0.628603935242		2.45937633514
0.631353855133		2.60653305054
0.634114027023		2.66235160828
0.636855840683		2.40355873108
0.6396048069		2.63190555573
0.642355918884		2.61160755157
0.645115852356		2.41878128052
0.647858858109		2.66235160828
0.650607824326		2.54564094543
0.653371810913		2.45937633514
0.656111001968		2.66742610931
0.658859968185		2.49997138977
0.661609888077		2.48474884033
0.664361953735		2.66235160828
0.667114019394		2.49489688873
0.669860839844		2.51519489288
0.672611951828		2.67250061035
0.675369024277		2.52026939392
0.678112030029		2.55578994751
0.680861949921		2.67757511139
0.683619976044		2.47967433929
0.686363935471		2.5913105011
0.689113855362		2.66742610931
0.691864013672		2.40863323212
0.694615840912		2.62683105469
0.697364807129		2.63190555573
0.700115919113		2.40355873108
0.702865839005		2.65727710724
0.705615997314		2.56593894958
0.708365917206		2.44415378571
0.711122989655		2.66742610931
0.713867902756		2.51012039185
0.716617822647		2.47967433929
0.719367980957		2.66235160828
0.722117900848		2.4898223877
0.724870920181		2.50504589081
0.72761797905		2.67250061035
0.730368852615		2.51519489288
0.733119010925		2.55578994751
0.735996007919		2.67757511139
0.738752841949		2.47967433929
0.741495847702		2.59638500214
0.744256019592		2.66742610931
0.746997833252		2.40863323212
0.749746799469		2.62175655365
0.752496957779		2.62683105469
0.755247831345		2.40863323212
0.75799703598		2.65727710724
0.76074886322		2.56593894958
0.76350402832		2.44415378571
0.766247987747		2.66742610931
0.768997907639		2.51012039185
0.771749019623		2.47967433929
0.774499893188		2.65727710724
0.77725481987		2.48474884033
0.779999017715		2.50504589081
0.782750844955		2.66742610931
0.785503864288		2.51519489288
0.788251876831		2.5405664444
0.791002988815		2.67757511139
0.793753862381		2.50504589081
0.796504020691		2.58623600006
0.799252986908		2.67250061035
0.802004814148		2.42385578156
0.804754972458		2.61668205261
0.807505846024		2.6420545578
0.810252904892		2.40355873108
0.813004970551		2.65727710724
0.815883874893		2.56086444855
0.818630933762		2.44415378571
0.821379899979		2.66742610931
0.824143886566		2.50504589081
0.826882839203		2.47967433929
0.829630851746		2.65727710724
0.832381010056		2.4898223877
0.835134983063		2.50504589081
0.83788394928		2.67250061035
0.840632915497		2.52026939392
0.843389987946		2.54564094543
0.846127033234		2.67757511139
0.848876953125		2.49997138977
0.851625919342		2.58623600006
0.854403018951		2.67250061035
0.857136011124		2.41878128052
0.859884977341		2.61668205261
0.862635850906		2.6420545578
0.865387916565		2.40355873108
0.868139028549		2.64712810516
0.870886802673		2.58116149902
0.873638868332		2.43400478363
0.876389980316		2.66742610931
0.879138946533		2.52026939392
0.881888866425		2.47459983826
0.884640932083		2.66235160828
0.887388944626		2.4898223877
0.890141010284		2.49489688873
0.892890930176		2.66742610931
0.895640850067		2.51012039185
0.8983938694		2.53041744232
0.901140928268		2.67757511139
0.90389084816		2.51519489288
0.906646966934		2.57608699799
0.909399032593		2.67250061035
0.912141799927		2.44415378571
0.91489481926		2.61160755157
0.917642831802		2.65727710724
0.920392990112		2.39848423004
0.923144817352		2.6420545578
0.925894975662		2.60145950317
0.928646802902		2.42385578156
0.931394815445		2.66742610931
0.934154033661		2.53549194336
0.936895847321		2.45937633514
0.93964600563		2.65727710724
0.942396879196		2.49489688873
0.945149898529		2.4898223877
0.947898864746		2.66235160828
0.950649023056		2.49997138977
0.953399896622		2.52026939392
0.956149816513		2.67250061035
0.958899974823		2.52026939392
0.96164894104		2.56086444855
0.964402914047		2.67757511139
0.967149972916		2.46952533722
0.969898939133		2.59638500214
0.972651004791		2.66235160828
0.975404024124		2.39848423004
0.97815489769		2.62683105469
0.980901956558		2.61668205261
0.983654022217		2.41370677948
0.98640203476		2.66235160828
0.989153862		2.55071544647
0.991901874542		2.44922733307
0.99466085434		2.66235160828
0.997404813766		2.50504589081
1.0001578331		2.47967433929
1.00290489197		2.66235160828
1.0056579113		2.4898223877
1.00840592384		2.51012039185
1.01115584373		2.67250061035
1.01394200325		2.52026939392
1.01665782928		2.55071544647
1.01940703392		2.67757511139
1.02215790749		2.4898223877
1.02490997314		2.58623600006
1.02765703201		2.66742610931
1.03040790558		2.41370677948
1.03319501877		2.62175655365
1.03590202332		2.63698005676
1.03865289688		2.40355873108
1.0414018631		2.65727710724
1.04416394234		2.57101249695
1.04690980911		2.43907928467
1.04965901375		2.66742610931
1.05241298676		2.51519489288
1.055164814		2.47459983826
1.05791187286		2.66235160828
1.06066083908		2.4898223877
1.06341600418		2.50504589081
1.06616401672		2.66742610931
1.06891298294		2.51519489288
1.07166290283		2.5405664444
1.0744240284		2.67757511139
1.07716393471		2.51012039185
1.07992386818		2.58116149902
1.08266782761		2.67250061035
1.08541703224		2.43400478363
1.08816599846		2.61160755157
1.09091496468		2.64712810516
1.09367394447		2.39848423004
1.09640979767		2.6420545578
1.0991590023		2.59638500214
1.10190987587		2.42893028259
1.1046769619		2.66742610931
1.10741782188		2.53041744232
1.11017084122		2.46445083618
1.11291980743		2.66235160828
1.11567091942		2.49489688873
1.11842799187		2.49489688873
1.12116789818		2.66235160828
1.12396097183		2.50504589081
1.1266720295		2.52534389496
1.12942194939		2.67250061035
1.1321709156		2.51519489288
1.13492488861		2.56593894958
1.13767385483		2.67250061035
1.14042186737		2.45937633514
1.14317989349		2.60145950317
1.14592289925		2.65727710724
1.14867186546		2.39848423004
1.15142297745		2.63190555573
1.15418481827		2.61160755157
1.15692400932		2.41370677948
1.15967392921		2.66235160828
1.16242599487		2.54564094543
1.16518187523		2.44922733307
1.16792798042		2.66235160828
1.17067599297		2.49997138977
1.17343401909		2.48474884033
1.17617702484		2.65727710724
1.17892789841		2.49489688873
1.18167686462		2.51519489288
1.18443202972		2.67250061035
1.18717694283		2.52026939392
1.18992900848		2.55578994751
1.19267988205		2.67250061035
1.19543194771		2.47967433929
1.1981818676		2.5913105011
1.20092892647		2.66235160828
1.20368981361		2.40863323212
1.20643186569		2.62175655365
1.209182024		2.62683105469
1.21193194389		2.40355873108
1.21468496323		2.66235160828
1.21743202209		2.56593894958
1.22018194199		2.44415378571
1.22293281555		2.66742610931
1.22568893433		2.51012039185
1.22843384743		2.47459983826
1.23118591309		2.65727710724
1.2339758873		2.4898223877
1.23668599129		2.51012039185
1.23943686485		2.67250061035
1.24218893051		2.51519489288
1.24493789673		2.54564094543
1.24768686295		2.67250061035
1.25044298172		2.49997138977
1.25319480896		2.58623600006
1.25593996048		2.67250061035
1.25868701935		2.43400478363
1.26143980026		2.61160755157
1.26419591904		2.6420545578
1.26693987846		2.39848423004
1.26968884468		2.6522026062
1.27244186401		2.58623600006
1.27520394325		2.43400478363
1.27794194221		2.67250061035
1.28068995476		2.52534389496
1.28344988823		2.46952533722
1.28619098663		2.66235160828
1.28894591331		2.49489688873
1.29169297218		2.49997138977
1.29444599152		2.66235160828
1.29719185829		2.50504589081
1.29994297028		2.53549194336
1.30269289017		2.67250061035
1.30544900894		2.51519489288
1.30819392204		2.57101249695
1.3109459877		2.67250061035
1.31369590759		2.44922733307
1.31644487381		2.60145950317
1.31919980049		2.65727710724
1.32194590569		2.39848423004
1.32469892502		2.63698005676
1.32744693756		2.60653305054
1.33019781113		2.42385578156
1.33294796944		2.66235160828
1.33570599556		2.5405664444
1.33844780922		2.45937633514
1.34120082855		2.66235160828
1.3439848423		2.4898223877
1.34669280052		2.4898223877
1.34944581985		2.66235160828
1.3521938324		2.49489688873
1.35495495796		2.51519489288
1.35770201683		2.67250061035
1.36045002937		2.52026939392
1.36320900917		2.56086444855
1.36595201492		2.67250061035
1.36870288849		2.47459983826
1.37145590782		2.5913105011
1.37420487404		2.66235160828
1.37695384026		2.40863323212
1.37970590591		2.62683105469
1.38245391846		2.62175655365
1.38520693779		2.41370677948
1.38795495033		2.66235160828
1.39070701599		2.56086444855
1.39345693588		2.45430183411
1.39620399475		2.66742610931
1.39895582199		2.50504589081
1.40170693398		2.47967433929
1.40445899963		2.66235160828
1.40720796585		2.49489688873
1.40995883942		2.51012039185
1.41270780563		2.67250061035
1.41559100151		2.52026939392
1.41833686829		2.56086444855
1.42109084129		2.67757511139
1.42384290695		2.46952533722
1.4265859127		2.59638500214
1.4293358326		2.66742610931
1.4320898056		2.40355873108
1.43483781815		2.62683105469
1.43758583069		2.62175655365
1.44033885002		2.41370677948
1.44308781624		2.66235160828
1.44583797455		2.55578994751
1.44858694077		2.44922733307
1.45136380196		2.66742610931
1.45409584045		2.50504589081
1.45683884621		2.47967433929
1.45958995819		2.66235160828
1.46233892441		2.49489688873
1.46509194374		2.51519489288
1.46783995628		2.67250061035
1.47059202194		2.51519489288
1.47334194183		2.55071544647
1.4760928154		2.67757511139
1.47884297371		2.49489688873
1.48159384727		2.58623600006
1.48434591293		2.66742610931
1.4870929718		2.41878128052
1.48984479904		2.62175655365
1.49259400368		2.63698005676
1.49534583092		2.39848423004
1.49809598923		2.6522026062
1.50084495544		2.57608699799
1.50360298157		2.43907928467
1.50635194778		2.66742610931
1.50909686089		2.51519489288
1.51184487343		2.46952533722
1.51459789276		2.66235160828
1.5173459053		2.4898223877
1.52009701729		2.49997138977
1.52284884453		2.66235160828
1.52559900284		2.51012039185
1.52835083008		2.53549194336
1.53109884262		2.67757511139
1.53385686874		2.50504589081
1.5365998745		2.57608699799
1.53935194016		2.67250061035
1.54210090637		2.43907928467
1.54485297203		2.60653305054
1.54760098457		2.6522026062
1.55035281181		2.40355873108
1.55310297012		2.64712810516
1.55598187447		2.56593894958
1.55872893333		2.43907928467
1.56147789955		2.66742610931
1.56422996521		2.51519489288
1.5669798851		2.47459983826
1.56972980499		2.66235160828
1.57247900963		2.4898223877
1.57523083687		2.50504589081
1.57797980309		2.66742610931
1.58073186874		2.51012039185
1.58348989487		2.5405664444
1.58623385429		2.67757511139
1.58898186684		2.51012039185
1.59174084663		2.57608699799
1.59448194504		2.67250061035
1.59722495079		2.43400478363
1.59997582436		2.61160755157
1.60272598267		2.6522026062
1.60561490059		2.40355873108
1.60836482048		2.6522026062
1.611109972		2.57101249695
1.6138689518		2.44415378571
1.61660885811		2.66742610931
1.61936187744		2.51519489288
1.62210988998		2.47967433929
1.62486481667		2.66235160828
1.62761282921		2.4898223877
1.63036084175		2.50504589081
1.63311195374		2.66742610931
1.63586401939		2.51519489288
1.63861298561		2.5405664444
1.64136385918		2.67757511139
1.6441218853		2.50504589081
1.64686489105		2.58116149902
1.64961791039		2.67250061035
1.65236783028		2.42893028259
1.65511894226		2.61160755157
1.65786790848		2.64712810516
1.66061687469		2.39848423004
1.66337585449		2.64712810516
1.6661169529		2.5913105011
1.66886782646		2.42893028259
1.67161798477		2.66742610931
1.67437601089		2.53041744232
1.67712402344		2.46952533722
1.67986893654		2.66235160828
1.68261885643		2.4898223877
1.68537187576		2.49489688873
1.68812298775		2.66742610931
1.69087195396		2.50504589081
1.69362783432		2.53041744232
1.69637084007		2.67250061035
1.69912195206		2.51519489288
1.70187282562		2.56593894958
1.70462393761		2.67250061035
1.70737290382		2.45430183411
1.71012282372		2.60653305054
1.71287584305		2.65727710724
1.71562290192		2.40355873108
1.71837282181		2.63698005676
1.72112393379		2.60653305054
1.72387480736		2.41878128052
1.72662496567		2.66235160828
1.72937703133		2.54564094543
1.73212385178		2.45430183411
1.73487687111		2.66235160828
1.73762798309		2.49997138977
1.74037694931		2.4898223877
1.74312782288		2.66235160828
1.74600481987		2.50504589081
1.74875283241		2.53549194336
1.7515039444		2.67757511139
1.75425696373		2.51519489288
1.7570040226		2.57101249695
1.75975489616		2.67757511139
1.76250982285		2.45430183411
1.76525592804		2.60145950317
1.76800584793		2.65727710724
1.77075600624		2.39848423004
1.77351284027		2.63698005676
1.7762567997		2.60653305054
1.77900600433		2.41878128052
1.7817568779		2.66742610931
1.78450798988		2.5405664444
1.78725790977		2.45937633514
1.79000782967		2.66742610931
1.79275894165		2.49997138977
1.79551100731		2.48474884033
1.79825901985		2.66235160828
1.80100893974		2.49489688873
1.80376791954		2.52026939392
1.80650997162		2.67250061035
1.80926084518		2.52534389496
1.8120098114		2.56086444855
1.81476283073		2.67757511139
1.81751298904		2.47967433929
1.82026290894		2.59638500214
1.82301497459		2.65727710724
1.82589197159		2.39848423004
1.82863783836		2.6420545578
1.83138799667		2.60145950317
1.83414983749		2.42385578156
1.83688902855		2.66235160828
1.83963990211		2.5405664444
1.84238982201		2.45937633514
1.84513783455		2.66235160828
1.84790182114		2.49489688873
1.85063385963		2.4898223877
1.85338687897		2.66235160828
1.85614180565		2.49997138977
1.85889291763		2.52026939392
1.86164188385		2.67250061035
1.86439800262		2.52026939392
1.86714482307		2.56086444855
1.86989283562		2.67757511139
1.87265086174		2.46952533722
1.8754029274		2.59638500214
1.8781440258		2.66235160828
1.88089489937		2.40355873108
1.88365387917		2.62683105469
1.88639497757		2.62175655365
1.8891479969		2.40863323212
1.89189791679		2.66235160828
1.89464902878		2.56086444855
1.897397995		2.44922733307
1.90014791489		2.66742610931
1.90289783478		2.50504589081
1.90564894676		2.47967433929
1.90840101242		2.66235160828
1.91115188599		2.4898223877
1.91398596764		2.51519489288
1.91677689552		2.67250061035
1.91952395439		2.52026939392
1.92227482796		2.56086444855
1.92502784729		2.67250061035
1.92777585983		2.46952533722
1.93052697182		2.59638500214
1.93329000473		2.66235160828
1.9360268116		2.40863323212
1.93877696991		2.62683105469
1.9415268898		2.62175655365
1.94428086281		2.41370677948
1.94702887535		2.66235160828
1.94977903366		2.55578994751
1.95252895355		2.44922733307
1.95528101921		2.66742610931
1.9580309391		2.50504589081
1.96078085899		2.47967433929
1.96353793144		2.66235160828
1.96628093719		2.49489688873
1.96903300285		2.51012039185
1.97178483009		2.67250061035
1.97453403473		2.52026939392
1.97728586197		2.55071544647
1.98003292084		2.67250061035
1.98278403282		2.49489688873
1.98553681374		2.58623600006
1.98828482628		2.66742610931
1.99103498459		2.42385578156
1.99378585815		2.62175655365
1.99653601646		2.63698005676
1.99928593636		2.39848423004
2.00203585625		2.6522026062
2.00478792191		2.57608699799
2.00753688812		2.43907928467
2.01028990746		2.67250061035
2.01303792		2.50504589081
2.01591587067		2.48474884033
2.01866793633		2.66235160828
2.0214138031		2.4898223877
2.02417302132		2.51012039185
2.0269138813		2.67250061035
2.02966380119		2.52026939392
2.03241491318		2.55071544647
2.03516793251		2.67757511139
2.0379178524		2.4898223877
2.04066681862		2.5913105011
2.04342699051		2.66742610931
2.04616689682		2.41370677948
2.0489180088		2.62175655365
2.0516679287		2.63698005676
2.05441999435		2.40355873108
2.0571680069		2.65727710724
2.05991792679		2.57101249695
2.06266784668		2.44415378571
2.0654258728		2.66742610931
2.06816983223		2.51519489288
2.07092094421		2.47459983826
2.07367181778		2.65727710724
2.07642102242		2.4898223877
2.07917189598		2.49997138977
2.08192181587		2.66742610931
2.08467197418		2.51012039185
2.08742284775		2.5405664444
2.09017395973		2.67757511139
2.09292292595		2.51012039185
2.09566903114		2.57608699799
2.09841585159		2.67250061035
2.10116696358		2.43907928467
2.10401892662		2.61668205261
2.10680389404		2.63190555573
2.10955095291		2.39848423004
2.1123008728		2.65727710724
2.11505293846		2.57101249695
2.11780190468		2.44415378571
2.1205508709		2.66742610931
2.12330985069		2.50504589081
2.12605500221		2.47459983826
2.12880301476		2.65727710724
2.13155388832		2.4898223877
2.13430500031		2.50504589081
2.13705587387		2.66742610931
2.13980484009		2.51012039185
2.1425549984		2.5405664444
2.14530682564		2.67757511139
2.14805603027		2.51012039185
2.15080595016		2.58116149902
2.1535589695		2.67250061035
2.15630698204		2.43400478363
2.15905785561		2.60653305054
2.16180992126		2.6420545578
2.16455888748		2.40355873108
2.1673078537		2.6420545578
2.17005896568		2.5913105011
2.17280888557		2.43400478363
2.17555999756		2.66742610931
2.17830991745		2.53041744232
2.18106102943		2.46445083618
2.18381094933		2.66235160828
2.18656182289		2.4898223877
2.18931698799		2.49489688873
2.19206094742		2.66235160828
2.19481396675		2.49997138977
2.19756197929		2.52534389496
2.20031285286		2.67757511139
2.20306301117		2.51012039185
2.20594596863		2.58116149902
2.20868802071		2.67250061035
2.21143889427		2.42893028259
2.21419692039		2.61668205261
2.21693897247		2.6420545578
2.21968889236		2.39848423004
2.22244000435		2.64712810516
2.22519183159		2.58116149902
2.22794079781		2.42893028259
2.23069190979		2.66742610931
2.23344492912		2.52534389496
2.23619389534		2.46445083618
2.23894190788		2.66235160828
2.24169397354		2.4898223877
2.24444484711		2.49489688873
2.24719285965		2.66235160828
2.24994301796		2.50504589081
2.25269293785		2.53041744232
2.25544691086		2.67250061035
2.25819587708		2.51519489288
2.26094484329		2.57101249695
2.26369690895		2.67250061035
2.26644587517		2.45430183411
2.26919603348		2.60145950317
2.27194690704		2.6522026062
2.27470898628		2.39848423004
2.27744984627		2.6420545578
2.28020191193		2.60653305054
2.28294897079		2.41878128052
2.2857029438		2.66742610931
2.28844881058		2.54564094543
2.29119992256		2.45937633514
2.29398798943		2.66235160828
2.29670095444		2.49489688873
2.29945087433		2.48474884033
2.30219888687		2.65727710724
2.30495381355		2.49489688873
2.30770301819		2.52026939392
2.31045103073		2.67250061035
2.31321001053		2.52534389496
2.31595301628		2.56086444855
2.31870293617		2.67757511139
2.32145380974		2.47459983826
2.3242058754		2.59638500214
2.32695293427		2.66742610931
2.32970285416		2.40863323212
2.33245491982		2.62683105469
2.33520698547		2.62683105469
2.33795380592		2.40863323212
2.34070491791		2.66235160828
2.34345698357		2.56086444855
2.34619903564		2.44415378571
2.34894800186		2.66742610931
2.3516998291		2.50504589081
2.35446381569		2.47967433929
2.35720896721		2.65727710724
2.35996389389		2.4898223877
2.36270999908		2.51012039185
2.36546182632		2.67250061035
2.36820983887		2.51519489288
2.37095999718		2.55071544647
2.3737180233		2.67757511139
2.37646389008		2.49997138977
2.37921285629		2.58623600006
2.38195991516		2.67250061035
2.38471484184		2.41878128052
2.38746190071		2.61668205261
2.3902118206		2.6420545578
2.39296197891		2.40355873108
2.39571380615		2.64712810516
2.39846396446		2.58116149902
2.40121388435		2.43400478363
2.40402984619		2.66742610931
2.40671682358		2.52026939392
2.40948796272		2.47459983826
2.4122159481		2.65727710724
2.41496896744		2.4898223877
2.41771483421		2.49489688873
2.4204659462		2.66742610931
2.42322397232		2.51012039185
2.42596793175		2.53549194336
2.42871880531		2.67250061035
2.43146681786		2.51519489288
2.43422198296		2.58116149902
2.43696784973		2.67250061035
2.43971681595		2.44415378571
2.44247198105		2.60653305054
2.44522690773		2.6522026062
2.44796991348		2.39848423004
2.45071983337		2.6420545578
2.45347690582		2.59638500214
2.45622181892		2.42385578156
2.45897102356		2.66235160828
2.46172189713		2.53549194336
2.46447491646		2.45937633514
2.46722197533		2.66235160828
2.46997284889		2.49489688873
2.47272396088		2.4898223877
2.47548103333		2.66235160828
2.47822380066		2.49997138977
2.48097491264		2.52026939392
2.48373293877		2.67250061035
2.48647379875		2.52026939392
2.48922491074		2.56086444855
2.49197483063		2.67757511139
2.49472784996		2.46445083618
2.49747681618		2.59638500214
2.50022697449		2.66235160828
2.50298094749		2.39848423004
2.50572991371		2.63190555573
2.50847792625		2.61668205261
2.51122689247		2.41370677948
2.51401591301		2.66235160828
2.51672887802		2.55071544647
2.51947879791		2.44922733307
2.52223086357		2.66742610931
2.52498197556		2.49997138977
2.5277299881		2.48474884033
2.53048682213		2.66235160828
2.53323984146		2.49489688873
2.53598380089		2.51519489288
2.5387339592		2.67250061035
2.54148101807		2.52026939392
2.54423284531		2.55071544647
2.54698181152		2.67757511139
2.54973387718		2.4898223877
2.55248689651		2.5913105011
2.55523395538		2.67250061035
2.55798387527		2.41370677948
2.56073498726		2.61668205261
2.56349182129		2.63190555573
2.56623601913		2.40355873108
2.56898593903		2.65727710724
2.57173585892		2.57101249695
2.57448792458		2.43907928467
2.57723593712		2.66742610931
2.57998800278		2.51519489288
2.58273792267		2.46952533722
2.58548903465		2.65727710724
2.58823800087		2.4898223877
2.59098792076		2.50504589081
2.59374094009		2.66742610931
2.59648180008		2.51012039185
2.59923100471		2.53549194336
2.60198283195		2.67757511139
2.60474395752		2.51012039185
2.60749292374		2.57608699799
2.61024093628		2.67250061035
2.6129899025		2.42385578156
2.61574888229		2.61160755157
2.61849403381		2.64712810516
2.62124300003		2.39848423004
2.6240298748		2.64712810516
2.62674403191		2.5913105011
2.62949299812		2.42893028259
2.63224697113		2.66742610931
2.63499593735		2.52534389496
2.63774490356		2.46445083618
2.64049601555		2.66235160828
2.64325380325		2.4898223877
2.64599585533		2.49489688873
2.64874601364		2.66235160828
2.65149784088		2.49997138977
2.65424895287		2.52534389496
2.65699696541		2.67250061035
2.65974783897		2.52026939392
2.66249990463		2.57101249695
2.66525101662		2.67250061035
2.66799783707		2.45430183411
2.67074894905		2.60145950317
2.67349886894		2.65727710724
2.6762509346		2.39848423004
2.67899990082		2.63190555573
2.6817510128		2.61160755157
2.68450284004		2.41878128052
2.68724989891		2.66235160828
2.69000101089		2.54564094543
2.69275283813		2.45430183411
2.69550395012		2.66235160828
2.69825482368		2.49997138977
2.70101284981		2.48474884033
2.70375990868		2.66235160828
2.70650482178		2.49489688873
2.70925498009		2.51519489288
2.71201300621		2.67250061035
2.71475601196		2.52026939392
2.71750688553		2.56086444855
2.72025489807		2.67757511139
2.72300601006		2.46445083618
2.72588586807		2.60653305054
2.72865080833		2.65727710724
2.73138284683		2.40355873108
2.73414301872		2.63190555573
2.73688292503		2.60653305054
2.7396337986		2.41878128052
2.74238395691		2.66742610931
2.74513602257		2.5405664444
2.74788594246		2.45937633514
2.75063490868		2.66742610931
2.75338482857		2.49489688873
2.75613689423		2.4898223877
2.75888800621		2.65727710724
2.76163697243		2.49489688873
2.76438784599		2.51519489288
2.76713585854		2.67250061035
2.76988697052		2.52026939392
2.77263689041		2.56086444855
2.77539086342		2.67757511139
2.77813792229		2.47967433929
2.78088998795		2.5913105011
2.7836458683		2.66742610931
2.78639602661		2.40863323212
2.78913998604		2.62683105469
2.7918908596		2.62683105469
2.79464197159		2.40863323212
2.79739189148		2.66235160828
2.80014181137		2.56086444855
2.80289196968		2.44415378571
2.80564284325		2.66742610931
2.80839300156		2.51012039185
2.81114387512		2.47967433929
2.81398200989		2.66235160828
2.8167719841		2.49997138977
2.81951880455		2.51519489288
2.82226991653		2.67250061035
2.82501983643		2.52026939392
2.82776999474		2.56086444855
2.8305208683		2.67757511139
2.83327698708		2.47459983826
2.8360209465		2.59638500214
2.83877182007		2.66235160828
2.84152293205		2.40863323212
2.84426999092		2.62683105469
2.84701299667		2.62683105469
2.84976387024		2.41370677948
2.85251402855		2.65727710724
2.8552749157		2.56086444855
2.85802388191		2.44922733307
2.8607749939		2.66742610931
2.86353302002		2.50504589081
2.86627602577		2.47967433929
2.8690237999		2.65727710724
2.87178301811		2.4898223877
2.87453198433		2.51012039185
2.8772778511		2.66742610931
2.88002896309		2.52026939392
2.88277792931		2.55071544647
2.88552999496		2.67757511139
2.8882830143		2.49489688873
2.89102983475		2.58623600006
2.8937869072		2.66742610931
2.89652991295		2.42385578156
2.89927983284		2.61668205261
2.90202999115		2.6420545578
2.90478181839		2.39848423004
2.90753388405		2.6522026062
2.91028189659		2.58116149902
2.91303300858		2.44415378571
2.91591095924		2.66742610931
2.91865801811		2.49997138977
2.921407938		2.48474884033
2.9241669178		2.65727710724
2.9269080162		2.4898223877
2.92966198921		2.51012039185
2.93240880966		2.66742610931
2.93516087532		2.52026939392
2.93790888786		2.55071544647
2.94066095352		2.67757511139
2.94341683388		2.49489688873
2.94616293907		2.58623600006
2.94890999794		2.67250061035
2.95166301727		2.41878128052
2.95441389084		2.61668205261
2.95716691017		2.63190555573
2.95991301537		2.39848423004
2.96266388893		2.6522026062
2.96541380882		2.57608699799
2.96816396713		2.43907928467
2.9709148407		2.66742610931
2.97367191315		2.51519489288
2.97641682625		2.47459983826
2.97916603088		2.65727710724
2.9819149971		2.4898223877
2.98466801643		2.49997138977
2.98741602898		2.66742610931
2.99016594887		2.51012039185
2.99291682243		2.5405664444
2.99566888809		2.67250061035
2.99841690063		2.51012039185
3.00116801262		2.58116149902
3.00400090218		2.67250061035
3.00679397583		2.41878128052
3.00954389572		2.61668205261
3.01229381561		2.63698005676
3.01504683495		2.40355873108
3.01779699326		2.6522026062
3.0205450058		2.57101249695
3.0233039856		2.43907928467
3.02604699135		2.66742610931
3.02879691124		2.51519489288
3.0315489769		2.47459983826
3.03430080414		2.66235160828
3.03704690933		2.4898223877
3.03979897499		2.50504589081
3.04255580902		2.66235160828
3.04530382156		2.51519489288
3.04804897308		2.53549194336
3.05079984665		2.67250061035
3.05355787277		2.51012039185
3.05630087852		2.58116149902
3.05905079842		2.67757511139
3.06180095673		2.43907928467
3.06455588341		2.61160755157
3.0673019886		2.64712810516
3.07005286217		2.39848423004
3.07280302048		2.6420545578
3.07555890083		2.5913105011
3.07830286026		2.42893028259
3.08105492592		2.66235160828
3.08381199837		2.53041744232
3.08656692505		2.46445083618
3.08930397034		2.65727710724
3.09205389023		2.4898223877
3.09480190277		2.49489688873
3.09754800797		2.66235160828
3.10029792786		2.50504589081
3.10304784775		2.53549194336
3.10581302643		2.67757511139
3.10855793953		2.52026939392
3.11131286621		2.56593894958
3.11406588554		2.67757511139
3.11680793762		2.46445083618
3.11955881119		2.59638500214
3.12230801582		2.65727710724
3.12505984306		2.39848423004
3.12781596184		2.63190555573
3.13055992126		2.61160755157
3.13331794739		2.41370677948
3.13606095314		2.66235160828
3.13881087303		2.54564094543
3.14156198502		2.45430183411
3.14431786537		2.66235160828
3.1470618248		2.49997138977
3.14981293678		2.48474884033
3.152561903		2.65727710724
3.15531802177		2.4898223877
3.15806484222		2.51519489288
3.16081595421		2.67250061035
3.16357302666		2.52534389496
3.16631603241		2.55578994751
3.16906690598		2.67757511139
3.17181491852		2.48474884033
3.17456698418		2.5913105011
3.17731595039		2.66742610931
3.18006682396		2.40863323212
3.1828148365		2.62175655365
3.18556785583		2.62683105469
3.18831682205		2.40355873108
3.19106793404		2.65727710724
3.1938188076		2.56593894958
3.19656682014		2.44415378571
3.1993188858		2.66742610931
3.20206880569		2.51012039185
3.20482182503		2.47967433929
3.20757102966		2.65727710724
3.21032094955		2.4898223877
3.21307587624		2.51519489288
3.21594786644		2.67250061035
3.21869587898		2.52534389496
3.22144699097		2.56086444855
3.22420501709		2.67757511139
3.22694683075		2.48474884033
3.22969889641		2.59638500214
3.23244786263		2.66742610931
3.23519992828		2.41370677948
3.2379488945		2.62175655365
3.24069881439		2.62683105469
3.24345684052		2.40863323212
3.24619984627		2.65727710724
3.24895191193		2.56086444855
3.25170087814		2.44415378571
3.25445199013		2.66235160828
3.25720286369		2.51012039185
3.25995397568		2.47967433929
3.26270484924		2.65727710724
3.26545381546		2.4898223877
3.2682030201		2.50504589081
3.27095389366		2.66742610931
3.27370381355		2.51519489288
3.27645397186		2.54564094543
3.27920484543		2.67757511139
3.28195500374		2.50504589081
3.2847058773		2.58116149902
3.28745603561		2.67250061035
3.29020595551		2.42385578156
3.29295492172		2.61668205261
3.29570698738		2.63698005676
3.29846286774		2.39848423004
3.30120682716		2.64712810516
3.30403900146		2.56593894958
3.30683398247		2.44415378571
3.30958390236		2.66742610931
3.31233382225		2.51012039185
3.31508493423		2.47967433929
3.31783390045		2.65727710724
3.32058691978		2.4898223877
3.32334280014		2.51012039185
3.32608580589		2.66742610931
3.3288359642		2.52026939392
3.33158588409		2.54564094543
3.33433794975		2.67757511139
3.3370859623		2.49997138977
3.33983802795		2.58623600006
3.34258699417		2.66742610931
3.34533596039		2.42385578156
3.34807991982		2.61668205261
3.35083198547		2.6420545578
3.35358786583		2.39848423004
3.35634088516		2.6522026062
3.35909080505		2.57608699799
3.3618388176		2.43400478363
3.36459302902		2.66742610931
3.36734199524		2.52026939392
3.37009000778		2.46952533722
3.37284183502		2.65727710724
3.37559390068		2.4898223877
3.3783428669		2.49997138977
3.38109183311		2.66235160828
3.38385081291		2.51012039185
3.38659501076		2.53549194336
3.3893430233		2.67757511139
3.39209389687		2.51519489288
3.3948469162		2.57608699799
3.39759492874		2.67250061035
3.4003469944		2.44415378571
3.40309500694		2.61160755157
3.40597581863		2.63698005676
3.40872192383		2.40355873108
3.41147184372		2.6522026062
3.4142229557		2.57608699799
3.4169728756		2.43400478363
3.41972303391		2.66742610931
3.42247200012		2.51519489288
3.42522597313		2.46952533722
3.42797398567		2.66235160828
3.43072390556		2.4898223877
3.43347501755		2.49997138977
3.43622589111		2.66742610931
3.43897390366		2.51012039185
3.44172596931		2.53549194336
3.44448184967		2.67757511139
3.44722795486		2.51519489288
3.44997882843		2.57608699799
3.45272684097		2.67250061035
3.45547890663		2.43907928467
3.45822787285		2.60653305054
3.46097898483		2.64712810516
3.46373200417		2.39848423004
3.46648097038		2.6420545578
3.46923494339		2.59638500214
3.47198081017		2.42385578156
3.47473788261		2.66742610931
3.47748398781		2.53549194336
3.48023080826		2.45937633514
3.48298096657		2.66235160828
3.4857339859		2.49489688873
3.48848199844		2.49489688873
3.49124884605		2.66235160828
3.49402189255		2.49997138977
3.49673581123		2.52534389496
3.49948382378		2.67757511139
3.50223398209		2.52026939392
3.50498890877		2.56593894958
3.50773501396		2.67250061035
3.5104830265		2.46952533722
3.5132420063		2.60145950317
3.51598596573		2.66235160828
3.51873683929		2.39848423004
3.5214869976		2.63190555573
3.5242369175		2.61668205261
3.52698898315		2.40863323212
3.52973794937		2.66235160828
3.53248691559		2.55071544647
3.53523993492		2.45430183411
3.53798985481		2.66235160828
3.54073882103		2.49997138977
3.54348993301		2.48474884033
3.54623889923		2.65727710724
3.54899001122		2.4898223877
3.55174088478		2.51012039185
3.55450081825		2.67250061035
3.55724191666		2.52026939392
3.5599899292		2.55071544647
3.56274080276		2.67757511139
3.56549692154		2.4898223877
3.56824183464		2.5913105011
3.57099294662		2.66742610931
3.57375097275		2.40863323212
3.57649588585		2.61668205261
3.57924485207		2.63190555573
3.58199286461		2.40355873108
3.58474898338		2.6522026062
3.58749580383		2.57101249695
3.59024500847		2.44415378571
3.59299492836		2.66742610931
3.59574103355		2.51519489288
3.59848880768		2.47459983826
3.60123991966		2.65727710724
3.60406303406		2.4898223877
3.60674881935		2.50504589081
3.60949802399		2.66742610931
3.61224889755		2.51012039185
3.61500096321		2.5405664444
3.61774992943		2.67250061035
3.62049984932		2.51012039185
3.62325692177		2.58116149902
3.62599897385		2.67250061035
3.62875080109		2.43400478363
3.63150000572		2.61160755157
3.63425183296		2.6420545578
3.63700079918		2.39848423004
3.63975691795		2.6420545578
3.64250397682		2.58623600006
3.64525389671		2.42893028259
3.64800286293		2.66742610931
3.65075397491		2.52534389496
3.65350985527		2.46952533722
3.65625286102		2.65727710724
3.65900492668		2.4898223877
3.6617538929		2.49489688873
3.66450786591		2.66742610931
3.66725587845		2.49997138977
3.67000484467		2.53041744232
3.67275595665		2.67250061035
3.67551589012		2.52026939392
3.67825698853		2.57101249695
3.68100690842		2.67250061035
3.68376684189		2.45430183411
3.68650794029		2.60145950317
3.68925881386		2.65727710724
3.69200801849		2.40355873108
3.6947619915		2.63190555573
3.69750785828		2.60653305054
3.70026087761		2.41878128052
3.70301103592		2.66742610931
3.70576381683		2.54564094543
3.70851182938		2.45430183411
3.71126699448		2.66235160828
3.7140519619		2.49489688873
3.71676397324		2.48474884033
3.71951293945		2.65727710724
3.72226595879		2.49489688873
3.72502183914		2.51519489288
3.72776389122		2.67250061035
3.73051595688		2.52534389496
3.73327183723		2.56086444855
3.73601388931		2.67757511139
3.7387650013		2.48474884033
3.74151396751		2.59638500214
3.74426794052		2.66742610931
3.74701690674		2.40863323212
3.74976587296		2.62683105469
3.75251793861		2.62683105469
3.75526785851		2.40863323212
3.75801682472		2.65727710724
3.76076793671		2.56086444855
3.76352596283		2.44415378571
3.76626992226		2.66235160828
3.7690179348		2.51012039185
3.77176880836		2.47967433929
3.77452087402		2.65727710724
3.77726984024		2.48474884033
3.78001999855		2.51012039185
3.78277182579		2.66742610931
3.78552389145		2.52026939392
3.78827190399		2.54564094543
3.79102301598		2.67757511139
3.79377293587		2.50504589081
3.79652285576		2.58623600006
3.79927301407		2.67250061035
3.80202293396		2.42385578156
3.80477595329		2.61668205261
3.80752396584		2.6420545578
3.81028079987		2.40355873108
3.81302595139		2.65727710724
3.81590390205		2.55578994751
3.8186519146		2.44922733307
3.82140088081		2.66742610931
3.82415986061		2.51012039185
3.82690095901		2.47967433929
3.82965087891		2.65727710724
3.83240485191		2.4898223877
3.83515381813		2.51012039185
3.83790397644		2.66742610931
3.84065294266		2.52026939392
3.84341096878		2.55071544647
3.8461458683		2.67250061035
3.84889698029		2.49997138977
3.85164690018		2.58116149902
3.85440897942		2.66742610931
3.85715699196		2.42385578156
3.8599050045		2.61668205261
3.86265802383		2.63698005676
3.86540699005		2.40355873108
3.86815690994		2.6522026062
3.87090682983		2.58116149902
3.87365889549		2.43400478363
3.87641096115		2.66742610931
3.87915802002		2.52026939392
3.88190889359		2.47459983826
3.88466191292		2.6522026062
3.88740897179		2.48474884033
3.89015889168		2.49489688873
3.89291191101		2.66742610931
3.89567184448		2.51012039185
3.89841294289		2.53549194336
3.90116095543		2.67250061035
3.90399193764		2.50504589081
3.90678882599		2.58623600006
3.90953803062		2.66742610931
3.91228890419		2.41878128052
3.91504001617		2.61668205261
3.91778683662		2.63698005676
3.92053794861		2.39848423004
3.92329692841		2.6522026062
3.92603993416		2.57608699799
3.92879080772		2.43400478363
3.93153882027		2.66742610931
3.9342918396		2.52026939392
3.93704080582		2.46952533722
3.93979096413		2.65727710724
3.94254183769		2.4898223877
3.94531393051		2.49997138977
3.94804501534		2.66742610931
3.95079302788		2.51012039185
3.95354485512		2.53549194336
3.95629286766		2.67757511139
3.95904302597		2.51012039185
3.96179485321		2.57608699799
3.96454787254		2.67250061035
3.96729493141		2.43400478363
3.9700448513		2.60653305054
3.97279691696		2.6522026062
3.97554683685		2.39848423004
3.97829699516		2.6420545578
3.98105287552		2.59638500214
3.98380494118		2.42385578156
3.98654985428		2.66742610931
3.98929595947		2.53549194336
3.99204802513		2.46445083618
3.99479985237		2.65727710724
3.99754881859		2.49489688873
4.0002989769		2.4898223877
4.00304985046		2.66742610931
4.0059299469		2.51519489288
4.00868082047		2.53549194336
4.01142382622		2.67250061035
4.01418280602		2.51012039185
4.01692986488		2.58116149902
4.01967692375		2.67250061035
4.02242493629		2.43907928467
4.0251789093		2.61160755157
4.02792787552		2.6522026062
4.0306789875		2.39848423004
4.03343701363		2.6420545578
4.03618097305		2.59638500214
4.03893089294		2.42385578156
4.04167985916		2.66742610931
4.04443097115		2.53549194336
4.04718089104		2.45937633514
4.04993081093		2.66235160828
4.05268192291		2.49489688873
4.05543398857		2.49489688873
4.05818200111		2.66235160828
4.06093382835		2.50504589081
4.06368684769		2.52534389496
4.06644296646		2.67250061035
4.06918501854		2.52026939392
4.07193589211		2.56593894958
4.07469201088		2.67757511139
4.07743597031		2.46445083618
4.0801858902		2.59638500214
4.08294081688		2.6522026062
4.08568882942		2.40355873108
4.08843898773		2.63190555573
4.09118700027		2.61160755157
4.09396600723		2.41370677948
4.09668588638		2.66235160828
4.09942889214		2.55071544647
4.10218000412		2.45430183411
4.1049478054		2.66235160828
4.10768985748		2.49997138977
4.11043787003		2.47967433929
4.11319589615		2.65727710724
4.1159389019		2.4898223877
4.11868882179		2.51519489288
4.12144088745		2.67250061035
4.12419700623		2.52026939392
4.12694501877		2.55578994751
4.12969088554		2.67757511139
4.13244199753		2.48474884033
4.13519382477		2.5913105011
4.13794398308		2.66742610931
4.14069390297		2.41370677948
4.14345002174		2.62175655365
4.14619398117		2.63190555573
4.14894294739		2.40355873108
4.15170192719		2.65727710724
4.1544508934		2.56593894958
4.15719795227		2.44415378571
4.15994596481		2.66235160828
4.16269683838		2.51519489288
4.16544795036		2.47459983826
4.16819691658		2.65727710724
4.17094993591		2.4898223877
4.17370080948		2.50504589081
4.17645001411		2.66742610931
4.17919683456		2.51519489288
4.1819498539		2.54564094543
4.18470597267		2.67757511139
4.1874499321		2.50504589081
4.19019985199		2.58116149902
4.19294881821		2.67250061035
4.19570183754		2.43400478363
4.19844985008		2.61160755157
4.20120096207		2.6420545578
4.20403790474		2.40355873108
4.20682692528		2.65727710724
4.20957589149		2.56593894958
4.21233201027		2.44415378571
4.21508002281		2.66235160828
4.21782898903		2.51012039185
4.22057890892		2.47967433929
4.22333884239		2.65727710724
4.2260799408		2.4898223877
4.22882986069		2.50504589081
4.231580019		2.66742610931
4.23433184624		2.51519489288
4.23708581924		2.54564094543
4.23983192444		2.67757511139
4.24258184433		2.50504589081
4.24533295631		2.58623600006
4.24808096886		2.67250061035
4.25083398819		2.42893028259
4.25358986855		2.61160755157
4.2563328743		2.6420545578
4.25908398628		2.39848423004
4.26183485985		2.64712810516
4.26458692551		2.58116149902
4.26733493805		2.43400478363
4.27008581161		2.66742610931
4.27283787727		2.52026939392
4.27558898926		2.46952533722
4.2783370018		2.65727710724
4.28108596802		2.4898223877
4.28383898735		2.49489688873
4.28658795357		2.66235160828
4.28933691978		2.50504589081
4.29208898544		2.53041744232
4.29483985901		2.67250061035
4.29758691788		2.52026939392
4.30033993721		2.57101249695
4.30308890343		2.67250061035
4.30596780777		2.42385578156
4.30871486664		2.61668205261
4.3114669323		2.6420545578
4.31421899796		2.39848423004
4.31696486473		2.64712810516
4.31971597672		2.58116149902
4.32247400284		2.43400478363
4.32521891594		2.66742610931
4.32796788216		2.52534389496
4.33071899414		2.46952533722
4.3334748745		2.6522026062
4.33621883392		2.4898223877
4.33896899223		2.49489688873
4.34171891212		2.66235160828
4.34446883202		2.51012039185
4.34721183777		2.53549194336
4.34996199608		2.67250061035
4.35271191597		2.51519489288
4.35547399521		2.57608699799
4.35822200775		2.67250061035
4.36097192764		2.44415378571
4.36373090744		2.60653305054
4.36647295952		2.65727710724
4.36922287941		2.39848423004
4.37197399139		2.63698005676
4.37472701073		2.59638500214
4.3774728775		2.41878128052
4.38022589684		2.66742610931
4.38297486305		2.53549194336
4.38572788239		2.45937633514
4.38847494125		2.66235160828
4.39122486115		2.4898223877
4.39401698112		2.4898223877
4.39672684669		2.65727710724
4.399477005		2.49489688873
4.40222787857		2.52026939392
4.40497899055		2.67250061035
4.40773487091		2.52026939392
4.4104809761		2.56086444855
4.41323590279		2.67757511139
4.41597890854		2.46952533722
4.41873002052		2.59638500214
4.42147994041		2.66235160828
4.42423200607		2.40863323212
4.42698097229		2.62683105469
4.42973089218		2.61668205261
4.43248081207		2.40863323212
4.43523192406		2.65727710724
4.43798089027		2.55578994751
4.44073390961		2.44922733307
4.44349193573		2.66742610931
4.44623303413		2.50504589081
4.4489839077		2.47967433929
4.45173287392		2.65727710724
4.4544839859		2.4898223877
4.45723581314		2.50504589081
4.45998597145		2.66742610931
4.46273303032		2.52026939392
4.46549201012		2.55071544647
4.46823692322		2.67757511139
4.47098684311		2.49489688873
4.47373986244		2.5913105011
4.47648787498		2.66742610931
4.47923898697		2.41878128052
4.48198795319		2.61668205261
4.48473882675		2.63190555573
4.48748898506		2.40355873108
4.49023890495		2.6522026062
4.49299383163		2.56593894958
4.4957408905		2.43907928467
4.49848985672		2.66742610931
4.50123882294		2.51519489288
4.50405788422		2.47967433929
4.50673985481		2.65727710724
4.50949192047		2.4898223877
4.51224088669		2.49997138977
4.5149948597		2.66235160828
4.51774287224		2.51012039185
4.5204949379		2.5405664444
4.52324986458		2.67757511139
4.52599287033		2.51012039185
4.52874493599		2.58116149902
4.53149485588		2.67250061035
4.53424692154		2.43907928467
4.53699588776		2.60653305054
4.53974795341		2.6522026062
4.54249596596		2.39848423004
4.54524803162		2.6420545578
4.54799580574		2.5913105011
4.55074691772		2.42385578156
4.55350399017		2.66742610931
4.55624580383		2.53041744232
4.55899786949		2.46445083618
4.56174898148		2.65727710724
4.56449985504		2.4898223877
4.56724786758		2.49489688873
4.56999993324		2.65727710724
4.57274794579		2.49997138977
4.57550191879		2.52534389496
4.57825684547		2.67250061035
4.58099985123		2.52026939392
4.58375191689		2.56593894958
4.58650183678		2.67757511139
4.58925199509		2.46445083618
4.59200191498		2.59638500214
4.5947508812		2.66235160828
4.59749603271		2.40355873108
4.60024499893		2.63190555573
4.6029958725		2.60145950317
4.60588383675		2.42893028259
4.60862994194		2.66742610931
4.61137986183		2.52534389496
4.61413693428		2.46952533722
4.61687898636		2.66235160828
4.6196308136		2.49489688873
4.62238097191		2.4898223877
4.62513279915		2.66235160828
4.62788295746		2.49997138977
4.63063097		2.52534389496
4.63339090347		2.67757511139
4.63613200188		2.52026939392
4.63888287544		2.57101249695
4.64163303375		2.67250061035
4.64438390732		2.45937633514
4.6471350193		2.60653305054
4.64988493919		2.65727710724
4.65264081955		2.39848423004
4.65539097786		2.63190555573
4.65813589096		2.61160755157
4.66088485718		2.41878128052
4.66364383698		2.66235160828
4.66638803482		2.54564094543
4.66913700104		2.45430183411
4.67188692093		2.66235160828
4.67465090752		2.49489688873
4.67739081383		2.48474884033
4.68013882637		2.65727710724
4.68288898468		2.49997138977
4.68563985825		2.51519489288
4.6883919239		2.67250061035
4.69113993645		2.52026939392
4.69389081001		2.55578994751
4.69664382935		2.67250061035
4.69939303398		2.47967433929
4.7021420002		2.5913105011
4.70489287376		2.66235160828
4.70764303207		2.41370677948
4.71039485931		2.62683105469
4.71314382553		2.61160755157
4.71601891518		2.41878128052
4.71876883507		2.66742610931
4.7215218544		2.5405664444
4.72427201271		2.45430183411
4.72701883316		2.66235160828
4.72976994514		2.49997138977
4.73251891136		2.48474884033
4.73527193069		2.65727710724
4.73802089691		2.49489688873
4.74077296257		2.51519489288
4.74353003502		2.67250061035
4.746270895		2.52534389496
4.7490298748		2.56086444855
4.75177288055		2.67250061035
4.75452589989		2.48474884033
4.75727391243		2.59638500214
4.76002287865		2.66742610931
4.76277494431		2.40863323212
4.76552581787		2.62683105469
4.76827383041		2.62683105469
4.77102589607		2.40355873108
4.7737839222		2.66235160828
4.77653002739		2.56086444855
4.77927684784		2.44415378571
4.7820289135		2.66742610931
4.78477883339		2.50504589081
4.78752994537		2.47967433929
4.79027891159		2.65727710724
4.79302883148		2.4898223877
4.79578185081		2.50504589081
4.79852986336		2.66235160828
4.80128097534		2.52026939392
4.80410885811		2.55578994751
4.80690598488		2.67250061035
4.80965590477		2.47967433929
4.81240582466		2.59638500214
4.81515979767		2.66742610931
4.81790781021		2.40863323212
4.82065582275		2.62683105469
4.82341384888		2.62175655365
4.82615995407		2.40863323212
4.82890892029		2.66235160828
4.83165884018		2.56086444855
4.83441495895		2.44922733307
4.83716082573		2.66742610931
4.83991003036		2.51012039185
4.84266281128		2.47967433929
4.8454079628		2.65727710724
4.8481528759		2.4898223877
4.85090303421		2.50504589081
4.85365796089		2.66742610931
4.85641384125		2.52026939392
4.85916090012		2.55071544647
4.86191391945		2.67757511139
4.86466503143		2.49997138977
4.86741280556		2.58623600006
4.87016391754		2.67250061035
4.87291288376		2.42893028259
4.87566900253		2.61160755157
4.87841486931		2.6420545578
4.88116502762		2.39848423004
4.88395190239		2.65727710724
4.88666701317		2.57608699799
4.88941693306		2.43907928467
4.89216589928		2.66742610931
4.89491891861		2.52026939392
4.89766693115		2.46952533722
4.90041780472		2.65727710724
4.90324282646		2.4898223877
4.90604686737		2.51012039185
4.90879297256		2.67250061035
4.9115447998		2.52026939392
4.91429591179		2.55071544647
4.91704487801		2.67250061035
4.91979885101		2.49489688873
4.92254495621		2.58623600006
4.92529702187		2.66742610931
4.92804598808		2.41878128052
4.93079686165		2.61668205261
4.93355584145		2.63190555573
4.93629693985		2.40355873108
4.93904900551		2.6522026062
4.94179797173		2.57608699799
4.94454979897		2.43907928467
4.94729995728		2.66742610931
4.95004892349		2.51519489288
4.95280385017		2.46952533722
4.95555090904		2.66235160828
4.95830082893		2.4898223877
4.96105098724		2.49997138977
4.96380782127		2.66742610931
4.96655082703		2.51519489288
4.96930098534		2.53549194336
4.97205281258		2.67250061035
4.97480487823		2.51519489288
4.97755289078		2.57608699799
4.98030281067		2.67250061035
4.98305296898		2.42893028259
4.98580598831		2.61160755157
4.98855400085		2.6522026062
4.99130487442		2.39848423004
4.99406290054		2.6420545578
4.99680495262		2.59638500214
4.99955582619		2.42893028259
