0.000133037567139		3.61126041412
0.00578308105469		3.29664897919
0.01154088974		2.44922733307
0.0172729492188		1.82507896423
0.0230360031128		1.51554203033
0.0287849903107		2.06357479095
0.0345230102539		2.82473182678
0.0402760505676		3.34739303589
0.0460269451141		3.59603691101
0.0517790317535		2.87547588348
0.0575249195099		2.13461589813
0.0632829666138		1.6119556427
0.0690319538116		1.66777324677
0.0748040676117		2.45937633514
0.0805521011353		3.03785610199
0.0862801074982		3.54529380798
0.0920469760895		3.39813613892
0.097804069519		2.52534389496
0.103543043137		1.88089752197
0.109292984009		1.51554203033
0.115073919296		1.96208763123
0.120799064636		2.7536907196
0.126543998718		3.28142547607
0.132296085358		3.61126041412
0.13805103302		2.98203754425
0.143795013428		2.22088050842
0.149549007416		1.67792224884
0.155297994614		1.60688114166
0.16105389595		2.35281467438
0.166816949844		2.98203754425
0.172550916672		3.49962425232
0.178307056427		3.47932624817
0.184051990509		2.61668205261
0.189804077148		1.94178962708
0.195553064346		1.52061653137
0.20131111145		1.86567401886
0.207058906555		2.68264961243
0.212820053101		3.22053337097
0.218580007553		3.61633491516
0.224306106567		3.10382270813
0.230058908463		2.30714511871
0.23580789566		1.73374080658
0.2415599823		1.561211586
0.247309923172		2.26147556305
0.253190040588		2.93129348755
0.258944034576		3.45395469666
0.264694929123		3.52499580383
0.270437002182		2.68772315979
0.276195049286		1.99760818481
0.281937122345		1.54091453552
0.287688016891		1.79970741272
0.293447971344		2.62175655365
0.299199104309		3.15964031219
0.304941892624		3.60111141205
0.310693979263		3.20530986786
0.316442966461		2.37818622589
0.322196006775		1.78448390961
0.327944993973		1.53584003448
0.333697080612		2.14983940125
0.339457035065		2.87547588348
0.345196962357		3.39306259155
0.350948095322		3.5706653595
0.356698989868		2.78413677216
0.362451076508		2.06357479095
0.368206977844		1.57136058807
0.373950958252		1.7235918045
0.37971496582		2.53041744232
0.385452985764		3.08859920502
0.391242980957		3.58081436157
0.396966934204		3.3118724823
0.402705907822		2.46445083618
0.408463001251		1.84030246735
0.414206027985		1.51554203033
0.419966936111		2.04327774048
0.425708055496		2.81458282471
0.431458950043		3.33216953278
0.437208890915		3.59603691101
0.442966938019		2.900847435
0.448734998703		2.14983940125
0.45445895195		1.62717819214
0.460218906403		1.65762519836
0.465963125229		2.43400478363
0.471723079681		3.02770709991
0.477472066879		3.54021930695
0.48320889473		3.40828514099
0.488964080811		2.54564094543
0.494719982147		1.89612102509
0.500476121902		1.5104675293
0.50622010231		1.94178962708
0.511972904205		2.74354171753
0.517726898193		3.27127742767
0.52347111702		3.61126041412
0.529227972031		3.00740909576
0.534971952438		2.23610401154
0.540729999542		1.68299674988
0.546474933624		1.59673213959
0.552225112915		2.33251667023
0.557981014252		2.96681404114
0.563725948334		3.48947525024
0.569483995438		3.48440074921
0.575226068497		2.63190555573
0.580990076065		1.95193862915
0.586733102798		1.52569103241
0.592482089996		1.85045146942
0.598237991333		2.66742610931
0.603982925415		3.20023536682
0.60973906517		3.61633491516
0.615482091904		3.12919425964
0.621238946915		2.32744312286
0.626982927322		1.74388885498
0.632751941681		1.55613708496
0.638492107391		2.22595500946
0.644237995148		2.90592193604
0.65000295639		3.4336566925
0.655738115311		3.54529380798
0.661492109299		2.72324466705
0.667241096497		2.01283168793
0.672995090485		1.55613708496
0.678749084473		1.76926136017
0.684484004974		2.58116149902
0.690238952637		3.13426876068
0.695996046066		3.59096240997
0.701750040054		3.24590492249
0.707503080368		2.41370677948
0.713246107101		1.80478191376
0.719002008438		1.52569103241
0.724745035172		2.11939334869
0.730505943298		2.8501033783
0.736249923706		3.3727645874
0.741998910904		3.58588886261
0.747759103775		2.82473182678
0.753500938416		2.09909534454
0.759252071381		1.59673213959
0.765013933182		1.69822025299
0.770764112473		2.49997138977
0.77650308609		3.07337665558
0.782254934311		3.56559085846
0.788013935089		3.34739303589
0.793756961823		2.49997138977
0.799515008926		1.86059951782
0.805262088776		1.50539302826
0.811019897461		2.00775718689
0.816776037216		2.78921127319
0.822508096695		3.30172348022
0.828263044357		3.60618591309
0.834017038345		2.94144248962
0.839762926102		2.1802854538
0.8455119133		1.64240169525
0.851270914078		1.63225269318
0.857037067413		2.39848423004
0.862787008286		3.00233459473
0.868521928787		3.52499580383
0.874267101288		3.43873119354
0.880023002625		2.57101249695
0.885757923126		1.9214925766
0.891523122787		1.51554203033
0.897272109985		1.91134357452
0.90301990509		2.72324466705
0.908781051636		3.25097942352
0.914524078369		3.61126041412
0.920274019241		3.04800415039
0.926024913788		2.27162456512
0.931773900986		1.70329380035
0.93753194809		1.58150959015
0.943275928497		2.2919216156
0.949039936066		2.94144248962
0.954782962799		3.47425174713
0.960534095764		3.50977325439
0.966279029846		2.65727710724
0.97203207016		1.97731018066
0.977787971497		1.54091453552
0.983531951904		1.81493091583
0.989284038544		2.63698005676
0.995033979416		3.17993831635
1.0008020401		3.60618591309
1.00654006004		3.17486381531
1.01228690147		2.36296367645
1.01804304123		1.76418685913
1.02378797531		1.54598808289
1.02953791618		2.1802854538
1.03528904915		2.88055038452
1.04104590416		3.41335964203
1.04679012299		3.56559085846
1.05254292488		2.75876522064
1.05829906464		2.04835224152
1.06404209137		1.56628608704
1.06979393959		1.73881530762
1.0755469799		2.55578994751
1.0812959671		3.10889720917
1.08703494072		3.58081436157
1.09279990196		3.28142547607
1.09855389595		2.44415378571
1.10429596901		1.82507896423
1.11004805565		1.52061653137
1.11579799652		2.07879829407
1.12155199051		2.82473182678
1.12730097771		3.35754108429
1.13306498528		3.59603691101
1.13880991936		2.86025238037
1.14455199242		2.11939334869
1.15030312538		1.6119556427
1.15605401993		1.6728477478
1.16181302071		2.45937633514
1.1675620079		3.04800415039
1.17330598831		3.55036830902
1.17906904221		3.38291358948
1.18484401703		2.53041744232
1.19055891037		1.88089752197
1.19630908966		1.5104675293
1.20206189156		1.9722366333
1.20781612396		2.76383876801
1.21356010437		3.28142547607
1.21931910515		3.61126041412
1.2250649929		2.98203754425
1.23081612587		2.21073246002
1.23656606674		1.66777324677
1.24231791496		1.61703014374
1.24807310104		2.35281467438
1.25381708145		2.98203754425
1.25957489014		3.50977325439
1.26531004906		3.46410369873
1.27106690407		2.60145950317
1.27682495117		1.93671607971
1.28256797791		1.51554203033
1.28832292557		1.87582302094
1.29407310486		2.68772315979
1.29982995987		3.22053337097
1.3055729866		3.60618591309
1.31133103371		3.10382270813
1.31708693504		2.29699611664
1.32282996178		1.7235918045
1.32857894897		1.57136058807
1.33432793617		2.25132751465
1.34008693695		2.92114448547
1.34583592415		3.45395469666
1.35158109665		3.53007030487
1.35733103752		2.68772315979
1.36308693886		2.00775718689
1.36885499954		1.54091453552
1.37458205223		1.78448390961
1.38034009933		2.60653305054
1.38608312607		3.15456676483
1.39183998108		3.59603691101
1.39759302139		3.22053337097
1.4033370018		2.393409729
1.40909409523		1.78955841064
1.41483902931		1.53584003448
1.42059612274		2.14476490021
1.42634010315		2.86532688141
1.43209195137		3.38798809052
1.43784689903		3.58081436157
1.44359397888		2.79428577423
1.44934892654		2.07372379303
1.45509290695		1.58150959015
1.46085095406		1.71344280243
1.46659493446		2.52026939392
1.47234797478		3.08859920502
1.47810292244		3.5706653595
1.48384189606		3.32709503174
1.48959493637		2.47967433929
1.49535107613		1.84030246735
1.50113797188		1.5104675293
1.50685191154		2.03820323944
1.51260304451		2.80443382263
1.5183570385		3.3220205307
1.52410292625		3.60618591309
1.52986001968		2.90592193604
1.53560590744		2.15998840332
1.54136800766		1.63225269318
1.54710912704		1.65255069733
1.55288410187		2.42385578156
1.55861401558		3.01755809784
1.56435799599		3.53007030487
1.57011389732		3.40828514099
1.57585906982		2.55578994751
1.58160996437		1.90626907349
1.58735895157		1.5104675293
1.59311509132		1.93671607971
1.59886908531		2.73846721649
1.60461091995		3.25605392456
1.61036896706		3.61126041412
1.61611509323		3.01755809784
1.62186598778		2.24117851257
1.62762093544		1.68807125092
1.63336896896		1.59673213959
1.63912010193		2.32236862183
1.64486789703		2.9617395401
1.65062904358		3.48947525024
1.65636897087		3.48947525024
1.66212201118		2.63698005676
1.66787910461		1.96208763123
1.67362189293		1.52569103241
1.67937994003		1.84030246735
1.68512701988		2.66235160828
1.69087409973		3.19516181946
1.69662594795		3.60618591309
1.70237708092		3.14949226379
1.70813393593		2.33251667023
1.71387791634		1.74896335602
1.71963500977		1.55613708496
1.72537708282		2.21073246002
1.73120307922		2.900847435
1.73689889908		3.42858314514
1.74263501167		3.54529380798
1.74838900566		2.72324466705
1.75413203239		2.0331287384
1.7598900795		1.55106258392
1.76563310623		1.75911235809
1.77138805389		2.58116149902
1.77713394165		3.12919425964
1.78290510178		3.58588886261
1.78864598274		3.25605392456
1.79438996315		2.42385578156
1.80013799667		1.80478191376
1.80589008331		1.52569103241
1.81164002419		2.10924434662
1.81742191315		2.84502887726
1.82313299179		3.3727645874
1.82888793945		3.58588886261
1.83464503288		2.82980632782
1.84040093422		2.10416984558
1.84614300728		1.59673213959
1.85189700127		1.68807125092
1.8576540947		2.4898223877
1.86339712143		3.0632276535
1.86916589737		3.55544185638
1.87489795685		3.35754108429
1.88064908981		2.51012039185
1.88639211655		1.86567401886
1.89215707779		1.5104675293
1.8979139328		1.99760818481
1.90365099907		2.77906227112
1.90940308571		3.30172348022
1.91515612602		3.61126041412
1.9209280014		2.94651699066
1.92665505409		2.19043445587
1.93240809441		1.65762519836
1.93816399574		1.6221036911
1.9439060688		2.38833522797
1.94965791702		2.99726104736
1.95541000366		3.51484680176
1.96124505997		3.4336566925
1.96691012383		2.58623600006
1.97266292572		1.9214925766
1.97841906548		1.5104675293
1.98416209221		1.90119457245
1.98991394043		2.70802116394
1.99566411972		3.23068237305
2.00141692162		3.61126041412
2.00716590881		3.05815315247
2.01291894913		2.26655006409
2.01867508888		1.71344280243
2.02441692352		1.57643508911
2.03017091751		2.27669906616
2.03591990471		2.93636798859
2.0416738987		3.46917819977
2.04742598534		3.50469875336
2.05318212509		2.66742610931
2.0589299202		1.98745918274
2.06467199326		1.53076553345
2.0704240799		1.80985641479
2.07617998123		2.63190555573
2.08192396164		3.16471481323
2.08767294884		3.60111141205
2.09343004227		3.19008731842
2.09918498993		2.36296367645
2.10494494438		1.77433586121
2.1106801033		1.54091453552
2.11643004417		2.16506290436
2.12218403816		2.88055038452
2.12793707848		3.41335964203
2.13368296623		3.56559085846
2.13943505287		2.76891326904
2.1451830864		2.05850028992
2.15093493462		1.56628608704
2.15668606758		1.72866630554
2.16243910789		2.55071544647
2.16819500923		3.09874820709
2.1739358902		3.57573986053
2.17969608307		3.29664897919
2.18544006348		2.45430183411
2.19127297401		1.82507896423
2.19694209099		1.52061653137
2.20269489288		2.06357479095
2.20844912529		2.81458282471
2.2141919136		3.34231853485
2.21995210648		3.60111141205
2.22569394112		2.87040138245
2.23144698143		2.13969039917
2.23720693588		1.6119556427
2.24295091629		1.66269874573
2.2487039566		2.45430183411
2.2544529438		3.03785610199
2.26020693779		3.54021930695
2.26594090462		3.39306259155
2.27170705795		2.53549194336
2.27745890617		1.88597202301
2.28319907188		1.50539302826
2.28896594048		1.96208763123
2.29470491409		2.74861621857
2.3004629612		3.27635097504
2.3062069416		3.61633491516
2.3119559288		2.98711204529
2.31771397591		2.22088050842
2.32345890999		1.68299674988
2.32920908928		1.60688114166
2.33496594429		2.34774017334
2.34071707726		2.97696304321
2.34646105766		3.49454975128
2.35221195221		3.47425174713
2.35796689987		2.62175655365
2.36371207237		1.94686412811
2.36947011948		1.51554203033
2.37521290779		1.86567401886
2.38097310066		2.68264961243
2.38671708107		3.2103843689
2.39246702194		3.61633491516
2.39822292328		3.10889720917
2.40397000313		2.30714511871
2.40972590446		1.73374080658
2.41547012329		1.561211586
2.42126011848		2.24117851257
2.42697405815		2.91607093811
2.43273091316		3.44888019562
2.43847990036		3.53514480591
2.44422411919		2.70802116394
2.44998002052		2.01283168793
2.45572400093		1.54091453552
2.46147608757		1.78448390961
2.46722602844		2.60653305054
2.47299408913		3.13934326172
2.47873306274		3.59603691101
2.48448491096		3.22560787201
2.49023199081		2.38326072693
2.49599194527		1.78955841064
2.50172996521		1.54598808289
2.50774908066		2.1701374054
2.51348400116		2.87547588348
2.51923203468		3.41335964203
2.52498888969		3.56051635742
2.53073811531		2.76891326904
2.53648591042		2.06357479095
2.5422399044		1.561211586
2.5479888916		1.72866630554
2.55373811722		2.54564094543
2.55949401855		3.09874820709
2.56525301933		3.58081436157
2.57099890709		3.29664897919
2.57674098015		2.45430183411
2.58249306679		1.82507896423
2.5882499218		1.52061653137
2.59399604797		2.05850028992
2.59974598885		2.81458282471
2.6054930687		3.33724403381
2.61125802994		3.60111141205
2.61701202393		2.87547588348
2.62274694443		2.13969039917
2.62850189209		1.61703014374
2.63424992561		1.66269874573
2.64000606537		2.45430183411
2.6457490921		3.03278160095
2.65150403976		3.54021930695
2.65725398064		3.38291358948
2.66315507889		2.52026939392
2.66888594627		1.87582302094
2.67462897301		1.5104675293
2.68037891388		1.9722366333
2.68612194061		2.76383876801
2.69188690186		3.29157447815
2.69764089584		3.61126041412
2.70338201523		2.96681404114
2.70915389061		2.20565795898
2.71490192413		1.66269874573
2.72064208984		1.6119556427
2.72638511658		2.36296367645
2.73213791847		2.98711204529
2.73789405823		3.50469875336
2.74363589287		3.46410369873
2.74938893318		2.60145950317
2.75514006615		1.93164157867
2.76090598106		1.51554203033
2.76664209366		1.88597202301
2.77239203453		2.69279766083
2.77814292908		3.22053337097
2.78389310837		3.61633491516
2.78964805603		3.08859920502
2.79539489746		2.2919216156
2.80118608475		1.71851730347
2.8068959713		1.56628608704
2.81264996529		2.25640106201
2.8184030056		2.92621898651
2.82414102554		3.45902919769
2.82989406586		3.52499580383
2.83565497398		2.68772315979
2.84140396118		1.99760818481
2.84715294838		1.53584003448
2.85290288925		1.79463291168
2.85866308212		2.61668205261
2.86440205574		3.15456676483
2.87015509605		3.60111141205
2.87590503693		3.21545886993
2.88165402412		2.37818622589
2.88746905327		1.77940940857
2.89317512512		1.53584003448
2.89891600609		2.14476490021
2.90465903282		2.86532688141
2.91041111946		3.39813613892
2.91616010666		3.5706653595
2.92191290855		2.78921127319
2.92766904831		2.07372379303
2.93341112137		1.57643508911
2.93918800354		1.71851730347
2.9449300766		2.53041744232
2.9506649971		3.08352470398
2.95641589165		3.5706653595
2.96216702461		3.3220205307
2.96792292595		2.46952533722
2.97366809845		1.84030246735
2.9794280529		1.51554203033
2.98517203331		2.0331287384
2.99091911316		2.80443382263
2.99667000771		3.33216953278
3.00242090225		3.60111141205
3.00817990303		2.89577293396
3.01392292976		2.15491390228
3.01968097687		1.6221036911
3.02542591095		1.65255069733
3.03129005432		2.45430183411
3.03705310822		3.03785610199
3.04280209541		3.54021930695
3.04855394363		3.39813613892
3.05430293083		2.5405664444
3.06006097794		1.88597202301
3.06580400467		1.5104675293
3.07155609131		1.95701313019
3.07731795311		2.7536907196
3.08305311203		3.28142547607
3.08880400658		3.61126041412
3.09456110001		2.99218654633
3.10031604767		2.22595500946
3.10606098175		1.6728477478
3.11181306839		1.60180664062
3.11756896973		2.34774017334
3.12331390381		2.97696304321
3.12908196449		3.49454975128
3.13481497765		3.47425174713
3.14057207108		2.62175655365
3.14632105827		1.94178962708
3.1520678997		1.52061653137
3.15782403946		1.86567401886
3.16356801987		2.67757511139
3.1693251133		3.21545886993
3.1750690937		3.61633491516
3.18082594872		3.10889720917
3.18657112122		2.31221961975
3.19232201576		1.73881530762
3.1980779171		1.561211586
3.20382404327		2.23610401154
3.20957493782		2.91607093811
3.21532511711		3.43873119354
3.22107601166		3.53514480591
3.22683191299		2.70802116394
3.23257803917		2.01283168793
3.23833394051		1.54091453552
3.24407911301		1.78448390961
3.24983596802		2.59638500214
3.25557899475		3.14441776276
3.26134490967		3.59603691101
3.26707291603		3.23575687408
3.27284002304		2.39848423004
3.27859306335		1.79970741272
3.28432703018		1.53076553345
3.29008197784		2.12954235077
3.29583406448		2.86025238037
3.30158901215		3.38798809052
3.30733990669		3.57573986053
3.31310391426		2.80950832367
3.31884407997		2.08894729614
3.32459497452		1.58150959015
3.33033800125		1.70329380035
3.33609008789		2.51519489288
3.34184408188		3.07845020294
3.34759807587		3.56559085846
3.35334300995		3.33724403381
3.35910105705		2.48474884033
3.36484408379		1.85552597046
3.37059593201		1.51554203033
3.3763461113		2.01790523529
3.38209795952		2.79428577423
3.38785409927		3.3220205307
3.39359998703		3.60618591309
3.3993499279		2.92114448547
3.40510106087		2.16506290436
3.41085910797		1.63732719421
3.41659998894		1.64240169525
3.42235398293		2.41370677948
3.42811012268		3.00740909576
3.433852911		3.52499580383
3.4396109581		3.42858314514
3.44536995888		2.56593894958
3.45120811462		1.89612102509
3.45700097084		1.51554203033
3.46273207664		1.93671607971
3.46849012375		2.73846721649
3.47423505783		3.26620292664
3.4799849987		3.61126041412
3.48572707176		3.0124835968
3.49149012566		2.24117851257
3.49723792076		1.68299674988
3.50299406052		1.59673213959
3.50874495506		2.32744312286
3.5144879818		2.9617395401
3.52024507523		3.48440074921
3.52598905563		3.48947525024
3.5317440033		2.63190555573
3.53750109673		1.95193862915
3.5432600975		1.52061653137
3.5490000248		1.84537696838
3.5547440052		2.66235160828
3.56049609184		3.19516181946
3.56624603271		3.60618591309
3.57200098038		3.12919425964
3.5777490139		2.32744312286
3.5834980011		1.74896335602
3.58927106857		1.55613708496
3.59501695633		2.22088050842
3.60075807571		2.90592193604
3.60650110245		3.42858314514
3.61225390434		3.55036830902
3.61800694466		2.72831821442
3.62375307083		2.02297973633
3.6295030117		1.55106258392
3.63525509834		1.76418685913
3.64102196693		2.58623600006
3.64675593376		3.12919425964
3.6525080204		3.59603691101
3.65826296806		3.24590492249
3.66400909424		2.41370677948
3.66976189613		1.80985641479
3.67550992966		1.52569103241
3.68127202988		2.10416984558
3.68700289726		2.84502887726
3.69289493561		3.38291358948
3.6986451149		3.58081436157
3.70438909531		2.81458282471
3.71014094353		2.08894729614
3.71589112282		1.58150959015
3.72164297104		1.70836830139
3.72739696503		2.51519489288
3.73314404488		3.07337665558
3.73890089989		3.56559085846
3.74464511871		3.33724403381
3.75039505959		2.4898223877
3.75614595413		1.86059951782
3.76189994812		1.5104675293
3.76764798164		2.01790523529
3.77340888977		2.79428577423
3.77915596962		3.31694602966
3.78489995003		3.60111141205
3.79065108299		2.92114448547
3.79640102386		2.1701374054
3.80215191841		1.63732719421
3.80790901184		1.64240169525
3.81365394592		2.41370677948
3.81941509247		3.0124835968
3.82516098022		3.53007030487
3.83090209961		3.4235086441
3.83665895462		2.56086444855
3.84240889549		1.91134357452
3.84815907478		1.5104675293
3.85390806198		1.91641807556
3.85968589783		2.72831821442
3.86541008949		3.25097942352
3.87120103836		3.61126041412
3.87691402435		3.03785610199
3.88265490532		2.25640106201
3.88840889931		1.69822025299
3.89416503906		1.58658313751
3.89992189407		2.30714511871
3.90566396713		2.94651699066
3.91142606735		3.47932624817
3.91716599464		3.49454975128
3.92291903496		2.64712810516
3.92866706848		1.9722366333
3.93441700935		1.52569103241
3.94017696381		1.83015346527
3.94591999054		2.6522026062
3.9516711235		3.18501281738
3.95744204521		3.60618591309
3.96317410469		3.15964031219
3.96892905235		2.34774017334
3.97467398643		1.75911235809
3.98043298721		1.54598808289
3.98617696762		2.20058345795
3.99192690849		2.89069843292
3.99767804146		3.41843414307
4.00342702866		3.56051635742
4.00919604301		2.74354171753
4.01492810249		2.0331287384
4.02068591118		1.55613708496
4.02643108368		1.74388885498
4.03218102455		2.56086444855
4.03793907166		3.11397171021
4.04368305206		3.59096240997
4.04943990707		3.27127742767
4.05519509315		2.41370677948
4.06120300293		1.78955841064
4.06693601608		1.52569103241
4.07268404961		2.12446784973
4.07843208313		2.85517787933
4.08418297768		3.38291358948
4.08993792534		3.58081436157
4.09569406509		2.81458282471
4.10145497322		2.0838727951
4.10719490051		1.58150959015
4.11294412613		1.70329380035
4.11869502068		2.51012039185
4.12444496155		3.07337665558
4.130204916		3.56559085846
4.13594698906		3.33724403381
4.14170002937		2.48474884033
4.14745497704		1.85552597046
4.15321612358		1.5104675293
4.15894699097		2.01790523529
4.16470098495		2.79428577423
4.17045211792		3.31694602966
4.17619991302		3.60618591309
4.18195390701		2.92114448547
4.1877040863		2.1701374054
4.19345498085		1.63732719421
4.19920492172		1.64240169525
4.20495510101		2.40863323212
4.21071100235		3.00740909576
4.2164618969		3.53007030487
4.22220897675		3.42858314514
4.22796297073		2.56593894958
4.23371005058		1.91134357452
4.23946094513		1.5104675293
4.24521112442		1.9214925766
4.25096106529		2.72831821442
4.25671505928		3.25097942352
4.26245903969		3.61126041412
4.26821112633		3.03785610199
4.27397298813		2.25640106201
4.27971601486		1.69822025299
4.28547096252		1.58658313751
4.2912940979		2.31729412079
4.29696989059		2.94651699066
4.30272006989		3.47932624817
4.30847597122		3.49962425232
4.3142209053		2.64712810516
4.31997108459		1.9722366333
4.32572102547		1.52569103241
4.3314769268		1.82507896423
4.33724212646		2.6522026062
4.34297394753		3.18501281738
4.34873199463		3.60618591309
4.35447692871		3.16471481323
4.360227108		2.34774017334
4.3659760952		1.75911235809
4.37173008919		1.54598808289
4.37748599052		2.20058345795
4.38322806358		2.88562393188
4.38898611069		3.41843414307
4.39475512505		3.56051635742
4.40048289299		2.74861621857
4.40623211861		2.03820323944
4.41198396683		1.55613708496
4.41774106026		1.74896335602
4.4234828949		2.57101249695
4.429240942		3.11904525757
4.43498492241		3.59096240997
4.44074010849		3.27127742767
4.44648790359		2.43400478363
4.45223999023		1.8200044632
4.45799303055		1.52061653137
4.4637401104		2.0838727951
4.46950292587		2.83488082886
4.47524499893		3.35754108429
4.48099207878		3.59096240997
4.48673605919		2.8501033783
4.49250006676		2.11939334869
4.49825406075		1.60180664062
4.50399398804		1.67792224884
4.50974702835		2.47459983826
4.51549506187		3.04800415039
4.52126789093		3.55544185638
4.52699589729		3.3727645874
4.53274798393		2.51519489288
4.53850412369		1.87582302094
4.54425096512		1.50539302826
4.55000209808		1.97731018066
4.55575203896		2.77398777008
4.5615041256		3.28649997711
4.56725096703		3.61126041412
4.57313895226		2.94144248962
4.57888102531		2.18535995483
4.58462905884		1.64747619629
4.59038209915		1.62717819214
4.59613108635		2.393409729
4.60188508034		2.99726104736
4.60764193535		3.5199213028
4.6133980751		3.43873119354
4.61915802956		2.58116149902
4.62488293648		1.92656707764
4.63063693047		1.5104675293
4.63638710976		1.89612102509
4.64213895798		2.71309566498
4.64788889885		3.23575687408
4.65363907814		3.61126041412
4.65939712524		3.05815315247
4.66515398026		2.26655006409
4.67089390755		1.70836830139
4.6766409874		1.58150959015
4.68238997459		2.28684806824
4.68814110756		2.93636798859
4.6938970089		3.46410369873
4.69964694977		3.51484680176
4.70539903641		2.66742610931
4.71118497849		1.97731018066
4.71689796448		1.53076553345
4.72277593613		1.83015346527
4.72852301598		2.64712810516
4.73427510262		3.17993831635
4.74003100395		3.60618591309
4.74577498436		3.16471481323
4.75153589249		2.34774017334
4.75727891922		1.74896335602
4.76317310333		1.55613708496
4.76891207695		2.21580600739
4.77465510368		2.89577293396
4.78041195869		3.4336566925
4.78615808487		3.54529380798
4.79190993309		2.72831821442
4.79765796661		2.02297973633
4.80340790749		1.55106258392
4.80917596817		1.76418685913
4.814909935		2.58116149902
4.82066702843		3.12919425964
4.8264029026		3.59096240997
4.83216691017		3.25097942352
4.83791399002		2.41878128052
4.84366393089		1.80478191376
4.84942412376		1.52569103241
4.8551659584		2.10416984558
4.86092305183		2.8399553299
4.86666703224		3.36261558533
4.87241911888		3.58588886261
4.87817001343		2.83488082886
4.88390994072		2.10416984558
4.88966703415		1.59673213959
4.89542198181		1.69314575195
4.90120697021		2.49489688873
4.90692210197		3.0632276535
4.9126739502		3.55544185638
4.91842508316		3.35246753693
4.92417597771		2.51012039185
4.92993807793		1.86567401886
4.93568706512		1.5104675293
4.94144392014		2.00268268585
4.94718003273		2.78413677216
4.9529299736		3.30679798126
4.95868110657		3.61126041412
4.96442890167		2.94651699066
4.97018194199		2.18535995483
4.97593092918		1.64747619629
4.98168301582		1.63225269318
4.9874548912		2.38833522797
4.99319911003		2.99726104736
4.99893403053		3.51484680176
0.000127077102661		1.39375686646
0.00700998306274		2.58116149902
0.0127699375153		3.64678096771
0.0185120105743		4.00198745728
0.0242650508881		3.45902919769
0.0299949645996		2.28684806824
0.0357649326324		1.29226970673
0.0415139198303		1.11466598511
0.0472640991211		1.88597202301
0.0530149936676		3.10382270813
0.05876994133		3.91572284698
0.0645229816437		3.87005329132
0.0702710151672		2.97188854218
0.0760269165039		1.78448390961
0.0817770957947		1.08421993256
0.0875270366669		1.34301376343
0.0932838916779		2.42893028259
0.0990300178528		3.55036830902
0.104779958725		4.00198745728
0.110537052155		3.5706653595
0.116313934326		2.43400478363
0.122030973434		1.37345981598
0.127783060074		1.07914543152
0.133541107178		1.75403785706
0.139282941818		2.96681404114
0.145035982132		3.85990524292
0.150793075562		3.92079734802
0.156534910202		3.11397171021
0.162285089493		1.91641807556
0.168037891388		1.12988948822
0.173897027969		1.27197170258
0.179662942886		2.30714511871
0.185414075851		3.45902919769
0.191174030304		4.00198745728
0.196913957596		3.65185546875
0.202673912048		2.55071544647
0.208426952362		1.45464992523
0.21417093277		1.06392288208
0.219917058945		1.66269874573
0.225672006607		2.84502887726
0.231422901154		3.80408668518
0.237164974213		3.96646690369
0.242917060852		3.22560787201
0.24867105484		2.02297973633
0.254424095154		1.17048454285
0.260175943375		1.2009305954
0.265925884247		2.14983940125
0.271677017212		3.34739303589
0.27742600441		3.97661590576
0.283176898956		3.73812007904
0.288925886154		2.70802116394
0.2946870327		1.561211586
0.300436973572		1.05377388
0.306178092957		1.53076553345
0.311929941177		2.69279766083
0.31767988205		3.72289657593
0.323431015015		3.9918384552
0.329180955887		3.35246753693
0.334932088852		2.16506290436
0.340692996979		1.23137664795
0.346433877945		1.14511299133
0.352189064026		1.99760818481
0.357933998108		3.22053337097
0.363785982132		3.95631790161
0.369436979294		3.81423568726
0.375189065933		2.85517787933
0.380944013596		1.67792224884
0.386688947678		1.05884838104
0.39243888855		1.42420387268
0.398191928864		2.55071544647
0.403945922852		3.62648391724
0.409691095352		4.00706195831
0.415446043015		3.47425174713
0.421205997467		2.31221961975
0.426945924759		1.30749225616
0.43269610405		1.10451793671
0.438446998596		1.86059951782
0.444195985794		3.08352470398
0.449984073639		3.90557384491
0.455698013306		3.8802022934
0.461453914642		3.00233459473
0.467196941376		1.81493091583
0.472956895828		1.08929443359
0.478700876236		1.32779026031
0.48444890976		2.39848423004
0.49019408226		3.52499580383
0.495956897736		4.00706195831
0.501710891724		3.58588886261
0.507453918457		2.46445083618
0.513207912445		1.39375686646
0.518955945969		1.07407093048
0.524708032608		1.72866630554
0.53045797348		2.94144248962
0.536206960678		3.84975624084
0.541966915131		3.9309463501
0.54770898819		3.14441776276
0.553458929062		1.94178962708
0.559211015701		1.13496398926
0.564960956573		1.24660015106
0.570719957352		2.24625301361
0.576462030411		3.41843414307
0.582218885422		3.9918384552
0.587963104248		3.6823015213
0.593808889389		2.5913105011
0.599464893341		1.5003194809
0.605218887329		1.05377388
0.61097407341		1.60180664062
0.616718053818		2.78921127319
0.622474908829		3.77871513367
0.628217935562		3.97661590576
0.63397693634		3.27127742767
0.639719009399		2.07372379303
0.645472049713		1.19078159332
0.651235103607		1.17555904388
0.656971931458		2.09909534454
0.662729024887		3.30172348022
0.668473958969		3.97154140472
0.674225091934		3.76856613159
0.679980039597		2.76383876801
0.685724020004		1.60180664062
0.691480875015		1.05884838104
0.697226047516		1.49017047882
0.70298409462		2.63698005676
0.708729028702		3.68737602234
0.714479923248		4.00198745728
0.720236063004		3.39813613892
0.725977897644		2.22088050842
0.731731891632		1.26182365417
0.737473964691		1.12481498718
0.743227958679		1.95193862915
0.748986005783		3.16978931427
0.75473690033		3.9309463501
0.760490894318		3.83960723877
0.766233921051		2.91607093811
0.771996021271		1.7235918045
0.777736902237		1.07407093048
0.783493995667		1.38868236542
0.789238929749		2.49489688873
0.794992923737		3.59096240997
0.800746917725		4.00706195831
0.806488990784		3.5199213028
0.812247037888		2.36803817749
0.817990064621		1.33793926239
0.823827981949		1.09436893463
0.829498052597		1.81493091583
0.835247993469		3.03278160095
0.840995073318		3.88527679443
0.846745967865		3.90050029755
0.852503061295		3.05815315247
0.858264923096		1.86059951782
0.863997936249		1.10451793671
0.869747877121		1.29734420776
0.87549996376		2.3426656723
0.881248950958		3.48947525024
0.887000083923		4.00198745728
0.892759084702		3.6214094162
0.898500919342		2.52026939392
0.90425491333		1.42927742004
0.910008907318		1.06392288208
0.915755033493		1.68299674988
0.921504974365		2.89069843292
0.927254915237		3.82438468933
0.933012008667		3.94616889954
0.938757896423		3.19008731842
0.944506883621		1.99253368378
0.950264930725		1.1501865387
0.956008911133		1.21615409851
0.961760044098		2.19043445587
0.967509031296		3.37783908844
0.973265886307		3.98676395416
0.979011058807		3.72289657593
0.984760046005		2.66235160828
0.990509986877		1.53076553345
0.996265888214		1.05884838104
1.00201797485		1.55613708496
1.00777196884		2.73846721649
1.01352405548		3.74826812744
1.01926898956		3.9816904068
1.0250248909		3.31694602966
1.03076910973		2.13461589813
1.03652000427		1.21615409851
1.04227089882		1.15526103973
1.04802203178		2.04327774048
1.05381393433		3.25605392456
1.05952191353		3.95631790161
1.06527209282		3.79901218414
1.0710299015		2.81458282471
1.07677388191		1.64747619629
1.0825240612		1.06392288208
1.08827495575		1.45464992523
1.09402704239		2.58623600006
1.09977698326		3.67215251923
1.10553193092		4.00706195831
1.1112780571		3.43873119354
1.11702799797		2.27669906616
1.12278008461		1.28719520569
1.12852907181		1.10451793671
1.13428211212		1.89612102509
1.14003896713		3.12411975861
1.14578390121		3.91064834595
1.15154004097		3.86497974396
1.15728187561		2.96681404114
1.16304302216		1.76926136017
1.16878509521		1.07914543152
1.1745390892		1.35316181183
1.18029308319		2.43907928467
1.18605494499		3.55544185638
1.19178795815		4.01721096039
1.19753694534		3.56051635742
1.20328903198		2.42385578156
1.20903801918		1.37853431702
1.21479201317		1.07407093048
1.22054600716		1.76418685913
1.22629189491		2.97696304321
1.23204493523		3.85990524292
1.23778700829		3.91572284698
1.24354100227		3.10889720917
1.24929594994		1.91134357452
1.2550470829		1.11974048615
1.26080393791		1.27197170258
1.26654791832		2.28684806824
1.27229905128		3.44888019562
1.27804803848		4.00198745728
1.28380703926		3.65692996979
1.28955006599		2.57101249695
1.29530000687		1.46987247467
1.30106091499		1.05884838104
1.30680394173		1.63225269318
1.31255888939		2.83488082886
1.31830191612		3.79393768311
1.32405591011		3.96139240265
1.32980394363		3.22053337097
1.33555793762		2.04327774048
1.34131407738		1.17048454285
1.3470621109		1.2009305954
1.35280895233		2.13461589813
1.35855698586		3.32709503174
1.36431598663		3.9816904068
1.37006497383		3.74826812744
1.37580990791		2.72324466705
1.38156700134		1.57136058807
1.38731098175		1.05884838104
1.39306306839		1.51554203033
1.39881396294		2.68264961243
1.40456295013		3.71782207489
1.41032099724		3.9918384552
1.41606497765		3.36769008636
1.42182087898		2.18535995483
1.42755794525		1.24152565002
1.43331193924		1.13496398926
1.43906998634		1.98745918274
1.44481992722		3.20023536682
1.45057606697		3.94109535217
1.45632004738		3.82438468933
1.46207308769		2.87040138245
1.46782207489		1.68807125092
1.47357606888		1.06899738312
1.47933101654		1.41405487061
1.48508501053		2.53549194336
1.4908220768		3.62648391724
1.49657893181		4.00706195831
1.50233387947		3.48440074921
1.5080780983		2.33251667023
1.51383495331		1.31764125824
1.51957702637		1.09436893463
1.52533006668		1.84537696838
1.53108501434		3.07337665558
1.53683209419		3.89035129547
1.54259610176		3.88527679443
1.54833197594		3.0124835968
1.55409002304		1.8200044632
1.5598320961		1.09436893463
1.56558394432		1.32271575928
1.57134389877		2.37818622589
1.57708597183		3.5199213028
1.58284401894		4.01213645935
1.58858704567		3.59096240997
1.59433794022		2.47967433929
1.60009407997		1.39883136749
1.60583806038		1.06392288208
1.61159610748		1.71344280243
1.61734008789		2.92621898651
1.62309193611		3.83453273773
1.62884187698		3.93602085114
1.63459706306		3.15456676483
1.64035010338		1.95193862915
1.64609503746		1.13496398926
1.6518509388		1.24152565002
1.6575949192		2.22595500946
1.66335201263		3.40828514099
1.66909599304		3.98676395416
1.67484998703		3.69245052338
1.68060493469		2.62683105469
1.68634796143		1.50539302826
1.6921069622		1.05884838104
1.69785094261		1.58658313751
1.70360207558		2.77906227112
1.70935201645		3.76349163055
1.71510410309		3.97154140472
1.72086501122		3.28142547607
1.72660303116		2.09402179718
1.73235988617		1.19078159332
1.73809790611		1.16541004181
1.74389004707		2.08894729614
1.74960589409		3.28142547607
1.7553589344		3.97154140472
1.76110601425		3.77871513367
1.76685810089		2.77398777008
1.77261590958		1.61703014374
1.77835893631		1.06392288208
1.78412890434		1.47494697571
1.78986001015		2.63698005676
1.79561400414		3.67722702026
1.80136489868		3.99691295624
1.80711388588		3.40828514099
1.81286907196		2.24117851257
1.81861305237		1.26182365417
1.82436704636		1.11974048615
1.83011889458		1.93671607971
1.83586907387		3.15456676483
1.84161806107		3.92587184906
1.84736609459		3.85483074188
1.85312390327		2.92114448547
1.85886788368		1.73374080658
1.86462187767		1.07914543152
1.87037611008		1.37345981598
1.87612104416		2.47459983826
1.88187098503		3.58588886261
1.88762307167		4.00706195831
1.89337897301		3.52499580383
1.899132967		2.38833522797
1.9048769474		1.34808731079
1.91063308716		1.07914543152
1.91637587547		1.79970741272
1.92212796211		3.01755809784
1.92787790298		3.87512779236
1.93363595009		3.90557384491
1.93937897682		3.07337665558
1.94513106346		1.8707485199
1.95088791847		1.10959243774
1.95663094521		1.29226970673
1.96238303185		2.32236862183
1.96813201904		3.47932624817
1.97388911247		4.00706195831
1.97963500023		3.62648391724
1.98537707329		2.53549194336
1.99112987518		1.44450092316
1.99688887596		1.05884838104
2.00263595581		1.66269874573
2.00838708878		2.87547588348
2.014138937		3.81423568726
2.01988792419		3.95124340057
2.02564096451		3.2103843689
2.03138995171		2.00268268585
2.03714299202		1.1501865387
2.04289603233		1.21615409851
2.04864501953		2.1701374054
2.05439591408		3.36261558533
2.06015110016		3.98676395416
2.06589603424		3.72797107697
2.07164502144		2.68264961243
2.07740306854		1.54598808289
2.08314609528		1.05884838104
2.08889603615		1.54598808289
2.09464907646		2.72324466705
2.10041189194		3.73812007904
2.10614895821		3.98676395416
2.11190795898		3.33724403381
2.11765098572		2.14476490021
2.12340092659		1.21615409851
2.12915301323		1.1501865387
2.13490390778		2.02297973633
2.14066100121		3.24083042145
2.14640498161		3.95631790161
2.15215492249		3.80916118622
2.15790700912		2.82980632782
2.16375088692		1.65255069733
2.16940808296		1.06392288208
2.17515993118		1.43942642212
2.18091702461		2.57101249695
2.18666100502		3.65185546875
2.19241690636		4.00198745728
2.19815993309		3.45902919769
2.20391702652		2.29699611664
2.2096619606		1.29226970673
2.21541309357		1.10451793671
2.22117090225		1.88597202301
2.22691392899		3.10382270813
2.23266601562		3.91064834595
2.23840999603		3.87512779236
2.24416995049		2.97696304321
2.24991607666		1.77940940857
2.25567603111		1.08929443359
2.26142501831		1.34808731079
2.26717209816		2.42385578156
2.27292609215		3.55544185638
2.27867007256		4.00706195831
2.28442287445		3.56559085846
2.29018092155		2.44415378571
2.29592204094		1.38360881805
2.30168104172		1.06899738312
2.3074259758		1.74896335602
2.31317591667		2.96681404114
2.31892609596		3.85483074188
2.32467794418		3.92587184906
2.33043408394		3.11904525757
2.33618307114		1.91134357452
2.34193491936		1.12988948822
2.34767889977		1.26182365417
2.35343003273		2.26147556305
2.35918092728		3.44380569458
2.36493396759		4.00198745728
2.3706870079		3.66200447083
2.37643289566		2.5913105011
2.38218998909		1.48002147675
2.38793587685		1.05884838104
2.39377403259		1.63732719421
2.39945292473		2.82473182678
2.40519809723		3.7837896347
2.41095209122		3.96646690369
2.41669201851		3.25605392456
2.42245006561		2.05342674255
2.42818593979		1.18063354492
2.43395805359		1.19078159332
2.43969392776		2.11431884766
2.4454460144		3.31694602966
2.45120191574		3.97661590576
2.45694494247		3.75334262848
2.46269702911		2.74354171753
2.46844696999		1.59165763855
2.47419905663		1.05377388
2.47998404503		1.5104675293
2.48569297791		2.66742610931
2.49144887924		3.70767402649
2.4972140789		3.9918384552
2.50295901299		3.37783908844
2.50870108604		2.20058345795
2.51445388794		1.24660015106
2.52021098137		1.13496398926
2.52595496178		1.9722366333
2.53170704842		3.19008731842
2.53745698929		3.94109535217
2.54321289062		3.83453273773
2.5489730835		2.88055038452
2.55470991135		1.70329380035
2.56046390533		1.06899738312
2.56621003151		1.39883136749
2.57196688652		2.52534389496
2.57771110535		3.61633491516
2.58346295357		4.00198745728
2.58921289444		3.49962425232
2.5949640274		2.34774017334
2.60071992874		1.31764125824
2.60646390915		1.09944343567
2.61222791672		1.84030246735
2.61796689034		3.05307865143
2.62380194664		3.89542579651
2.62946009636		3.89542579651
2.63522601128		3.02770709991
2.64097809792		1.83015346527
2.64671897888		1.10451793671
2.65247702599		1.30749225616
2.65822291374		2.36803817749
2.66399502754		3.51484680176
2.66972589493		4.00706195831
2.67560100555		3.58588886261
2.6813519001		2.45430183411
2.68710303307		1.39375686646
2.69286489487		1.06899738312
2.69860196114		1.72866630554
2.70435500145		2.94144248962
2.71010303497		3.83960723877
2.71585488319		3.93602085114
2.72161006927		3.14441776276
2.72736787796		1.93671607971
2.73310804367		1.13496398926
2.73885893822		1.25674915314
2.74461293221		2.24117851257
2.7503619194		3.4235086441
2.75610995293		3.99691295624
2.7618598938		3.6823015213
2.76761102676		2.61668205261
2.77336192131		1.5003194809
2.77914094925		1.05377388
2.78486394882		1.59673213959
2.79062604904		2.79428577423
2.79636192322		3.77364063263
2.80211305618		3.97154140472
2.80786299706		3.27635097504
2.81362104416		2.07879829407
2.81936502457		1.19078159332
2.82512593269		1.18570804596
2.83086395264		2.0838727951
2.83662009239		3.28649997711
2.84236907959		3.97661590576
2.84811902046		3.77364063263
2.85387587547		2.76383876801
2.85962104797		1.60688114166
2.86537098885		1.05884838104
2.87114405632		1.49524497986
2.87688803673		2.64712810516
2.8826239109		3.68737602234
2.88837409019		3.99691295624
2.89412689209		3.40828514099
2.89987397194		2.20565795898
2.90563011169		1.25674915314
2.91138410568		1.12988948822
2.91712999344		1.94178962708
2.92289710045		3.16978931427
2.92862987518		3.93602085114
2.93438506126		3.84468173981
2.94013810158		2.91099643707
2.94588088989		1.72866630554
2.95163297653		1.07407093048
2.95738601685		1.38360881805
2.96313500404		2.49489688873
2.96889805794		3.60618591309
2.9746389389		4.00198745728
2.98039007187		3.5199213028
2.98615503311		2.34774017334
2.99201393127		1.31764125824
2.99776411057		1.09436893463
3.00351190567		1.83522796631
3.00927901268		3.05815315247
3.01501703262		3.89542579651
3.02077293396		3.89542579651
3.02650690079		3.03278160095
3.03229093552		1.83522796631
3.03801989555		1.10451793671
3.04380702972		1.3125667572
3.04952096939		2.36296367645
3.05526995659		3.51484680176
3.06104397774		4.00706195831
3.06677103043		3.61126041412
3.0725300312		2.49997138977
3.07827401161		1.40898036957
3.08402490616		1.06392288208
3.08977293968		1.71851730347
3.09553003311		2.91099643707
3.10128688812		3.82945823669
3.10702610016		3.94616889954
3.1127820015		3.16978931427
3.11852693558		1.96208763123
3.12427997589		1.14511299133
3.13003492355		1.23137664795
3.13578009605		2.21073246002
3.14153909683		3.39813613892
3.14729309082		3.9918384552
3.15303897858		3.69245052338
3.15878200531		2.64712810516
3.16453289986		1.51554203033
3.17029094696		1.04869937897
3.17603492737		1.57643508911
3.1817920208		2.76383876801
3.18753600121		3.75841712952
3.19329810143		3.97661590576
3.19903707504		3.30172348022
3.20478892326		2.10416984558
3.21054506302		1.2009305954
3.2162899971		1.16541004181
3.22204709053		2.06357479095
3.22778296471		3.27127742767
3.23353910446		3.96646690369
3.2392950058		3.77871513367
3.24505996704		2.78921127319
3.25079989433		1.63225269318
3.25654387474		1.05377388
3.26230192184		1.46987247467
3.26804590225		2.61160755157
3.27383089066		3.67722702026
3.27954792976		4.00198745728
3.28529906273		3.4235086441
3.29105806351		2.24625301361
3.29680109024		1.26689815521
3.30255794525		1.11974048615
3.30830192566		1.9214925766
3.3140540123		3.13934326172
3.31980204582		3.93602085114
3.32556295395		3.85990524292
3.33131098747		2.93636798859
3.33705401421		1.75403785706
3.34281301498		1.07407093048
3.34855604172		1.3633108139
3.35430908203		2.46445083618
3.36006498337		3.57573986053
3.3658080101		4.00706195831
3.37156605721		3.54021930695
3.37732410431		2.40355873108
3.38306689262		1.35316181183
3.38881206512		1.08421993256
3.39456295967		1.78448390961
3.40031790733		3.00233459473
3.40606307983		3.87005329132
3.41181993484		3.91572284698
3.41756391525		3.08352470398
3.42332291603		1.88597202301
3.42907309532		1.11974048615
3.43482494354		1.27704620361
3.44057703018		2.31221961975
3.44632005692		3.47425174713
3.45207595825		3.99691295624
3.45781803131		3.64678096771
3.46357107162		2.55578994751
3.46932005882		1.44957542419
3.47507309914		1.06392288208
3.4808280468		1.66269874573
3.48656606674		2.85517787933
3.49232006073		3.80408668518
3.49807691574		3.96139240265
3.50384092331		3.21545886993
3.5095770359		2.01283168793
3.51533102989		1.16541004181
3.52108407021		1.21107959747
3.52682900429		2.15491390228
3.53258109093		3.35246753693
3.53833293915		3.98676395416
3.54408192635		3.733045578
3.54983305931		2.68772315979
3.55558204651		1.55613708496
3.56134605408		1.05377388
3.56708407402		1.53584003448
3.57284092903		2.70802116394
3.57858610153		3.72289657593
3.58433699608		3.98676395416
3.5900990963		3.34739303589
3.59583592415		2.15491390228
3.60158705711		1.22122859955
3.60733795166		1.14511299133
3.61311292648		2.00775718689
3.61883807182		3.22560787201
3.62458705902		3.95124340057
3.63033795357		3.81423568726
3.63609290123		2.84502887726
3.64184498787		1.67792224884
3.64759302139		1.06392288208
3.6533498764		1.42420387268
3.65909910202		2.56086444855
3.66484594345		3.63663196564
3.67060494423		4.00198745728
3.67634701729		3.47425174713
3.68210601807		2.30207061768
3.6878490448		1.29734420776
3.6936070919		1.10959243774
3.69935107231		1.86567401886
3.70510101318		3.09874820709
3.71085810661		3.91064834595
3.71660089493		3.87512779236
3.72235393524		2.99218654633
3.72810292244		1.80478191376
3.73386192322		1.08929443359
3.73960494995		1.32779026031
3.74536800385		2.41370677948
3.75111603737		3.54529380798
3.75685691833		4.00706195831
3.7626080513		3.58588886261
3.76835608482		2.45937633514
3.77411103249		1.38868236542
3.77986097336		1.07407093048
3.78561091423		1.73374080658
3.79136800766		2.94651699066
3.79712700844		3.85483074188
3.80286407471		3.9309463501
3.80861210823		3.13426876068
3.81436610222		1.93671607971
3.82012200356		1.13496398926
3.82585692406		1.24660015106
3.83161211014		2.25640106201
3.83736896515		3.42858314514
3.84311795235		3.9918384552
3.84886789322		3.6823015213
3.85462093353		2.60653305054
3.86039710045		1.48509597778
3.86612010002		1.05884838104
3.87187790871		1.6119556427
3.87762093544		2.80443382263
3.8833758831		3.7837896347
3.88912200928		3.97154140472
3.89487504959		3.26620292664
3.90062904358		2.06864929199
3.90637397766		1.18570804596
3.91213393211		1.18570804596
3.91787695885		2.10416984558
3.92362904549		3.30679798126
3.92938995361		3.97154140472
3.93512797356		3.76349163055
3.94088387489		2.7536907196
3.94663000107		1.60180664062
3.95238494873		1.05884838104
3.95813107491		1.49524497986
3.96389198303		2.6522026062
3.96963310242		3.69752502441
3.97538495064		4.00198745728
3.98115611076		3.39813613892
3.98688387871		2.21073246002
3.99263691902		1.25674915314
3.99838590622		1.12988948822
4.00413894653		1.95701313019
4.00988793373		3.19008731842
4.0156390667		3.94109535217
4.02139687538		3.83960723877
4.02713394165		2.900847435
4.03288698196		1.71344280243
4.03864789009		1.06899738312
4.04439496994		1.38868236542
4.0501499176		2.51012039185
4.05589294434		3.60618591309
4.06164908409		4.00706195831
4.06739592552		3.50977325439
4.07314705849		2.35281467438
4.07889604568		1.33286476135
4.08464789391		1.09436893463
4.09040498734		1.8200044632
4.09614801407		3.04292964935
4.10190701485		3.89035129547
4.10765099525		3.89542579651
4.11341309547		3.04292964935
4.119150877		1.85045146942
4.12490391731		1.10451793671
4.13066005707		1.3024187088
4.13640403748		2.35788917542
4.14216208458		3.49962425232
4.14790391922		4.00706195831
4.15374708176		3.61126041412
4.15940904617		2.51519489288
4.16517496109		1.41912937164
4.17091798782		1.06392288208
4.17665791512		1.68807125092
4.18241500854		2.89577293396
4.18816208839		3.82945823669
4.19391798973		3.95124340057
4.19966197014		3.18501281738
4.2054131031		1.98745918274
4.21116805077		1.1501865387
4.21691989899		1.22630310059
4.22267103195		2.20058345795
4.22840499878		3.38291358948
4.23417305946		3.9918384552
4.23991703987		3.71274757385
4.24566793442		2.66235160828
4.2514269352		1.52569103241
4.25716996193		1.05884838104
4.26292610168		1.57136058807
4.26867008209		2.74861621857
4.27442288399		3.75334262848
4.28017687798		3.98676395416
4.28592205048		3.3118724823
4.29167795181		2.12446784973
4.29743599892		1.21107959747
4.30318307877		1.16033554077
4.30892395973		2.04835224152
4.31467700005		3.2611284256
4.32043290138		3.96139240265
4.32617592812		3.79901218414
4.33193302155		2.80950832367
4.3376789093		1.64240169525
4.34342908859		1.05884838104
4.34919500351		1.45972442627
4.35492992401		2.59638500214
4.36068701744		3.66707897186
4.36643195152		4.00706195831
4.37218904495		3.43873119354
4.37793302536		2.26147556305
4.3837749958		1.27197170258
4.38943696022		1.10959243774
4.39521408081		1.90626907349
4.40094590187		3.12919425964
4.40668702126		3.92079734802
4.41244387627		3.85483074188
4.41818809509		2.95666599274
4.42394208908		1.76926136017
4.4296810627		1.07914543152
4.4354429245		1.3633108139
4.44120287895		2.45937633514
4.44694304466		3.56559085846
4.45269989967		4.01213645935
4.45844292641		3.55036830902
4.46419405937		2.41878128052
4.4699819088		1.3633108139
4.47569704056		1.07914543152
4.48145794868		1.76926136017
4.48718905449		2.99218654633
4.49294304848		3.86497974396
4.49869990349		3.91064834595
4.50445103645		3.09874820709
4.51020598412		1.89612102509
4.51594996452		1.11974048615
4.52170205116		1.27197170258
4.52745199203		2.30207061768
4.53322005272		3.45902919769
4.53895497322		4.00198745728
4.54470610619		3.65692996979
4.55046796799		2.56086444855
4.55620598793		1.46479797363
4.56195688248		1.06392288208
4.56770706177		1.63732719421
4.57346510887		2.84502887726
4.57920694351		3.80408668518
4.58495903015		3.96646690369
4.59071993828		3.23575687408
4.59646010399		2.0331287384
4.60221195221		1.17048454285
4.60796189308		1.2009305954
4.61380195618		2.1701374054
4.61946702003		3.33724403381
4.625207901		3.98676395416
4.63095998764		3.74826812744
4.63671588898		2.71309566498
4.64246797562		1.56628608704
4.64821791649		1.05884838104
4.65397000313		1.52569103241
4.65971803665		2.69787216187
4.66547894478		3.72797107697
4.67122888565		3.9918384552
4.67697000504		3.36261558533
4.68272089958		2.17521095276
4.68847107887		1.23645114899
4.69422292709		1.13496398926
4.69998002052		1.99760818481
4.70572304726		3.21545886993
4.71147489548		3.95124340057
4.71724104881		3.81931018829
4.72297596931		2.86532688141
4.72874593735		1.66777324677
4.73460793495		1.05884838104
4.7403550148		1.43942642212
4.74610495567		2.56593894958
4.75189089775		3.65185546875
4.75760698318		4.00706195831
4.76337194443		3.45902919769
4.76910710335		2.2919216156
4.77485990524		1.29734420776
4.780616045		1.09944343567
4.78635907173		1.87582302094
4.79211091995		3.10889720917
4.79785990715		3.91064834595
4.80361199379		3.87512779236
4.80937290192		2.98203754425
4.81511306763		1.78955841064
4.82086992264		1.08421993256
4.82660508156		1.34301376343
4.83236098289		2.41878128052
4.83811903		3.54529380798
4.84387302399		4.01213645935
4.84961605072		3.5706653595
4.85538506508		2.44415378571
4.86114001274		1.38360881805
4.86686706543		1.06899738312
4.87262010574		1.74388885498
4.87837004662		2.9617395401
4.88412189484		3.85483074188
4.88987207413		3.92079734802
4.89562487602		3.12411975861
4.90138292313		1.9214925766
4.90714001656		1.12481498718
4.91288089752		1.25674915314
4.91862607002		2.26147556305
4.92437601089		3.43873119354
4.93013906479		4.00198745728
4.93587708473		3.67215251923
4.94163703918		2.58623600006
4.94737792015		1.48002147675
4.95313096046		1.05884838104
4.95887994766		1.61703014374
4.9646320343		2.81965732574
4.97038602829		3.78886318207
4.97613096237		3.97154140472
4.98188900948		3.2611284256
4.98763608932		2.06357479095
4.99339795113		1.18063354492
4.99913692474		1.18570804596
