0.000128984451294		3.89035129547
0.0048828125		3.87512779236
0.00977087020874		3.00740909576
0.0145130157471		1.75911235809
0.0192608833313		1.02840232849
0.0240118503571		1.6119556427
0.0287640094757		3.02263259888
0.0335199832916		3.92079734802
0.0382699966431		3.75334262848
0.0430250167847		2.75876522064
0.0477879047394		1.5104675293
0.0526490211487		1.03347587585
0.0573978424072		1.91641807556
0.062148809433		3.31694602966
0.0668978691101		3.97661590576
0.0716660022736		3.56559085846
0.0763998031616		2.46952533722
0.0811579227448		1.29226970673
0.0858988761902		1.11466598511
0.0906507968903		2.21580600739
0.0954368114471		3.54529380798
0.100286960602		3.97154140472
0.105028867722		3.35246753693
0.109780788422		2.15998840332
0.11453294754		1.12988948822
0.119280815125		1.27704620361
0.124033927917		2.56086444855
0.128789901733		3.74319458008
0.133530855179		3.91064834595
0.138284921646		3.13426876068
0.143025875092		1.89104652405
0.147776842117		1.04362487793
0.152539968491		1.48509597778
0.157285928726		2.86532688141
0.162037849426		3.86497974396
0.166785955429		3.80916118622
0.171541929245		2.89069843292
0.176288843155		1.64240169525
0.181046009064		1.01825332642
0.185791969299		1.73374080658
0.190539836884		3.15456676483
0.195290803909		3.95124340057
0.200042009354		3.67215251923
0.204792022705		2.63698005676
0.209547996521		1.41912937164
0.214291810989		1.05377388
0.219049930573		2.01790523529
0.223810911179		3.41335964203
0.22855091095		3.98676395416
0.233296871185		3.49962425232
0.238052845001		2.36296367645
0.242802858353		1.23645114899
0.24754691124		1.16033554077
0.25229883194		2.32236862183
0.257049798965		3.61126041412
0.261799812317		3.96646690369
0.266548871994		3.30172348022
0.271301984787		2.09402179718
0.276050806046		1.10959243774
0.28089594841		1.34301376343
0.285676956177		2.66742610931
0.290437936783		3.79393768311
0.295177936554		3.88527679443
0.299937963486		3.04800415039
0.304679870605		1.79463291168
0.309430837631		1.02332782745
0.314180850983		1.57136058807
0.318936824799		2.97188854218
0.323680877686		3.90557384491
0.328434944153		3.76856613159
0.333187818527		2.80443382263
0.337932825089		1.54598808289
0.342803001404		1.02840232849
0.347556829453		1.8707485199
0.35231590271		3.28142547607
0.35706281662		3.97661590576
0.361815929413		3.59096240997
0.366562843323		2.51519489288
0.371315002441		1.32779026031
0.3760638237		1.09436893463
0.380851984024		2.18535995483
0.385689973831		3.53514480591
0.39044880867		3.9816904068
0.395193815231		3.37783908844
0.399951934814		2.20058345795
0.40469288826		1.15526103973
0.409448862076		1.25674915314
0.414193868637		2.51519489288
0.418950796127		3.71782207489
0.423713922501		3.9309463501
0.428453922272		3.16471481323
0.433197021484		1.92656707764
0.437945842743		1.05377388
0.442822933197		1.48002147675
0.447572946548		2.85517787933
0.452325820923		3.86497974396
0.457073926926		3.82438468933
0.461824893951		2.90592193604
0.466576814651		1.64240169525
0.471328020096		1.01825332642
0.476076841354		1.73374080658
0.480866909027		3.15456676483
0.485704898834		3.95631790161
0.490459918976		3.66200447083
0.495203971863		2.61668205261
0.499962806702		1.39883136749
0.504706859589		1.05884838104
0.509457826614		2.04835224152
0.514206886292		3.42858314514
0.518959999084		3.9816904068
0.523707866669		3.47932624817
0.528464794159		2.34774017334
0.53320980072		1.22630310059
0.537985801697		1.18570804596
0.542829990387		2.38833522797
0.547578811646		3.65185546875
0.552340984344		3.95631790161
0.55708694458		3.25605392456
0.56183886528		2.03820323944
0.566588878632		1.08929443359
0.571340799332		1.3633108139
0.576089859009		2.69279766083
0.580878019333		3.81931018829
0.585733890533		3.86497974396
0.590466976166		2.99726104736
0.595217943192		1.74388885498
0.599972009659		1.02332782745
0.604719877243		1.63225269318
0.609475851059		3.02770709991
0.614221811295		3.92079734802
0.618979930878		3.74319458008
0.623735904694		2.74861621857
0.628477811813		1.50539302826
0.633224010468		1.03347587585
0.637972831726		1.92656707764
0.642851829529		3.32709503174
0.647598981857		3.97661590576
0.652352809906		3.55544185638
0.657102823257		2.45937633514
0.661852836609		1.28719520569
0.666600942612		1.11466598511
0.671355962753		2.23610401154
0.676101922989		3.55036830902
0.680889844894		3.97154140472
0.685735940933		3.33724403381
0.690486907959		2.14476490021
0.695230007172		1.12988948822
0.69998884201		1.28719520569
0.704732894897		2.57608699799
0.709500789642		3.76349163055
0.714234828949		3.91064834595
0.7189848423		3.11904525757
0.723735809326		1.87582302094
0.728492975235		1.04362487793
0.73323392868		1.49524497986
0.737984895706		2.89577293396
0.742726802826		3.8802022934
0.747479915619		3.81423568726
0.752242803574		2.87547588348
0.756989955902		1.6221036911
0.761757850647		1.01825332642
0.766490936279		1.75403785706
0.771243810654		3.16471481323
0.775993824005		3.96139240265
0.780740976334		3.66707897186
0.785492897034		2.62175655365
0.790246963501		1.40390586853
0.794996023178		1.06392288208
0.799765825272		2.04327774048
0.804495811462		3.41335964203
0.809256792068		3.9816904068
0.813998937607		3.49454975128
0.818753957748		2.35281467438
0.823496818542		1.23137664795
0.8282558918		1.17555904388
0.833005905151		2.3426656723
0.837749004364		3.6214094162
0.842504024506		3.96646690369
0.847250938416		3.29157447815
0.85200381279		2.0838727951
0.856751918793		1.10451793671
0.861502885818		1.33286476135
0.86625289917		2.64712810516
0.871006965637		3.78886318207
0.875753879547		3.89035129547
0.880510807037		3.06830215454
0.885245800018		1.8200044632
0.890020847321		1.03347587585
0.894759893417		1.55613708496
0.899521827698		2.9515914917
0.904258966446		3.90050029755
0.909010887146		3.77871513367
0.913759946823		2.82473182678
0.918515920639		1.57136058807
0.923261880875		1.02332782745
0.92804980278		1.82507896423
0.932885885239		3.2611284256
0.93763589859		3.97154140472
0.942380905151		3.61126041412
0.947132825851		2.53549194336
0.951912879944		1.33286476135
0.95664191246		1.09436893463
0.961400985718		2.14476490021
0.966142892838		3.49454975128
0.970928907394		3.9816904068
0.975641965866		3.4235086441
0.980418920517		2.25132751465
0.985146999359		1.17555904388
0.989895820618		1.22630310059
0.994645833969		2.45430183411
0.999396800995		3.6823015213
1.00414681435		3.94616889954
1.00890278816		3.21545886993
1.01364684105		1.98745918274
1.01840496063		1.06392288208
1.02314901352		1.40390586853
1.02789878845		2.77906227112
1.03277897835		3.84975624084
1.03752589226		3.84468173981
1.04227900505		2.95666599274
1.04702782631		1.69314575195
1.05177998543		1.01825332642
1.05652785301		1.67792224884
1.06128001213		3.08859920502
1.06604599953		3.93602085114
1.07081580162		3.69752502441
1.07565689087		2.66742610931
1.08040881157		1.44450092316
1.0851559639		1.04869937897
1.08991599083		1.98745918274
1.09465694427		3.37783908844
1.09941601753		3.9816904068
1.104159832		3.51484680176
1.10891795158		2.38833522797
1.11380887032		1.23645114899
1.1185438633		1.16541004181
1.12328696251		2.32236862183
1.12805294991		3.61633491516
1.13278794289		3.96646690369
1.13753795624		3.29664897919
1.14228701591		2.08894729614
1.14703297615		1.11466598511
1.15181183815		1.33286476135
1.15654301643		2.63190555573
1.16129279137		3.77871513367
1.16604280472		3.89542579651
1.17082881927		3.0632276535
1.17566895485		1.78955841064
1.18042683601		1.02840232849
1.18517184258		1.57643508911
1.18992185593		2.97696304321
1.19467186928		3.90050029755
1.19942593575		3.76856613159
1.20417284966		2.80443382263
1.20892882347		1.54598808289
1.21367192268		1.02332782745
1.21843194962		1.84537696838
1.22317481041		3.25605392456
1.22792601585		3.97154140472
1.23280596733		3.58588886261
1.23755192757		2.51012039185
1.24230599403		1.32271575928
1.24705195427		1.09436893463
1.25180602074		2.16506290436
1.25655293465		3.51484680176
1.26130700111		3.9816904068
1.26605582237		3.40321063995
1.27084994316		2.21580600739
1.27568984032		1.15526103973
1.28044080734		1.25674915314
1.28518986702		2.51519489288
1.28994488716		3.72797107697
1.29468488693		3.9309463501
1.29944396019		3.15964031219
1.30418682098		1.92656707764
1.30894184113		1.05377388
1.31381201744		1.49017047882
1.31856989861		2.85517787933
1.32331490517		3.87005329132
1.32806682587		3.81931018829
1.33281898499		2.89069843292
1.33756494522		1.64240169525
1.34230995178		1.01825332642
1.34705901146		1.73374080658
1.35184001923		3.14949226379
1.35656881332		3.95124340057
1.36132001877		3.6823015213
1.36606884003		2.64712810516
1.37085700035		1.40390586853
1.37569594383		1.06392288208
1.38045287132		2.05850028992
1.38519787788		3.42858314514
1.38994884491		3.9816904068
1.39470100403		3.47932624817
1.39945101738		2.3426656723
1.40419888496		1.22122859955
1.40896081924		1.17555904388
1.41369986534		2.35788917542
1.4184589386		3.63663196564
1.42320895195		3.96139240265
1.42795181274		3.27127742767
1.43282985687		2.0331287384
1.43757581711		1.08929443359
1.44233179092		1.36838531494
1.44707989693		2.70802116394
1.45183181763		3.80916118622
1.45659089088		3.87512779236
1.46133899689		3.02770709991
1.46609902382		1.76926136017
1.47098588943		1.02332782745
1.47585391998		1.66269874573
1.48058700562		3.07337665558
1.4853348732		3.94109535217
1.49009585381		3.71782207489
1.49483990669		2.70802116394
1.49958586693		1.47494697571
1.50433897972		1.04362487793
1.50908994675		1.94178962708
1.51385593414		3.33724403381
1.51859784126		3.97661590576
1.5233399868		3.55544185638
1.52810001373		2.44415378571
1.5328400135		1.28212070465
1.53759288788		1.12481498718
1.542334795		2.23610401154
1.54708480835		3.55544185638
1.55186486244		3.97154140472
1.5565969944		3.36261558533
1.56134700775		2.1701374054
1.5660970211		1.1400384903
1.57089090347		1.28212070465
1.57572698593		2.58623600006
1.58047986031		3.75334262848
1.58522295952		3.91064834595
1.58997488022		3.11904525757
1.59472584724		1.8707485199
1.59948182106		1.03855037689
1.60422587395		1.50539302826
1.60898399353		2.89069843292
1.613727808		3.8802022934
1.61848282814		3.80408668518
1.62322878838		2.87547588348
1.62797880173		1.60180664062
1.63285779953		1.02332782745
1.63760590553		1.78955841064
1.64235782623		3.20530986786
1.64710688591		3.96646690369
1.65185880661		3.64170646667
1.65660786629		2.58623600006
1.66136097908		1.38360881805
1.66610980034		1.07407093048
1.6708958149		2.09402179718
1.6757338047		3.47425174713
1.68049192429		3.98676395416
1.68523693085		3.43873119354
1.6899960041		2.27669906616
1.69473600388		1.19585609436
1.69949483871		1.21107959747
1.70424079895		2.42385578156
1.70899796486		3.67722702026
1.71386599541		3.94616889954
1.71862792969		3.20530986786
1.72336602211		1.9722366333
1.72812485695		1.06392288208
1.73286700249		1.41912937164
1.73761796951		2.76891326904
1.74248981476		3.84468173981
1.74723696709		3.83960723877
1.75201392174		2.94144248962
1.75674581528		1.68807125092
1.76150298119		1.01825332642
1.76624584198		1.68807125092
1.77100396156		3.09874820709
1.77574586868		3.94109535217
1.78050494194		3.70767402649
1.78524684906		2.69279766083
1.79000091553		1.45972442627
1.79474902153		1.03855037689
1.79949998856		1.95701313019
1.80425286293		3.36261558533
1.80900883675		3.9816904068
1.81375288963		3.53514480591
1.81851100922		2.41878128052
1.82325482368		1.27197170258
1.8280339241		1.1400384903
1.8327589035		2.25640106201
1.83750486374		3.57573986053
1.84225797653		3.97661590576
1.84700798988		3.33724403381
1.85176301003		2.14476490021
1.85650801659		1.13496398926
1.86126089096		1.28212070465
1.86601901054		2.57608699799
1.87076187134		3.75334262848
1.87551093102		3.91572284698
1.88026189804		3.12919425964
1.88500285149		1.8707485199
1.8897588253		1.04362487793
1.89451599121		1.5003194809
1.89927697182		2.88055038452
1.90403079987		3.87512779236
1.90877199173		3.81423568726
1.91351485252		2.89069843292
1.91827487946		1.62717819214
1.92301702499		1.01317882538
1.92776894569		1.76418685913
1.93265080452		3.20023536682
1.93739485741		3.96139240265
1.94214200974		3.64678096771
1.94688796997		2.60145950317
1.95165300369		1.38868236542
1.95639896393		1.06392288208
1.96114993095		2.06864929199
1.96589779854		3.44380569458
1.97065782547		3.9816904068
1.97539997101		3.46917819977
1.9801568985		2.32744312286
1.98490095139		1.22122859955
1.98965096474		1.17555904388
1.99440193176		2.37311172485
1.99915790558		3.64678096771
2.00390291214		3.96139240265
2.0086607933		3.2611284256
2.01340985298		2.04835224152
2.0181620121		1.09944343567
2.02290582657		1.35823631287
2.02765583992		2.67250061035
2.03253984451		3.81931018829
2.03728199005		3.87005329132
2.04203701019		3.0124835968
2.0467839241		1.75403785706
2.05153679848		1.02332782745
2.05628585815		1.6119556427
2.06104397774		3.02263259888
2.06591200829		3.92587184906
2.07066297531		3.733045578
2.07541298866		2.73846721649
2.0801718235		1.49017047882
2.08491802216		1.03347587585
2.08967089653		1.92656707764
2.09441685677		3.31694602966
2.09917283058		3.97661590576
2.10392999649		3.56559085846
2.10867381096		2.47459983826
2.11341786385		1.29734420776
2.11817479134		1.11466598511
2.1229197979		2.21580600739
2.12766885757		3.54529380798
2.13255095482		3.97154140472
2.13729786873		3.35246753693
2.14204382896		2.16506290436
2.1467897892		1.13496398926
2.15155291557		1.27704620361
2.15629887581		2.56086444855
2.1610648632		3.74826812744
2.16579985619		3.91572284698
2.17055797577		3.13426876068
2.17529892921		1.89612102509
2.18005990982		1.04869937897
2.18480300903		1.48509597778
2.18955183029		2.86025238037
2.19430398941		3.87512779236
2.19905996323		3.81931018829
2.20381093025		2.89577293396
2.20856285095		1.63732719421
2.21330785751		1.02332782745
2.21806693077		1.73881530762
2.22280979156		3.14441776276
2.22755789757		3.95631790161
2.23231196404		3.67722702026
2.23705983162		2.62683105469
2.24181079865		1.41912937164
2.246560812		1.05884838104
2.25131297112		2.02297973633
2.25607681274		3.40321063995
2.2608499527		3.98676395416
2.2656879425		3.47932624817
2.27043890953		2.33759117126
2.27518987656		1.21615409851
2.27995586395		1.18570804596
2.28469181061		2.36296367645
2.28944683075		3.63663196564
2.29419088364		3.96139240265
2.29895186424		3.27127742767
2.30369281769		2.05850028992
2.30845499039		1.09436893463
2.31319379807		1.34808731079
2.31796002388		2.7029466629
2.32282495499		3.81423568726
2.32757091522		3.87005329132
2.33233094215		3.02263259888
2.33707380295		1.76926136017
2.3418200016		1.02332782745
2.34656500816		1.59673213959
2.35132884979		3.0124835968
2.35607481003		3.92079734802
2.36086392403		3.74826812744
2.36570096016		2.73846721649
2.37045884132		1.5003194809
2.37520098686		1.03855037689
2.37995886803		1.90626907349
2.38470196724		3.30679798126
2.38945484161		3.97661590576
2.39422297478		3.5706653595
2.39896297455		2.47967433929
2.40370488167		1.3024187088
2.4084649086		1.11466598511
2.41320681572		2.20565795898
2.41795682907		3.54529380798
2.4228348732		3.97661590576
2.42758393288		3.36261558533
2.43233799934		2.16506290436
2.43708491325		1.1400384903
2.44183683395		1.27704620361
2.44658684731		2.55578994751
2.45133900642		3.733045578
2.45611286163		3.92079734802
2.46087884903		3.13934326172
2.46571588516		1.86567401886
2.47046589851		1.03855037689
2.47521495819		1.5104675293
2.47998595238		2.89577293396
2.48471498489		3.87512779236
2.48947286606		3.80408668518
2.49421596527		2.87547588348
2.49897480011		1.61703014374
2.50372195244		1.01825332642
2.50849986076		1.76926136017
2.51322197914		3.18501281738
2.5179708004		3.96139240265
2.52284884453		3.63663196564
2.52759790421		2.58623600006
2.53234696388		1.37853431702
2.53709793091		1.06899738312
2.54184699059		2.07879829407
2.54659199715		3.45395469666
2.55135679245		3.98676395416
2.55610179901		3.46410369873
2.56088900566		2.30207061768
2.56572699547		1.19078159332
2.57048583031		1.21107959747
2.57522988319		2.42385578156
2.57998681068		3.67722702026
2.58472895622		3.95124340057
2.58948087692		3.23068237305
2.59423184395		2.00268268585
2.59898781776		1.07407093048
2.60373783112		1.39375686646
2.60848999023		2.73846721649
2.61323189735		3.82438468933
2.6179997921		3.85990524292
2.62286281586		2.97188854218
2.62761092186		1.70836830139
2.63236498833		1.01825332642
2.63711190224		1.66777324677
2.64186382294		3.07337665558
2.64661288261		3.92587184906
2.65136599541		3.72797107697
2.65612888336		2.72324466705
2.66090202332		1.48002147675
2.6657409668		1.04362487793
2.67050886154		1.99253368378
2.67537283897		3.39813613892
2.68014287949		3.9816904068
2.68487000465		3.50977325439
2.68961882591		2.38833522797
2.69437193871		1.2516746521
2.69912791252		1.1501865387
2.70386886597		2.30207061768
2.70862984657		3.60618591309
2.71337294579		3.96646690369
2.71812796593		3.30679798126
2.72287201881		2.11431884766
2.72762298584		1.11974048615
2.73237586021		1.3125667572
2.73712491989		2.61160755157
2.74187088013		3.77364063263
2.74661898613		3.90557384491
2.75139188766		3.08352470398
2.75612592697		1.84537696838
2.76091599464		1.03855037689
2.76575183868		1.561211586
2.77051281929		2.9515914917
2.77525496483		3.90050029755
2.78001189232		3.7837896347
2.78475594521		2.81965732574
2.78950786591		1.56628608704
2.79427599907		1.02332782745
2.79901599884		1.83015346527
2.80375885963		3.23068237305
2.80851578712		3.96646690369
2.81326079369		3.62648391724
2.81808900833		2.53549194336
2.82288885117		1.33286476135
2.82763695717		1.09436893463
2.83238887787		2.15491390228
2.83713793755		3.50469875336
2.84189081192		3.9816904068
2.84663891792		3.41843414307
2.85139298439		2.25132751465
2.85615682602		1.17555904388
2.86092996597		1.22630310059
2.86576700211		2.49489688873
2.87051701546		3.71274757385
2.87526679039		3.9309463501
2.88003993034		3.17993831635
2.88476085663		1.95193862915
2.88951683044		1.06392288208
2.89427495003		1.43435192108
2.89903783798		2.80443382263
2.90377092361		3.84975624084
2.90853285789		3.83960723877
2.91327285767		2.94651699066
2.91805887222		1.6728477478
2.92289996147		1.02332782745
2.92764902115		1.71344280243
2.93240094185		3.12411975861
2.93715286255		3.95124340057
2.94190788269		3.68737602234
2.94665598869		2.66235160828
2.95141482353		1.42927742004
2.9561548233		1.05377388
2.96105384827		2.04835224152
2.9659049511		3.43873119354
2.97072291374		3.98676395416
2.9755358696		3.44888019562
2.98028182983		2.2919216156
2.98503398895		1.19585609436
2.9897840023		1.20600509644
2.99453783035		2.41370677948
2.99928498268		3.66707897186
3.00403499603		3.95124340057
3.00879192352		3.24590492249
3.01353502274		2.01790523529
3.01830792427		1.07407093048
3.02303695679		1.38360881805
3.02778697014		2.73339271545
3.03266501427		3.83453273773
3.03741383553		3.85483074188
3.04216599464		2.98711204529
3.04692482948		1.7235918045
3.05166888237		1.01825332642
3.05641794205		1.64240169525
3.0611679554		3.0632276535
3.06591701508		3.9309463501
3.07066893578		3.72797107697
3.0754199028		2.72831821442
3.08018779755		1.49524497986
3.0849199295		1.03347587585
3.08967781067		1.91641807556
3.09442281723		3.3118724823
3.09917998314		3.9816904068
3.10392284393		3.56559085846
3.10868096352		2.46445083618
3.11342597008		1.3024187088
3.11818289757		1.11974048615
3.12292695045		2.21073246002
3.12767601013		3.54021930695
3.13243079185		3.9816904068
3.13717699051		3.37783908844
3.14192485809		2.19550895691
3.14667081833		1.1501865387
3.15143489838		1.26689815521
3.15617990494		2.52534389496
3.16096186638		3.72797107697
3.16568493843		3.9309463501
3.17043995857		3.16471481323
3.17518186569		1.91641807556
3.17993998528		1.05377388
3.18468379974		1.45972442627
3.18943500519		2.82473182678
3.19421100616		3.85990524292
3.19894194603		3.82945823669
3.20368599892		2.92621898651
3.20844197273		1.66777324677
3.21319198608		1.02332782745
3.21793985367		1.72866630554
3.22281694412		3.15456676483
3.22756481171		3.95124340057
3.23231887817		3.67215251923
3.23707294464		2.62683105469
3.24195194244		1.39375686646
3.24669384956		1.06392288208
3.25144481659		2.04835224152
3.25620889664		3.4336566925
3.26106381416		3.98676395416
3.26583480835		3.4336566925
3.27070188522		2.26147556305
3.27544879913		1.19078159332
3.28021287918		1.22122859955
3.28494787216		2.43400478363
3.28969788551		3.6823015213
3.29445385933		3.95124340057
3.29920697212		3.22053337097
3.30394887924		1.99253368378
3.30870699883		1.07407093048
3.31345295906		1.40390586853
3.31820678711		2.74354171753
3.32295179367		3.82945823669
3.32770395279		3.86497974396
3.33245682716		2.99218654633
3.33720397949		1.72866630554
3.34195899963		1.01825332642
3.34669780731		1.63732719421
3.35145878792		3.04292964935
3.3562078476		3.92079734802
3.3609650135		3.73812007904
3.36570882797		2.74861621857
3.37046694756		1.49524497986
3.37520885468		1.03347587585
3.37996697426		1.91134357452
3.38471293449		3.3118724823
3.38946199417		3.97661590576
3.39421200752		3.5706653595
3.39896893501		2.47967433929
3.4037129879		1.3024187088
3.40847086906		1.10959243774
3.4132130146		2.21073246002
3.4179649353		3.54529380798
3.42283892632		3.97154140472
3.42759084702		3.35246753693
3.43234491348		2.1701374054
3.43709087372		1.1400384903
3.44184279442		1.27197170258
3.44659280777		2.54564094543
3.45134496689		3.73812007904
3.45610785484		3.92079734802
3.46088194847		3.13426876068
3.46571993828		1.86567401886
3.47047400475		1.04362487793
3.47522187233		1.5104675293
3.47997379303		2.88562393188
3.48472499847		3.8802022934
3.4894888401		3.80916118622
3.49422502518		2.87040138245
3.49898195267		1.6119556427
3.50372695923		1.02332782745
3.50848293304		1.76926136017
3.51322698593		3.17486381531
3.51797890663		3.96139240265
3.52285790443		3.64170646667
3.52760601044		2.58623600006
3.53235602379		1.37345981598
3.53711390495		1.07407093048
3.54185390472		2.08894729614
3.5466029644		3.45395469666
3.55136489868		3.97661590576
3.55611085892		3.45902919769
3.56088781357		2.30714511871
3.56561779976		1.20600509644
3.57036185265		1.19078159332
3.575111866		2.393409729
3.579859972		3.65185546875
3.58461284637		3.95124340057
3.58936190605		3.25097942352
3.59413480759		2.03820323944
3.59887194633		1.08929443359
3.60361289978		1.35823631287
3.60837292671		2.69787216187
3.61311578751		3.80916118622
3.61786699295		3.87512779236
3.62274384499		2.99726104736
3.62749290466		1.74388885498
3.63225984573		1.02840232849
3.63701701164		1.62717819214
3.64174890518		3.03278160095
3.64649486542		3.92587184906
3.65124797821		3.74319458008
3.65599393845		2.74861621857
3.6607530117		1.5104675293
3.66549801826		1.03855037689
3.6702477932		1.90119457245
3.67500185966		3.29157447815
3.67975497246		3.97661590576
3.68449783325		3.58081436157
3.68925690651		2.48474884033
3.69400000572		1.30749225616
3.69875788689		1.11466598511
3.70350193977		2.19550895691
3.70826101303		3.52499580383
3.71300292015		3.97661590576
3.71775197983		3.39306259155
3.72251200676		2.21073246002
3.72725582123		1.16033554077
3.73200798035		1.24660015106
3.7367579937		2.50504589081
3.74150490761		3.71274757385
3.74624991417		3.9309463501
3.75103092194		3.17486381531
3.75576090813		1.94178962708
3.76051878929		1.05884838104
3.76525998116		1.44450092316
3.77001690865		2.80443382263
3.77476096153		3.85483074188
3.77951788902		3.83960723877
3.78428483009		2.93129348755
3.78901982307		1.68299674988
3.79376387596		1.02332782745
3.79852080345		1.68299674988
3.80326390266		3.09367370605
3.80809187889		3.94616889954
3.81289386749		3.68737602234
3.8176419735		2.65727710724
3.8223938942		1.43942642212
3.82714390755		1.05377388
3.83189487457		1.99760818481
3.83664393425		3.38291358948
3.84139585495		3.9816904068
3.8461458683		3.51484680176
3.85093283653		2.38326072693
3.85577201843		1.23137664795
3.86053085327		1.17048454285
3.86527395248		2.33759117126
3.87002491951		3.6214094162
3.87477493286		3.96646690369
3.87952780724		3.28649997711
3.8842689991		2.07879829407
3.88902187347		1.10451793671
3.89377880096		1.33793926239
3.89854097366		2.64712810516
3.90327787399		3.7837896347
3.90803599358		3.89035129547
3.91277980804		3.07337665558
3.9175298214		1.81493091583
3.92228293419		1.03347587585
3.92703199387		1.55106258392
3.9317908287		2.95666599274
3.93653297424		3.89542579651
3.94127988815		3.77364063263
3.94602584839		2.82980632782
3.95086193085		1.55613708496
3.9556620121		1.02332782745
3.96041488647		1.85045146942
3.96516180038		3.2611284256
3.96991896629		3.97154140472
3.97466301918		3.60111141205
3.97941994667		2.53549194336
3.98417782784		1.34301376343
3.98891997337		1.08929443359
3.99366688728		2.13461589813
3.99842095375		3.49454975128
4.00316691399		3.9816904068
4.00791597366		3.40321063995
4.01279592514		2.22088050842
4.01754498482		1.17048454285
4.02229380608		1.24152565002
4.02704501152		2.48474884033
4.03179597855		3.70767402649
4.0365447998		3.93602085114
4.0412979126		3.19008731842
4.0460460186		1.95193862915
4.05083584785		1.05884838104
4.05567383766		1.46479797363
4.06043291092		2.83488082886
4.06517386436		3.85483074188
4.06992602348		3.82945823669
4.07467699051		2.92114448547
4.07943987846		1.65762519836
4.08417582512		1.01317882538
4.0889339447		1.71344280243
4.09367799759		3.12411975861
4.09843587875		3.94109535217
4.10317993164		3.68737602234
4.10793089867		2.6522026062
4.11281299591		1.41405487061
4.11755681038		1.05377388
4.12231588364		2.02805423737
4.12705779076		3.40828514099
4.1318089962		3.9816904068
4.1365609169		3.49454975128
4.14130687714		2.36296367645
4.14605379105		1.24152565002
4.15088582039		1.17048454285
4.15569090843		2.36803817749
4.16044998169		3.64678096771
4.16520881653		3.96139240265
4.17006587982		3.24083042145
4.1748290062		2.01283168793
4.17956590652		1.08421993256
4.18433499336		1.37853431702
4.18906593323		2.71309566498
4.19382095337		3.81931018829
4.19857382774		3.87512779236
4.20331788063		3.0124835968
4.20807480812		1.75911235809
4.21282100677		1.02840232849
4.21756982803		1.60688114166
4.22232484818		3.0124835968
4.22707891464		3.91572284698
4.23182487488		3.75334262848
4.23657393456		2.76891326904
4.24132490158		1.52061653137
4.24607300758		1.03347587585
4.25086379051		1.89104652405
4.25569987297		3.30679798126
4.26045799255		3.97661590576
4.26519989967		3.56559085846
4.26995182037		2.47967433929
4.27470779419		1.29734420776
4.27945399284		1.11974048615
4.2842040062		2.20565795898
4.28896093369		3.53514480591
4.29370498657		3.97661590576
4.29847788811		3.37783908844
4.30320692062		2.20058345795
4.30795478821		1.14511299133
4.31283402443		1.27704620361
4.31758284569		2.55071544647
4.32233595848		3.74319458008
4.32708501816		3.92079734802
4.33184194565		3.13426876068
4.33658695221		1.89612102509
4.34133291245		1.04869937897
4.34607982635		1.48002147675
4.35091400146		2.88055038452
4.3557138443		3.88527679443
4.36046600342		3.80408668518
4.365213871		2.86532688141
4.36997389793		1.6119556427
4.37472295761		1.02332782745
4.37947392464		1.76926136017
4.38423299789		3.17993831635
4.38905000687		3.96139240265
4.39385294914		3.64170646667
4.39859986305		2.57101249695
4.4033498764		1.36838531494
4.40816402435		1.08421993256
4.41297698021		2.12446784973
4.41772794724		3.47932624817
4.4224820137		3.9816904068
4.42723488808		3.4336566925
4.43198180199		2.27162456512
4.43672299385		1.18570804596
4.44147801399		1.21107959747
4.4462249279		2.43400478363
4.45097899437		3.67722702026
4.45572495461		3.94616889954
4.46048593521		3.22560787201
4.46522784233		1.99760818481
4.46997785568		1.06899738312
4.4747300148		1.39375686646
4.47948479652		2.73846721649
4.48422789574		3.82438468933
4.48898696899		3.85990524292
4.49373102188		2.99726104736
4.49848890305		1.74388885498
4.50324082375		1.01825332642
4.50810980797		1.65762519836
4.51286292076		3.07845020294
4.5176179409		3.93602085114
4.52237486839		3.71782207489
4.52711200714		2.71309566498
4.53186678886		1.48002147675
4.53661179543		1.03855037689
4.54135990143		1.94178962708
4.54610586166		3.32709503174
4.55095291138		3.9816904068
4.55574083328		3.53007030487
4.56049895287		2.41370677948
4.56523990631		1.26182365417
4.56999897957		1.14511299133
4.57473993301		2.27162456512
4.57949995995		3.58081436157
4.58425784111		3.97661590576
4.58899998665		3.33216953278
4.59374499321		2.13969039917
4.59850502014		1.12988948822
4.60324501991		1.29734420776
4.60799479485		2.60653305054
4.61287498474		3.76349163055
4.61762285233		3.90050029755
4.62238883972		3.08859920502
4.62712287903		1.84030246735
4.63187479973		1.03347587585
4.63662481308		1.53076553345
4.6413769722		2.92114448547
4.64612579346		3.89035129547
4.65091395378		3.78886318207
4.65562796593		2.85517787933
4.66038298607		1.59165763855
4.66512799263		1.01825332642
4.66988801956		1.79463291168
4.67462897301		3.20530986786
4.6793859005		3.96139240265
4.68413090706		3.64170646667
4.68888783455		2.5913105011
4.69363188744		1.38868236542
4.69839501381		1.06899738312
4.70313382149		2.06864929199
4.70788478851		3.46917819977
4.71276283264		3.9816904068
4.71765685081		3.40828514099
4.72238898277		2.24625301361
4.72713685036		1.18063354492
4.73188996315		1.22630310059
4.7366399765		2.45937633514
4.74138689041		3.69245052338
4.74613189697		3.94616889954
4.75096583366		3.18501281738
4.75576782227		1.93671607971
4.76051998138		1.05884838104
4.76526594162		1.44957542419
4.77002501488		2.79936027527
4.77476787567		3.84468173981
4.77952480316		3.84468173981
4.78428483009		2.94144248962
4.78902602196		1.67792224884
4.79377388954		1.02332782745
4.79852700233		1.69314575195
4.80327296257		3.08859920502
4.80810689926		3.94109535217
4.81289982796		3.68737602234
4.8176548481		2.65727710724
4.82240200043		1.43435192108
4.82714986801		1.04869937897
4.83190584183		2.00268268585
4.83665084839		3.38291358948
4.84140300751		3.97661590576
4.84615182877		3.51484680176
4.850938797		2.38326072693
4.8557779789		1.23137664795
4.86053681374		1.16541004181
4.8652780056		2.33759117126
4.87002897263		3.62648391724
4.874781847		3.96646690369
4.87953686714		3.28649997711
4.88427400589		2.0838727951
4.88902997971		1.10451793671
4.89378786087		1.33286476135
4.89854192734		2.6420545578
4.90328383446		3.78886318207
4.90804290771		3.89035129547
4.9127869606		3.06830215454
4.91753482819		1.80985641479
4.92230582237		1.03347587585
4.927038908		1.55613708496
4.9317908287		2.94651699066
4.93654298782		3.89542579651
4.94128680229		3.7837896347
4.94603395462		2.82473182678
4.95086789131		1.54598808289
4.95566987991		1.02840232849
4.96043896675		1.85552597046
4.96517395973		3.25605392456
4.96992492676		3.96646690369
4.97466778755		3.61126041412
4.97942686081		2.53041744232
4.9841709137		1.33793926239
4.98892879486		1.08929443359
4.99367284775		2.14476490021
4.99843001366		3.49454975128
