0.000127792358398		5.07775592804
0.00541281700134		4.47897911072
0.00955200195312		1.54598808289
0.013662815094		-0.00169658660889
0.0177869796753		0.683343887329
0.0219128131866		3.67722702026
0.0260369777679		5.09297847748
0.0301640033722		4.28107833862
0.0342879295349		1.3125667572
0.0384149551392		-0.00169658660889
0.0425488948822		0.911691665649
0.0466659069061		3.95124340057
0.0507929325104		5.09297847748
0.0549149513245		4.0425825119
0.0590689182281		1.06392288208
0.0631809234619		-0.00677108764648
0.0672929286957		1.13496398926
0.0714218616486		4.16436767578
0.0755410194397		5.09297847748
0.0796759128571		3.79901218414
0.0838279724121		0.830501556396
0.0879228115082		-0.00169658660889
0.0920460224152		1.37853431702
0.0961718559265		4.39778900146
0.100311994553		5.09297847748
0.104430913925		3.54021930695
0.108558893204		0.627526283264
0.112681865692		-0.00169658660889
0.116813898087		1.66777324677
0.120934009552		4.61598682404
0.125057935715		5.09805297852
0.129185914993		3.28649997711
0.133309841156		0.439774513245
0.137439012527		-0.00169658660889
0.141559839249		1.91134357452
0.145684957504		4.81896209717
0.149817943573		5.08790397644
0.153936862946		3.00740909576
0.158061981201		0.257096290588
0.162187814713		-0.00169658660889
0.166313886642		2.18535995483
0.170440912247		4.98641681671
0.174563884735		5.09297847748
0.178696870804		2.72324466705
0.182813882828		0.0997905731201
0.186949014664		-0.00169658660889
0.19108080864		2.47459983826
0.195195913315		5.09297847748
0.199320793152		5.072681427
0.203442811966		2.46445083618
0.20757484436		0.00337791442871
0.21170091629		0.0845680236816
0.215818881989		2.74354171753
0.219949007034		5.09297847748
0.224071979523		4.94582176208
0.228202819824		2.18535995483
0.23232293129		-0.00169658660889
0.236446857452		0.236799240112
0.240572929382		3.01755809784
0.244700908661		5.09297847748
0.248825788498		4.7732925415
0.252950906754		1.91641807556
0.257080793381		-0.00169658660889
0.261199951172		0.409327507019
0.265342950821		3.3118724823
0.269452810287		5.09297847748
0.273576974869		4.58046627045
0.277704000473		1.65762519836
0.281830787659		-0.00169658660889
0.285953998566		0.607228279114
0.290077924728		3.5706653595
0.294201850891		5.09297847748
0.298326969147		4.36226844788
0.30246090889		1.39883136749
0.306581020355		0.00337791442871
0.310706853867		0.830501556396
0.314833879471		3.82945823669
0.318994998932		5.08790397644
0.323083877563		4.13899612427
0.327226877213		1.1501865387
0.33133482933		-0.00677108764648
0.335459947586		1.04362487793
0.339593887329		4.0933265686
0.343711853027		5.09297847748
0.347844839096		3.89035129547
0.351965904236		0.926914215088
0.356089830399		-0.00169658660889
0.360216856003		1.29734420776
0.364338874817		4.32167339325
0.368474006653		5.09297847748
0.3725938797		3.64170646667
0.376717805862		0.657972335815
0.380967855453		-0.00169658660889
0.385092973709		1.63225269318
0.389220952988		4.60583877563
0.39336180687		5.09297847748
0.397469997406		3.29157447815
0.401593923569		0.439774513245
0.405719995499		-0.00169658660889
0.409847974777		1.90626907349
0.413969993591		4.80881404877
0.418103933334		5.09297847748
0.422222852707		3.02263259888
0.426347970963		0.262170791626
0.430474996567		-0.00169658660889
0.434597969055		2.1802854538
0.438725948334		4.99149131775
0.442852973938		5.09297847748
0.446980953217		2.74861621857
0.451100826263		0.109939575195
0.455241918564		0.00337791442871
0.459353923798		2.45430183411
0.46347784996		5.08790397644
0.467616796494		5.07775592804
0.47172999382		2.46952533722
0.475854873657		0.00337791442871
0.479979991913		0.079493522644
0.48410487175		2.73339271545
0.48823094368		5.09297847748
0.492348909378		4.95597076416
0.496472835541		2.21073246002
0.500619888306		-0.00169658660889
0.504734992981		0.236799240112
0.508898973465		3.0632276535
0.513108968735		5.09297847748
0.517236948013		4.71747493744
0.521375894547		1.82507896423
0.525485992432		-0.00169658660889
0.529613018036		0.475295066833
0.533736944199		3.39306259155
0.537869930267		5.09805297852
0.541992902756		4.50435066223
0.546113014221		1.57643508911
0.550239801407		-0.00169658660889
0.554364919662		0.678269386292
0.5584897995		3.65692996979
0.562616825104		5.09297847748
0.56681895256		4.23540878296
0.570993900299		1.24152565002
0.575131893158		-0.00677108764648
0.579244852066		0.967509269714
0.58337187767		4.00198745728
0.587500810623		5.09805297852
0.591619968414		3.97661590576
0.595750808716		0.997955322266
0.599871873856		-0.00169658660889
0.603996992111		1.21107959747
0.608128786087		4.25063228607
0.612247943878		5.08790397644
0.61639380455		3.71274757385
0.620500802994		0.779757499695
0.624624967575		-0.00169658660889
0.628756999969		1.46987247467
0.632866859436		4.45868110657
0.63699889183		5.09297847748
0.641131877899		3.46917819977
0.645249843597		0.576782226562
0.649396896362		-0.00677108764648
0.653502941132		1.71851730347
0.657634019852		4.68702888489
0.661752939224		5.08790397644
0.665880918503		3.20530986786
0.67000579834		0.378881454468
0.674130916595		-0.00169658660889
0.678255796432		1.99253368378
0.682380914688		4.86970615387
0.686506986618		5.08790397644
0.690624952316		2.94144248962
0.694747924805		0.211426734924
0.698958873749		-0.00169658660889
0.703147888184		2.36803817749
0.707266807556		5.07775592804
0.711386919022		5.09297847748
0.715510845184		2.56593894958
0.71964097023		0.0186004638672
0.723766803741		0.0388984680176
0.727887868881		2.64712810516
0.732013940811		5.09297847748
0.736140012741		5.01178836823
0.740264892578		2.2919216156
0.744388818741		-0.00169658660889
0.7485268116		0.186055183411
0.752641916275		2.92114448547
0.756771802902		5.09297847748
0.760892868042		4.84433460236
0.76501584053		2.01283168793
0.769152879715		-0.00169658660889
0.773266792297		0.348435401917
0.777417898178		3.21545886993
0.781518936157		5.09297847748
0.785645961761		4.6515083313
0.789771795273		1.75403785706
0.793895959854		-0.00169658660889
0.798021793365		0.536187171936
0.802146911621		3.46917819977
0.806271791458		5.08283042908
0.81040596962		4.43330955505
0.814525842667		1.5003194809
0.818656921387		-0.00169658660889
0.822773933411		0.749311447144
0.826906919479		3.74319458008
0.831024885178		5.08790397644
0.835156917572		4.22525978088
0.839294910431		1.23645114899
0.843403816223		-0.00169658660889
0.847535848618		0.967509269714
0.851670980453		4.00706195831
0.855778932571		5.09297847748
0.859905958176		3.9816904068
0.864030838013		1.00810432434
0.868162870407		-0.00677108764648
0.872280836105		1.20600509644
0.87640786171		4.23540878296
0.880532979965		5.09297847748
0.884658813477		3.73812007904
0.888783931732		0.784832000732
0.892900943756		-0.00677108764648
0.897029876709		1.44957542419
0.901160001755		4.4637556076
0.905287981033		5.09297847748
0.909415006638		3.47425174713
0.913535833359		0.5818567276
0.917662858963		-0.00169658660889
0.921788930893		1.71344280243
0.92591381073		4.67687988281
0.930042982101		5.09297847748
0.93416595459		3.2103843689
0.938295841217		0.383955955505
0.942415952682		-0.00169658660889
0.946541786194		2.04835224152
0.950793981552		4.93567276001
0.954921960831		5.09297847748
0.959049940109		2.8399553299
0.963167905807		0.160683631897
0.967317819595		-0.00169658660889
0.971421003342		2.35281467438
0.975544929504		5.07775592804
0.979676961899		5.08790397644
0.983795881271		2.57608699799
0.987927913666		0.0236749649048
0.992045879364		0.03382396698
0.996171951294		2.63698005676
1.00030088425		5.09297847748
1.00442481041		5.01178836823
1.00855588913		2.2919216156
1.0126748085		-0.00677108764648
1.01680588722		0.191129684448
1.02092599869		2.92621898651
1.02505087852		5.09297847748
1.0291788578		4.84433460236
1.03330588341		2.0331287384
1.0374288559		-0.00169658660889
1.04155302048		0.338286399841
1.04567885399		3.19516181946
1.04980492592		5.09297847748
1.05392980576		4.65658187866
1.05806183815		1.75911235809
1.06218099594		-0.00677108764648
1.06630682945		0.531112670898
1.0704369545		3.47425174713
1.07455992699		5.09297847748
1.07868599892		4.44345855713
1.08281183243		1.50539302826
1.08694291115		-0.00169658660889
1.09105300903		0.734087944031
1.09519290924		3.74826812744
1.09931588173		5.09297847748
1.10343980789		4.23033428192
1.10757398605		1.24152565002
1.11168885231		-0.00169658660889
1.1158208847		0.967509269714
1.11994194984		3.9918384552
1.12406492233		5.09297847748
1.12819099426		3.9918384552
1.1323158741		1.01825332642
1.13644099236		-0.00169658660889
1.14056801796		1.19585609436
1.14469099045		4.22525978088
1.14882278442		5.09297847748
1.15294289589		3.74319458008
1.15707302094		0.784832000732
1.16121101379		-0.00169658660889
1.16531801224		1.44450092316
1.16944599152		4.4536075592
1.17357087135		5.09297847748
1.17770385742		3.48440074921
1.18182086945		0.5818567276
1.18594884872		-0.00677108764648
1.19007396698		1.70836830139
1.19419980049		4.67180538177
1.19832587242		5.09297847748
1.20244884491		3.22053337097
1.20657896996		0.368732452393
1.21070098877		-0.00169658660889
1.21482586861		1.97731018066
1.21898984909		4.87985515594
1.22307801247		5.09297847748
1.22720885277		2.94651699066
1.2313439846		0.216501235962
1.23545885086		-0.00169658660889
1.23958086967		2.25640106201
1.24370288849		5.02701187134
1.247838974		5.09297847748
1.2519569397		2.67250061035
1.25608086586		0.0642700195312
1.26020884514		0.00845146179199
1.26433300972		2.53041744232
1.26846599579		5.09297847748
1.27258300781		5.05745792389
1.27670884132		2.33759117126
1.28098297119		-0.00169658660889
1.28508782387		0.180980682373
1.28922986984		2.92114448547
1.29332900047		5.09297847748
1.29745793343		4.85448265076
1.30158782005		2.03820323944
1.30571198463		-0.00169658660889
1.30984187126		0.338286399841
1.31396389008		3.19008731842
1.31809091568		5.09297847748
1.32221698761		4.6616563797
1.3263399601		1.76418685913
1.33047389984		-0.00169658660889
1.33459186554		0.531112670898
1.33872580528		3.46410369873
1.34284281731		5.09297847748
1.34697794914		4.4536075592
1.3510928154		1.50539302826
1.355219841		-0.00169658660889
1.35936284065		0.734087944031
1.36347699165		3.72797107697
1.36759781837		5.09297847748
1.37172198296		4.23540878296
1.37584900856		1.25674915314
1.37997484207		-0.00677108764648
1.38409996033		0.952286720276
1.38822484016		3.9816904068
1.39234995842		5.09297847748
1.39647483826		3.99691295624
1.40060281754		1.02332782745
1.40472579002		-0.00169658660889
1.40885186195		1.19078159332
1.41297888756		4.24555778503
1.4171128273		5.09297847748
1.42122983932		3.75334262848
1.42535495758		0.800054550171
1.42948198318		-0.00169658660889
1.4336078167		1.43942642212
1.43773078918		4.45868110657
1.44185686111		5.09297847748
1.44598293304		3.48947525024
1.45010685921		0.586931228638
1.45423078537		-0.00677108764648
1.45836687088		1.71344280243
1.4624838829		4.67180538177
1.46661186218		5.09297847748
1.47086381912		3.12919425964
1.47498583794		0.338286399841
1.47912192345		-0.00169658660889
1.4832367897		2.06357479095
1.48738479614		4.92552471161
1.49148583412		5.09297847748
1.49560379982		2.87040138245
1.49974489212		0.160683631897
1.50386500359		-0.00169658660889
1.50799679756		2.34774017334
1.51211500168		5.072681427
1.51624178886		5.09805297852
1.52036881447		2.58623600006
1.52449297905		0.0287494659424
1.52861785889		0.03382396698
1.53274178505		2.61668205261
1.53687500954		5.09297847748
1.54099488258		5.01178836823
1.54512095451		2.31729412079
1.54924678802		-0.00169658660889
1.55337095261		0.160683631897
1.55749583244		2.900847435
1.56162500381		5.08790397644
1.56574892998		4.85955715179
1.56987500191		2.04327774048
1.57399702072		-0.00169658660889
1.578125		0.333211898804
1.58224892616		3.17993831635
1.58637499809		5.08790397644
1.5905008316		4.66673088074
1.59463000298		1.77940940857
1.59875202179		-0.00677108764648
1.6028778553		0.520963668823
1.60700392723		3.46917819977
1.61112880707		5.09297847748
1.61526799202		4.45868110657
1.61938786507		1.5104675293
1.62351083755		-0.00169658660889
1.62763881683		0.729013442993
1.63174796104		3.71274757385
1.63587284088		5.09297847748
1.64001178741		4.23033428192
1.64413189888		1.26689815521
1.64826488495		-0.00169658660889
1.65238285065		0.947212219238
1.65650987625		4.00198745728
1.66063594818		5.09297847748
1.66476082802		4.00706195831
1.6689209938		0.997955322266
1.67300987244		-0.00677108764648
1.67714500427		1.19585609436
1.68126392365		4.22018527985
1.68538880348		5.09297847748
1.68952798843		3.74826812744
1.69362998009		0.805129051208
1.69776082039		-0.00169658660889
1.70189189911		1.43435192108
1.7060148716		4.44853305817
1.71014094353		5.09297847748
1.71426701546		3.49962425232
1.71839189529		0.592005729675
1.72251701355		-0.00169658660889
1.72664499283		1.7235918045
1.73076987267		4.65658187866
1.73489284515		5.08790397644
1.73902797699		3.23575687408
1.74314498901		0.404253005981
1.74728488922		-0.00169658660889
1.7514128685		1.9722366333
1.75552487373		4.85448265076
1.75964999199		5.08790397644
1.76377391815		2.9617395401
1.76789879799		0.226650238037
1.77202391624		-0.00677108764648
1.77614998817		2.24117851257
1.78027701378		5.0219373703
1.78440093994		5.09297847748
1.78853487968		2.68264961243
1.79265189171		0.079493522644
1.79678297043		0.00845146179199
1.80090284348		2.51012039185
1.80502891541		5.09297847748
1.80916190147		5.06253242493
1.81327986717		2.42385578156
1.81741499901		-0.00169658660889
1.82153081894		0.104865074158
1.82565784454		2.79428577423
1.8297829628		5.09297847748
1.83390879631		4.92045021057
1.83803391457		2.14476490021
1.8421587944		-0.00169658660889
1.84628295898		0.272319793701
1.85041499138		3.07845020294
1.85453486443		5.09297847748
1.85866785049		4.73777198792
1.86278486252		1.88089752197
1.86691784859		-0.00169658660889
1.87103581429		0.444848060608
1.87516999245		3.35754108429
1.87930583954		5.09297847748
1.88341498375		4.54494571686
1.8875439167		1.6119556427
1.89165687561		-0.00169658660889
1.89578199387		0.642748832703
1.8999209404		3.6315574646
1.90404295921		5.09297847748
1.90817379951		4.31659889221
1.91230082512		1.34808731079
1.91641783714		-0.00169658660889
1.92054486275		0.866022109985
1.924669981		3.8802022934
1.92879581451		5.072681427
1.93292284012		4.08317756653
1.93704986572		1.11466598511
1.94117093086		-0.00169658660889
1.94531393051		1.10451793671
1.94942378998		4.12884712219
1.95354890823		5.09805297852
1.95767593384		3.84975624084
1.96179890633		0.886319160461
1.96592378616		-0.00169658660889
1.97005200386		1.33793926239
1.97417497635		4.36226844788
1.97830796242		5.09297847748
1.98242688179		3.59603691101
1.98655295372		0.652897834778
1.99067687988		-0.00169658660889
1.99480485916		1.59165763855
1.99896478653		4.60583877563
2.00306200981		5.09805297852
2.00718379021		3.3220205307
2.01130700111		0.470220565796
2.01544690132		-0.00677108764648
2.01955986023		1.86059951782
2.02368187904		4.78851604462
2.02781486511		5.09297847748
2.03193187714		3.0632276535
2.03605794907		0.28754234314
2.04018688202		-0.00169658660889
2.04431080818		2.13969039917
2.04844379425		4.96611976624
2.05256295204		5.09297847748
2.05668783188		2.72831821442
2.06094288826		0.0693445205688
2.0650639534		0.00337791442871
2.06918978691		2.51519489288
2.07333087921		5.09297847748
2.07744193077		5.06760692596
2.08156681061		2.42385578156
2.08569097519		-0.00169658660889
2.08981394768		0.0997905731201
2.09393382072		2.78413677216
2.09806394577		5.09297847748
2.10219478607		4.92552471161
2.106320858		2.14983940125
2.11044383049		-0.00169658660889
2.11457085609		0.267245292664
2.11869692802		3.06830215454
2.12282085419		5.09297847748
2.12695193291		4.74284648895
2.13107991219		1.88089752197
2.13519883156		-0.00169658660889
2.13932490349		0.444848060608
2.14346385002		3.35754108429
2.14758086205		5.09297847748
2.15170192719		4.54494571686
2.15582489967		1.61703014374
2.15995287895		-0.00169658660889
2.16407489777		0.642748832703
2.1682009697		3.61633491516
2.1723279953		5.09805297852
2.17647886276		4.31152439117
2.18057894707		1.3633108139
2.1847038269		-0.00169658660889
2.18883800507		0.866022109985
2.19295501709		3.87005329132
2.19708681107		5.09297847748
2.20120596886		4.103474617
2.20533394814		1.12481498718
2.2094578743		-0.00169658660889
2.21358299255		1.08929443359
2.2177169323		4.12884712219
2.22183394432		5.09297847748
2.22596001625		3.85483074188
2.23008584976		0.886319160461
2.23421096802		-0.00169658660889
2.23833680153		1.33286476135
2.24246001244		4.35719394684
2.24658584595		5.08790397644
2.25084090233		3.5199213028
2.25496482849		0.607228279114
2.25910282135		-0.00677108764648
2.26321291924		1.68807125092
2.26734781265		4.65658187866
2.27148199081		5.09297847748
2.27559089661		3.25097942352
2.27971982956		0.409327507019
2.28384399414		-0.00169658660889
2.28797483444		1.95701313019
2.29208683968		4.84433460236
2.29621100426		5.08790397644
2.30034899712		2.97188854218
2.30446982384		0.24187374115
2.30860185623		-0.00169658660889
2.31272292137		2.22595500946
2.316852808		5.01686286926
2.32097387314		5.09297847748
2.32509899139		2.68772315979
2.32922887802		0.079493522644
2.33334779739		0.00337791442871
2.33747982979		2.50504589081
2.34159994125		5.09297847748
2.34572887421		5.06760692596
2.34985280037		2.43400478363
2.35397791862		-0.00169658660889
2.35810184479		0.104865074158
2.36222791672		2.77906227112
2.36634993553		5.08790397644
2.37048792839		4.92552471161
2.37460494041		2.15998840332
2.37873697281		-0.00169658660889
2.38285684586		0.262170791626
2.3869869709		3.0632276535
2.3911049366		5.08790397644
2.3952319622		4.75806999207
2.39937400818		1.87582302094
2.40348386765		-0.00169658660889
2.40760993958		0.439774513245
2.41173601151		3.34739303589
2.41585993767		5.09297847748
2.4199860096		4.55509471893
2.42410993576		1.62717819214
2.4282438755		-0.00169658660889
2.43236088753		0.637675285339
2.43648600578		3.60618591309
2.44061589241		5.09297847748
2.44474101067		4.34197044373
2.44889998436		1.34808731079
2.45298981667		-0.00169658660889
2.45712399483		0.85587310791
2.46123981476		3.8802022934
2.46536684036		5.09297847748
2.46949386597		4.103474617
2.47363591194		1.11466598511
2.47774291039		-0.00169658660889
2.48186779022		1.08421993256
2.48599290848		4.11869812012
2.49011588097		5.09297847748
2.49423599243		3.86497974396
2.49836683273		0.896468162537
2.50249695778		-0.00169658660889
2.50662088394		1.35316181183
2.51074695587		4.35719394684
2.51487994194		5.09297847748
2.5190308094		3.58081436157
2.52312493324		0.688418388367
2.52725481987		-0.00169658660889
2.53137588501		1.58150959015
2.53551578522		4.59061527252
2.53962683678		5.09297847748
2.54375195503		3.34739303589
2.54788398743		0.480368614197
2.5520029068		-0.00169658660889
2.55612778664		1.85045146942
2.56025385857		4.77836704254
2.56437897682		5.08790397644
2.56850481033		3.07845020294
2.57262992859		0.302765846252
2.57682180405		-0.00169658660889
2.58100891113		2.22595500946
2.58513188362		5.01178836823
2.58925700188		5.09297847748
2.59338378906		2.71309566498
2.59750795364		0.0845680236816
2.60165095329		0.00337791442871
2.60575795174		2.49489688873
2.60988593102		5.09297847748
2.61400985718		5.072681427
2.61813783646		2.43400478363
2.62226200104		-0.00169658660889
2.62638688087		0.0997905731201
2.63050484657		2.76891326904
2.63462996483		5.09805297852
2.63875985146		4.94074726105
2.64289784431		2.15998840332
2.6470208168		-0.00169658660889
2.65114188194		0.252021789551
2.65526485443		3.05307865143
2.65939283371		5.08790397644
2.66353297234		4.75299549103
2.66764497757		1.89612102509
2.67176890373		-0.00677108764648
2.6758928299		0.434700012207
2.68002080917		3.33724403381
2.68414402008		5.09297847748
2.68827795982		4.5500202179
2.69238686562		1.64240169525
2.69651293755		-0.00169658660889
2.70077586174		0.708716392517
2.70489883423		3.69245052338
2.70903086662		5.09297847748
2.71314883232		4.27092933655
2.71727895737		1.28212070465
2.72140002251		-0.00677108764648
2.72552394867		0.92183971405
2.72966885567		3.96646690369
2.73377585411		5.09297847748
2.73790884018		4.02735900879
2.74202895164		1.05377388
2.74615478516		-0.00677108764648
2.75027894974		1.16033554077
2.7544028759		4.19988822937
2.75852894783		5.09297847748
2.76265382767		3.78886318207
2.76678800583		0.825427055359
2.77092480659		-0.00169658660889
2.77502989769		1.41912937164
2.77916479111		4.42316055298
2.78328299522		5.09297847748
2.78741383553		3.52499580383
2.79154896736		0.607228279114
2.79565882683		-0.00677108764648
2.79978585243		1.66777324677
2.80390882492		4.64643383026
2.80804586411		5.09297847748
2.81216192245		3.2611284256
2.81628584862		0.424551010132
2.82041788101		-0.00677108764648
2.82453799248		1.93671607971
2.82867097855		4.83926010132
2.83278989792		5.09297847748
2.83692193031		2.98711204529
2.84103989601		0.246947288513
2.84516692162		-0.00169658660889
2.84929180145		2.20565795898
2.85341596603		5.01178836823
2.85755181313		5.08790397644
2.86166882515		2.71817016602
2.86587285995		0.0388984680176
2.87006688118		0.0287494659424
2.8741710186		2.58623600006
2.87829899788		5.09297847748
2.88242292404		5.04730892181
2.88654589653		2.32236862183
2.89066791534		-0.00169658660889
2.89478898048		0.145460128784
2.89901685715		2.94144248962
2.90317487717		5.09297847748
2.90730881691		4.81896209717
2.91143894196		1.97731018066
2.91554999352		-0.00169658660889
2.91968083382		0.37380695343
2.92379999161		3.24083042145
2.92793488503		5.09297847748
2.93205285072		4.63121032715
2.93617892265		1.71851730347
2.94030380249		-0.00677108764648
2.94442796707		0.56155872345
2.94855999947		3.5199213028
2.95268082619		5.09297847748
2.95681190491		4.41808605194
2.96093082428		1.46479797363
2.96505689621		-0.00169658660889
2.96918296814		0.774682998657
2.97330594063		3.7837896347
2.97743988037		5.09297847748
2.98155784607		4.19988822937
2.98570299149		1.2009305954
2.9898109436		-0.00169658660889
2.99393701553		0.997955322266
2.9980609417		4.03750801086
3.00218582153		5.09297847748
3.00631189346		3.95124340057
3.01044392586		0.972583770752
3.01456284523		-0.00169658660889
3.01869678497		1.24152565002
3.02281284332		4.26585483551
3.02695083618		5.09297847748
3.03106498718		3.69752502441
3.03519201279		0.759459495544
3.03931689262		-0.00169658660889
3.04344296455		1.48509597778
3.04758501053		4.50942516327
3.05169081688		5.09297847748
3.05582094193		3.44380569458
3.05994582176		0.551410675049
3.06406998634		-0.00169658660889
3.06820297241		1.75911235809
3.07232093811		4.70732593536
3.07644701004		5.07775592804
3.08057999611		3.16978931427
3.08469891548		0.363657951355
3.08883094788		-0.00169658660889
3.09293985367		2.01283168793
3.09706997871		4.89507770538
3.10120081902		5.09297847748
3.1053249836		2.91099643707
3.1094520092		0.191129684448
3.11357879639		-0.00677108764648
3.11770701408		2.30207061768
3.12182593346		5.05745792389
3.12595200539		5.08790397644
3.13008189201		2.62683105469
3.13420295715		0.0490465164185
3.13833093643		0.0186004638672
3.14245581627		2.58116149902
3.14658093452		5.08790397644
3.15070581436		5.04730892181
3.15485286713		2.3426656723
3.15899395943		-0.00169658660889
3.16308188438		0.140385627747
3.1672129631		2.86025238037
3.17133283615		5.09297847748
3.17547392845		4.87478065491
3.17958688736		2.0838727951
3.18371391296		-0.00169658660889
3.18784594536		0.312914848328
3.19196200371		3.14441776276
3.19608783722		5.09297847748
3.20021796227		4.69717693329
3.20433878899		1.82507896423
3.20846486092		-0.00677108764648
3.21258997917		0.490517616272
3.21671581268		3.44380569458
3.22084093094		5.09297847748
3.22496581078		4.49927616119
3.22909784317		1.54598808289
3.23321580887		-0.00169658660889
3.23734688759		0.698567390442
3.24148583412		3.69245052338
3.24559283257		5.09297847748
3.24972081184		4.28615283966
3.25384402275		1.3024187088
3.25797796249		-0.00169658660889
3.26209592819		0.916765213013
3.26622080803		3.94109535217
3.27034783363		5.09805297852
3.27447295189		4.0425825119
3.2785987854		1.06899738312
3.28272795677		-0.00677108764648
3.28685593605		1.1501865387
3.29096579552		4.17451667786
3.29509091377		5.09297847748
3.29923295975		3.79393768311
3.30335187912		0.830501556396
3.30748391151		-0.00169658660889
3.31161689758		1.40390586853
3.31572794914		4.41808605194
3.31985592842		5.09805297852
3.32397794724		3.54021930695
3.32811284065		0.617377281189
3.33222985268		-0.00677108764648
3.33635592461		1.65762519836
3.34048295021		4.63121032715
3.34460902214		5.08790397644
3.34873795509		3.27635097504
3.35285902023		0.434700012207
3.35698986053		-0.00169658660889
3.361109972		1.9214925766
3.36523485184		4.84433460236
3.36936092377		5.09297847748
3.3734858036		3.00740909576
3.377617836		0.246947288513
3.38173794746		-0.00169658660889
3.38586497307		2.20565795898
3.38998699188		5.00671482086
3.39411401749		5.09297847748
3.39823889732		2.73339271545
3.40236401558		0.0947160720825
3.40648794174		-0.00169658660889
3.41062092781		2.48474884033
3.41474080086		5.09297847748
3.41890001297		5.072681427
3.42299199104		2.46445083618
3.42712497711		-0.00169658660889
3.43124198914		0.0896415710449
3.43536901474		2.76383876801
3.43950891495		5.09297847748
3.44361901283		4.95597076416
3.44774794579		2.18535995483
3.45187091827		-0.00169658660889
3.4559969902		0.24187374115
3.46012496948		3.03785610199
3.46424794197		5.09297847748
3.46837902069		4.7732925415
3.47249889374		1.9214925766
3.47662401199		-0.00169658660889
3.48087787628		0.490517616272
3.48500180244		3.40828514099
3.48912882805		5.09297847748
3.49324584007		4.49420261383
3.49737286568		1.56628608704
3.50150489807		-0.00677108764648
3.50562882423		0.688418388367
3.50975394249		3.67722702026
3.51388502121		5.09297847748
3.51800489426		4.28615283966
3.52212786674		1.3125667572
3.52625489235		-0.00677108764648
3.53038287163		0.911691665649
3.53451085091		3.93602085114
3.53864383698		5.09297847748
3.54275798798		4.04765701294
3.54689192772		1.07407093048
3.55100798607		-0.00677108764648
3.55513381958		1.1400384903
3.55926299095		4.19481372833
3.56338500977		5.08790397644
3.56752991676		3.79901218414
3.57163596153		0.845724105835
3.57576584816		-0.00169658660889
3.57988882065		1.38868236542
3.5840139389		4.41808605194
3.58814501762		5.09297847748
3.59226489067		3.54529380798
3.59638881683		0.632600784302
3.60051488876		-0.00677108764648
3.60464096069		1.64747619629
3.60876584053		4.62613582611
3.61291193962		5.08790397644
3.61702489853		3.28649997711
3.62114286423		0.429625511169
3.62526798248		-0.00169658660889
3.62939190865		1.9214925766
3.63351392746		4.81896209717
3.63764095306		5.09805297852
3.64179086685		3.00233459473
3.64589595795		0.257096290588
3.6500248909		-0.00169658660889
3.65414881706		2.19043445587
3.65827894211		5.00164031982
3.66239786148		5.09297847748
3.66652989388		2.70802116394
3.67065095901		0.104865074158
3.67477583885		-0.00169658660889
3.67893600464		2.49489688873
3.68302583694		5.09297847748
3.68715596199		5.07775592804
3.69127202034		2.45430183411
3.69539380074		0.00337791442871
3.69953489304		0.0845680236816
3.70367097855		2.75876522064
3.70778679848		5.08790397644
3.71190595627		4.95597076416
3.71602988243		2.19043445587
3.72015690804		-0.00169658660889
3.7242808342		0.236799240112
3.72841382027		3.03278160095
3.73253083229		5.09297847748
3.73665881157		4.73777198792
3.7409119606		1.83522796631
3.74503588676		-0.00169658660889
3.74916791916		0.490517616272
3.75328493118		3.39306259155
3.7574160099		5.09297847748
3.76153683662		4.51957416534
3.76566195488		1.57136058807
3.7698059082		-0.00169658660889
3.77391290665		0.678269386292
3.77804493904		3.67722702026
3.78216290474		5.09297847748
3.78628897667		4.29630184174
3.79041385651		1.32271575928
3.7945458889		-0.00169658660889
3.79866790771		0.901542663574
3.80279278755		3.92079734802
3.80692195892		5.09297847748
3.81104183197		4.06287956238
3.8151679039		1.07407093048
3.81929683685		-0.00169658660889
3.82341980934		1.12988948822
3.82755088806		4.17959117889
3.83168792725		5.09297847748
3.83579492569		3.81931018829
3.83992290497		0.845724105835
3.84404587746		-0.00169658660889
3.84817194939		1.38360881805
3.85229897499		4.40793800354
3.85642385483		5.09297847748
3.86054992676		3.55544185638
3.86467480659		0.642748832703
3.86880779266		-0.00169658660889
3.87292695045		1.63732719421
3.87705779076		4.62613582611
3.88117790222		5.09297847748
3.88530397415		3.27635097504
3.88942790031		0.439774513245
3.89354491234		-0.00169658660889
3.89767980576		1.91641807556
3.90180683136		4.82403659821
3.90593099594		5.09297847748
3.91005802155		3.01755809784
3.91418099403		0.262170791626
3.91830801964		-0.00677108764648
3.92243790627		2.18535995483
3.92655682564		5.01178836823
3.93068480492		5.09297847748
3.9348089695		2.74861621857
3.93899583817		0.079493522644
3.94306087494		-0.00169658660889
3.94719600677		2.47967433929
3.95131492615		5.09297847748
3.95543694496		5.08283042908
3.95957899094		2.45430183411
3.96368789673		0.00337791442871
3.96782183647		0.079493522644
3.9719388485		2.73846721649
3.97606492043		5.09297847748
3.98019099236		4.9610452652
3.98431491852		2.20058345795
3.98844599724		-0.00677108764648
3.9925699234		0.236799240112
3.99669289589		3.04800415039
4.00081682205		5.09297847748
4.00494384766		4.78344154358
4.00907492638		1.93164157867
4.01319289207		-0.00677108764648
4.01732587814		0.414402008057
4.02144479752		3.3118724823
4.02558779716		5.09297847748
4.02969789505		4.58554077148
4.03382587433		1.66777324677
4.03794884682		-0.00169658660889
4.04207396507		0.607228279114
4.04619789124		3.5706653595
4.05033183098		5.09297847748
4.05444979668		4.37241744995
4.05857992172		1.41405487061
4.06269979477		-0.00169658660889
4.06683301926		0.820352554321
4.07095193863		3.82945823669
4.07507801056		5.09297847748
4.0792119503		4.13899612427
4.08332896233		1.16541004181
4.08745789528		-0.00169658660889
4.09158992767		1.04869937897
4.09571385384		4.08825206757
4.09983587265		5.08790397644
4.10395693779		3.90557384491
4.10808992386		0.926914215088
4.11220788956		-0.00677108764648
4.11633300781		1.28719520569
4.120459795		4.32167339325
4.12458395958		5.09297847748
4.12871789932		3.65185546875
4.1328368187		0.718864440918
4.13696098328		-0.00169658660889
4.14108681679		1.54091453552
4.14521193504		4.53987121582
4.14933896065		5.09297847748
4.15346288681		3.39813613892
4.15758991241		0.510815620422
4.1617128849		-0.00169658660889
4.16583800316		1.80985641479
4.16997098923		4.75299549103
4.17408895493		5.09297847748
4.17822885513		3.11397171021
4.18234086037		0.328137397766
4.1864669323		-0.00169658660889
4.19059300423		2.07879829407
4.19471788406		4.93059825897
4.19884395599		5.09297847748
4.20297193527		2.8501033783
4.20710301399		0.160683631897
4.2112197876		-0.00169658660889
4.21534800529		2.37311172485
4.21947288513		5.07775592804
4.22360992432		5.09805297852
4.22772884369		2.57101249695
4.23184990883		0.0186004638672
4.23597192764		0.03382396698
4.24009990692		2.63698005676
4.24422478676		5.08790397644
4.24835300446		5.0219373703
4.25247788429		2.30714511871
4.25660085678		-0.00169658660889
4.26085495949		0.231724739075
4.26497888565		3.0124835968
4.26911187172		5.09297847748
4.27322793007		4.79359054565
4.27735996246		1.91134357452
4.28148078918		-0.00169658660889
4.28560686111		0.404253005981
4.28972792625		3.29157447815
4.2938477993		5.09297847748
4.29798078537		4.59568977356
4.30210900307		1.6728477478
4.30623793602		-0.00169658660889
4.31035900116		0.602153778076
4.314483881		3.56559085846
4.31861186028		5.09297847748
4.32273483276		4.38256549835
4.32686591148		1.41405487061
4.33098578453		-0.00677108764648
4.33511090279		0.810203552246
4.33923888206		3.82945823669
4.34336185455		5.09297847748
4.34749484062		4.14914417267
4.35162687302		1.16033554077
4.35573887825		-0.00169658660889
4.35986995697		1.04869937897
4.36399102211		4.07810306549
4.36812496185		5.09297847748
4.37224197388		3.91064834595
4.37636685371		0.942137718201
4.38049793243		-0.00677108764648
4.38461780548		1.27704620361
4.38874387741		4.31152439117
4.39286994934		5.09297847748
4.39700078964		3.66200447083
4.40112090111		0.718864440918
4.40524697304		-0.00169658660889
4.40937590599		1.54091453552
4.41349482536		4.5500202179
4.4176299572		5.08790397644
4.4217479229		3.39813613892
4.42589187622		0.505741119385
4.42999982834		-0.00169658660889
4.43413090706		1.80478191376
4.43825292587		4.74284648895
4.44237589836		5.08790397644
4.44649982452		3.12919425964
4.45063090324		0.328137397766
4.45475387573		-0.00677108764648
4.45891785622		2.10416984558
4.46300387383		4.93059825897
4.46713685989		5.09297847748
4.47125387192		2.8501033783
4.47538089752		0.16575717926
4.47950696945		-0.00169658660889
4.48363089561		2.35281467438
4.48777294159		5.08283042908
4.49187588692		5.09297847748
4.49600100517		2.5913105011
4.50013685226		0.0236749649048
4.50425982475		0.03382396698
4.50839400291		2.63190555573
4.51251101494		5.09297847748
4.51663589478		5.01178836823
4.52076387405		2.31221961975
4.52488684654		-0.00169658660889
4.52902078629		0.175906181335
4.53313684464		2.90592193604
4.53727078438		5.09805297852
4.54138994217		4.84433460236
4.54551196098		2.04327774048
4.54964280128		-0.00169658660889
4.55376982689		0.333211898804
4.55789089203		3.19516181946
4.56202292442		5.09297847748
4.56614398956		4.66673088074
4.57026982307		1.76926136017
4.57439279556		-0.00169658660889
4.57851886749		0.531112670898
4.58264279366		3.46410369873
4.58677601814		5.09297847748
4.59089493752		4.46883010864
4.59501981735		1.51554203033
4.59915280342		-0.00677108764648
4.60327291489		0.729013442993
4.60740280151		3.73812007904
4.61152291298		5.09297847748
4.61566281319		4.22525978088
4.61977791786		1.25674915314
4.6239027977		-0.00169658660889
4.62804794312		0.967509269714
4.6321439743		3.9816904068
4.63626885414		5.08283042908
4.640406847		3.99691295624
4.64452791214		1.02840232849
4.64865493774		-0.00169658660889
4.65277886391		1.18570804596
4.65690994263		4.23033428192
4.66102981567		5.08790397644
4.6651558876		3.75841712952
4.66928195953		0.78990650177
4.6734058857		-0.00169658660889
4.67753696442		1.45464992523
4.68167495728		4.47390460968
4.68578195572		5.08790397644
4.68991184235		3.49454975128
4.69402480125		0.597080230713
4.69815683365		-0.00169658660889
4.70228695869		1.70329380035
4.70641183853		4.66673088074
4.71053695679		5.09297847748
4.71466183662		3.23575687408
4.71878790855		0.394104957581
4.72291398048		-0.00677108764648
4.72704386711		1.9722366333
4.73116278648		4.86463165283
4.73529195786		5.09297847748
4.73941683769		2.95666599274
4.7435438633		0.211426734924
4.74767279625		-0.00169658660889
4.75180697441		2.25640106201
4.75591683388		5.03208637238
4.76004385948		5.09297847748
4.76416897774		2.68772315979
4.76829981804		0.0693445205688
4.77241897583		0.00337791442871
4.77654600143		2.58623600006
4.7808008194		5.09297847748
4.78492188454		5.03208637238
4.78905391693		2.31221961975
4.7931728363		-0.00677108764648
4.7973048687		0.175906181335
4.80142498016		2.900847435
4.80554580688		5.09297847748
4.80969285965		4.85448265076
4.81379985809		2.04835224152
4.81793785095		-0.00169658660889
4.82205200195		0.333211898804
4.82618093491		3.18501281738
4.83030200005		5.09297847748
4.83442783356		4.67180538177
4.83855390549		1.77940940857
4.84267878532		-0.00677108764648
4.84681081772		0.520963668823
4.85092902184		3.45395469666
4.85505485535		5.08790397644
4.8591837883		4.46883010864
4.86330580711		1.52061653137
4.86744189262		-0.00169658660889
4.8715569973		0.729013442993
4.87568283081		3.72289657593
4.87982392311		5.09297847748
4.88393688202		4.24555778503
4.88805985451		1.26689815521
4.8921790123		-0.00169658660889
4.89630079269		0.942137718201
4.90044188499		3.9816904068
4.90456295013		5.09297847748
4.90869379044		4.00706195831
4.9128139019		1.03347587585
4.91694498062		-0.00169658660889
4.92106485367		1.18570804596
4.92518901825		4.22018527985
4.92931699753		5.09297847748
4.93343997002		3.74319458008
4.93757295609		0.794981002808
4.94169187546		-0.00169658660889
4.94582390785		1.43942642212
4.94994282722		4.45868110657
4.9540719986		5.09297847748
4.95819497108		3.49962425232
4.96231985092		0.597080230713
4.96644496918		-0.00169658660889
4.97057080269		1.68807125092
4.97469592094		4.6616563797
4.97882795334		5.08790397644
4.98294687271		3.24590492249
4.98707890511		0.399179458618
4.99119782448		-0.00677108764648
4.99532389641		1.96208763123
4.99945092201		4.86970615387
0.000128030776978		0.16575717926
0.00422692298889		1.09944343567
0.00835204124451		3.6214094162
0.0124731063843		5.07775592804
0.0165939331055		3.77871513367
0.0207209587097		1.37345981598
0.024845123291		0.170831680298
0.0289669036865		1.26182365417
0.0330970287323		3.82438468933
0.0372219085693		5.08283042908
0.0413489341736		3.56559085846
0.045471906662		1.20600509644
0.049595117569		0.170831680298
0.0537230968475		1.46479797363
0.0578460693359		4.02735900879
0.0619831085205		5.05745792389
0.0661010742188		3.35246753693
0.0702269077301		1.03855037689
0.0743520259857		0.180980682373
0.0784740447998		1.66777324677
0.0826380252838		4.25063228607
0.0867319107056		5.00164031982
0.0908510684967		3.12919425964
0.0949800014496		0.881244659424
0.0991039276123		0.221575737
0.103233098984		1.90119457245
0.107356071472		4.39778900146
0.111484050751		4.91537570953
0.115613937378		2.91099643707
0.119739055634		0.739162445068
0.123862028122		0.277394294739
0.127986907959		2.11939334869
0.132115125656		4.56524372101
0.136239051819		4.82403659821
0.140371084213		2.68772315979
0.14449095726		0.602153778076
0.148617982864		0.353509902954
0.152740955353		2.36296367645
0.156866073608		4.70225143433
0.160995006561		4.69717693329
0.16511797905		2.46952533722
0.16924405098		0.49559211731
0.173372030258		0.460071563721
0.177495002747		2.59638500214
0.181661128998		4.83418560028
0.185745000839		4.56016921997
0.189877033234		2.25640106201
0.193998098373		0.394104957581
0.198122024536		0.566633224487
0.20224905014		2.83488082886
0.206367015839		4.92552471161
0.210503101349		4.4028635025
0.21462392807		2.04327774048
0.218749046326		0.30784034729
0.22287607193		0.703641891479
0.227000951767		3.07337665558
0.231125116348		5.00164031982
0.235253095627		4.23033428192
0.239377975464		1.81493091583
0.243505954742		0.252021789551
0.247627019882		0.850798606873
0.2517619133		3.30172348022
0.255877971649		5.05745792389
0.260010004044		4.05273151398
0.264131069183		1.63732719421
0.26825594902		0.201278686523
0.272381067276		1.01825332642
0.276505947113		3.53514480591
0.280637979507		5.08283042908
0.284759998322		3.84468173981
0.28888297081		1.44450092316
0.293008089066		0.175906181335
0.297136068344		1.2009305954
0.301269054413		3.75841712952
0.305385112762		5.07775592804
0.309515953064		3.64170646667
0.313636064529		1.27197170258
0.317760944366		0.16575717926
0.321892976761		1.39375686646
0.326012134552		3.96139240265
0.330143928528		5.06760692596
0.334263086319		3.4336566925
0.338395118713		1.09436893463
0.342515945435		0.175906181335
0.34664106369		1.59673213959
0.350773096085		4.16436767578
0.354891061783		5.02701187134
0.359017133713		3.21545886993
0.363146066666		0.931988716125
0.367269039154		0.211426734924
0.371401071548		1.8200044632
0.375519037247		4.33689689636
0.379651069641		4.95089626312
0.383768081665		2.99726104736
0.387896060944		0.78990650177
0.392019987106		0.257096290588
0.396146059036		2.03820323944
0.400272130966		4.50942516327
0.404397964478		4.86463165283
0.408522129059		2.77398777008
0.412650108337		0.64782333374
0.416774988174		0.328137397766
0.42090511322		2.27669906616
0.425023078918		4.6515083313
0.429150104523		4.74792098999
0.433275938034		2.55578994751
0.437400102615		0.531112670898
0.441529035568		0.414402008057
0.445652008057		2.51519489288
0.4497859478		4.78344154358
0.453896045685		4.62613582611
0.458020925522		2.34774017334
0.462162017822		0.424551010132
0.466287136078		0.526038169861
0.470413923264		2.7536907196
0.474529981613		4.89507770538
0.478656053543		4.4637556076
0.482783079147		2.11939334869
0.48690700531		0.338286399841
0.491039991379		0.657972335815
0.495157003403		2.98711204529
0.499284029007		4.98641681671
0.503408908844		4.29630184174
0.507534980774		1.91641807556
0.511698961258		0.267245292664
0.515785932541		0.78990650177
0.519916057587		3.21545886993
0.524037122726		5.04223537445
0.528162002563		4.11869812012
0.532289028168		1.70836830139
0.53641295433		0.216501235962
0.540544986725		0.962434768677
0.544663906097		3.44888019562
0.548789024353		5.07775592804
0.552917003632		3.92079734802
0.55703997612		1.52061653137
0.56116604805		0.180980682373
0.56529211998		1.12988948822
0.569418907166		3.72797107697
0.573668003082		5.08790397644
0.577796936035		3.65185546875
0.581921100616		1.27197170258
0.586045026779		0.16575717926
0.590174913406		1.38360881805
0.594300985336		3.95631790161
0.598421096802		5.06760692596
0.602550983429		3.4336566925
0.606671094894		1.09944343567
0.610805034637		0.180980682373
0.614941120148		1.60688114166
0.619048118591		4.15421867371
0.623174905777		5.0219373703
0.627300977707		3.22053337097
0.63142490387		0.942137718201
0.635550022125		0.211426734924
0.639683008194		1.81493091583
0.643801927567		4.33182239532
0.647927045822		4.9610452652
0.652051925659		2.99726104736
0.656177043915		0.78990650177
0.660310983658		0.252021789551
0.664428949356		2.03820323944
0.668555021286		4.50435066223
0.672681093216		4.86463165283
0.676805019379		2.77906227112
0.680930137634		0.657972335815
0.68505692482		0.328137397766
0.689181089401		2.26655006409
0.693305969238		4.64643383026
0.697436094284		4.74792098999
0.701566934586		2.56086444855
0.705677032471		0.541261672974
0.709804058075		0.414402008057
0.713937044144		2.49997138977
0.718061923981		4.78344154358
0.722192049026		4.61598682404
0.72630906105		2.34774017334
0.730443954468		0.429625511169
0.734561920166		0.520963668823
0.738687038422		2.74354171753
0.742814064026		4.89000320435
0.746938943863		4.46883010864
0.751070022583		2.12446784973
0.755192041397		0.343360900879
0.759314060211		0.683343887329
0.763442993164		2.97696304321
0.767565965652		4.97626781464
0.771731138229		4.28107833862
0.775818109512		1.9214925766
0.779949903488		0.267245292664
0.784069061279		0.794981002808
0.788197994232		3.20530986786
0.792321920395		5.04223537445
0.796445131302		4.11869812012
0.800570964813		1.71344280243
0.804698944092		0.221575737
0.808820962906		0.947212219238
0.812948942184		3.43873119354
0.817070960999		5.07775592804
0.821203947067		3.92587184906
0.825325965881		1.52061653137
0.82944893837		0.180980682373
0.833580970764		1.12481498718
0.837700128555		3.66707897186
0.841833114624		5.07775592804
0.845950126648		3.72797107697
0.850096940994		1.32779026031
0.854202032089		0.16575717926
0.858325958252		1.3125667572
0.862452983856		3.87512779236
0.866576910019		5.07775592804
0.870711088181		3.50977325439
0.874829053879		1.16033554077
0.878956079483		0.170831680298
0.88308095932		1.51554203033
0.88720703125		4.07810306549
0.89133810997		5.04223537445
0.895457029343		3.30172348022
0.899589061737		1.0030298233
0.903708934784		0.191129684448
0.907833099365		1.72866630554
0.911961078644		4.26585483551
0.916083097458		4.98641681671
0.920217037201		3.07845020294
0.924335002899		0.850798606873
0.928461074829		0.231724739075
0.93258690834		1.95701313019
0.936712026596		4.44853305817
0.940845012665		4.90015220642
0.944962024689		2.86025238037
0.949090003967		0.703641891479
0.953221082687		0.302765846252
0.957333087921		2.17521095276
0.961462020874		4.6007642746
0.965595960617		4.78851604462
0.969726085663		2.63698005676
0.97384095192		0.576782226562
0.977971076965		0.378881454468
0.982094049454		2.41878128052
0.986217021942		4.73777198792
0.990350008011		4.66673088074
0.994468927383		2.42385578156
0.998594045639		0.465146064758
1.00272607803		0.485443115234
1.00684595108		2.6522026062
1.01098012924		4.84940910339
1.01509594917		4.52464866638
1.0192220211		2.21073246002
1.02334690094		0.37380695343
1.02747297287		0.597080230713
1.0316400528		2.91607093811
1.03572511673		4.94582176208
1.03985691071		4.36734294891
1.0439760685		1.99760818481
1.04809999466		0.292616844177
1.05222797394		0.739162445068
1.05635213852		3.11904525757
1.0604839325		5.02701187134
1.06460309029		4.18973922729
1.06872797012		1.78955841064
1.0728559494		0.24187374115
1.07698106766		0.891393661499
1.08110499382		3.35246753693
1.08523106575		5.06760692596
1.08935499191		3.95124340057
1.09360790253		1.52569103241
1.09773206711		0.186055183411
1.10186505318		1.12481498718
1.10598802567		3.66200447083
1.11011505127		5.08283042908
1.11423993111		3.72797107697
1.11836099625		1.33793926239
1.12248706818		0.16575717926
1.12661004066		1.30749225616
1.13074398041		3.87512779236
1.13486194611		5.07775592804
1.13898706436		3.5199213028
1.14311408997		1.17048454285
1.14723992348		0.170831680298
1.15137004852		1.5104675293
1.1554889679		4.07302856445
1.15962195396		5.04730892181
1.16374111176		3.30679798126
1.16786503792		1.0030298233
1.1719930172		0.191129684448
1.17611694336		1.71851730347
1.18024897575		4.26585483551
1.18436694145		4.98641681671
1.18849301338		3.08859920502
1.19262099266		0.850798606873
1.19674301147		0.231724739075
1.20087099075		1.95193862915
1.20498800278		4.43838405609
1.20911312103		4.90522670746
1.21324801445		2.86532688141
1.21737194061		0.718864440918
1.22150492668		0.297691345215
1.22562098503		2.17521095276
1.22975611687		4.59568977356
1.2338809967		4.79866504669
1.2379989624		2.64712810516
1.24212694168		0.576782226562
1.24624991417		0.37380695343
1.25038194656		2.41878128052
1.25450205803		4.73269748688
1.25862693787		4.67180538177
1.2627530098		2.43400478363
1.26687908173		0.470220565796
1.27100396156		0.480368614197
1.27512812614		2.64712810516
1.27926802635		4.87478065491
1.28350901604		4.47897911072
1.28763008118		2.13969039917
1.29176402092		0.348435401917
1.29588198662		0.637675285339
1.30001306534		2.96681404114
1.30413007736		4.9711933136
1.30825805664		4.31659889221
1.31238508224		1.92656707764
1.31651091576		0.272319793701
1.3206410408		0.78990650177
1.32476091385		3.20023536682
1.3288860321		5.03716087341
1.33301210403		4.12377262115
1.3371360302		1.7235918045
1.34126996994		0.226650238037
1.34538793564		0.937063217163
1.34951901436		3.4235086441
1.3536400795		5.07775592804
1.35776400566		3.94109535217
1.36190104485		1.52569103241
1.36601495743		0.180980682373
1.37014293671		1.11974048615
1.37426590919		3.66200447083
1.37839007378		5.08283042908
1.38251900673		3.73812007904
1.38664197922		1.34301376343
1.39077496529		0.170831680298
1.39488601685		1.3024187088
1.39901208878		3.85990524292
1.40315198898		5.072681427
1.40727496147		3.5199213028
1.41140508652		1.17555904388
1.41552090645		0.170831680298
1.41965413094		1.50539302826
1.42377090454		4.06795406342
1.42789697647		5.04730892181
1.43202495575		3.3118724823
1.43614792824		1.0030298233
1.44027900696		0.191129684448
1.4444000721		1.71851730347
1.44852495193		4.26585483551
1.45264792442		4.99149131775
1.45676803589		3.09367370605
1.46089696884		0.850798606873
1.46503210068		0.236799240112
1.46915197372		1.94178962708
1.47327899933		4.42823505402
1.47740411758		4.90522670746
1.48153209686		2.87547588348
1.48565292358		0.713790893555
1.48979210854		0.292616844177
1.49390602112		2.16506290436
1.49802994728		4.59061527252
1.50215697289		4.80373954773
1.50628113747		2.6522026062
1.51041197777		0.5818567276
1.51453304291		0.37380695343
1.51865792274		2.40863323212
1.52278494835		4.72762393951
1.52690792084		4.67687988281
1.53103494644		2.43400478363
1.5351600647		0.475295066833
1.53928613663		0.490517616272
1.54341197014		2.6420545578
1.54753613472		4.84433460236
1.5517001152		4.52464866638
1.55578708649		2.22595500946
1.5599219799		0.37380695343
1.5640399456		0.592005729675
1.56816411018		2.88055038452
1.5722899437		4.94582176208
1.57641506195		4.37749099731
1.58054709435		1.99760818481
1.58466601372		0.302765846252
1.58878993988		0.734087944031
1.59291791916		3.10889720917
1.59704303741		5.01178836823
1.60116791725		4.19481372833
1.60529398918		1.80478191376
1.60942292213		0.231724739075
1.61354613304		0.881244659424
1.61767697334		3.34231853485
1.62180399895		5.06760692596
1.62592196465		4.01213645935
1.63005399704		1.60180664062
1.63417005539		0.196204185486
1.63829994202		1.04869937897
1.6424241066		3.57573986053
1.64654994011		5.08283042908
1.65068006516		3.80916118622
1.6547999382		1.41405487061
1.65892505646		0.175906181335
1.66305112839		1.23137664795
1.66717600822		3.7837896347
1.67130208015		5.08283042908
1.67543411255		3.60111141205
1.67955994606		1.23137664795
1.68367910385		0.16575717926
1.68780398369		1.42420387268
1.69193100929		3.99691295624
1.69605398178		5.06760692596
1.70018696785		3.38798809052
1.70429801941		1.06899738312
1.70842313766		0.180980682373
1.71256113052		1.64240169525
1.71668195724		4.19481372833
1.72081708908		5.01178836823
1.72493195534		3.17486381531
1.72905802727		0.911691665649
1.73318696022		0.216501235962
1.73731207848		1.85552597046
1.74144601822		4.37241744995
1.74556612968		4.94074726105
1.74969100952		2.9515914917
1.75381112099		0.764533996582
1.7579369545		0.267245292664
1.76206493378		2.07879829407
1.76618695259		4.53479766846
1.77031993866		4.84433460236
1.77443909645		2.72831821442
1.77856492996		0.627526283264
1.78269195557		0.338286399841
1.78681612015		2.32236862183
1.79094696045		4.67687988281
1.79506707191		4.72254943848
1.79919195175		2.51519489288
1.80332612991		0.510815620422
1.80744194984		0.434700012207
1.81157493591		2.55578994751
1.81569290161		4.80373954773
1.81982803345		4.58554077148
1.82394790649		2.29699611664
1.8280711174		0.404253005981
1.83219790459		0.546336174011
1.83632206917		2.79428577423
1.84045290947		4.9103012085
1.84457206726		4.43838405609
1.8486969471		2.0838727951
1.85282492638		0.328137397766
1.85694813728		0.673195838928
1.8610830307		3.03278160095
1.86520004272		4.98641681671
1.86932492256		4.22525978088
1.87358307838		1.80478191376
1.87770295143		0.24187374115
1.88183498383		0.876170158386
1.88595199585		3.33216953278
1.89008593559		5.072681427
1.89420509338		4.01721096039
1.89832997322		1.60688114166
1.90245509148		0.196204185486
1.90657901764		1.05377388
1.91071796417		3.58081436157
1.91483092308		5.08283042908
1.91895699501		3.81423568726
1.92308306694		1.42420387268
1.92720794678		0.180980682373
1.93133997917		1.22630310059
1.93546104431		3.7837896347
1.93959093094		5.07775592804
1.9437110424		3.61633491516
1.94783592224		1.24152565002
1.95196700096		0.16575717926
1.95607995987		1.41912937164
1.96020793915		3.99691295624
1.96433901787		5.06760692596
1.96846413612		3.39306259155
1.97258901596		1.06899738312
1.97671413422		0.180980682373
1.98084497452		1.63732719421
1.98496603966		4.18973922729
1.98908996582		5.01178836823
1.9932179451		3.17993831635
1.99734210968		0.916765213013
2.00147390366		0.216501235962
2.00559592247		1.85045146942
2.00972700119		4.37241744995
2.01384592056		4.94074726105
2.01796913147		2.9617395401
2.02209591866		0.764533996582
2.02622008324		0.262170791626
2.03035211563		2.07879829407
2.03447008133		4.52972316742
2.03859806061		4.84433460236
2.04272294044		2.73846721649
2.04684591293		0.632600784302
2.05097913742		0.343360900879
2.05509805679		2.30714511871
2.05922412872		4.67180538177
2.06334996223		4.72762393951
2.06747698784		2.52534389496
2.0716919899		0.485443115234
2.07585310936		0.465146064758
2.07998394966		2.63190555573
2.08410406113		4.84433460236
2.08822798729		4.53987121582
2.09235501289		2.2310295105
2.09647893906		0.37380695343
2.10061407089		0.592005729675
2.10473012924		2.87547588348
2.1088540554		4.93567276001
2.11298203468		4.38256549835
2.11710906029		2.01790523529
2.12123298645		0.302765846252
2.12535691261		0.723938941956
2.12952613831		3.12919425964
2.13361001015		5.01178836823
2.13773393631		4.21003723145
2.14186501503		1.80985641479
2.1459839344		0.24187374115
2.15011692047		0.876170158386
2.15423512459		3.33216953278
2.15836191177		5.06760692596
2.1624879837		4.01721096039
2.16661095619		1.6119556427
2.17074394226		0.201278686523
2.174888134		1.05377388
2.17898893356		3.56051635742
2.18311595917		5.08283042908
2.18723893166		3.81931018829
2.19137191772		1.42420387268
2.19549202919		0.175906181335
2.19961810112		1.22630310059
2.20373892784		3.77871513367
2.20786094666		5.08790397644
2.21199703217		3.61633491516
2.21611809731		1.24660015106
2.22025203705		0.16575717926
2.22437000275		1.41912937164
2.22849392891		3.9918384552
2.23262190819		5.06760692596
2.23674607277		3.39813613892
2.24087810516		1.07407093048
2.24499702454		0.180980682373
2.2491209507		1.62717819214
2.25324702263		4.17959117889
2.25737905502		5.01178836823
2.26150608063		3.18501281738
2.26562690735		0.926914215088
2.26975607872		0.211426734924
2.27387404442		1.84537696838
2.27800011635		4.36226844788
2.28212690353		4.94582176208
2.28625297546		2.9617395401
2.29038405418		0.764533996582
2.29450392723		0.267245292664
2.29862809181		2.07372379303
2.30275511742		4.52972316742
2.3068819046		4.84433460236
2.31101202965		2.73846721649
2.31512999535		0.637675285339
2.31925702095		0.338286399841
2.32338690758		2.30714511871
2.32750797272		4.66673088074
2.33167409897		4.71747493744
2.33575892448		2.52534389496
2.33989191055		0.51589012146
2.34401011467		0.429625511169
2.34813499451		2.5405664444
2.35226392746		4.79866504669
2.35638594627		4.59568977356
2.36051797867		2.30714511871
2.36463713646		0.414402008057
2.36876392365		0.546336174011
2.37289190292		2.77906227112
2.37701201439		4.90015220642
2.38114595413		4.43838405609
2.38527011871		2.09402179718
2.38939094543		0.312914848328
2.39364600182		0.718864440918
2.39776611328		3.08859920502
2.40190005302		5.01178836823
2.40601706505		4.21511173248
2.41015100479		1.80985641479
2.41426801682		0.24187374115
2.41839504242		0.871096611023
2.42252111435		3.32709503174
2.42664599419		5.06253242493
2.43077707291		4.01721096039
2.4348950386		1.61703014374
2.43901991844		0.201278686523
2.44314908981		1.04362487793
2.44727396965		3.55544185638
2.45140504837		5.08283042908
2.4555170536		3.82945823669
2.45964503288		1.42927742004
2.46377706528		0.170831680298
2.46790003777		1.22122859955
2.47202897072		3.77871513367
2.47615003586		5.07775592804
2.48028206825		3.61633491516
2.48440003395		1.24660015106
2.48852705956		0.16575717926
2.49265408516		1.41405487061
2.49677801132		3.9816904068
2.50091004372		5.06253242493
2.50502896309		3.40828514099
2.50915503502		1.08421993256
2.51328611374		0.180980682373
2.51740598679		1.6221036911
2.52153110504		4.17959117889
2.52565598488		5.02701187134
2.52978992462		3.18501281738
2.53390693665		0.92183971405
2.5380320549		0.211426734924
2.54215908051		1.84537696838
2.54628491402		4.35719394684
2.55041503906		4.94582176208
2.5545361042		2.96681404114
2.55866003036		0.774682998657
2.56278705597		0.262170791626
2.56691002846		2.06864929199
2.57104492188		4.52464866638
2.57516503334		4.84940910339
2.5792889595		2.69279766083
2.58354091644		0.597080230713
2.58766412735		0.363657951355
2.59179711342		2.38326072693
2.59591507912		4.7124004364
2.60004091263		4.69210338593
2.60416698456		2.45937633514
2.60829091072		0.485443115234
2.61241912842		0.465146064758
2.61654210091		2.62175655365
2.62067508698		4.83418560028
2.62479496002		4.54494571686
2.6289191246		2.24117851257
2.63304495811		0.389030456543
2.63717198372		0.586931228638
2.64130091667		2.85517787933
2.64542102814		4.93059825897
2.64955592155		4.39271450043
2.6536719799		2.02805423737
2.65779590607		0.30784034729
2.66192293167		0.713790893555
2.66604804993		3.08859920502
2.67017912865		5.01686286926
2.67429995537		4.22018527985
2.6784260273		1.8200044632
2.68255400658		0.246947288513
2.68667602539		0.866022109985
2.69080710411		3.3220205307
2.69492793083		5.05745792389
2.69905400276		4.02735900879
2.70317697525		1.6221036911
2.70729708672		0.211426734924
2.71142506599		1.03347587585
2.71555495262		3.55036830902
2.71968793869		5.08283042908
2.72380709648		3.83453273773
2.72793197632		1.42927742004
2.73205900192		0.170831680298
2.73618197441		1.21107959747
2.74031400681		3.77871513367
2.74443292618		5.08283042908
2.74855804443		3.6214094162
2.75268697739		1.2516746521
2.7568089962		0.170831680298
2.76094412804		1.41405487061
2.76505994797		3.97661590576
2.76920390129		5.06760692596
2.77331113815		3.41335964203
2.77743911743		1.08421993256
2.78157091141		0.180980682373
2.7856900692		1.61703014374
2.7898209095		4.17959117889
2.79393792152		5.02701187134
2.79806399345		3.20023536682
2.80219602585		0.916765213013
2.8063249588		0.211426734924
2.81044912338		1.83522796631
2.81456708908		4.35719394684
2.81869196892		4.94582176208
2.82281899452		2.97188854218
2.82694292068		0.784832000732
2.83107495308		0.267245292664
2.83519411087		2.05850028992
2.83931994438		4.53479766846
2.84344601631		4.85448265076
2.84756994247		2.75876522064
2.85173511505		0.632600784302
2.85582113266		0.333211898804
2.85995602608		2.30207061768
2.86407208443		4.6616563797
2.86819911003		4.73777198792
2.87232494354		2.53549194336
2.87644910812		0.520963668823
2.88057994843		0.429625511169
2.88470196724		2.53549194336
2.88882613182		4.79359054565
2.89295291901		4.6007642746
2.8970811367		2.31729412079
2.90120792389		0.419476509094
2.90532803535		0.531112670898
2.90945410728		2.82473182678
2.91370511055		4.93059825897
2.91782999039		4.4028635025
2.92195606232		2.0331287384
2.92608690262		0.302765846252
2.93020796776		0.708716392517
2.93433308601		3.08352470398
2.93845701218		5.01178836823
2.94258594513		4.22018527985
2.94670796394		1.83015346527
2.95083713531		0.246947288513
2.95495390892		0.866022109985
2.95907902718		3.30172348022
2.96321511269		5.05745792389
2.96733808517		4.03243350983
2.97147011757		1.6221036911
2.9755859375		0.206352233887
2.97972011566		1.02840232849
2.98383712769		3.55036830902
2.9879629612		5.08283042908
2.99209094048		3.83960723877
2.99621391296		1.43435192108
3.00033998489		0.175906181335
3.00446605682		1.21107959747
3.00859093666		3.76856613159
3.01271796227		5.07775592804
3.01684212685		3.6315574646
3.02097511292		1.25674915314
3.02509999275		0.170831680298
3.02921795845		1.40390586853
3.03334403038		3.96646690369
3.03746795654		5.06760692596
3.04164409637		3.39306259155
3.0457201004		1.08929443359
3.04985308647		0.175906181335
3.05397295952		1.60688114166
3.0580971241		4.16944217682
3.06222295761		5.0219373703
3.06634807587		3.20023536682
3.07048010826		0.92183971405
3.07459998131		0.216501235962
3.0787229538		1.83015346527
3.08285212517		4.3521194458
3.08697605133		4.94582176208
3.09110713005		2.97696304321
3.09522604942		0.784832000732
3.09935307503		0.282468795776
3.10360503197		2.13461589813
3.10772800446		4.56524372101
3.11186099052		4.81896209717
3.11597800255		2.68772315979
3.12011098862		0.602153778076
3.12422990799		0.358584403992
3.12835502625		2.36296367645
3.1324839592		4.7124004364
3.13660597801		4.69717693329
3.14073991776		2.46445083618
3.14485692978		0.485443115234
3.14898204803		0.465146064758
3.15312790871		2.61668205261
3.15723395348		4.82403659821
3.16136097908		4.56016921997
3.16548299789		2.25640106201
3.16961693764		0.389030456543
3.17373609543		0.576782226562
3.17786002159		2.84502887726
3.18198800087		4.93567276001
3.1861140728		4.4028635025
3.19024801254		2.02805423737
3.19436311722		0.30784034729
3.19848895073		0.708716392517
3.20261597633		3.08352470398
3.20673298836		5.00164031982
3.2108631134		4.22525978088
3.21499204636		1.83015346527
3.21911501884		0.252021789551
3.2232439518		0.860947608948
3.22736692429		3.30172348022
3.23149991035		5.06253242493
3.23561811447		4.0425825119
3.23975110054		1.63225269318
3.24387001991		0.201278686523
3.24799513817		1.01825332642
3.25212097168		3.53514480591
3.25624394417		5.08283042908
3.26037812233		3.83453273773
3.26449894905		1.43942642212
3.26862192154		0.175906181335
3.27274894714		1.20600509644
3.2768740654		3.76349163055
3.28101110458		5.07775592804
3.28512406349		3.63663196564
3.28925013542		1.26182365417
3.2933781147		0.170831680298
3.29750108719		1.39883136749
3.30166506767		3.98676395416
3.30575609207		5.072681427
3.30988407135		3.41843414307
3.31400299072		1.09436893463
3.31812810898		0.175906181335
3.32225513458		1.60688114166
3.32637906075		4.16436767578
3.33051109314		5.0219373703
3.33463191986		3.20530986786
3.33875608444		0.931988716125
3.34288311005		0.216501235962
3.34700798988		1.82507896423
3.3511390686		4.34704494476
3.3552570343		4.94582176208
3.35938310623		2.94144248962
3.36365413666		0.729013442993
3.3677649498		0.28754234314
3.37189793587		2.13461589813
3.37601399422		4.56524372101
3.38014912605		4.82403659821
3.38426613808		2.68264961243
3.38839101791		0.607228279114
3.3925139904		0.358584403992
3.3966319561		2.35788917542
3.40076208115		4.70732593536
3.40489411354		4.69210338593
3.40902495384		2.46445083618
3.41314506531		0.490517616272
3.41726899147		0.465146064758
3.42140197754		2.60653305054
3.42551994324		4.82403659821
3.42965197563		4.5500202179
3.43377399445		2.26147556305
3.43789696693		0.389030456543
3.44202494621		0.571707725525
3.44614696503		2.84502887726
3.45027899742		4.93059825897
3.45439195633		4.40793800354
3.45851492882		2.04327774048
3.46265411377		0.30784034729
3.46677613258		0.708716392517
3.47090792656		3.08352470398
3.47502613068		5.00164031982
3.47915101051		4.22018527985
3.48327708244		1.84030246735
3.48740196228		0.246947288513
3.49154996872		0.866022109985
3.49565410614		3.29664897919
3.49978613853		5.06253242493
3.50390410423		4.0425825119
3.50803112984		1.63225269318
3.51215791702		0.196204185486
3.5162820816		1.02332782745
3.520414114		3.54021930695
3.52453494072		5.08283042908
3.52865791321		3.83960723877
3.53278493881		1.44450092316
3.53691411018		0.180980682373
3.54104208946		1.21107959747
3.54516005516		3.77364063263
3.54928398132		5.08283042908
3.55341100693		3.63663196564
3.55753612518		1.26689815521
3.5617620945		0.170831680298
3.56591296196		1.46479797363
3.57004308701		4.03750801086
3.57416510582		5.06253242493
3.57828903198		3.35246753693
3.58241605759		1.03347587585
3.58653903008		0.186055183411
3.59067201614		1.68807125092
3.59478211403		4.22018527985
3.59890604019		5.00671482086
3.60304713249		3.13426876068
3.60717201233		0.876170158386
3.61132097244		0.231724739075
3.61541891098		1.89612102509
3.61956810951		4.41301250458
3.62366890907		4.92045021057
3.62779593468		2.91607093811
3.63192200661		0.739162445068
3.63604593277		0.277394294739
3.64017105103		2.12446784973
3.64429712296		4.56524372101
3.64842200279		4.82403659821
3.65254998207		2.69279766083
3.65667295456		0.607228279114
3.66080594063		0.358584403992
3.66492795944		2.36803817749
3.66904902458		4.69717693329
3.67318105698		4.68195438385
3.67730093002		2.47967433929
3.68142700195		0.49559211731
3.68555212021		0.454997062683
3.68970012665		2.60653305054
3.69380307198		4.82403659821
3.69792890549		4.56016921997
3.70205402374		2.26147556305
3.70617794991		0.394104957581
3.71030592918		0.571707725525
3.71443009377		2.8399553299
3.71855592728		4.92552471161
3.72268199921		4.40793800354
3.72680711746		2.04327774048
3.73093700409		0.312914848328
3.73505806923		0.708716392517
3.73918104172		3.0632276535
3.743309021		5.00164031982
3.7474489212		4.22525978088
3.75156211853		1.84537696838
3.75568604469		0.252021789551
3.75981593132		0.850798606873
3.76393508911		3.29157447815
3.76806306839		5.05745792389
3.7721889019		4.04765701294
3.77631211281		1.63732719421
3.78044509888		0.201278686523
3.78456401825		1.02332782745
3.78868913651		3.53007030487
3.79281711578		5.07775592804
3.79693412781		3.84975624084
3.80106496811		1.43942642212
3.80519390106		0.175906181335
3.80931806564		1.22630310059
3.81344413757		3.74826812744
3.81757211685		5.07775592804
3.82173013687		3.6214094162
3.82581996918		1.26689815521
3.82995200157		0.16575717926
3.83406996727		1.38868236542
3.83819508553		3.95631790161
3.84232211113		5.072681427
3.84644603729		3.42858314514
3.85057902336		1.09436893463
3.85469698906		0.175906181335
3.85882210732		1.60180664062
3.86294794083		4.14914417267
3.86707401276		5.02701187134
3.87120604515		3.2103843689
3.87532496452		0.942137718201
3.8794491291		0.221575737
3.88370704651		1.89612102509
3.887830019		4.39778900146
3.89195394516		4.92552471161
3.89607691765		2.92114448547
3.90021109581		0.739162445068
3.90432691574		0.277394294739
3.90845298767		2.11939334869
3.9125790596		4.56016921997
3.91670608521		4.82403659821
3.9208419323		2.68772315979
3.92495703697		0.612302780151
3.92908000946		0.358584403992
3.93320798874		2.35788917542
3.93733310699		4.70225143433
3.94146800041		4.70225143433
3.94558811188		2.47967433929
3.94971108437		0.49559211731
3.95383501053		0.444848060608
3.95796012878		2.58623600006
3.96208906174		4.82403659821
3.96621203423		4.56524372101
3.97034502029		2.26147556305
3.97446203232		0.394104957581
3.97858691216		0.571707725525
3.98271799088		2.83488082886
3.98683810234		4.92045021057
3.99097013474		4.40793800354
3.99508094788		2.05342674255
3.99920606613		0.312914848328
4.00334501266		0.703641891479
4.0074660778		3.07337665558
4.01164412498		5.01178836823
4.01571702957		4.23540878296
4.01985096931		1.84537696838
4.02396798134		0.252021789551
4.02809405327		0.845724105835
4.03221893311		3.29157447815
4.03634595871		5.05745792389
4.04047107697		4.05780601501
4.0445959568		1.64240169525
4.0487279892		0.201278686523
4.05284810066		1.01317882538
4.05697202682		3.52499580383
4.06110405922		5.08283042908
4.06522393227		3.83453273773
4.06935095787		1.40390586853
4.07360696793		0.170831680298
4.07772612572		1.25674915314
4.08185911179		3.81931018829
4.08597612381		5.072681427
4.09012794495		3.56559085846
4.09422802925		1.21615409851
4.09835290909		0.16575717926
4.10247898102		1.45464992523
4.10660290718		4.02735900879
4.11073708534		5.05745792389
4.11485505104		3.35754108429
4.1189789772		1.04869937897
4.12310695648		0.186055183411
4.1272289753		1.66269874573
4.13136506081		4.21511173248
4.13548207283		5.00671482086
4.13963007927		3.13426876068
4.14373111725		0.891393661499
4.14785790443		0.221575737
4.15198493004		1.88597202301
4.15610909462		4.39271450043
4.16023993492		4.93059825897
4.16436195374		2.92621898651
4.16848492622		0.744236946106
4.17261195183		0.277394294739
4.17674303055		2.11939334869
4.18087005615		4.55509471893
4.18498802185		4.82403659821
4.18911290169		2.69787216187
4.1932349205		0.607228279114
4.19735908508		0.353509902954
4.20150494576		2.36296367645
4.20561695099		4.69210338593
4.20973992348		4.7124004364
4.21386909485		2.49489688873
4.21799111366		0.49559211731
4.22211909294		0.444848060608
4.2262430191		2.58623600006
4.23037600517		4.81896209717
4.23449707031		4.56524372101
4.2386200428		2.26655006409
4.24274611473		0.394104957581
4.24687099457		0.566633224487
4.25100302696		2.82980632782
4.25512313843		4.91537570953
4.25924706459		4.41808605194
4.26337695122		2.04327774048
4.26751208305		0.312914848328
4.27166390419		0.708716392517
4.27575397491		3.05815315247
4.27987599373		4.99656581879
4.28400111198		4.24555778503
4.28812599182		1.84537696838
4.29225301743		0.252021789551
4.29637694359		0.845724105835
4.30050802231		3.29157447815
4.30463504791		5.06253242493
4.30875396729		4.05780601501
4.31288003922		1.64240169525
4.31701111794		0.206352233887
4.32113599777		1.01825332642
4.32525491714		3.51484680176
4.32937908173		5.08283042908
4.333507061		3.85990524292
4.33763194084		1.45972442627
4.34176301956		0.175906181335
4.34588599205		1.18570804596
4.35001397133		3.74826812744
4.35413193703		5.08283042908
4.35825800896		3.65692996979
4.36238694191		1.27704620361
4.3665099144		0.16575717926
4.37064099312		1.38868236542
4.37476110458		3.95124340057
4.37889003754		5.06760692596
4.38301301003		3.43873119354
4.38713812828		1.10451793671
4.39126992226		0.180980682373
4.39538097382		1.57643508911
4.3995859623		4.22525978088
4.40377807617		5.00164031982
4.40789413452		3.14949226379
4.41201591492		0.891393661499
4.41614198685		0.216501235962
4.4202671051		1.88597202301
4.42447710037		4.43330955505
4.42864894867		4.89507770538
4.43277907372		2.84502887726
4.43689608574		0.698567390442
4.44102096558		0.302765846252
4.44514799118		2.19550895691
4.44927096367		4.62613582611
4.45338892937		4.78851604462
4.45752906799		2.62683105469
4.46174693108		0.541261672974
4.46589899063		0.419476509094
4.47003102303		2.50504589081
4.47414803505		4.77836704254
4.47827601433		4.61598682404
4.48240113258		2.3426656723
4.48652505875		0.429625511169
4.49065709114		0.526038169861
4.49477601051		2.74354171753
4.49889993668		4.89000320435
4.50303006172		4.46883010864
4.50715398788		2.12446784973
4.51128697395		0.343360900879
4.51540398598		0.652897834778
4.5195350647		2.99218654633
4.52366995811		4.9711933136
4.527780056		4.3013753891
4.53190803528		1.91641807556
4.53603100777		0.272319793701
4.54016399384		0.794981002808
4.54428100586		3.2103843689
4.54840612411		5.04223537445
4.55253696442		4.11869812012
4.55665802956		1.71344280243
4.56079912186		0.216501235962
4.564909935		0.952286720276
4.56903505325		3.44380569458
4.57316613197		5.07775592804
4.57728600502		3.90557384491
4.58142113686		1.51554203033
4.5855550766		0.186055183411
4.58966898918		1.12988948822
4.59378194809		3.66200447083
4.5979039669		5.08283042908
4.6020450592		3.71782207489
4.60616493225		1.33793926239
4.61029100418		0.16575717926
4.61441612244		1.3125667572
4.6185400486		3.8802022934
4.62266802788		5.08283042908
4.62680697441		3.49962425232
4.63092803955		1.15526103973
4.63504290581		0.170831680298
4.63916897774		1.52061653137
4.6432929039		4.08317756653
4.64742302895		5.03716087341
4.65156006813		3.29157447815
4.65567111969		1.0030298233
4.65980410576		0.196204185486
4.66392207146		1.72866630554
4.66804695129		4.27092933655
4.6721739769		4.98641681671
4.67629909515		3.07845020294
4.68042302132		0.845724105835
4.68454909325		0.236799240112
4.68868112564		1.95701313019
4.69280099869		4.44345855713
4.69692492485		4.89507770538
4.70105791092		2.8501033783
4.70517802238		0.703641891479
4.70930194855		0.317989349365
4.71357297897		2.27669906616
4.71767711639		4.64135932922
4.72181296349		4.75299549103
4.72592997551		2.56593894958
4.73005604744		0.541261672974
4.7341799736		0.409327507019
4.73830413818		2.49489688873
4.74243211746		4.77836704254
4.74655508995		4.62106132507
4.75068902969		2.3426656723
4.75480699539		0.429625511169
4.758934021		0.526038169861
4.76306009293		2.73846721649
4.76718306541		4.87985515594
4.77130913734		4.4637556076
4.77543902397		2.12446784973
4.77958297729		0.338286399841
4.78368711472		0.64782333374
4.7878139019		2.97696304321
4.79193496704		4.9711933136
4.79605507851		4.31152439117
4.8001871109		1.92656707764
4.80431699753		0.272319793701
4.80843901634		0.78990650177
4.81256604195		3.20023536682
4.8166949749		5.04223537445
4.82082390785		4.11869812012
4.82494091988		1.71851730347
4.82906913757		0.221575737
4.83319211006		0.957360267639
4.8373169899		3.42858314514
4.8414440155		5.07775592804
4.84556913376		3.9309463501
4.84969496727		1.53076553345
4.8538210392		0.186055183411
4.85794901848		1.11974048615
4.86207294464		3.66200447083
4.86619400978		5.08283042908
4.87032794952		3.72797107697
4.87444710732		1.33793926239
4.87857413292		0.16575717926
4.8827009201		1.31764125824
4.88682413101		3.87512779236
4.8909509182		5.07775592804
4.8950741291		3.5199213028
4.89920091629		1.16541004181
4.90332603455		0.175906181335
4.90745091438		1.51554203033
4.91158413887		4.07810306549
4.91571807861		5.04223537445
4.91982913017		3.30679798126
4.92395496368		1.0030298233
4.92807912827		0.191129684448
4.93220591545		1.7235918045
4.93633008003		4.26585483551
4.94046211243		4.98641681671
4.94458699226		3.07845020294
4.94870495796		0.850798606873
4.95283699036		0.236799240112
4.95695900917		1.94686412811
4.9610850811		4.43838405609
4.96520805359		4.89507770538
4.96933603287		2.79936027527
4.97358608246		0.668121337891
4.97771000862		0.317989349365
4.98184490204		2.26147556305
4.9859650135		4.64643383026
4.99009299278		4.75299549103
4.99420309067		2.57101249695
4.99832892418		0.541261672974
