0.000128984451294		2.79428577423
0.00489807128906		5.09297847748
0.00868201255798		5.072681427
0.0123999118805		-0.00169658660889
0.0160410404205		-0.00169658660889
0.0197820663452		2.79428577423
0.0234010219574		5.08790397644
0.0270299911499		5.09297847748
0.0306560993195		0.03382396698
0.0342810153961		-0.00169658660889
0.0379059314728		1.43435192108
0.0415320396423		5.09297847748
0.0451560020447		5.09297847748
0.0487849712372		1.1501865387
0.0524051189423		-0.00677108764648
0.0560359954834		0.201278686523
0.0596570968628		5.09297847748
0.0632870197296		5.09297847748
0.066910982132		2.47459983826
0.0705480575562		-0.00677108764648
0.0743179321289		-0.00169658660889
0.0780470371246		5.09297847748
0.0816690921783		5.09297847748
0.085294008255		3.34231853485
0.0889189243317		-0.00169658660889
0.0925450325012		-0.00169658660889
0.0963001251221		4.64643383026
0.0999200344086		5.08790397644
0.103549003601		4.41301250458
0.107175111771		-0.00169658660889
0.110796928406		-0.00677108764648
0.11442899704		3.31694602966
0.118046998978		5.09297847748
0.121674060822		5.08790397644
0.125298023224		-0.00169658660889
0.128925085068		-0.00169658660889
0.132553100586		1.98745918274
0.136178016663		5.08790397644
0.139801979065		5.09297847748
0.143426895142		0.642748832703
0.14705491066		-0.00169658660889
0.150677919388		0.688418388367
0.154309034348		5.08790397644
0.157928943634		5.09297847748
0.161552906036		1.95193862915
0.16517996788		-0.00169658660889
0.168807983398		-0.00677108764648
0.172431945801		5.09297847748
0.176062107086		5.08790397644
0.179681062698		3.27635097504
0.183308124542		-0.00169658660889
0.186940908432		-0.00169658660889
0.190575122833		4.51449966431
0.19419002533		5.09297847748
0.197809934616		4.56016921997
0.201435089111		-0.00169658660889
0.205060958862		-0.00169658660889
0.208686113358		3.13934326172
0.21231007576		5.08790397644
0.215945959091		5.08790397644
0.219561100006		-0.00169658660889
0.223187923431		-0.00169658660889
0.226814031601		1.79970741272
0.230452060699		5.09297847748
0.234065055847		5.08790397644
0.237812042236		0.571707725525
0.241431951523		-0.00677108764648
0.245059967041		0.708716392517
0.24870800972		5.09297847748
0.252315998077		5.08790397644
0.25594997406		1.87582302094
0.259567022324		-0.00169658660889
0.263193130493		-0.00677108764648
0.266822099686		5.09297847748
0.270457983017		5.09297847748
0.274069070816		3.07845020294
0.277821063995		-0.00169658660889
0.281445980072		-0.00169658660889
0.2850689888		4.75806999207
0.288696050644		5.08790397644
0.292320966721		4.27600383759
0.295958995819		-0.00169658660889
0.299582004547		-0.00169658660889
0.303198099136		3.42858314514
0.306827068329		5.08283042908
0.310463905334		5.09297847748
0.314074993134		-0.00169658660889
0.317830085754		-0.00677108764648
0.32145190239		2.31729412079
0.325079917908		5.08790397644
0.328721046448		5.09297847748
0.332327127457		0.292616844177
0.335956096649		-0.00677108764648
0.339576005936		0.967509269714
0.343204021454		5.08790397644
0.346831083298		5.09297847748
0.350466966629		1.561211586
0.354078054428		-0.00169658660889
0.35783290863		0.0591955184937
0.361458063126		5.08790397644
0.365082979202		5.09297847748
0.368706941605		2.69279766083
0.372333049774		-0.00677108764648
0.375961065292		-0.00169658660889
0.379580974579		4.98134231567
0.383208990097		5.09297847748
0.386835098267		4.00706195831
0.390475034714		-0.00169658660889
0.394083976746		-0.00169658660889
0.397836923599		3.96646690369
0.401458978653		5.09297847748
0.405087947845		4.98134231567
0.408729076385		-0.00169658660889
0.412342071533		-0.00169658660889
0.415967941284		2.60145950317
0.419588088989		5.09297847748
0.42321395874		5.09297847748
0.426839113235		0.0947160720825
0.430480957031		-0.00677108764648
0.434088945389		1.32271575928
0.437830924988		5.09297847748
0.441458940506		5.09805297852
0.44508600235		1.07407093048
0.44871711731		-0.00677108764648
0.452342033386		0.216501235962
0.455976963043		5.09805297852
0.459592103958		5.09297847748
0.463220119476		2.40863323212
0.466851949692		-0.00169658660889
0.470484018326		-0.00169658660889
0.474095106125		5.09297847748
0.477848052979		5.09297847748
0.481472015381		3.51484680176
0.48509812355		-0.00169658660889
0.488739967346		-0.00169658660889
0.492347002029		4.24555778503
0.495980024338		5.09297847748
0.499598026276		4.78851604462
0.50322508812		-0.00169658660889
0.506851911545		-0.00169658660889
0.510488986969		2.92114448547
0.514101028442		5.09297847748
0.51784992218		5.08790397644
0.521475076675		-0.00169658660889
0.525108098984		-0.00169658660889
0.528726100922		1.75403785706
0.532351970673		5.09297847748
0.535984992981		5.09297847748
0.539602994919		0.784832000732
0.543250083923		-0.00169658660889
0.546857118607		0.470220565796
0.550493001938		5.08790397644
0.554105997086		5.09297847748
0.557857036591		1.88089752197
0.561480998993		-0.00169658660889
0.565108060837		-0.00169658660889
0.568741083145		5.09297847748
0.572350025177		5.09297847748
0.576047897339		3.08352470398
0.579739093781		-0.00677108764648
0.583359956741		-0.00677108764648
0.586987018585		4.7631444931
0.590626955032		5.09297847748
0.594243049622		4.28107833862
0.597862005234		-0.00169658660889
0.601485967636		-0.00169658660889
0.60511302948		3.42858314514
0.608736991882		5.09297847748
0.612361907959		5.08790397644
0.615998029709		-0.00677108764648
0.619615077972		-0.00169658660889
0.623239040375		2.05850028992
0.626866102219		5.09297847748
0.630506038666		5.08790397644
0.634155988693		0.424551010132
0.637864112854		-0.00169658660889
0.641484022141		0.942137718201
0.645112991333		5.08790397644
0.64876294136		5.09297847748
0.652370929718		1.59165763855
0.656002044678		-0.00169658660889
0.659617900848		-0.00169658660889
0.663244962692		5.09297847748
0.666871070862		5.09297847748
0.670511007309		2.88562393188
0.674194097519		-0.00169658660889
0.677872896194		-0.00677108764648
0.681497097015		4.98641681671
0.685122966766		5.08790397644
0.688748121262		4.01213645935
0.692373037338		-0.00169658660889
0.696007966995		-0.00169658660889
0.699624061584		3.71782207489
0.703249931335		5.08790397644
0.706876993179		5.072681427
0.710515022278		-0.00677108764648
0.714164018631		-0.00169658660889
0.717878103256		2.58623600006
0.721501111984		5.08790397644
0.72512793541		5.09297847748
0.728771924973		0.0693445205688
0.732378959656		-0.00169658660889
0.736018896103		1.26182365417
0.739629983902		5.08790397644
0.743253946304		5.08790397644
0.746881008148		1.29734420776
0.750540018082		-0.00169658660889
0.754262924194		0.201278686523
0.757880926132		5.09297847748
0.761507987976		5.09297847748
0.765132904053		2.39848423004
0.768758058548		-0.00169658660889
0.772382974625		-0.00169658660889
0.776016950607		5.08283042908
0.779633998871		5.09297847748
0.783262014389		3.72797107697
0.786885976791		-0.00169658660889
0.790524959564		-0.00169658660889
0.794142961502		4.02735900879
0.797763109207		5.09297847748
0.801388025284		4.9610452652
0.80501294136		-0.00169658660889
0.808643102646		-0.00677108764648
0.812263011932		2.6420545578
0.815977096558		5.09297847748
0.819643974304		5.09297847748
0.823266029358		0.00337791442871
0.826891899109		-0.00169658660889
0.8305311203		1.54091453552
0.834147930145		5.09297847748
0.837759971619		5.09297847748
0.841386079788		1.03347587585
0.845014095306		-0.00169658660889
0.848648071289		0.257096290588
0.852274894714		5.08790397644
0.855932950974		5.09805297852
0.85964512825		2.12446784973
0.863276004791		-0.00169658660889
0.866898059845		-0.00169658660889
0.870537042618		5.08790397644
0.874155044556		5.09297847748
0.877772092819		3.43873119354
0.88139796257		-0.00677108764648
0.885028123856		-0.00169658660889
0.888648986816		4.30644989014
0.892272949219		5.09805297852
0.895982027054		4.58554077148
0.899652004242		-0.00677108764648
0.903275966644		-0.00169658660889
0.906903028488		3.16978931427
0.910541057587		5.09297847748
0.914160013199		5.08790397644
0.917777061462		-0.00677108764648
0.921407938004		-0.00169658660889
0.925029039383		1.80478191376
0.928654909134		5.09297847748
0.932279109955		5.08790397644
0.935941934586		0.657972335815
0.939656972885		-0.00169658660889
0.943279981613		0.698567390442
0.946908950806		5.09297847748
0.950546979904		5.09297847748
0.954168081284		1.80478191376
0.95778298378		-0.00169658660889
0.961410045624		-0.00677108764648
0.965035915375		5.08790397644
0.968662977219		5.09297847748
0.972285032272		3.15456676483
0.97599697113		-0.00169658660889
0.979660987854		-0.00677108764648
0.983417987823		4.98641681671
0.987040996552		5.08790397644
0.990679979324		3.9918384552
0.994292974472		-0.00677108764648
0.997913122177		-0.00169658660889
1.0015399456		3.69752502441
1.00516700745		5.09297847748
1.00879001617		5.07775592804
1.01241612434		-0.00169658660889
1.01605200768		-0.00169658660889
1.01966691017		2.33251667023
1.02329206467		5.08790397644
1.02691912651		5.08790397644
1.03055906296		0.216501235962
1.03417396545		-0.00169658660889
1.03778791428		0.972583770752
1.0414121151		5.09805297852
1.04504013062		5.08790397644
1.04867601395		1.52061653137
1.05229592323		-0.00677108764648
1.05592989922		0.00337791442871
1.0595459938		5.09297847748
1.06317400932		5.08790397644
1.06679797173		2.86025238037
1.07042193413		-0.00677108764648
1.07404899597		-0.00169658660889
1.07780194283		5.01686286926
1.08142495155		5.08790397644
1.0850520134		3.95124340057
1.08868002892		-0.00169658660889
1.0922999382		-0.00677108764648
1.09593296051		3.7837896347
1.09955096245		5.08790397644
1.10317897797		5.05745792389
1.10680294037		-0.00169658660889
1.11042690277		-0.00677108764648
1.11405396461		2.47967433929
1.11780595779		5.08790397644
1.12143111229		5.09297847748
1.12505602837		0.0541210174561
1.12870311737		-0.00169658660889
1.13243103027		1.49524497986
1.13606309891		5.09297847748
1.13968110085		5.09297847748
1.14330792427		1.01317882538
1.14693403244		-0.00677108764648
1.15057301521		0.226650238037
1.15419101715		5.08790397644
1.15781092644		5.09297847748
1.16143703461		2.34774017334
1.16506290436		-0.00169658660889
1.16868495941		-0.00169658660889
1.17231106758		5.08790397644
1.17594695091		5.09297847748
1.17956209183		3.67722702026
1.18318891525		-0.00169658660889
1.1868159771		-0.00169658660889
1.1904399395		4.07810306549
1.1940639019		5.08790397644
1.1978199482		4.73269748688
1.20144605637		-0.00169658660889
1.20506811142		-0.00169658660889
1.20869493484		2.93636798859
1.2123169899		5.09297847748
1.21595001221		5.09297847748
1.21956706047		-0.00169658660889
1.2231991291		-0.00169658660889
1.22681903839		1.65255069733
1.23058891296		5.09297847748
1.23419690132		5.09297847748
1.23781204224		0.739162445068
1.24143791199		-0.00677108764648
1.24506998062		0.480368614197
1.24870300293		5.09297847748
1.25232195854		5.09297847748
1.25595808029		2.0331287384
1.25957298279		-0.00169658660889
1.26320004463		-0.00169658660889
1.26682400703		5.09297847748
1.2704501152		5.09297847748
1.27407598495		3.22560787201
1.27782893181		-0.00677108764648
1.28145194054		-0.00169658660889
1.28507709503		4.59568977356
1.28870511055		5.09297847748
1.29233312607		4.46883010864
1.29596090317		-0.00169658660889
1.2995800972		-0.00169658660889
1.30320501328		3.23068237305
1.30682992935		5.09297847748
1.31045413017		5.08790397644
1.31408691406		-0.00677108764648
1.3178319931		-0.00169658660889
1.32145595551		2.06864929199
1.32508301735		5.09297847748
1.32870912552		5.09297847748
1.3323340416		0.449922561646
1.3359670639		-0.00169658660889
1.33958411217		0.718864440918
1.34320902824		5.08790397644
1.34683799744		5.08790397644
1.35046005249		1.77433586121
1.35408496857		-0.00169658660889
1.35783696175		-0.00169658660889
1.36146211624		5.09297847748
1.36508798599		5.09297847748
1.36871504784		2.88055038452
1.37233996391		-0.00677108764648
1.3759701252		-0.00169658660889
1.37959003448		4.85448265076
1.38321495056		5.09297847748
1.38684105873		4.20496273041
1.39046597481		-0.00677108764648
1.39408993721		-0.00169658660889
1.39784407616		3.75841712952
1.40146803856		5.09297847748
1.40509700775		5.06253242493
1.40871810913		-0.00169658660889
1.41234302521		-0.00677108764648
1.41597509384		2.37818622589
1.41959309578		5.09297847748
1.42321896553		5.08790397644
1.42685103416		0.180980682373
1.43047094345		-0.00169658660889
1.43409609795		1.06899738312
1.43783807755		5.09297847748
1.44146895409		5.09297847748
1.44509410858		1.24660015106
1.44872713089		-0.00169658660889
1.4523499012		0.0541210174561
1.45598196983		5.09297847748
1.45959997177		5.08790397644
1.46322393417		2.59638500214
1.46685504913		-0.00677108764648
1.47059202194		-0.00169658660889
1.47436404228		5.09297847748
1.47811508179		5.09297847748
1.48172903061		3.25605392456
1.48535490036		-0.00677108764648
1.4889819622		-0.00169658660889
1.49260401726		4.49927616119
1.49623203278		5.08790397644
1.49985599518		4.57539176941
1.50348091125		-0.00169658660889
1.5071079731		-0.00677108764648
1.51074790955		3.2103843689
1.51448297501		5.09297847748
1.51810693741		5.09297847748
1.52173304558		-0.00169658660889
1.52535891533		-0.00169658660889
1.52898693085		1.9722366333
1.53260993958		5.09297847748
1.53623700142		5.09297847748
1.53986597061		0.526038169861
1.54348492622		-0.00169658660889
1.54711699486		0.632600784302
1.55075311661		5.09297847748
1.55436301231		5.09297847748
1.55798697472		1.8707485199
1.56161308289		-0.00169658660889
1.56523895264		-0.00169658660889
1.56885695457		5.09297847748
1.57248091698		5.08790397644
1.57612109184		3.17993831635
1.57974100113		-0.00169658660889
1.5833671093		-0.00169658660889
1.58699393272		4.55509471893
1.59063005447		5.09297847748
1.59425091743		4.50942516327
1.59786605835		-0.00169658660889
1.60149407387		-0.00677108764648
1.60511898994		3.18501281738
1.60874795914		5.09297847748
1.61237096786		5.09297847748
1.61600399017		-0.00677108764648
1.61962008476		-0.00169658660889
1.62324595451		1.78955841064
1.62687301636		5.09297847748
1.63049697876		5.09297847748
1.63416004181		0.627526283264
1.63786506653		-0.00169658660889
1.64149093628		0.642748832703
1.6451189518		5.08790397644
1.64875292778		5.09297847748
1.65237998962		1.79970741272
1.65600991249		-0.00169658660889
1.65962505341		-0.00169658660889
1.66325092316		5.09297847748
1.666877985		5.09805297852
1.6705019474		3.15456676483
1.67413496971		-0.00169658660889
1.67775201797		-0.00677108764648
1.68137907982		4.61598682404
1.68501091003		5.09297847748
1.68864607811		4.4536075592
1.69225502014		-0.00169658660889
1.69596099854		-0.00169658660889
1.69963312149		3.47932624817
1.70325708389		5.08790397644
1.70688390732		5.09297847748
1.71050691605		-0.00677108764648
1.71413993835		-0.00169658660889
1.71775794029		2.07879829407
1.72138500214		5.08790397644
1.72501111031		5.09297847748
1.72863698006		0.404253005981
1.73226094246		-0.00169658660889
1.73592305183		0.774682998657
1.73963499069		5.09297847748
1.74326205254		5.08790397644
1.74689006805		1.51554203033
1.75051212311		-0.00677108764648
1.75414395332		-0.00169658660889
1.75776290894		5.09297847748
1.76138901711		5.09297847748
1.76502203941		2.81965732574
1.76865696907		-0.00169658660889
1.7722659111		-0.00169658660889
1.77597308159		4.98641681671
1.77964401245		5.09297847748
1.78326797485		3.97154140472
1.78689599037		-0.00169658660889
1.7905189991		-0.00169658660889
1.79415011406		3.77871513367
1.79776906967		5.09297847748
1.80139493942		5.072681427
1.80502104759		-0.00169658660889
1.80864500999		-0.00169658660889
1.81227111816		2.36296367645
1.81593394279		5.08790397644
1.81964707375		5.08790397644
1.82327198982		0.0490465164185
1.82689809799		-0.00169658660889
1.83053207397		1.23137664795
1.83415603638		5.09297847748
1.83776807785		5.08790397644
1.84139108658		1.28212070465
1.84502291679		-0.00169658660889
1.8486700058		0.0490465164185
1.85227799416		5.08790397644
1.85593295097		5.08790397644
1.85965800285		2.37311172485
1.86328196526		-0.00677108764648
1.86690592766		-0.00169658660889
1.87052798271		5.08790397644
1.87417006493		5.09805297852
1.8779129982		3.47932624817
1.88153100014		-0.00169658660889
1.88515591621		-0.00169658660889
1.88878011703		4.25570678711
1.89240694046		5.08790397644
1.89604091644		4.80373954773
1.89965701103		-0.00677108764648
1.9032831192		-0.00677108764648
1.90690994263		2.86532688141
1.91053199768		5.09297847748
1.91416811943		5.09297847748
1.91781401634		-0.00169658660889
1.92153596878		-0.00169658660889
1.92515897751		1.69822025299
1.92878890038		5.08790397644
1.93241095543		5.09297847748
1.93604302406		0.739162445068
1.93966412544		-0.00169658660889
1.94328904152		0.343360900879
1.94691610336		5.08790397644
1.95053911209		5.08790397644
1.95416998863		2.09909534454
1.95778989792		-0.00677108764648
1.96141505241		-0.00169658660889
1.96504211426		5.09297847748
1.96866607666		5.09297847748
1.97229194641		3.45395469666
1.97592711449		-0.00169658660889
1.97954297066		-0.00677108764648
1.98316907883		4.30644989014
1.98679590225		5.09297847748
1.9904229641		4.78344154358
1.99404597282		-0.00169658660889
1.99780297279		-0.00169658660889
2.00142192841		3.13426876068
2.00504803658		5.09297847748
2.00869011879		5.09297847748
2.01230096817		-0.00169658660889
2.01592898369		-0.00169658660889
2.01955008507		1.72866630554
2.02317404747		5.09297847748
2.02680110931		5.09297847748
2.03042411804		0.703641891479
2.03404998779		-0.00677108764648
2.03779196739		0.566633224487
2.04141807556		5.09805297852
2.04504609108		5.09297847748
2.04867911339		1.83015346527
2.05230307579		-0.00169658660889
2.05593299866		-0.00169658660889
2.05955195427		5.09297847748
2.06317901611		5.08790397644
2.06680512428		3.20530986786
2.07042789459		-0.00169658660889
2.07405495644		-0.00169658660889
2.07781100273		4.77836704254
2.08143210411		5.09297847748
2.08505702019		4.3013753891
2.08870005608		-0.00169658660889
2.09230709076		-0.00677108764648
2.09593892097		3.39306259155
2.09955906868		5.08790397644
2.1031908989		5.09297847748
2.10681200027		-0.00169658660889
2.110435009		-0.00169658660889
2.11406207085		2.02805423737
2.11781191826		5.09297847748
2.12143707275		5.09297847748
2.12507009506		0.150534629822
2.12881803513		-0.00169658660889
2.13243889809		1.01825332642
2.13606595993		5.09297847748
2.13968992233		5.09297847748
2.14331412315		1.35823631287
2.14694499969		-0.00169658660889
2.15056705475		-0.00169658660889
2.15421390533		5.09297847748
2.15794706345		5.09297847748
2.16156792641		2.51519489288
2.16519403458		-0.00169658660889
2.16882205009		-0.00169658660889
2.17244195938		5.04223537445
2.17607593536		5.09297847748
2.17969703674		3.88527679443
2.18332004547		-0.00169658660889
2.18694496155		-0.00169658660889
2.19057011604		3.79393768311
2.19420194626		5.09297847748
2.19782209396		5.05745792389
2.20144701004		-0.00169658660889
2.20507407188		-0.00169658660889
2.20869994164		2.35788917542
2.21232295036		5.09297847748
2.21596312523		5.09297847748
2.21957492828		0.104865074158
2.22320199013		-0.00677108764648
2.22682595253		0.926914215088
2.23044991493		5.09297847748
2.2340760231		5.09297847748
2.23781895638		1.17555904388
2.24144291878		-0.00677108764648
2.24507308006		0.0186004638672
2.24872112274		5.09297847748
2.25233006477		5.08790397644
2.25596094131		2.55071544647
2.25957894325		-0.00169658660889
2.26320409775		-0.00169658660889
2.26683092117		4.99656581879
2.27045702934		5.09297847748
2.27408194542		3.80916118622
2.2778339386		-0.00169658660889
2.28146004677		-0.00169658660889
2.28508496284		3.92079734802
2.28870892525		5.09297847748
2.29233503342		5.01686286926
2.29596710205		-0.00677108764648
2.29958295822		-0.00169658660889
2.30320906639		2.43400478363
2.30683612823		5.09297847748
2.31046199799		5.09297847748
2.31408905983		0.0186004638672
2.31783795357		-0.00169658660889
2.32146310806		1.21107959747
2.32508802414		5.09805297852
2.32873797417		5.09297847748
2.33234190941		1.01317882538
2.33597397804		-0.00169658660889
2.33958911896		0.0236749649048
2.34321594238		5.09297847748
2.3468439579		5.09297847748
2.35046696663		2.42893028259
2.35409092903		-0.00169658660889
2.35784292221		-0.00677108764648
2.36146903038		5.08790397644
2.36509490013		5.09297847748
2.36871790886		3.62648391724
2.3723449707		-0.00169658660889
2.37597608566		-0.00169658660889
2.37959504128		3.95631790161
2.38321900368		5.08790397644
2.3868470192		4.9711933136
2.3904709816		-0.00169658660889
2.39409804344		-0.00169658660889
2.3978509903		2.73339271545
2.4014749527		5.09297847748
2.4050989151		5.09297847748
2.40874290466		-0.00169658660889
2.41234898567		-0.00169658660889
2.41598200798		1.24660015106
2.41960096359		5.09297847748
2.42322802544		5.09297847748
2.42685604095		0.906617164612
2.43047690392		-0.00169658660889
2.43410205841		0.0388984680176
2.43784499168		5.09297847748
2.44149303436		5.09805297852
2.44510006905		2.11431884766
2.44873404503		-0.00677108764648
2.45235610008		-0.00169658660889
2.45599412918		5.08283042908
2.45960903168		5.09297847748
2.46323394775		3.63663196564
2.4668610096		-0.00169658660889
2.47048211098		-0.00169658660889
2.47419190407		4.103474617
2.47786307335		5.09297847748
2.4814851284		4.84940910339
2.48511195183		-0.00677108764648
2.48875212669		-0.00677108764648
2.49236011505		2.60145950317
2.49599409103		5.09297847748
2.49961090088		5.09297847748
2.50323605537		-0.00169658660889
2.50686407089		-0.00169658660889
2.51048803329		1.09436893463
2.51414895058		5.09297847748
2.51786398888		5.09297847748
2.52149009705		0.774682998657
2.52511501312		-0.00169658660889
2.5287399292		0.03382396698
2.53236508369		5.09297847748
2.535998106		5.09297847748
2.53961610794		2.24117851257
2.54324102402		-0.00169658660889
2.54686808586		-0.00169658660889
2.55049204826		5.03716087341
2.55415797234		5.08790397644
2.55786800385		3.50469875336
2.56149411201		-0.00169658660889
2.56511998177		-0.00169658660889
2.56875300407		3.96646690369
2.57236289978		5.09297847748
2.57603406906		4.88492965698
2.57975101471		-0.00677108764648
2.58337306976		-0.00677108764648
2.58699989319		2.68772315979
2.59062290192		5.09297847748
2.59425401688		5.08790397644
2.59787511826		-0.00169658660889
2.60149908066		-0.00169658660889
2.60512495041		1.19078159332
2.60875105858		5.09297847748
2.61237692833		5.08790397644
2.61600804329		0.876170158386
2.61962604523		-0.00677108764648
2.62325406075		-0.00169658660889
2.62687897682		5.09297847748
2.6305038929		5.09297847748
2.63413500786		2.36296367645
2.63774609566		-0.00169658660889
2.64137101173		-0.00169658660889
2.6450009346		4.94582176208
2.64877796173		5.09297847748
2.65238690376		3.66707897186
2.65601396561		-0.00169658660889
2.65963196754		-0.00169658660889
2.66325902939		3.55036830902
2.66688895226		5.09297847748
2.67050790787		5.08283042908
2.67414093018		-0.00169658660889
2.67775893211		-0.00677108764648
2.68138599396		1.78955841064
2.68501806259		5.09297847748
2.68876099586		5.09297847748
2.69238805771		0.51589012146
2.69601893425		-0.00169658660889
2.69963812828		0.404253005981
2.70326495171		5.09805297852
2.70689105988		5.09297847748
2.7105140686		2.2310295105
2.71414589882		-0.00169658660889
2.71776509285		-0.00677108764648
2.72145199776		4.56524372101
2.72514510155		5.09297847748
2.72889995575		3.61126041412
2.73251795769		-0.00169658660889
2.73615098		-0.00169658660889
2.73976612091		2.9515914917
2.74339389801		5.09297847748
2.74702095985		5.08283042908
2.75064396858		1.27704620361
2.75427699089		-0.00169658660889
2.7578959465		1.42420387268
2.761521101		4.59568977356
2.76514601707		5.09297847748
2.76877212524		2.67757511139
2.772397995		0.201278686523
2.77602910995		0.805129051208
2.77966809273		3.79393768311
2.78327512741		5.08790397644
2.78689908981		3.39813613892
2.79052495956		0.866022109985
2.7941570282		0.571707725525
2.79777598381		3.14949226379
2.80140209198		4.87985515594
2.8050339222		3.84468173981
2.80879807472		1.31764125824
2.81240391731		0.470220565796
2.8160340786		2.64712810516
2.81965208054		4.68195438385
2.82328104973		4.21003723145
2.82690811157		1.87582302094
2.8305311203		0.454997062683
2.83416295052		2.04327774048
2.83777093887		4.37241744995
2.84139895439		4.51449966431
2.84502696991		2.39848423004
2.8487830162		0.592005729675
2.85240697861		1.59673213959
2.85604095459		4.04765701294
2.85965704918		4.61598682404
2.86328196526		2.8501033783
2.8669090271		0.866022109985
2.87053394318		1.18570804596
2.87416505814		3.60111141205
2.87778306007		4.64643383026
2.88140892982		3.23068237305
2.88517308235		1.15526103973
2.88891792297		0.992880821228
2.89254713058		3.26620292664
2.8961660862		4.59061527252
2.8997900486		3.60618591309
2.903414011		1.52061653137
2.90704298019		0.800054550171
2.91066503525		2.73339271545
2.91429805756		4.45868110657
2.91791605949		3.95631790161
2.92154192924		1.95193862915
2.92516899109		0.739162445068
2.92879295349		2.22088050842
2.93241691589		4.23540878296
2.93605113029		4.23033428192
2.93967008591		2.393409729
2.94329500198		0.825427055359
2.94692397118		1.73881530762
2.95054507256		3.9309463501
2.95418000221		4.39271450043
2.95779490471		2.82473182678
2.96142292023		1.03347587585
2.96505403519		1.35823631287
2.96881508827		3.6214094162
2.97242498398		4.44345855713
2.97605705261		3.16471481323
2.97967410088		1.28212070465
2.9833009243		1.10451793671
2.9869260788		3.17993831635
2.99055099487		4.42316055298
2.99418306351		3.54529380798
2.99780106544		1.63732719421
3.0014269352		0.916765213013
3.00506496429		2.72324466705
3.00880408287		4.33182239532
3.01242804527		3.81931018829
3.01606607437		1.94686412811
3.01968312263		0.866022109985
3.02330589294		2.2919216156
3.02693200111		4.14914417267
3.03055596352		4.07810306549
3.0341899395		2.34774017334
3.03779911995		0.916765213013
3.04142403603		1.83015346527
3.04505610466		3.89542579651
3.04882693291		4.22018527985
3.05243301392		2.68264961243
3.05606889725		1.04869937897
3.05968499184		1.5104675293
3.06331110001		3.60618591309
3.06693911552		4.31152439117
3.07056212425		3.07337665558
3.074187994		1.3024187088
3.07781195641		1.20600509644
3.08143806458		3.20023536682
3.08507108688		4.31659889221
3.08881402016		3.37783908844
3.092441082		1.56628608704
3.09607291222		1.04362487793
3.09969091415		2.82473182678
3.103317976		4.24555778503
3.1069419384		3.70259952545
3.11056804657		1.9214925766
3.11419892311		0.947212219238
3.11782407761		2.37311172485
3.12144207954		4.08317756653
3.12507390976		3.94109535217
3.12883710861		2.2310295105
3.13244390488		0.972583770752
3.13607811928		2.00775718689
3.13969492912		3.8802022934
3.14332008362		4.0933265686
3.14694690704		2.61160755157
3.15057301521		1.10451793671
3.15420413017		1.6221036911
3.15782499313		3.58588886261
3.16144990921		4.19481372833
3.1650800705		2.96681404114
3.16882491112		1.28212070465
3.17244911194		1.35823631287
3.17607808113		3.28142547607
3.17970108986		4.20496273041
3.18334889412		3.2611284256
3.18695306778		1.56628608704
3.19057798386		1.1501865387
3.19420790672		2.87547588348
3.19782710075		4.15421867371
3.20145392418		3.58081436157
3.20508694649		1.8707485199
3.20885109901		1.05377388
3.21245503426		2.51519489288
3.2160820961		4.04765701294
3.2197060585		3.78886318207
3.22333097458		2.17521095276
3.2269589901		1.03347587585
3.23058891296		2.09909534454
3.23420810699		3.86497974396
3.23795795441		3.94616889954
3.24159407616		2.46952533722
3.24520993233		1.10451793671
3.24896597862		1.84030246735
3.25258493423		3.67722702026
3.25621604919		4.05780601501
3.25983500481		2.77398777008
3.26346206665		1.2516746521
3.26709008217		1.50539302826
3.27071404457		3.36769008636
3.27434492111		4.11869812012
3.27796411514		3.11397171021
3.28158998489		1.49524497986
3.28521800041		1.26182365417
3.28885793686		3.00233459473
3.29246497154		4.09840106964
3.29609298706		3.42858314514
3.29971790314		1.79463291168
3.30334210396		1.11974048615
3.30697011948		2.58623600006
3.3105969429		4.00706195831
3.31422495842		3.68737602234
3.31784296036		2.11939334869
3.32147097588		1.07914543152
3.32509613037		2.19043445587
3.32884502411		3.87005329132
3.33247089386		3.84975624084
3.33610010147		2.40355873108
3.33972096443		1.13496398926
3.34335398674		1.86567401886
3.34697508812		3.64678096771
3.35059690475		3.98676395416
3.35423111916		2.74354171753
3.35785007477		1.28212070465
3.36147499084		1.54091453552
3.36510705948		3.35754108429
3.36886692047		4.0425825119
3.37247610092		3.02263259888
3.37610411644		1.47494697571
3.37972712517		1.33793926239
3.38335299492		3.05307865143
3.38698005676		4.0425825119
3.39060211182		3.33724403381
3.39423704147		1.74896335602
3.39785504341		1.17555904388
3.40148091316		2.65727710724
3.40511107445		3.97661590576
3.40885710716		3.55036830902
3.41248106956		2.00775718689
3.41610789299		1.12481498718
3.41973304749		2.32744312286
3.42336010933		3.85483074188
3.42698502541		3.76349163055
3.43060803413		2.33759117126
3.43424105644		1.15526103973
3.43785190582		1.94686412811
3.44147706032		3.65185546875
3.44511008263		3.90050029755
3.44888091087		2.60145950317
3.45248794556		1.2516746521
3.45612096786		1.68299674988
3.45973610878		3.4235086441
3.4633641243		3.97661590576
3.46699094772		2.93636798859
3.4706120491		1.45464992523
3.47424697876		1.41405487061
3.4778649807		3.09874820709
3.48148989677		3.99691295624
3.48512291908		3.22560787201
3.48886704445		1.66269874573
3.49249100685		1.25674915314
3.49611997604		2.79428577423
3.49974298477		3.95124340057
3.50336909294		3.45902919769
3.50699400902		1.95193862915
3.51061797142		1.17048454285
3.51425004005		2.41370677948
3.51786994934		3.83960723877
3.52149510384		3.6823015213
3.52512598038		2.25640106201
3.52888894081		1.16541004181
3.53249692917		2.09909534454
3.53612589836		3.69752502441
3.53974890709		3.81423568726
3.54337310791		2.53041744232
3.54699993134		1.25674915314
3.55062508583		1.76418685913
3.55425596237		3.45902919769
3.55787611008		3.91572284698
3.56150102615		2.8501033783
3.56513190269		1.42420387268
3.56887698174		1.53076553345
3.57249307632		3.19516181946
3.57613611221		3.94616889954
3.57975411415		3.10889720917
3.58337903023		1.62717819214
3.58700489998		1.32271575928
3.5906291008		2.86025238037
3.59426093102		3.92587184906
3.59787893295		3.3727645874
3.60150504112		1.89612102509
3.60515999794		1.22122859955
3.60890007019		2.56086444855
3.61250901222		3.84975624084
3.6161339283		3.5706653595
3.61976003647		2.14983940125
3.62338590622		1.19585609436
3.62701106071		2.1802854538
3.63063597679		3.70259952545
3.63426804543		3.74826812744
3.63787889481		2.46952533722
3.64150309563		1.26689815521
3.64513397217		1.85552597046
3.64889097214		3.5199213028
3.65251302719		3.84468173981
3.65614104271		2.72324466705
3.65976500511		1.38360881805
3.66339111328		1.60180664062
3.66701602936		3.25097942352
3.67063903809		3.90050029755
3.67427396774		3.02263259888
3.67789292336		1.58658313751
3.68152093887		1.38868236542
3.68514895439		2.94144248962
3.68891096115		3.90050029755
3.69251894951		3.25605392456
3.69614505768		1.80478191376
3.69976902008		1.27197170258
3.70339512825		2.63190555573
3.707020998		3.83960723877
3.7106449604		3.49454975128
3.71427798271		2.09402179718
3.71789598465		1.22122859955
3.72152304649		2.26147556305
3.72515296936		3.71782207489
3.72889995575		3.64678096771
3.73252296448		2.3426656723
3.73615002632		1.24660015106
3.7397749424		1.97731018066
3.7433989048		3.55036830902
3.74702811241		3.7837896347
3.75064992905		2.64712810516
3.75428390503		1.3633108139
3.75790309906		1.67792224884
3.76152706146		3.29664897919
3.7651591301		3.85483074188
3.76891994476		2.89069843292
3.77252793312		1.52061653137
3.77615594864		1.48509597778
3.77977991104		3.03785610199
3.78340697289		3.87512779236
3.78703212738		3.17486381531
3.79065799713		1.75403785706
3.79429411888		1.31764125824
3.79790711403		2.69787216187
3.80153203011		3.82945823669
3.80516600609		3.41335964203
3.80890798569		1.9823846817
3.81253409386		1.2516746521
3.81616091728		2.40355873108
3.81978392601		3.74319458008
3.82341003418		3.58588886261
3.82703709602		2.27669906616
3.83066296577		1.25674915314
3.83429312706		2.06864929199
3.83803701401		3.60618591309
3.84165596962		3.71274757385
3.84528803825		2.51519489288
3.84904789925		1.3024187088
3.85266709328		1.85045146942
3.85629105568		3.4235086441
3.85991501808		3.80408668518
3.86354112625		2.77398777008
3.867166996		1.45972442627
3.87079310417		1.58150959015
3.87442207336		3.15456676483
3.87804198265		3.84468173981
3.88166904449		3.05815315247
3.88529396057		1.66269874573
3.88891911507		1.38360881805
3.89254403114		2.82473182678
3.89617204666		3.82945823669
3.89979505539		3.3118724823
3.90342211723		1.9214925766
3.90705704689		1.27704620361
3.91067194939		2.48474884033
3.91430592537		3.74826812744
3.91792297363		3.5199213028
3.9215490818		2.21073246002
3.92517995834		1.26182365417
3.9289419651		2.20565795898
3.93254899979		3.62648391724
3.93617796898		3.66200447083
3.93980002403		2.45937633514
3.94342589378		1.3125667572
3.9470539093		1.8707485199
3.95067811012		3.4235086441
3.95430994034		3.77871513367
3.95792794228		2.74861621857
3.96155405045		1.45464992523
3.96518707275		1.61703014374
3.9689309597		3.20023536682
3.9725549221		3.82438468933
3.97618198395		2.98203754425
3.97980690002		1.61703014374
3.98343205452		1.43435192108
3.98705792427		2.89577293396
3.99068212509		3.81931018829
3.99433112144		3.23575687408
3.99806499481		1.82507896423
4.00168609619		1.32271575928
4.00531005859		2.62175655365
4.00895190239		3.77364063263
4.01256012917		3.4336566925
4.01619410515		2.09402179718
4.01982092857		1.27197170258
4.02343797684		2.27669906616
4.02706289291		3.64678096771
4.03068590164		3.61126041412
4.03431892395		2.38833522797
4.03793001175		1.3125667572
4.04155707359		1.94178962708
4.04518795013		3.46917819977
4.04894208908		3.71782207489
4.05256390572		2.63190555573
4.05619311333		1.40898036957
4.05981707573		1.71851730347
4.06344294548		3.25605392456
4.06706809998		3.78886318207
4.07069206238		2.91099643707
4.07432198524		1.58150959015
4.07796192169		1.5003194809
4.08156991005		2.96681404114
4.08520102501		3.80916118622
4.08896398544		3.12919425964
4.09257006645		1.77940940857
4.09619903564		1.36838531494
4.09982299805		2.69279766083
4.10344910622		3.77364063263
4.10707592964		3.36769008636
4.11069893837		2.04327774048
4.11433005333		1.3024187088
4.11794900894		2.35788917542
4.12157511711		3.66707897186
4.12520694733		3.54529380798
4.12895011902		2.27669906616
4.13258004189		1.30749225616
4.13620400429		2.0838727951
4.13982605934		3.52499580383
4.14345407486		3.67215251923
4.14707899094		2.56593894958
4.15070199966		1.39883136749
4.15433812141		1.79463291168
4.15795493126		3.30679798126
4.16158103943		3.75841712952
4.16521191597		2.83488082886
4.16897296906		1.52061653137
4.17258310318		1.59165763855
4.17620801926		3.08352470398
4.17983102798		3.78886318207
4.18345808983		3.0632276535
4.18708491325		1.73881530762
4.19070792198		1.41405487061
4.19434189796		2.76891326904
4.1979598999		3.75841712952
4.20158600807		3.30172348022
4.20521593094		1.97731018066
4.20896291733		1.33793926239
4.21258711815		2.4898223877
4.21621489525		3.69245052338
4.21983790398		3.46917819977
4.22346305847		2.22088050842
4.22709012032		1.31764125824
4.23071908951		2.16506290436
4.2343480587		3.55544185638
4.23795795441		3.62648391724
4.24158191681		2.51012039185
4.24521899223		1.38360881805
4.24898600578		1.9214925766
4.25259494781		3.38798809052
4.25621891022		3.71274757385
4.25984311104		2.72831821442
4.26346898079		1.49524497986
4.26709794998		1.65762519836
4.27072000504		3.13426876068
4.2743499279		3.76349163055
4.27797007561		3.00233459473
4.28159499168		1.69822025299
4.28522896767		1.47494697571
4.28897094727		2.88562393188
4.29259800911		3.75841712952
4.29622411728		3.20023536682
4.29984807968		1.89104652405
4.3034760952		1.37345981598
4.30710101128		2.57101249695
4.31072402		3.69752502441
4.31435799599		3.40828514099
4.31797599792		2.16506290436
4.32160210609		1.33793926239
4.32522797585		2.25640106201
4.32899403572		3.60618591309
4.33260297775		3.55036830902
4.33622908592		2.38833522797
4.33985304832		1.37345981598
4.34347891808		1.99253368378
4.34710597992		3.4235086441
4.35072898865		3.66707897186
4.35436296463		2.66235160828
4.35798692703		1.48509597778
4.36160612106		1.71851730347
4.36523795128		3.20530986786
4.36898493767		3.72797107697
4.3726079464		2.88562393188
4.37623500824		1.62717819214
4.37985897064		1.55106258392
4.38348412514		2.9515914917
4.38711190224		3.74319458008
4.39073491096		3.13934326172
4.39436912537		1.85045146942
4.39798498154		1.41405487061
4.40161204338		2.6420545578
4.40523791313		3.69752502441
4.40900707245		3.3118724823
4.41261410713		2.06357479095
4.41624307632		1.3633108139
4.41986489296		2.37818622589
4.42348909378		3.61126041412
4.42711591721		3.49454975128
4.43074011803		2.32744312286
4.43437194824		1.38360881805
4.43798208237		2.06357479095
4.44161009789		3.44888019562
4.44524002075		3.61126041412
4.44899606705		2.55578994751
4.45261907578		1.46479797363
4.4562458992		1.85045146942
4.45986890793		3.26620292664
4.4634950161		3.67722702026
4.46712207794		2.82473182678
4.47075295448		1.6119556427
4.47437810898		1.63732719421
4.47799706459		3.0124835968
4.48162007332		3.71274757385
4.48525309563		3.05815315247
4.48901700974		1.77940940857
4.49262404442		1.50539302826
4.49625110626		2.76891326904
4.49987506866		3.68737602234
4.50349903107		3.24590492249
4.50712800026		2.01790523529
4.51075100899		1.41912937164
4.51438212395		2.45937633514
4.51800107956		3.60618591309
4.52162790298		3.42858314514
4.52525901794		2.26655006409
4.52900290489		1.40898036957
4.53262805939		2.20058345795
4.53625702858		3.49962425232
4.53987908363		3.54529380798
4.54350495338		2.49997138977
4.54713201523		1.46987247467
4.55075597763		1.92656707764
4.55438303947		3.30679798126
4.55800890923		3.64170646667
4.56163191795		2.7536907196
4.56526398659		1.59165763855
4.56901907921		1.73881530762
4.5726249218		3.10889720917
4.57626509666		3.6823015213
4.5798869133		2.9617395401
4.58351612091		1.74388885498
4.58713793755		1.55613708496
4.59076189995		2.83488082886
4.59439396858		3.67215251923
4.59801197052		3.18501281738
4.60163903236		1.9722366333
4.60526990891		1.45972442627
4.6090130806		2.59638500214
4.61265492439		3.62648391724
4.61626601219		3.34231853485
4.61989092827		2.17521095276
4.62351608276		1.42927742004
4.62714195251		2.2817735672
4.63076591492		3.51484680176
4.63439893723		3.48947525024
4.63801002502		2.43907928467
4.64163708687		1.47494697571
4.64526605606		2.01283168793
4.64903903008		3.38291358948
4.65264511108		3.58081436157
4.6562731266		2.6420545578
4.65989589691		1.55613708496
4.66352200508		1.80478191376
4.66714811325		3.15964031219
4.67077302933		3.65185546875
4.67440390587		2.89069843292
4.6780230999		1.71344280243
4.68164801598		1.60688114166
4.68528199196		2.91099643707
4.68902492523		3.65692996979
4.69264912605		3.08352470398
4.69628190994		1.88597202301
4.69990110397		1.50539302826
4.70352697372		2.6522026062
4.70715308189		3.6214094162
4.7107770443		3.28142547607
4.7144100666		2.11939334869
4.71802711487		1.44957542419
4.72165393829		2.35788917542
4.72528409958		3.53514480591
4.72904610634		3.41335964203
4.73265600204		2.33251667023
4.73628306389		1.45972442627
4.73990702629		2.11939334869
4.74353289604		3.41335964203
4.74715590477		3.54021930695
4.75078296661		2.58116149902
4.75441789627		1.54091453552
4.75803208351		1.86567401886
4.76165795326		3.20530986786
4.76529312134		3.61633491516
4.76903510094		2.78921127319
4.77266097069		1.65762519836
4.77628803253		1.69314575195
4.77991104126		3.00233459473
4.78353905678		3.64170646667
4.78716397285		3.02263259888
4.79078793526		1.84537696838
4.79442000389		1.54598808289
4.79803800583		2.72324466705
4.80166196823		3.6214094162
4.80529499054		3.21545886993
4.80906295776		2.02297973633
4.81266403198		1.48002147675
4.81629395485		2.47967433929
4.81991696358		3.56051635742
4.82354307175		3.36261558533
4.82717108727		2.27162456512
4.83079195023		1.46987247467
4.8344271183		2.19043445587
4.83803510666		3.4336566925
4.84166002274		3.50469875336
4.84529209137		2.51012039185
4.84904909134		1.51554203033
4.85267210007		1.9722366333
4.85629796982		3.29157447815
4.85992097855		3.58081436157
4.86354708672		2.72324466705
4.86717391014		1.63225269318
4.87079811096		1.74896335602
4.87443208694		3.0632276535
4.87804889679		3.6214094162
4.88167500496		2.9617395401
4.88530802727		1.79970741272
4.88906812668		1.61703014374
4.89267492294		2.83488082886
4.89630293846		3.6214094162
4.89992809296		3.13426876068
4.90355205536		1.97731018066
4.90718102455		1.5104675293
4.91080307961		2.55071544647
4.91443490982		3.5706653595
4.91805291176		3.31694602966
4.92168593407		2.22088050842
4.92531204224		1.48002147675
4.92905497551		2.30714511871
4.93268108368		3.47932624817
4.93631005287		3.43873119354
4.93993091583		2.42385578156
4.943557024		1.5104675293
4.94718408585		2.03820323944
4.95080804825		3.3220205307
4.95444107056		3.54021930695
4.95805907249		2.66235160828
4.96168494225		1.60688114166
4.96531605721		1.81493091583
4.96907806396		3.15456676483
4.97269105911		3.59096240997
4.97631311417		2.86025238037
4.97993707657		1.74388885498
4.98356389999		1.66269874573
4.98719000816		2.89577293396
4.99081301689		3.61126041412
4.99444699287		3.08352470398
4.99806404114		1.93671607971
0.000128030776978		1.49017047882
0.00499200820923		0.180980682373
0.00873804092407		0.942137718201
0.0124011039734		3.11904525757
0.0161051750183		4.92552471161
0.0197360515594		4.59061527252
0.0233662128448		2.61668205261
0.0269820690155		0.754385948181
0.0306241512299		0.216501235962
0.0342350006104		1.51554203033
0.0378570556641		3.7837896347
0.0414841175079		5.06760692596
0.0451102256775		4.14406967163
0.0487351417542		2.04835224152
0.0523881912231		0.424551010132
0.055985212326		0.389030456543
0.0596091747284		2.10924434662
0.0632421970367		4.31659889221
0.0668630599976		5.03716087341
0.0704851150513		3.58588886261
0.0741550922394		1.47494697571
0.0778701305389		0.216501235962
0.0814981460571		0.759459495544
0.0851221084595		2.83488082886
0.0887501239777		4.7732925415
0.0924110412598		4.76821899414
0.096125125885		2.86025238037
0.099748134613		0.916765213013
0.103375196457		0.180980682373
0.106998205185		1.28719520569
0.110630989075		3.55544185638
0.114250183105		5.02701187134
0.117876052856		4.34197044373
0.121502161026		2.2817735672
0.125126123428		0.546336174011
0.128751039505		0.297691345215
0.132385015488		1.86059951782
0.136003017426		4.10854911804
0.139628171921		5.072681427
0.143254041672		3.83960723877
0.146880149841		1.70836830139
0.150504112244		0.282468795776
0.154258012772		0.607228279114
0.157880067825		2.57101249695
0.161507129669		4.62106132507
0.165131092072		4.89507770538
0.168760061264		3.17993831635
0.172392129898		1.1501865387
0.176008224487		0.180980682373
0.179633140564		1.01825332642
0.183260202408		3.20023536682
0.186892032623		4.93059825897
0.190509080887		4.56016921997
0.194260120392		2.52534389496
0.19788312912		0.688418388367
0.201508998871		0.231724739075
0.205136060715		1.60688114166
0.208762168884		3.89035129547
0.212393045425		5.07775592804
0.216006040573		4.06287956238
0.219630002975		1.94686412811
0.223273038864		0.378881454468
0.226891994476		0.434700012207
0.23051404953		2.25132751465
0.234264135361		4.4536075592
0.237889051437		4.98641681671
0.241516113281		3.4336566925
0.245142221451		1.34808731079
0.248768091202		0.201278686523
0.252399206161		0.830501556396
0.256017208099		2.94651699066
0.259642124176		4.81896209717
0.26326918602		4.73269748688
0.266898155212		2.8399553299
0.270518064499		0.876170158386
0.274270057678		0.191129684448
0.277896165848		1.37345981598
0.281521081924		3.64678096771
0.285145998001		5.04730892181
0.288771152496		4.26078033447
0.29240322113		2.17521095276
0.296022176743		0.49559211731
0.299654006958		0.338286399841
0.303274154663		1.95701313019
0.30689907074		4.19481372833
0.310524225235		5.05238342285
0.314274072647		3.67215251923
0.317898988724		1.561211586
0.321525096893		0.252021789551
0.325152158737		0.668121337891
0.328778028488		2.67757511139
0.332406997681		4.69210338593
0.336026191711		4.85448265076
0.339652061462		3.09367370605
0.343279123306		1.06899738312
0.346904039383		0.170831680298
0.350527048111		1.1400384903
0.354281187057		3.39306259155
0.35790514946		4.99149131775
0.361530065536		4.4536075592
0.365158081055		2.41878128052
0.368781089783		0.632600784302
0.372413158417		0.257096290588
0.376032114029		1.70836830139
0.379658222198		3.97661590576
0.383283138275		5.072681427
0.386909008026		3.97154140472
0.390533208847		1.83015346527
0.394285202026		0.323062896729
0.397910118103		0.51589012146
0.401533126831		2.40355873108
0.405160188675		4.52464866638
0.408788204193		4.95597076416
0.412422180176		3.32709503174
0.416036128998		1.26689815521
0.419661998749		0.186055183411
0.423288106918		0.901542663574
0.426913022995		3.04800415039
0.430540084839		4.88492965698
0.434294223785		4.62106132507
0.437913179398		2.66742610931
0.441540002823		0.784832000732
0.445165157318		0.201278686523
0.448790073395		1.46479797363
0.452421188354		3.74319458008
0.456041097641		5.06253242493
0.459666013718		4.18466472626
0.463292121887		2.0838727951
0.466913223267		0.449922561646
0.470537185669		0.378881454468
0.474296092987		2.14476490021
0.477918148041		4.34197044373
0.481545209885		5.02701187134
0.485169172287		3.57573986053
0.488798141479		1.46479797363
0.492426156998		0.226650238037
0.49604511261		0.729013442993
0.499672174454		2.78413677216
0.503298997879		4.74284648895
0.506926059723		4.80373954773
0.510548114777		2.96681404114
0.514300107956		0.957360267639
0.517924070358		0.175906181335
0.521550178528		1.24152565002
0.525181055069		3.48947525024
0.528801202774		5.01686286926
0.532432079315		4.38256549835
0.536051034927		2.32744312286
0.539676189423		0.571707725525
0.543322086334		0.282468795776
0.546929121017		1.80985641479
0.55055308342		4.11869812012
0.554306030273		5.06760692596
0.557929039001		3.80408668518
0.561556100845		1.69314575195
0.565181016922		0.292616844177
0.568808078766		0.5818567276
0.5724401474		2.51519489288
0.576055049896		4.58554077148
0.57968211174		4.92045021057
0.58330821991		3.24083042145
0.586933135986		1.18570804596
0.590559005737		0.175906181335
0.594310045242		1.03855037689
0.59793305397		3.23068237305
0.601561069489		4.94074726105
0.605186223984		4.55509471893
0.608810186386		2.57101249695
0.612442016602		0.718864440918
0.616061210632		0.221575737
0.619687080383		1.561211586
0.62331199646		3.83453273773
0.626940011978		5.06760692596
0.630564212799		4.05273151398
0.634318113327		1.91641807556
0.637944221497		0.378881454468
0.641568183899		0.444848060608
0.645190000534		2.24117851257
0.648818016052		4.41301250458
0.65244603157		5.00164031982
0.656066179276		3.48440074921
0.659692049026		1.38868236542
0.663323163986		0.206352233887
0.666947126389		0.800054550171
0.670608043671		2.91607093811
0.674324035645		4.83418560028
0.67794418335		4.7124004364
0.681572198868		2.80950832367
0.68519616127		0.876170158386
0.688821077347		0.191129684448
0.692447185516		1.33286476135
0.696071147919		3.59096240997
0.699696063995		5.03716087341
0.703323125839		4.3013753891
0.706948041916		2.2310295105
0.710607051849		0.510815620422
0.714318990707		0.333211898804
0.717941999435		1.9823846817
0.721571207047		4.22018527985
0.725202083588		5.06253242493
0.72882604599		3.71782207489
0.732458114624		1.59165763855
0.736082077026		0.262170791626
0.739701032639		0.642748832703
0.743327140808		2.62175655365
0.746953010559		4.6515083313
0.750639200211		4.85448265076
0.754327058792		3.0632276535
0.757952213287		1.05884838104
0.761579990387		0.175906181335
0.765205144882		1.11466598511
0.768829107285		3.32709503174
0.772462129593		4.9711933136
0.776080131531		4.48912811279
0.779706001282		2.46952533722
0.783332109451		0.657972335815
0.786959171295		0.236799240112
0.790619134903		1.67792224884
0.794208049774		3.93602085114
0.797834157944		5.07775592804
0.801460027695		4.00706195831
0.80508518219		1.89104652405
0.808709144592		0.363657951355
0.812372207642		0.465146064758
0.815962076187		2.27669906616
0.819586038589		4.43330955505
0.823211193085		4.99656581879
0.82683801651		3.45395469666
0.830465078354		1.32779026031
0.834216117859		0.196204185486
0.837841033936		0.866022109985
0.841464996338		2.99218654633
0.845091104507		4.84433460236
0.848713159561		4.70225143433
0.852384090424		2.76383876801
0.856092214584		0.810203552246
0.859718084335		0.191129684448
0.863352060318		1.42420387268
0.866970062256		3.69245052338
0.870600223541		5.05745792389
0.874218225479		4.22018527985
0.877843141556		2.12954235077
0.8814702034		0.475295066833
0.885094165802		0.353509902954
0.888720035553		2.00775718689
0.892384052277		4.25570678711
0.89609503746		5.03716087341
0.89972114563		3.62648391724
0.903347015381		1.51554203033
0.90697312355		0.24187374115
0.910604000092		0.698567390442
0.914221048355		2.72831821442
0.91784620285		4.7124004364
0.921474218369		4.83926010132
0.925098180771		3.04292964935
0.928724050522		1.03855037689
0.932438135147		0.175906181335
0.936100006104		1.2009305954
0.939725160599		3.44380569458
0.943354129791		5.00671482086
0.946977138519		4.41301250458
0.950609207153		2.36803817749
0.954228162766		0.607228279114
0.957854032516		0.272319793701
0.961479187012		1.75403785706
0.965099096298		4.02228546143
0.968723058701		5.072681427
0.972393989563		3.90557384491
0.975986003876		1.80478191376
0.979605197906		0.323062896729
0.983239173889		0.510815620422
0.986857175827		2.37818622589
0.990482091904		4.52972316742
0.994237184525		4.94074726105
0.997857093811		3.28649997711
1.00148415565		1.23137664795
1.00510716438		0.180980682373
1.00873398781		0.947212219238
1.01239609718		3.12411975861
1.01598405838		4.88492965698
1.01961016655		4.63121032715
1.02323913574		2.68772315979
1.02686214447		0.805129051208
1.03048610687		0.206352233887
1.03423810005		1.5104675293
1.03786301613		3.7837896347
1.04149007797		5.072681427
1.04511404037		4.14406967163
1.04873919487		2.0331287384
1.05240106583		0.414402008057
1.05599021912		0.389030456543
1.05961608887		2.11431884766
1.06324100494		4.32167339325
1.06686615944		5.03208637238
1.07049012184		3.57573986053
1.07411813736		1.49524497986
1.07774209976		0.236799240112
1.08136820793		0.713790893555
1.08499312401		2.7536907196
1.08862400055		4.72254943848
1.09228205681		4.80881404877
1.09599518776		2.94144248962
1.09962010384		0.967509269714
1.10324716568		0.175906181335
1.10687112808		1.21615409851
1.11049509048		3.48440074921
1.11424708366		5.03208637238
1.11787319183		4.34197044373
1.12149906158		2.27669906616
1.12512302399		0.546336174011
1.12876605988		0.302765846252
1.13238620758		1.86567401886
1.13599920273		4.11362361908
1.1396241188		5.06760692596
1.14325118065		3.83453273773
1.14687609673		1.71344280243
1.1505010128		0.297691345215
1.15424609184		0.602153778076
1.15786910057		2.56086444855
1.16149806976		4.62106132507
1.16512799263		4.90015220642
1.16875314713		3.19008731842
1.17238712311		1.1501865387
1.1760032177		0.175906181335
1.17963004112		1.01317882538
1.18325805664		3.20530986786
1.18687915802		4.92552471161
1.19050621986		4.56016921997
1.19413304329		2.5913105011
1.19775605202		0.739162445068
1.20138812065		0.216501235962
1.20500802994		1.54091453552
1.20863413811		3.80916118622
1.21229600906		5.072681427
1.21600103378		4.06287956238
1.21962618828		1.94686412811
1.22326922417		0.389030456543
1.22688817978		0.439774513245
1.23050999641		2.24117851257
1.23413705826		4.39778900146
1.23776221275		5.01178836823
1.2413880825		3.50977325439
1.24501419067		1.40898036957
1.24864006042		0.216501235962
1.2523021698		0.78990650177
1.255890131		2.87040138245
1.2595140934		4.78344154358
1.26314115524		4.76821899414
1.26676416397		2.91099643707
1.2703909874		0.931988716125
1.2741420269		0.186055183411
1.2777659893		1.3125667572
1.28139305115		3.56051635742
1.28501915932		5.03208637238
1.28864216805		4.31659889221
1.29230999947		2.2310295105
1.29601812363		0.49559211731
1.29964518547		0.328137397766
1.30327010155		1.95193862915
1.30689716339		4.19988822937
1.31052207947		5.05745792389
1.31427812576		3.66707897186
1.31789803505		1.55613708496
1.32152199745		0.246947288513
1.32514619827		0.663046836853
1.3287730217		2.67757511139
1.33240699768		4.68702888489
1.33602309227		4.85448265076
1.33965015411		3.08859920502
1.34327507019		1.07914543152
1.34689903259		0.180980682373
1.35052609444		1.1400384903
1.35428118706		3.38798809052
1.35790205002		4.98641681671
1.36152815819		4.4536075592
1.36515307426		2.42385578156
1.36877799034		0.632600784302
1.37241220474		0.252021789551
1.37602901459		1.70329380035
1.37965321541		3.97661590576
1.3832821846		5.07775592804
1.386906147		3.96139240265
1.39053106308		1.83015346527
1.39428114891		0.317989349365
1.39790606499		0.526038169861
1.40153312683		2.40863323212
1.40515804291		4.52464866638
1.40878200531		4.95597076416
1.41241502762		3.33216953278
1.41603207588		1.27197170258
1.41965913773		0.186055183411
1.42328619957		0.901542663574
1.42691922188		3.05307865143
1.43053507805		4.88492965698
1.434289217		4.62613582611
1.43791222572		2.66742610931
1.4415371418		0.784832000732
1.44516301155		0.201278686523
1.44878602028		1.46987247467
1.45241808891		3.74319458008
1.45603919029		5.06253242493
1.45966410637		4.18466472626
1.4632871151		2.0838727951
1.46690917015		0.454997062683
1.47053313255		0.378881454468
1.47416615486		2.06864929199
1.4777970314		4.28107833862
1.48141813278		5.04730892181
1.48504304886		3.64678096771
1.48866701126		1.54091453552
1.49234318733		0.236799240112
1.49604415894		0.729013442993
1.49966907501		2.78413677216
1.50329518318		4.74284648895
1.50692009926		4.80881404877
1.51054501534		2.97188854218
1.51417207718		0.997955322266
1.51779603958		0.175906181335
1.52142119408		1.18063354492
1.52504706383		3.41843414307
1.52867221832		4.99149131775
1.53238201141		4.39778900146
1.53604912758		2.32236862183
1.53967905045		0.576782226562
1.54330301285		0.282468795776
1.54692411423		1.80478191376
1.5505502224		4.08317756653
1.5541779995		5.072681427
1.55780100822		3.88527679443
1.56142807007		1.76418685913
1.56505322456		0.30784034729
1.56867814064		0.531112670898
1.57233810425		2.45937633514
1.57592916489		4.54494571686
1.57955408096		4.95089626312
1.58318018913		3.3118724823
1.58680510521		1.24660015106
1.59043216705		0.180980682373
1.59418201447		0.982732772827
1.59780716896		3.14949226379
1.60143303871		4.90522670746
1.60505700111		4.6007642746
1.60868215561		2.6522026062
1.61234307289		0.759459495544
1.61593413353		0.206352233887
1.61955809593		1.48509597778
1.62318515778		3.76349163055
1.62680912018		5.06253242493
1.63043403625		4.12884712219
1.63418722153		1.9823846817
1.63781118393		0.404253005981
1.64143610001		0.409327507019
1.64506316185		2.1701374054
1.64868617058		4.36226844788
1.65235710144		5.01686286926
1.6560652256		3.47425174713
1.65968799591		1.38868236542
1.66331410408		0.211426734924
1.66693902016		0.800054550171
1.67056512833		2.91099643707
1.6741900444		4.79866504669
1.6778151989		4.75806999207
1.68144202232		2.89069843292
1.68507313728		0.931988716125
1.68869304657		0.170831680298
1.69235706329		1.28212070465
1.6960670948		3.59096240997
1.69969415665		5.04223537445
1.70332121849		4.3013753891
1.70694613457		2.2310295105
1.71059703827		0.505741119385
1.71419215202		0.312914848328
1.71781301498		1.90119457245
1.72144317627		4.15421867371
1.72507309914		5.06253242493
1.72869706154		3.7837896347
1.73236107826		1.65255069733
1.73594713211		0.28754234314
1.73957419395		0.592005729675
1.74320006371		2.5405664444
1.74682617188		4.6007642746
1.75044798851		4.90522670746
1.75407600403		3.21545886993
1.75770020485		1.17555904388
1.76132702827		0.170831680298
1.76495814323		0.997955322266
1.76857709885		3.17486381531
1.77221012115		4.92045021057
1.77582812309		4.59061527252
1.77945208549		2.62175655365
1.78308010101		0.754385948181
1.78670406342		0.211426734924
1.79032921791		1.5104675293
1.79395699501		3.7837896347
1.79758000374		5.06760692596
1.80120801926		4.13899612427
1.80483102798		2.04327774048
1.80846118927		0.429625511169
1.81208920479		0.389030456543
1.81570720673		2.10924434662
1.8193321228		4.31152439117
1.82296013832		5.03716087341
1.82658410072		3.60618591309
1.83021116257		1.49524497986
1.83384013176		0.226650238037
1.83746218681		0.708716392517
1.84109115601		2.76383876801
1.84471106529		4.72254943848
1.84833502769		4.82403659821
1.85196900368		3.00740909576
1.85558700562		1.02332782745
1.85921216011		0.175906181335
1.86284017563		1.15526103973
1.86646318436		3.38291358948
1.87008905411		4.98641681671
1.87371516228		4.45868110657
1.87734603882		2.42893028259
1.88097405434		0.632600784302
1.88460206985		0.252021789551
1.888215065		1.69822025299
1.89184999466		3.98676395416
1.89546608925		5.07775592804
1.89909410477		3.97154140472
1.90271806717		1.85045146942
1.90634322166		0.343360900879
1.90996813774		0.485443115234
1.91359615326		2.32744312286
1.91724419594		4.47897911072
1.92085313797		4.97626781464
1.92447113991		3.41335964203
1.92809700966		1.32779026031
1.93172907829		0.201278686523
1.93534612656		0.845724105835
1.93897414207		2.9617395401
1.94259905815		4.82911109924
1.94622302055		4.72254943848
1.94984722137		2.82473182678
1.95347499847		0.881244659424
1.95710015297		0.180980682373
1.96072721481		1.32779026031
1.96434307098		3.58081436157
1.96796822548		5.04223537445
1.97159814835		4.3013753891
1.97522902489		2.2310295105
1.97885203362		0.520963668823
1.98248505592		0.317989349365
1.98610210419		1.90119457245
1.98973417282		4.15421867371
1.99335598946		5.06760692596
1.99698114395		3.79393768311
2.00061321259		1.6728477478
2.00423002243		0.282468795776
2.00785708427		0.586931228638
2.01148700714		2.53549194336
2.01510620117		4.6007642746
2.01873111725		4.9103012085
2.02244520187		3.16471481323
2.0261092186		1.11466598511
2.02973413467		0.170831680298
2.03336000443		1.05377388
2.03698420525		3.25097942352
2.04061698914		4.94582176208
2.0442340374		4.54494571686
2.04786014557		2.55071544647
2.0514922142		0.708716392517
2.05511116982		0.226650238037
2.05873703957		1.57643508911
2.06240415573		3.87512779236
2.06611299515		5.072681427
2.06973910332		4.02228546143
2.07336521149		1.90626907349
2.07698917389		0.368732452393
2.0806221962		0.460071563721
2.08424019814		2.26147556305
2.08786511421		4.43330955505
2.09149909019		5.00164031982
2.09511709213		3.46410369873
2.0987432003		1.37345981598
2.10241007805		0.201278686523
2.10611605644		0.860947608948
2.10974502563		2.99218654633
2.1133711338		4.83418560028
2.11699414253		4.70225143433
2.12062621117		2.78921127319
2.12424516678		0.876170158386
2.12787008286		0.186055183411
2.13150215149		1.34808731079
2.1351211071		3.60618591309
2.13874721527		5.04223537445
2.14245605469		4.24555778503
2.14612412453		2.13461589813
2.14974713326		0.475295066833
2.15337610245		0.343360900879
2.15700006485		2.00775718689
2.16062521935		4.23540878296
2.1642510891		5.05745792389
2.1678750515		3.70259952545
2.17150902748		1.58150959015
2.17512607574		0.262170791626
2.17875409126		0.652897834778
2.18238306046		2.64712810516
2.18600320816		4.6616563797
2.18962907791		4.86970615387
2.19325518608		3.11904525757
2.19687700272		1.10451793671
2.20050311089		0.175906181335
2.20425510406		1.12988948822
2.20787906647		3.35246753693
2.21151399612		4.98134231567
2.21512913704		4.48405361176
2.21875		2.45430183411
2.22245407104		0.622451782227
2.22613215446		0.267245292664
2.22975707054		1.74896335602
2.23338413239		4.01721096039
2.23701119423		5.072681427
2.24064207077		3.92079734802
2.24426102638		1.80985641479
2.24788618088		0.333211898804
2.25151920319		0.510815620422
2.25513505936		2.36803817749
2.2587621212		4.50435066223
2.26239514351		4.96611976624
2.26601219177		3.36769008636
2.26963806152		1.29226970673
2.27326416969		0.191129684448
2.2768881321		0.876170158386
2.28051304817		3.04292964935
2.28426599503		4.89507770538
2.28788900375		4.64135932922
2.29152202606		2.69279766083
2.29513907433		0.800054550171
2.29876613617		0.196204185486
2.30239915848		1.44450092316
2.30601906776		3.70767402649
2.30964303017		5.05238342285
2.31327414513		4.20496273041
2.31689310074		2.11939334869
2.32051920891		0.444848060608
2.32427310944		0.389030456543
2.32790112495		2.10924434662
2.33153104782		4.32167339325
2.33514618874		5.03716087341
2.33877205849		3.60618591309
2.3424050808		1.49524497986
2.34602212906		0.236799240112
2.34964704514		0.708716392517
2.35327506065		2.7536907196
2.35690116882		4.72762393951
2.36052322388		4.81388759613
2.36415314674		3.02263259888
2.36777305603		1.02332782745
2.37140822411		0.175906181335
2.37502503395		1.15526103973
2.37865209579		3.38291358948
2.38231515884		4.99149131775
2.3860270977		4.4028635025
2.38965415955		2.36296367645
2.39328122139		0.597080230713
2.39690208435		0.267245292664
2.40052914619		1.79463291168
2.40415716171		4.03750801086
2.40778017044		5.072681427
2.41140699387		3.90557384491
2.41503214836		1.78955841064
2.41865611076		0.317989349365
2.42236399651		0.546336174011
2.42604804039		2.49997138977
2.4296631813		4.57031822205
2.43328714371		4.92552471161
2.43691301346		3.2611284256
2.44055819511		1.18570804596
2.44428920746		0.175906181335
2.44791817665		1.01825332642
2.45154619217		3.20023536682
2.45516610146		4.93059825897
2.45879101753		4.57539176941
2.46242213249		2.59638500214
2.4660410881		0.744236946106
2.46966719627		0.211426734924
2.47330522537		1.55106258392
2.47691702843		3.80916118622
2.4805431366		5.072681427
2.48429322243		4.05780601501
2.48792004585		1.94178962708
2.49155020714		0.383955955505
2.49516916275		0.434700012207
2.49879407883		2.21580600739
2.50242710114		4.39778900146
2.5060441494		5.01178836823
2.50967121124		3.50977325439
2.51329612732		1.40390586853
2.51692199707		0.216501235962
2.52054810524		0.815278053284
2.52430105209		2.94144248962
2.52792310715		4.81388759613
2.5315580368		4.72762393951
2.53517413139		2.82980632782
2.53880000114		0.901542663574
2.54243206978		0.180980682373
2.54605007172		1.30749225616
2.54967498779		3.56559085846
2.55330610275		5.03208637238
2.5569190979		4.32674789429
2.5605430603		2.21073246002
2.56430602074		0.49559211731
2.56792807579		0.333211898804
2.57156300545		1.96208763123
2.57517814636		4.18973922729
2.57880401611		5.06253242493
2.5824379921		3.74319458008
2.58605504036		1.62717819214
2.58968114853		0.272319793701
2.59330606461		0.617377281189
2.59693217278		2.5913105011
2.60055804253		4.64643383026
2.60430812836		4.85955715179
2.60793304443		3.09367370605
2.61156702042		1.07407093048
2.61518502235		0.170831680298
2.61880803108		1.09436893463
2.62244105339		3.3118724823
2.62606215477		4.96611976624
2.62968611717		4.50435066223
2.63331604004		2.4898223877
2.63693714142		0.683343887329
2.64056420326		0.252021789551
2.64431405067		1.70329380035
2.6479370594		3.97661590576
2.65157198906		5.07775592804
2.65518903732		3.97661590576
2.65881419182		1.85552597046
2.66244602203		0.348435401917
2.66607022285		0.485443115234
2.66969108582		2.32744312286
2.67331719398		4.48405361176
2.67694115639		4.98641681671
2.68060421944		3.38798809052
2.68431901932		1.26689815521
2.68794202805		0.191129684448
2.69157505035		0.906617164612
2.69519305229		3.05307865143
2.69881916046		4.86463165283
2.70245099068		4.66673088074
2.70606899261		2.74354171753
2.70969510078		0.83557510376
2.71332812309		0.191129684448
2.7169470787		1.39375686646
2.72064113617		3.70259952545
2.72432398796		5.06760692596
2.72794699669		4.18466472626
2.73158121109		2.0838727951
2.73519706726		0.449922561646
2.73882222176		0.368732452393
2.74245810509		2.06357479095
2.74607515335		4.27600383759
2.74970316887		5.04730892181
2.75332212448		3.64170646667
2.75694298744		1.54598808289
2.76056599617		0.24187374115
2.76432919502		0.734087944031
2.76795220375		2.77906227112
2.77158403397		4.74284648895
2.77520298958		4.80373954773
2.77884602547		2.97696304321
2.78246307373		1.0030298233
2.78608012199		0.170831680298
2.78970503807		1.18063354492
2.79333400726		3.4235086441
2.79695606232		4.99656581879
2.80062007904		4.42316055298
2.80433320999		2.31221961975
2.80796003342		0.571707725525
2.81159114838		0.282468795776
2.81520819664		1.80478191376
2.81883215904		4.06287956238
2.82246613503		5.06760692596
2.82608819008		3.8802022934
2.82971215248		1.75911235809
2.83333611488		0.312914848328
2.83696222305		0.536187171936
2.84066200256		2.47967433929
2.84433817863		4.58046627045
2.84796118736		4.92045021057
2.85159516335		3.23575687408
2.85521411896		1.18570804596
2.85883808136		0.175906181335
2.86247205734		0.97765827179
2.86608815193		3.14949226379
2.86971402168		4.90015220642
2.87334513664		4.6007642746
2.87696504593		2.64712810516
2.880600214		0.76960849762
2.8842151165		0.211426734924
2.88784217834		1.49017047882
2.89148116112		3.76856613159
2.89509320259		5.06253242493
2.89871907234		4.15929317474
2.90239715576		2.02805423737
2.90609407425		0.409327507019
2.90972018242		0.414402008057
2.91334605217		2.1701374054
2.91697001457		4.3521194458
2.92060208321		5.02701187134
2.92422103882		3.56051635742
2.92784810066		1.45464992523
2.93147921562		0.221575737
2.93509721756		0.744236946106
2.93872904778		2.81965732574
2.94245815277		4.79359054565
2.94610214233		4.75299549103
2.94972515106		2.89069843292
2.95334601402		0.926914215088
2.9569671154		0.180980682373
2.96064901352		1.28719520569
2.96435213089		3.58588886261
2.96797919273		5.03208637238
2.97160410881		4.30644989014
2.97522807121		2.2310295105
2.97885203362		0.520963668823
2.98248720169		0.312914848328
2.98610305786		1.90119457245
2.98973011971		4.14914417267
2.99335598946		5.06253242493
2.99698019028		3.78886318207
3.00061202049		1.66269874573
3.00424218178		0.277394294739
3.00785708427		0.592005729675
3.01148915291		2.5405664444
3.01510715485		4.61091327667
3.01873421669		4.90522670746
3.02244210243		3.16471481323
3.02611017227		1.11466598511
3.02973604202		0.175906181335
3.03336501122		1.06392288208
3.03698420525		3.24590492249
3.04061698914		4.94582176208
3.04423618317		4.53987121582
3.04786109924		2.55071544647
3.05149412155		0.708716392517
3.05511307716		0.221575737
3.05873799324		1.58150959015
3.06240010262		3.8802022934
3.06611299515		5.07775592804
3.06974005699		4.01213645935
3.07336521149		1.88597202301
3.07699108124		0.363657951355
3.08062314987		0.460071563721
3.08424115181		2.27162456512
3.08786702156		4.43330955505
3.09149909019		4.99656581879
3.09511613846		3.44888019562
3.09874200821		1.37345981598
3.10240602493		0.201278686523
3.10611701012		0.860947608948
3.10974407196		2.99218654633
3.11337614059		4.84433460236
3.11700201035		4.69717693329
3.12062811852		2.78921127319
3.12424707413		0.866022109985
3.12787008286		0.180980682373
3.13150405884		1.35316181183
3.13512301445		3.61633491516
3.13874602318		5.04223537445
3.14245510101		4.240483284
3.14612412453		2.12954235077
3.14974808693		0.475295066833
3.15337109566		0.353509902954
3.15699219704		1.99760818481
3.16066503525		4.25570678711
3.16438007355		5.03716087341
3.16800117493		3.62648391724
3.17163515091		1.51554203033
3.17525219917		0.236799240112
3.17887806892		0.693492889404
3.18253421783		2.74861621857
3.18625211716		4.75299549103
3.189879179		4.79866504669
3.19351005554		2.95666599274
3.19712901115		0.982732772827
3.20075702667		0.170831680298
3.20438098907		1.2009305954
3.2080051899		3.43873119354
3.21163916588		5.00164031982
3.21524906158		4.42316055298
3.21887302399		2.38326072693
3.22251701355		0.602153778076
3.22613501549		0.267245292664
3.22976517677		1.76926136017
3.23342013359		4.06287956238
3.23713517189		5.06760692596
3.24076008797		3.85990524292
3.24438714981		1.73881530762
3.24801111221		0.302765846252
3.2516810894		0.566633224487
3.25539112091		2.55578994751
3.25902700424		4.61598682404
3.26263999939		4.9103012085
3.26626515388		3.20530986786
3.26988911629		1.17048454285
3.27351522446		0.175906181335
3.27713918686		0.997955322266
3.28077220917		3.17993831635
3.28439021111		4.91537570953
3.28801512718		4.59061527252
3.29165315628		2.61668205261
3.2952671051		0.754385948181
3.29889202118		0.206352233887
3.30252408981		1.5104675293
3.30614519119		3.7837896347
3.30976915359		5.072681427
3.31339621544		4.13899612427
3.31701922417		2.04327774048
3.32065606117		0.424551010132
3.32427120209		0.383955955505
3.32789516449		2.10924434662
3.3315281868		4.32167339325
3.33514714241		5.03208637238
3.33877205849		3.60111141205
3.34241104126		1.48509597778
3.34602308273		0.236799240112
3.34964704514		0.708716392517
3.35328602791		2.77906227112
3.35701608658		4.76821899414
3.36069917679		4.7631444931
3.36440420151		2.86532688141
3.36803102493		0.916765213013
3.37165999413		0.180980682373
3.37527704239		1.28212070465
3.37890219688		3.54021930695
3.38253521919		5.03208637238
3.38615322113		4.34197044373
3.38978004456		2.27669906616
3.39340519905		0.536187171936
3.39702820778		0.297691345215
3.40066218376		1.86059951782
3.40428113937		4.103474617
3.40790605545		5.06760692596
3.41153717041		3.82945823669
3.41515612602		1.70836830139
3.41878318787		0.297691345215
3.42241406441		0.56155872345
3.42603302002		2.47967433929
3.42965912819		4.56524372101
3.4333012104		4.92045021057
3.43704915047		3.17993831635
3.44067001343		1.1501865387
3.44428706169		0.170831680298
3.44791102409		1.01317882538
3.45154309273		3.20023536682
3.45516705513		4.92552471161
3.45878720284		4.57539176941
3.46242022514		2.5913105011
3.46603798866		0.739162445068
3.46966099739		0.216501235962
3.473290205		1.55613708496
3.47691512108		3.80916118622
3.48053812981		5.072681427
3.48429012299		4.05780601501
3.48791408539		1.94686412811
3.49155020714		0.389030456543
3.49516606331		0.439774513245
3.49879217148		2.21580600739
3.50242614746		4.39778900146
3.50604200363		5.01686286926
3.50967001915		3.50469875336
3.51331400871		1.38360881805
3.51704502106		0.201278686523
3.52067613602		0.830501556396
3.5242960453		2.94651699066
3.5279211998		4.81896209717
3.53155422211		4.72254943848
3.53517103195		2.8399553299
3.53879618645		0.901542663574
3.5424311161		0.180980682373
3.54604911804		1.30749225616
3.54967308044		3.56051635742
3.55329608917		5.03208637238
3.55691719055		4.32674789429
3.56054115295		2.20058345795
3.56430506706		0.500666618347
3.56793308258		0.328137397766
3.57155919075		1.95701313019
3.5751760006		4.19988822937
3.57880115509		5.06253242493
3.58243703842		3.73812007904
3.58605217934		1.6221036911
3.58968114853		0.272319793701
3.59332299232		0.637675285339
3.59705305099		2.67250061035
3.60068702698		4.69210338593
3.60432720184		4.84433460236
3.60793113708		3.08859920502
3.61156511307		1.07407093048
3.61518120766		0.175906181335
3.61880707741		1.09436893463
3.62244009972		3.30679798126
3.62605714798		4.9610452652
3.62968301773		4.51449966431
3.63331007957		2.47967433929
3.63693404198		0.678269386292
3.64055919647		0.246947288513
3.644313097		1.70836830139
3.64793515205		3.97661590576
3.65156722069		5.072681427
3.6551861763		3.95631790161
3.6588101387		1.85045146942
3.66244316101		0.343360900879
3.66606116295		0.485443115234
3.66968822479		2.32744312286
3.67333102226		4.49420261383
3.67706418037		4.95089626312
3.68070411682		3.32709503174
3.68431520462		1.27197170258
3.68793916702		0.191129684448
3.69156718254		0.901542663574
3.69519114494		3.04292964935
3.69881510735		4.86463165283
3.70244908333		4.66673088074
3.70606708527		2.74354171753
3.70969200134		0.83557510376
3.71332120895		0.191129684448
3.71706700325		1.46479797363
3.72069501877		3.73812007904
3.72432017326		5.06253242493
3.72794413567		4.17959117889
3.73157811165		2.07879829407
3.73519420624		0.444848060608
3.73882222176		0.37380695343
3.74245405197		2.06864929199
3.74607300758		4.27092933655
3.74969816208		5.04223537445
3.75333809853		3.62648391724
3.75706505775		1.48509597778
3.76069402695		0.231724739075
3.76432514191		0.729013442993
3.76794910431		2.77906227112
3.77158308029		4.74792098999
3.77520012856		4.80881404877
3.77882599831		2.98711204529
3.78245711327		0.997955322266
3.78607606888		0.170831680298
3.78970217705		1.17555904388
3.79333519936		3.4336566925
3.79707717896		5.01178836823
3.80071210861		4.37749099731
3.80432915688		2.32744312286
3.80795407295		0.5818567276
3.81158709526		0.277394294739
3.8152050972		1.80985641479
3.81883120537		4.06287956238
3.82246398926		5.07775592804
3.82608103752		3.88527679443
3.82971000671		1.75911235809
3.83335208893		0.302765846252
3.83708310127		0.576782226562
3.84071612358		2.51519489288
3.84433412552		4.58554077148
3.84795808792		4.91537570953
3.85159111023		3.23575687408
3.85521006584		1.18570804596
3.85883522034		0.186055183411
3.86246800423		0.982732772827
3.86608815193		3.14949226379
3.86971211433		4.90015220642
3.87334012985		4.59568977356
3.87708711624		2.57608699799
3.88072013855		0.723938941956
3.88433909416		0.216501235962
3.88796520233		1.55613708496
3.89159607887		3.83960723877
3.89521598816		5.072681427
3.89883899689		4.10854911804
3.90247321129		1.98745918274
3.90609622002		0.404253005981
3.90971803665		0.409327507019
3.91336107254		2.19550895691
3.91709399223		4.41301250458
3.92072510719		5.00164031982
3.92434620857		3.47932624817
3.92797112465		1.38868236542
3.93160200119		0.211426734924
3.93522000313		0.794981002808
3.93884515762		2.88562393188
3.94247603416		4.79359054565
3.94609618187		4.75806999207
3.94972205162		2.89577293396
3.95334410667		0.92183971405
3.95696401596		0.175906181335
3.96067905426		1.3024187088
3.96435213089		3.59603691101
3.96797418594		5.03716087341
3.97160220146		4.3013753891
3.97522616386		2.21580600739
3.97885107994		0.520963668823
3.98248505592		0.312914848328
3.98610210419		1.90626907349
3.98972702026		4.15421867371
3.99337220192		5.06253242493
3.99710321426		3.71782207489
4.00073504448		1.60180664062
4.00435304642		0.267245292664
4.00797915459		0.632600784302
4.0116121769		2.62175655365
4.01523017883		4.6515083313
4.01886320114		4.86970615387
4.02249002457		3.13934326172
4.02610707283		1.11974048615
4.02973198891		0.170831680298
4.03335809708		1.06899738312
4.03698301315		3.25097942352
4.04061412811		4.94582176208
4.0442340374		4.53987121582
4.0478579998		2.55071544647
4.0514922142		0.708716392517
4.05510902405		0.226650238037
4.05873608589		1.58150959015
4.06246399879		3.92079734802
4.06611299515		5.072681427
4.06973600388		4.01213645935
4.07338118553		1.8707485199
4.07712817192		0.338286399841
4.08074808121		0.49559211731
4.08436512947		2.35281467438
4.08798909187		4.48912811279
4.09162020683		4.97626781464
4.09524106979		3.38291358948
4.09886622429		1.30749225616
4.10249710083		0.191129684448
4.10611605644		0.866022109985
4.10974216461		2.99726104736
4.11336803436		4.84940910339
4.11699318886		4.69717693329
4.12062501907		2.78413677216
4.12424206734		0.871096611023
4.12787008286		0.186055183411
4.13150715828		1.35823631287
4.1351211071		3.61126041412
4.13874411583		5.04223537445
4.14246106148		4.24555778503
4.14612221718		2.13969039917
4.14974617958		0.475295066833
4.15338611603		0.353509902954
4.1571161747		2.07879829407
4.16074514389		4.29630184174
4.16437411308		5.04223537445
4.16799902916		3.62648391724
4.17163419724		1.5104675293
4.17525005341		0.24187374115
4.1788752079		0.698567390442
4.18250608444		2.73339271545
4.18612718582		4.70732593536
4.1897521019		4.82911109924
4.19337916374		3.02263259888
4.1970012188		1.04869937897
4.20063400269		0.170831680298
4.20425319672		1.13496398926
4.20788002014		3.35754108429
4.21151208878		4.98134231567
4.21512103081		4.47897911072
4.21874713898		2.45430183411
4.22246909142		0.617377281189
4.22613215446		0.267245292664
4.22975707054		1.75403785706
4.2334010601		4.05273151398
4.23713302612		5.06760692596
4.24076509476		3.84975624084
4.24439001083		1.72866630554
4.24801015854		0.30784034729
4.25164318085		0.551410675049
4.25525903702		2.45937633514
4.25888514519		4.55509471893
4.26251912117		4.93567276001
4.26613712311		3.28649997711
4.26976013184		1.23645114899
4.27338814735		0.180980682373
4.27701210976		0.937063217163
4.28064608574		3.09874820709
4.28426408768		4.89000320435
4.28788805008		4.64135932922
4.29152107239		2.68772315979
4.29513907433		0.800054550171
4.2987639904		0.196204185486
4.30239915848		1.44957542419
4.30601620674		3.71274757385
4.30964016914		5.06253242493
4.31327104568		4.18973922729
4.31689310074		2.10924434662
4.32051706314		0.444848060608
4.32427215576		0.394104957581
4.32789206505		2.10924434662
4.33153009415		4.31659889221
4.33514404297		5.03208637238
4.33877015114		3.60618591309
4.34240698814		1.49017047882
4.34602117538		0.236799240112
4.34964704514		0.708716392517
4.35326719284		2.76383876801
4.35689520836		4.72254943848
4.3605132103		4.80373954773
4.3642771244		2.93636798859
4.36790013313		0.967509269714
4.37153100967		0.175906181335
4.37514805794		1.22122859955
4.37877321243		3.46410369873
4.38240814209		5.01178836823
4.38602399826		4.39271450043
4.3896510601		2.35788917542
4.3932800293		0.586931228638
4.39690113068		0.277394294739
4.40052604675		1.80478191376
4.40427613258		4.103474617
4.40790319443		5.06760692596
4.41153621674		3.83453273773
4.41515302658		1.71851730347
4.41877913475		0.297691345215
4.42241215706		0.56155872345
4.42602920532		2.48474884033
4.42965507507		4.57031822205
4.43328309059		4.92552471161
4.43690705299		3.25605392456
4.4405310154		1.17048454285
4.44428515434		0.175906181335
4.44790816307		1.01317882538
4.45154213905		3.20530986786
4.45515918732		4.92045021057
4.45878505707		4.57539176941
4.4624171257		2.59638500214
4.46603608131		0.739162445068
4.46966600418		0.216501235962
4.47329211235		1.54598808289
4.47691202164		3.80916118622
4.48053622246		5.07775592804
4.48428821564		4.05780601501
4.48791408539		1.94178962708
4.49154615402		0.383955955505
4.49516415596		0.429625511169
4.49878907204		2.22088050842
4.50242304802		4.4028635025
4.50603914261		5.00671482086
4.50966405869		3.50469875336
4.51329302788		1.40390586853
4.51691508293		0.216501235962
4.5205411911		0.810203552246
4.5242960453		2.94144248962
4.52792000771		4.81896209717
4.53155016899		4.72762393951
4.53516817093		2.84502887726
4.53879499435		0.901542663574
4.54242706299		0.175906181335
4.54604411125		1.3024187088
4.54967021942		3.56559085846
4.5532951355		5.03716087341
4.55691409111		4.32674789429
4.56053900719		2.21073246002
4.5642991066		0.49559211731
4.567923069		0.333211898804
4.57155704498		1.96208763123
4.57517313957		4.18973922729
4.57880115509		5.05745792389
4.58243608475		3.73812007904
4.58605003357		1.62717819214
4.58967518806		0.277394294739
4.59330105782		0.622451782227
4.59692621231		2.5913105011
4.60055017471		4.64643383026
4.60430502892		4.85955715179
4.60792708397		3.07845020294
4.611577034		1.06392288208
4.61518001556		0.170831680298
4.61880421638		1.09436893463
4.6224360466		3.3118724823
4.62605404854		4.9610452652
4.62967920303		4.49927616119
4.63330817223		2.48474884033
4.63692998886		0.683343887329
4.64055609703		0.246947288513
4.64431118965		1.70836830139
4.64793109894		3.97154140472
4.65156602859		5.08283042908
4.65518307686		3.97154140472
4.65880918503		1.85552597046
4.66244220734		0.348435401917
4.66605901718		0.480368614197
4.66968512535		2.31729412079
4.67331314087		4.47897911072
4.67693519592		4.98134231567
4.68056201935		3.38291358948
4.68431401253		1.26689815521
4.68793702126		0.186055183411
4.69157004356		0.906617164612
4.69519305229		3.05307865143
4.69881415367		4.85955715179
4.70244622231		4.6616563797
4.70606517792		2.74354171753
4.70969009399		0.83557510376
4.71332502365		0.196204185486
4.7170650959		1.46479797363
4.72069120407		3.733045578
4.72431707382		5.06253242493
4.72794103622		4.18466472626
4.73157715797		2.0838727951
4.7351911068		0.454997062683
4.73881816864		0.368732452393
4.74244999886		2.06357479095
4.74606919289		4.28107833862
4.74969601631		5.04730892181
4.75331902504		3.64170646667
4.75693821907		1.54091453552
4.76056098938		0.231724739075
4.76432418823		0.734087944031
4.76795220375		2.78413677216
4.77158021927		4.74284648895
4.77519917488		4.80373954773
4.77882218361		2.98711204529
4.78245401382		1.0030298233
4.78607320786		0.175906181335
4.78969907761		1.17555904388
4.79333019257		3.41843414307
4.7969520092		4.99656581879
4.80061507225		4.42316055298
4.80432701111		2.32744312286
4.80795812607		0.571707725525
4.81158399582		0.277394294739
4.81520318985		1.80478191376
4.81882810593		4.06287956238
4.82246112823		5.06760692596
4.82607913017		3.8802022934
4.82970619202		1.75911235809
4.83333110809		0.312914848328
4.8369550705		0.536187171936
4.84066104889		2.48474884033
4.84433317184		4.58554077148
4.84795713425		4.92045021057
4.8515920639		3.23068237305
4.85520815849		1.19585609436
4.8588321209		0.175906181335
4.86246418953		0.97765827179
4.86608409882		3.14949226379
4.86970901489		4.90522670746
4.87334012985		4.6007642746
4.87696003914		2.64712810516
4.88062000275		0.754385948181
4.88421106339		0.206352233887
4.88783502579		1.48509597778
4.89147305489		3.76856613159
4.8950881958		5.06253242493
4.8987121582		4.15929317474
4.9023771286		2.0331287384
4.90608906746		0.409327507019
4.90971517563		0.414402008057
4.91334199905		2.17521095276
4.91696500778		4.35719394684
4.92060303688		5.02701187134
4.92421603203		3.55544185638
4.92784404755		1.44957542419
4.93147706985		0.221575737
4.93509411812		0.739162445068
4.93871808052		2.80950832367
4.94243001938		4.78344154358
4.9460940361		4.75299549103
4.9497191906		2.89069843292
4.95334506035		0.926914215088
4.95696210861		0.180980682373
4.96064901352		1.29226970673
4.96434903145		3.59096240997
4.9679710865		5.03208637238
4.97159910202		4.2912273407
4.97522211075		2.23610401154
4.97884702682		0.531112670898
4.98248100281		0.312914848328
4.98609900475		1.90626907349
4.98972415924		4.14914417267
4.99335122108		5.06253242493
4.99697518349		3.79393768311
