0.000128984451294		2.47967433929
0.0035388469696		2.27669906616
0.0070538520813		2.41878128052
0.0105350017548		2.81458282471
0.0140368938446		2.7536907196
0.0175368785858		2.45937633514
0.0210359096527		2.25640106201
0.0245537757874		2.55578994751
0.0280358791351		2.84502887726
0.031546831131		2.67250061035
0.0350489616394		2.36296367645
0.0385558605194		2.30207061768
0.0420467853546		2.69787216187
0.0455498695374		2.82473182678
0.0490489006042		2.57608699799
0.0525488853455		2.2919216156
0.056049823761		2.39848423004
0.0595519542694		2.79936027527
0.0630538463593		2.76891326904
0.0665497779846		2.47967433929
0.0700829029083		2.26147556305
0.0735549926758		2.53549194336
0.0770528316498		2.84502887726
0.0805509090424		2.68264961243
0.0840559005737		2.37818622589
0.0875527858734		2.28684806824
0.0910549163818		2.67757511139
0.0945589542389		2.82980632782
0.0980529785156		2.58623600006
0.101561784744		2.30207061768
0.105054855347		2.37818622589
0.108554840088		2.78413677216
0.112063884735		2.77906227112
0.11555480957		2.4898223877
0.119068861008		2.26147556305
0.122563838959		2.51012039185
0.126060962677		2.8399553299
0.129558801651		2.69279766083
0.133063793182		2.393409729
0.136575937271		2.2817735672
0.140059947968		2.6522026062
0.143560886383		2.83488082886
0.14705991745		2.60145950317
0.150564908981		2.31729412079
0.154060840607		2.36296367645
0.157553911209		2.77398777008
0.161054849625		2.77906227112
0.164569854736		2.51012039185
0.168067932129		2.27162456512
0.171570777893		2.4898223877
0.17506480217		2.83488082886
0.178571939468		2.70802116394
0.182069778442		2.41370677948
0.185566902161		2.27669906616
0.189065933228		2.63190555573
0.192573785782		2.83488082886
0.196064949036		2.62175655365
0.199565887451		2.32744312286
0.203071832657		2.3426656723
0.206573009491		2.75876522064
0.210067987442		2.79936027527
0.213569879532		2.52534389496
0.217070817947		2.27162456512
0.22057390213		2.46445083618
0.224066972733		2.83488082886
0.227561950684		2.72324466705
0.23106098175		2.41878128052
0.234575986862		2.26655006409
0.238070964813		2.60653305054
0.241578817368		2.84502887726
0.245073795319		2.63190555573
0.248589992523		2.33759117126
0.252080917358		2.32744312286
0.255578994751		2.73846721649
0.259073972702		2.80443382263
0.262585878372		2.5405664444
0.266078948975		2.27669906616
0.269577980042		2.44415378571
0.273077964783		2.82473182678
0.27657699585		2.73846721649
0.280075788498		2.43907928467
0.283579826355		2.26655006409
0.287085771561		2.58623600006
0.290579795837		2.84502887726
0.294081926346		2.6522026062
0.297578811646		2.34774017334
0.30107998848		2.32236862183
0.304587841034		2.72324466705
0.308081865311		2.81458282471
0.311590909958		2.55578994751
0.315082788467		2.2817735672
0.31858587265		2.42893028259
0.322090864182		2.81458282471
0.32558298111		2.74861621857
0.329084873199		2.45937633514
0.332590818405		2.26147556305
0.336083889008		2.56593894958
0.33958697319		2.84502887726
0.343100786209		2.66235160828
0.346584796906		2.36296367645
0.350086927414		2.30207061768
0.353588819504		2.7029466629
0.357086896896		2.81965732574
0.360602855682		2.56593894958
0.36408996582		2.28684806824
0.367589950562		2.40355873108
0.371090888977		2.80950832367
0.374600887299		2.76383876801
0.378093004227		2.46952533722
0.381597995758		2.26147556305
0.385091781616		2.5405664444
0.38859295845		2.84502887726
0.392100811005		2.67757511139
0.395598888397		2.37818622589
0.399093866348		2.29699611664
0.402601003647		2.68264961243
0.406093835831		2.82980632782
0.409595966339		2.58116149902
0.413097858429		2.30207061768
0.416596889496		2.38833522797
0.420095920563		2.78921127319
0.423593997955		2.77398777008
0.427086830139		2.4898223877
0.430590867996		2.26655006409
0.434106826782		2.52026939392
0.437597990036		2.8399553299
0.441099882126		2.68772315979
0.444601774216		2.393409729
0.448100805283		2.28684806824
0.451608896255		2.66235160828
0.455115795135		2.83488082886
0.458601951599		2.5913105011
0.462107896805		2.31221961975
0.465601921082		2.36803817749
0.469100952148		2.77398777008
0.472626924515		2.78413677216
0.476103782654		2.49997138977
0.479604959488		2.27162456512
0.483106851578		2.49489688873
0.486608982086		2.8399553299
0.490104913712		2.7029466629
0.493607997894		2.40863323212
0.497104883194		2.27669906616
0.500606775284		2.63698005676
0.504115819931		2.83488082886
0.507607936859		2.61160755157
0.5111079216		2.32236862183
0.514613866806		2.35281467438
0.518109798431		2.76383876801
0.521639823914		2.78921127319
0.525110960007		2.52026939392
0.528608798981		2.27669906616
0.532119989395		2.47459983826
0.535611867905		2.82980632782
0.539111852646		2.71817016602
0.542623996735		2.42385578156
0.54610991478		2.27162456512
0.54961180687		2.61668205261
0.553115844727		2.8399553299
0.556615829468		2.62683105469
0.56011390686		2.33759117126
0.56361579895		2.33251667023
0.567127943039		2.74861621857
0.570616960526		2.80443382263
0.574117898941		2.53549194336
0.577615976334		2.27669906616
0.581115961075		2.46445083618
0.584636926651		2.82980632782
0.58811879158		2.73339271545
0.591625928879		2.43907928467
0.595119953156		2.26655006409
0.59862279892		2.5913105011
0.602127790451		2.8399553299
0.605620861053		2.6420545578
0.609122991562		2.34774017334
0.612631797791		2.31729412079
0.61612200737		2.72831821442
0.619622945786		2.81458282471
0.623121976852		2.55071544647
0.626614809036		2.2817735672
0.630114793777		2.43400478363
0.633630990982		2.81965732574
0.637122869492		2.74354171753
0.640625953674		2.44922733307
0.644127845764		2.26655006409
0.647624969482		2.57608699799
0.651125907898		2.84502887726
0.654633998871		2.65727710724
0.658128976822		2.35788917542
0.66163277626		2.31221961975
0.665128946304		2.70802116394
0.668627977371		2.81965732574
0.672129869461		2.56593894958
0.675631999969		2.2919216156
0.679144859314		2.41878128052
0.682641983032		2.80950832367
0.686131000519		2.75876522064
0.689632892609		2.46952533722
0.693134784698		2.26655006409
0.696653842926		2.55578994751
0.700131893158		2.84502887726
0.703636884689		2.67250061035
0.707139968872		2.36803817749
0.710636854172		2.29699611664
0.714135885239		2.68264961243
0.717634916306		2.82980632782
0.721153974533		2.57101249695
0.724636793137		2.29699611664
0.728134870529		2.393409729
0.731644868851		2.79428577423
0.735137939453		2.76383876801
0.738638877869		2.48474884033
0.742146968842		2.26655006409
0.745638847351		2.53041744232
0.749138832092		2.84502887726
0.752645969391		2.68772315979
0.756139993668		2.38833522797
0.759640932083		2.2919216156
0.763140916824		2.66742610931
0.766645908356		2.83488082886
0.770143985748		2.5913105011
0.773644924164		2.31221961975
0.777143955231		2.37311172485
0.780641794205		2.77906227112
0.784145832062		2.77906227112
0.787645816803		2.50504589081
0.79115986824		2.26655006409
0.794649839401		2.51012039185
0.798146009445		2.83488082886
0.801653862		2.69279766083
0.805146932602		2.39848423004
0.808662891388		2.28684806824
0.812153816223		2.64712810516
0.815667867661		2.83488082886
0.819161891937		2.60145950317
0.822655916214		2.32236862183
0.826140880585		2.35788917542
0.82964682579		2.75876522064
0.833161830902		2.78413677216
0.836651802063		2.50504589081
0.840288877487		2.26655006409
0.843795776367		2.50504589081
0.847279787064		2.83488082886
0.850777864456		2.69787216187
0.854285955429		2.40863323212
0.857779979706		2.2817735672
0.861360788345		2.6522026062
0.864784955978		2.83488082886
0.868281841278		2.61160755157
0.871781826019		2.32236862183
0.87528181076		2.35281467438
0.878781795502		2.75876522064
0.882289886475		2.78921127319
0.885779857635		2.52026939392
0.889282941818		2.27669906616
0.892824888229		2.4898223877
0.896284818649		2.83488082886
0.899784803391		2.71309566498
0.903286933899		2.42385578156
0.906784772873		2.27669906616
0.910284996033		2.61668205261
0.913787841797		2.8399553299
0.917287826538		2.62683105469
0.920790910721		2.33759117126
0.924290895462		2.33759117126
0.927788972855		2.74861621857
0.931319952011		2.79936027527
0.93479180336		2.53041744232
0.938296794891		2.27669906616
0.9417989254		2.45937633514
0.945297956467		2.82473182678
0.948790788651		2.72831821442
0.952300786972		2.43400478363
0.955794811249		2.27162456512
0.959292888641		2.59638500214
0.96287894249		2.8399553299
0.966293811798		2.6420545578
0.969792842865		2.35281467438
0.973294973373		2.32236862183
0.976794958115		2.72831821442
0.980293989182		2.80443382263
0.983799934387		2.54564094543
0.987295866013		2.2817735672
0.990795850754		2.43907928467
0.994298934937		2.81458282471
0.997795820236		2.74354171753
1.00130391121		2.44922733307
1.00479793549		2.26655006409
1.00829696655		2.57101249695
1.01180577278		2.8399553299
1.01529788971		2.6522026062
1.01879882812		2.36296367645
1.02230882645		2.31729412079
1.02579283714		2.70802116394
1.02929186821		2.81458282471
1.03289079666		2.55578994751
1.03630495071		2.2919216156
1.03980278969		2.41878128052
1.04330682755		2.80950832367
1.04680895805		2.7536907196
1.050303936		2.46952533722
1.05380678177		2.26655006409
1.05730581284		2.55071544647
1.0608048439		2.8399553299
1.06431293488		2.66742610931
1.06780791283		2.37818622589
1.07131290436		2.30207061768
1.07480978966		2.68772315979
1.07831096649		2.82473182678
1.0818169117		2.57608699799
1.08532691002		2.29699611664
1.08880782127		2.39848423004
1.09231591225		2.79428577423
1.0958108902		2.76383876801
1.09931182861		2.48474884033
1.10285782814		2.27162456512
1.10631084442		2.53041744232
1.10981178284		2.84502887726
1.11331391335		2.68772315979
1.11681294441		2.38833522797
1.1203148365		2.29699611664
1.12381482124		2.66742610931
1.12731480598		2.82980632782
1.13081383705		2.5913105011
1.13431477547		2.31221961975
1.1378159523		2.37818622589
1.14132285118		2.77906227112
1.1448199749		2.77398777008
1.14831590652		2.49997138977
1.1518228054		2.27162456512
1.15531396866		2.51012039185
1.15881180763		2.8399553299
1.16231489182		2.69279766083
1.1658217907		2.40355873108
1.16932296753		2.28684806824
1.17285895348		2.65727710724
1.17632389069		2.82980632782
1.17981982231		2.60653305054
1.18332386017		2.32236862183
1.18682098389		2.36296367645
1.19032287598		2.76383876801
1.19382786751		2.78413677216
1.19732379913		2.51519489288
1.20082688332		2.27162456512
1.20432782173		2.4898223877
1.20782589912		2.82980632782
1.2113339901		2.70802116394
1.21482777596		2.41878128052
1.21832585335		2.2817735672
1.22183084488		2.62683105469
1.22531890869		2.83488082886
1.22881889343		2.61668205261
1.23232293129		2.33759117126
1.23583197594		2.34774017334
1.239331007		2.7536907196
1.24287080765		2.79428577423
1.24632978439		2.53041744232
1.24983096123		2.2817735672
1.25333189964		2.46952533722
1.25683498383		2.82980632782
1.26032996178		2.72324466705
1.2638399601		2.43400478363
1.26733279228		2.27162456512
1.27083396912		2.60145950317
1.27434182167		2.83488082886
1.27783489227		2.63190555573
1.28134179115		2.34774017334
1.28483486176		2.33251667023
1.2883348465		2.73339271545
1.29184389114		2.80443382263
1.29533696175		2.5405664444
1.29883790016		2.2817735672
1.30234193802		2.44415378571
1.30583691597		2.81965732574
1.30933880806		2.73339271545
1.31287789345		2.44415378571
1.31633996964		2.26655006409
1.31983995438		2.58116149902
1.32334184647		2.8399553299
1.32684087753		2.64712810516
1.3303399086		2.35788917542
1.33384490013		2.31729412079
1.33734178543		2.71309566498
1.34084200859		2.80950832367
1.34434485435		2.55578994751
1.34784388542		2.2919216156
1.35135197639		2.42893028259
1.35484695435		2.80443382263
1.35834288597		2.74861621857
1.36185383797		2.45937633514
1.3653459549		2.26655006409
1.36884880066		2.56086444855
1.37236094475		2.8399553299
1.37584996223		2.66235160828
1.37934780121		2.37311172485
1.3829369545		2.31221961975
1.38634896278		2.69279766083
1.38984799385		2.81965732574
1.39335083961		2.57101249695
1.39685082436		2.29699611664
1.40034890175		2.40355873108
1.40385389328		2.79936027527
1.40735197067		2.75876522064
1.41085290909		2.47459983826
1.41435480118		2.26655006409
1.41785287857		2.5405664444
1.42136597633		2.8399553299
1.42484498024		2.67757511139
1.428347826		2.38326072693
1.43185186386		2.29699611664
1.43535685539		2.67757511139
1.43885684013		2.82473182678
1.44236278534		2.58623600006
1.44585585594		2.30714511871
1.44935679436		2.38833522797
1.45289778709		2.78921127319
1.45635890961		2.76891326904
1.45985889435		2.49489688873
1.46336078644		2.27669906616
1.46685886383		2.52026939392
1.47035884857		2.83488082886
1.47386097908		2.68772315979
1.47735977173		2.40355873108
1.48086881638		2.2919216156
1.48436784744		2.6522026062
1.48786187172		2.82980632782
1.49136900902		2.59638500214
1.49486494064		2.32236862183
1.49836683273		2.36803817749
1.50187182426		2.76891326904
1.50536489487		2.77906227112
1.50886583328		2.50504589081
1.51237297058		2.27669906616
1.51586580276		2.49489688873
1.5193669796		2.83488082886
1.52290487289		2.69787216187
1.52636694908		2.41370677948
1.5298678875		2.2817735672
1.53336787224		2.63190555573
1.53686690331		2.83488082886
1.54036998749		2.61160755157
1.5438709259		2.33251667023
1.54736995697		2.35281467438
1.55086994171		2.75876522064
1.55437278748		2.78921127319
1.55787086487		2.52026939392
1.56137800217		2.2817735672
1.56487083435		2.47967433929
1.56837177277		2.82473182678
1.57187986374		2.71309566498
1.57537293434		2.42893028259
1.57887578011		2.27669906616
1.58238077164		2.61160755157
1.58587479591		2.8399553299
1.58937883377		2.62683105469
1.59288787842		2.3426656723
1.59637594223		2.33759117126
1.59987783432		2.73846721649
1.60337996483		2.79428577423
1.6068789959		2.53549194336
1.6103758812		2.2817735672
1.61387681961		2.45430183411
1.61737895012		2.81965732574
1.62088394165		2.72831821442
1.62437295914		2.44415378571
1.6278719902		2.27162456512
1.63139891624		2.59638500214
1.63488578796		2.83488082886
1.63838100433		2.6420545578
1.64188885689		2.35788917542
1.64538192749		2.32236862183
1.64888191223		2.72324466705
1.6523900032		2.80950832367
1.65588378906		2.55071544647
1.6593837738		2.28684806824
1.66288781166		2.43400478363
1.66638588905		2.80950832367
1.66988778114		2.74354171753
1.67339491844		2.45937633514
1.67688679695		2.27162456512
1.68038582802		2.56593894958
1.68388986588		2.83488082886
1.68738985062		2.65727710724
1.69088888168		2.36803817749
1.6943898201		2.31221961975
1.69789385796		2.7029466629
1.70139694214		2.80950832367
1.70489192009		2.56593894958
1.70838999748		2.29699611664
1.71189880371		2.41878128052
1.71538996696		2.79936027527
1.71889185905		2.74861621857
1.72239995003		2.47459983826
1.7258939743		2.27162456512
1.72939395905		2.55071544647
1.7329018116		2.8399553299
1.7363948822		2.66742610931
1.73989582062		2.37818622589
1.74339795113		2.30714511871
1.74689388275		2.68264961243
1.75039696693		2.81965732574
1.75390100479		2.57608699799
1.75739693642		2.30714511871
1.76089596748		2.39848423004
1.76439785957		2.78921127319
1.76789784431		2.76383876801
1.77140498161		2.4898223877
1.77490091324		2.27162456512
1.77839899063		2.52534389496
1.78190684319		2.83488082886
1.78540182114		2.68264961243
1.7889008522		2.393409729
1.79240894318		2.2919216156
1.79590082169		2.66235160828
1.79940891266		2.82473182678
1.80290985107		2.5913105011
1.80640792847		2.32236862183
1.80990386009		2.37818622589
1.8134059906		2.77398777008
1.81690979004		2.77398777008
1.82040596008		2.49997138977
1.82390284538		2.27669906616
1.82739782333		2.50504589081
1.83090090752		2.82980632782
1.83454179764		2.68772315979
1.83803391457		2.39848423004
1.84154081345		2.2919216156
1.84507393837		2.66235160828
1.84855294228		2.82473182678
1.85204195976		2.59638500214
1.85553598404		2.32236862183
1.85903596878		2.36803817749
1.86255788803		2.77398777008
1.86603498459		2.77906227112
1.86953783035		2.50504589081
1.87303900719		2.2817735672
1.87653779984		2.49489688873
1.88003778458		2.82980632782
1.88354277611		2.69787216187
1.88703894615		2.41370677948
1.89053988457		2.28684806824
1.89404177666		2.63698005676
1.89754080772		2.82980632782
1.90105390549		2.60145950317
1.90467190742		2.32236862183
1.90816879272		2.36803817749
1.91166877747		2.76891326904
1.91517400742		2.77906227112
1.91868495941		2.51012039185
1.9221739769		2.2817735672
1.92566990852		2.49489688873
1.92916989326		2.82980632782
1.93267679214		2.7029466629
1.93617200851		2.41878128052
1.93967199326		2.28684806824
1.94317483902		2.63190555573
1.94667291641		2.83488082886
1.95017290115		2.61160755157
1.95367693901		2.33759117126
1.95718693733		2.35281467438
1.96067595482		2.7536907196
1.96417379379		2.78921127319
1.9676759243		2.52534389496
1.97117590904		2.2817735672
1.97469496727		2.47459983826
1.9781768322		2.82473182678
1.98168778419		2.71817016602
1.98517990112		2.43400478363
1.98867678642		2.27669906616
1.99218082428		2.60653305054
1.99567985535		2.83488082886
1.99917984009		2.62683105469
2.00268793106		2.34774017334
2.0061788559		2.33759117126
2.00967979431		2.73339271545
2.01319384575		2.79428577423
2.01668000221		2.5405664444
2.02018094063		2.2919216156
2.02368497849		2.44922733307
2.02717494965		2.81458282471
2.03068995476		2.72831821442
2.03419184685		2.44415378571
2.03768277168		2.27669906616
2.04118394852		2.5913105011
2.04468393326		2.83488082886
2.04818582535		2.6420545578
2.05169487		2.35788917542
2.05518579483		2.32744312286
2.05868792534		2.71817016602
2.06219482422		2.80443382263
2.06568789482		2.55578994751
2.06919980049		2.2919216156
2.07269382477		2.43400478363
2.07618999481		2.80443382263
2.07968878746		2.74354171753
2.08319377899		2.45937633514
2.08670592308		2.27669906616
2.09019088745		2.56593894958
2.09369277954		2.83488082886
2.09719491005		2.65727710724
2.10069179535		2.36803817749
2.10419583321		2.31221961975
2.10769295692		2.69279766083
2.11119294167		2.80950832367
2.11469578743		2.56593894958
2.1181948185		2.29699611664
2.1217019558		2.40863323212
2.12520694733		2.79936027527
2.12869596481		2.7536907196
2.13221096992		2.47459983826
2.13569784164		2.27669906616
2.13919687271		2.5405664444
2.1427128315		2.83488082886
2.14619779587		2.67250061035
2.1496989727		2.38326072693
2.15319681168		2.30207061768
2.15669083595		2.67250061035
2.16019296646		2.81458282471
2.16370677948		2.58116149902
2.16720199585		2.31221961975
2.17069983482		2.393409729
2.17420482635		2.78413677216
2.17770385742		2.76383876801
2.18121385574		2.48474884033
2.18470788002		2.27669906616
2.18820500374		2.52026939392
2.19171190262		2.83488082886
2.19520497322		2.68264961243
2.19872188568		2.39848423004
2.20221185684		2.29699611664
2.20570492744		2.65727710724
2.20920586586		2.81965732574
2.21271300316		2.59638500214
2.21620678902		2.32236862183
2.21970891953		2.37311172485
2.22320699692		2.76891326904
2.2266998291		2.77398777008
2.23019886017		2.50504589081
2.23371887207		2.2817735672
2.2372238636		2.49997138977
2.24071979523		2.82980632782
2.2442138195		2.69279766083
2.24771094322		2.41370677948
2.25121188164		2.2919216156
2.25473189354		2.63698005676
2.25821399689		2.82473182678
2.26172089577		2.60653305054
2.26521492004		2.33251667023
2.26871395111		2.35788917542
2.27222394943		2.75876522064
2.27571392059		2.78413677216
2.27921581268		2.52026939392
2.28271484375		2.2817735672
2.28621697426		2.47967433929
2.28971600533		2.81965732574
2.29323291779		2.70802116394
2.2967209816		2.42893028259
2.30021882057		2.2817735672
2.30371999741		2.61160755157
2.30721998215		2.82980632782
2.31073784828		2.62175655365
2.3142209053		2.3426656723
2.31772089005		2.3426656723
2.32122087479		2.74354171753
2.32472395897		2.78921127319
2.32822489738		2.53549194336
2.33173179626		2.2817735672
2.33522391319		2.45430183411
2.33872389793		2.81965732574
2.34222984314		2.72324466705
2.34572482109		2.43907928467
2.34925794601		2.27669906616
2.35276293755		2.59638500214
2.35622787476		2.83488082886
2.3597278595		2.63698005676
2.36322784424		2.35788917542
2.36674380302		2.33251667023
2.37022995949		2.71817016602
2.37372994423		2.79936027527
2.37722992897		2.54564094543
2.38073587418		2.2919216156
2.38423299789		2.43907928467
2.38773083687		2.80950832367
2.39123082161		2.72324466705
2.39473700523		2.45430183411
2.39823079109		2.27162456512
2.40173983574		2.57101249695
2.40524482727		2.83488082886
2.40873384476		2.6522026062
2.4122338295		2.36803817749
2.41573381424		2.32236862183
2.41923499107		2.7029466629
2.4227848053		2.80443382263
2.42623400688		2.56086444855
2.42972683907		2.29699611664
2.43324184418		2.42385578156
2.4367389679		2.79428577423
2.44023990631		2.74861621857
2.44373989105		2.46952533722
2.44723677635		2.27669906616
2.45073795319		2.55071544647
2.45424294472		2.83488082886
2.45774579048		2.66235160828
2.46125197411		2.37311172485
2.46474385262		2.30714511871
2.46824288368		2.68264961243
2.4717438221		2.81458282471
2.47525382042		2.57608699799
2.47875785828		2.30714511871
2.48224878311		2.40355873108
2.48574280739		2.78413677216
2.48924398422		2.75876522064
2.49278092384		2.48474884033
2.49624586105		2.2817735672
2.49974584579		2.53041744232
2.5032479763		2.82980632782
2.50674581528		2.67757511139
2.51024580002		2.39848423004
2.51374983788		2.30207061768
2.51725792885		2.66742610931
2.52074980736		2.81965732574
2.52425384521		2.58623600006
2.52774786949		2.31729412079
2.53124690056		2.38833522797
2.53476691246		2.77398777008
2.53825092316		2.76891326904
2.54175591469		2.50504589081
2.54525089264		2.2817735672
2.54875087738		2.51012039185
2.55225491524		2.82980632782
2.5557539463		2.68772315979
2.55925178528		2.40863323212
2.56283783913		2.29699611664
2.56625986099		2.64712810516
2.56975483894		2.81965732574
2.57326889038		2.60145950317
2.57675600052		2.33251667023
2.58025383949		2.36296367645
2.58375787735		2.75876522064
2.58725595474		2.77906227112
2.59077382088		2.51012039185
2.59425997734		2.2817735672
2.59775781631		2.4898223877
2.60125899315		2.82473182678
2.60475993156		2.7029466629
2.60825896263		2.42385578156
2.61176681519		2.28684806824
2.61526083946		2.62683105469
2.6187608242		2.82473182678
2.6222679615		2.61668205261
2.62575483322		2.3426656723
2.62925195694		2.34774017334
2.63286089897		2.7536907196
2.63626289368		2.78921127319
2.63976287842		2.53041744232
2.64326691628		2.2919216156
2.64678382874		2.46952533722
2.65026593208		2.81965732574
2.65376591682		2.71309566498
2.65726494789		2.43907928467
2.66076397896		2.2817735672
2.66427397728		2.60145950317
2.66776800156		2.82980632782
2.6712667942		2.62683105469
2.67478990555		2.35281467438
2.67826890945		2.33759117126
2.6817779541		2.72324466705
2.68528199196		2.79428577423
2.68877100945		2.5405664444
2.69227790833		2.2919216156
2.6957719326		2.44415378571
2.69926977158		2.80950832367
2.70283079147		2.72324466705
2.70627498627		2.44922733307
2.70977497101		2.27669906616
2.71327495575		2.58116149902
2.71677494049		2.82980632782
2.72027683258		2.64712810516
2.72377586365		2.36803817749
2.72727584839		2.32744312286
2.73077392578		2.70802116394
2.73427796364		2.80443382263
2.73777580261		2.55578994751
2.74132299423		2.29699611664
2.74477982521		2.42893028259
2.74827885628		2.79936027527
2.75178694725		2.74354171753
2.75527882576		2.46445083618
2.75879693031		2.2817735672
2.7622859478		2.55578994751
2.76577997208		2.82980632782
2.76927995682		2.66235160828
2.77286791801		2.36803817749
2.77628278732		2.31729412079
2.77978181839		2.69279766083
2.7832930088		2.80950832367
2.7867808342		2.57101249695
2.79028391838		2.30714511871
2.79378581047		2.40863323212
2.79729580879		2.78921127319
2.80078577995		2.7536907196
2.80428791046		2.48474884033
2.80778598785		2.27669906616
2.81131792068		2.53549194336
2.81480383873		2.82980632782
2.81828689575		2.67250061035
2.82178783417		2.38833522797
2.8252799511		2.30714511871
2.82877898216		2.66742610931
2.83228492737		2.80950832367
2.83579277992		2.58116149902
2.83929085732		2.31729412079
2.8428299427		2.393409729
2.84628987312		2.77398777008
2.84978985786		2.76383876801
2.85330700874		2.49489688873
2.85679578781		2.27669906616
2.86029291153		2.52026939392
2.86379384995		2.82473182678
2.86729693413		2.68772315979
2.87081098557		2.39848423004
2.8743019104		2.30207061768
2.877794981		2.6522026062
2.88130092621		2.81965732574
2.88479685783		2.59638500214
2.88829278946		2.32744312286
2.89180898666		2.37311172485
2.89529800415		2.76383876801
2.89879584312		2.77398777008
2.90229678154		2.51012039185
2.9058008194		2.28684806824
2.90930986404		2.49489688873
2.91283488274		2.82473182678
2.91629981995		2.69787216187
2.91979980469		2.41878128052
2.9233019352		2.28684806824
2.92681884766		2.63190555573
2.93030190468		2.82473182678
2.93380284309		2.61160755157
2.93730282784		2.33759117126
2.9408018589		2.35281467438
2.9443089962		2.74861621857
2.94780397415		2.77906227112
2.95131182671		2.52026939392
2.95480895042		2.28684806824
2.95830392838		2.47967433929
2.96181082726		2.81965732574
2.96531677246		2.70802116394
2.96880888939		2.43400478363
2.97231483459		2.28684806824
2.97580885887		2.61160755157
2.97930788994		2.82473182678
2.98291182518		2.61160755157
2.98631191254		2.35281467438
2.9898109436		2.34774017334
2.99331188202		2.73339271545
2.99680995941		2.78921127319
3.00031685829		2.5405664444
3.00381493568		2.2919216156
3.00731277466		2.45430183411
3.01081180573		2.81458282471
3.01431298256		2.71817016602
3.01781392097		2.44415378571
3.02133083344		2.2817735672
3.02480578423		2.58623600006
3.02830696106		2.82980632782
3.03181385994		2.6420545578
3.03531694412		2.36296367645
3.03883290291		2.32744312286
3.04232382774		2.71309566498
3.045814991		2.79428577423
3.04931783676		2.55071544647
3.05285978317		2.29699611664
3.05632185936		2.43400478363
3.05981993675		2.79936027527
3.063341856		2.73339271545
3.06682085991		2.46445083618
3.07032084465		2.2817735672
3.07382488251		2.57101249695
3.07733392715		2.82980632782
3.08082389832		2.6522026062
3.08432793617		2.37311172485
3.08782577515		2.32236862183
3.09132885933		2.69279766083
3.09484100342		2.80443382263
3.0983247757		2.56593894958
3.10182595253		2.30207061768
3.1053237915		2.41370677948
3.1088309288		2.79428577423
3.11232590675		2.74861621857
3.11582589149		2.47967433929
3.11932682991		2.2817735672
3.1228659153		2.55071544647
3.12633085251		2.82980632782
3.12982678413		2.66742610931
3.13334393501		2.38833522797
3.13682889938		2.31221961975
3.14032793045		2.67757511139
3.14383196831		2.81458282471
3.14732885361		2.57608699799
3.15084791183		2.31729412079
3.15432286263		2.393409729
3.15782380104		2.77906227112
3.16136789322		2.7536907196
3.16483879089		2.4898223877
3.16833496094		2.2817735672
3.17183995247		2.52534389496
3.17533397675		2.82473182678
3.17883396149		2.67757511139
3.18233585358		2.39848423004
3.18583679199		2.30714511871
3.18934798241		2.66235160828
3.19287800789		2.81965732574
3.19633579254		2.5913105011
3.19983792305		2.32236862183
3.20334100723		2.37818622589
3.20685386658		2.76891326904
3.21033978462		2.76891326904
3.21383881569		2.50504589081
3.21734499931		2.2817735672
3.22084188461		2.50504589081
3.22433280945		2.82473182678
3.22783279419		2.69279766083
3.23136878014		2.41370677948
3.23484492302		2.29699611664
3.23834300041		2.63698005676
3.24185395241		2.81965732574
3.2453558445		2.60145950317
3.24884390831		2.33759117126
3.25234985352		2.36296367645
3.25584483147		2.7536907196
3.25934386253		2.77906227112
3.26294279099		2.51012039185
3.26634597778		2.28684806824
3.26984500885		2.48474884033
3.27335000038		2.81965732574
3.27684593201		2.7029466629
3.2803478241		2.42893028259
3.28384780884		2.28684806824
3.28734779358		2.61668205261
3.29084682465		2.82473182678
3.29434895515		2.61668205261
3.29785084724		2.34774017334
3.3013689518		2.35281467438
3.30485582352		2.73846721649
3.30835485458		2.78921127319
3.31185984612		2.53041744232
3.31535291672		2.2919216156
3.3188688755		2.46445083618
3.32236194611		2.81458282471
3.32585883141		2.71817016602
3.3293569088		2.43907928467
3.33289384842		2.28684806824
3.33635687828		2.59638500214
3.33985495567		2.82980632782
3.34335684776		2.63190555573
3.34685587883		2.35788917542
3.35035681725		2.33759117126
3.35385799408		2.72324466705
3.3573718071		2.78921127319
3.36085796356		2.54564094543
3.36436390877		2.29699611664
3.36785984039		2.44415378571
3.37136983871		2.80443382263
3.37487792969		2.72831821442
3.37836098671		2.45937633514
3.38186192513		2.2817735672
3.38536381721		2.57101249695
3.38886189461		2.82473182678
3.39237189293		2.6420545578
3.39586281776		2.36803817749
3.39936494827		2.32744312286
3.40289998055		2.70802116394
3.40636181831		2.80443382263
3.40986680984		2.55578994751
3.41337895393		2.30207061768
3.41686987877		2.42385578156
3.42036581039		2.79428577423
3.42386698723		2.74354171753
3.42736077309		2.47459983826
3.43087482452		2.2817735672
3.43438100815		2.55578994751
3.43787097931		2.82473182678
3.44137096405		2.66235160828
3.44486999512		2.38326072693
3.44837093353		2.31729412079
3.45187783241		2.68264961243
3.45537400246		2.80443382263
3.45887088776		2.57101249695
3.46237277985		2.31729412079
3.46587181091		2.40863323212
3.46940398216		2.78413677216
3.47296500206		2.74861621857
3.47637295723		2.48474884033
3.47987294197		2.28684806824
3.48337483406		2.53549194336
3.48689389229		2.82980632782
3.49037384987		2.67250061035
3.49388098717		2.39848423004
3.49737596512		2.30714511871
3.50089287758		2.66742610931
3.50437998772		2.81458282471
3.50787687302		2.58623600006
3.51138496399		2.32236862183
3.51487779617		2.38833522797
3.51837992668		2.76891326904
3.52188682556		2.75876522064
3.52539300919		2.49997138977
3.52888178825		2.28684806824
3.53238892555		2.51519489288
3.53588294983		2.82473182678
3.5393807888		2.68772315979
3.54291081429		2.40863323212
3.54638195038		2.29699611664
3.54988193512		2.6420545578
3.55338478088		2.81965732574
3.55688285828		2.60145950317
3.56038379669		2.33759117126
3.5638859272		2.37311172485
3.56738591194		2.7536907196
3.57088589668		2.77398777008
3.57438588142		2.51519489288
3.57788681984		2.28684806824
3.58140492439		2.49489688873
3.58488798141		2.81965732574
3.58838677406		2.69787216187
3.5918879509		2.42385578156
3.59538984299		2.29699611664
3.59890699387		2.62175655365
3.60239481926		2.81965732574
3.60588979721		2.61160755157
3.60939383507		2.3426656723
3.6128988266		2.35788917542
3.61639285088		2.74354171753
3.61989188194		2.77906227112
3.62338995934		2.52534389496
3.62688684464		2.29699611664
3.63038396835		2.46952533722
3.63390398026		2.81458282471
3.63740777969		2.70802116394
3.64089894295		2.43400478363
3.64439797401		2.28684806824
3.64789581299		2.59638500214
3.65140891075		2.82473182678
3.65491485596		2.62683105469
3.65839600563		2.35788917542
3.66189599037		2.3426656723
3.66539692879		2.72324466705
3.66889882088		2.78921127319
3.67240190506		2.5405664444
3.67590498924		2.29699611664
3.67940187454		2.44922733307
3.68291091919		2.80443382263
3.68640089035		2.72324466705
3.68990278244		2.44922733307
3.69341492653		2.2817735672
3.69690084457		2.58116149902
3.70040297508		2.82473182678
3.70390677452		2.6420545578
3.70740199089		2.36296367645
3.71092200279		2.33251667023
3.71440696716		2.70802116394
3.71790385246		2.79428577423
3.72141289711		2.55578994751
3.72490692139		2.30207061768
3.72840690613		2.43400478363
3.73191285133		2.79428577423
3.73540687561		2.73339271545
3.73890900612		2.46445083618
3.74240779877		2.2817735672
3.74590778351		2.56086444855
3.7494199276		2.82473182678
3.75292181969		2.6522026062
3.7564098835		2.37311172485
3.7599158287		2.32236862183
3.7634139061		2.69279766083
3.76692891121		2.79936027527
3.77041077614		2.57101249695
3.77391290665		2.31221961975
3.77741289139		2.41370677948
3.78091192245		2.78413677216
3.78441500664		2.74861621857
3.78791689873		2.47967433929
3.79142093658		2.2817735672
3.79491496086		2.5405664444
3.79841399193		2.82473182678
3.80192399025		2.66742610931
3.80542778969		2.38833522797
3.8089158535		2.31221961975
3.8124229908		2.66742610931
3.81592082977		2.80950832367
3.81941986084		2.57608699799
3.82293891907		2.31729412079
3.82641386986		2.393409729
3.82991099358		2.77398777008
3.83342790604		2.75876522064
3.83692288399		2.49489688873
3.8404238224		2.28684806824
3.84392380714		2.52026939392
3.84742379189		2.82473182678
3.85092496872		2.67757511139
3.85442185402		2.40355873108
3.85792398453		2.30207061768
3.86144089699		2.6522026062
3.86492586136		2.81458282471
3.86843085289		2.5913105011
3.87193179131		2.33251667023
3.87542390823		2.37818622589
3.87894177437		2.75876522064
3.8824338913		2.76383876801
3.8859269619		2.51012039185
3.88942885399		2.2919216156
3.89293599129		2.49997138977
3.8964278698		2.81965732574
3.89992880821		2.68772315979
3.90343379974		2.41878128052
3.90692996979		2.29699611664
3.91042995453		2.62683105469
3.91393280029		2.81458282471
3.91744279861		2.60145950317
3.92093086243		2.33759117126
3.92444896698		2.36296367645
3.92793679237		2.74354171753
3.93144083023		2.77398777008
3.93495488167		2.52026939392
3.9384329319		2.2919216156
3.94193577766		2.48474884033
3.94543385506		2.80950832367
3.94893479347		2.7029466629
3.95244288445		2.43400478363
3.95593690872		2.28684806824
3.95943784714		2.61160755157
3.96294593811		2.82473182678
3.96643781662		2.62175655365
3.96993899345		2.35281467438
3.97345280647		2.34774017334
3.97694993019		2.73339271545
3.98043894768		2.78413677216
3.98394179344		2.53549194336
3.98744177818		2.2919216156
3.99095797539		2.45937633514
3.99444079399		2.80443382263
3.9979429245		2.71309566498
4.00144982338		2.44415378571
4.00494480133		2.28684806824
4.0084438324		2.5913105011
4.01194500923		2.82473182678
4.01544594765		2.63190555573
4.01894497871		2.36803817749
4.02244591713		2.33759117126
4.02593684196		2.71309566498
4.02945184708		2.78921127319
4.03302598		2.5405664444
4.03644895554		2.30207061768
4.0399479866		2.43400478363
4.04345083237		2.79428577423
4.04696583748		2.72831821442
4.0504488945		2.46445083618
4.05394983292		2.28684806824
4.05744981766		2.57101249695
4.0609498024		2.82473182678
4.06445288658		2.6420545578
4.06795287132		2.37311172485
4.07145285606		2.32744312286
4.07495284081		2.69787216187
4.07845282555		2.79936027527
4.08195996284		2.56086444855
4.08547282219		2.30714511871
4.08895683289		2.42385578156
4.09246277809		2.78413677216
4.09595394135		2.73846721649
4.09945392609		2.47459983826
4.10297894478		2.2817735672
4.10645580292		2.55071544647
4.10995578766		2.82473182678
4.11345982552		2.66235160828
4.11695790291		2.38833522797
4.120459795		2.31729412079
4.12395977974		2.67757511139
4.1274600029		2.80443382263
4.13095998764		2.57608699799
4.13445997238		2.31729412079
4.1379609108		2.39848423004
4.14147877693		2.77906227112
4.14497184753		2.74861621857
4.14847779274		2.48474884033
4.15197086334		2.28684806824
4.15545988083		2.52534389496
4.15897297859		2.81965732574
4.16246080399		2.67250061035
4.16596794128		2.39848423004
4.16946697235		2.30714511871
4.17297387123		2.65727710724
4.17646694183		2.80950832367
4.1799659729		2.58623600006
4.18346881866		2.32236862183
4.18696689606		2.38326072693
4.19047284126		2.76383876801
4.19397592545		2.75876522064
4.19748091698		2.49997138977
4.20097088814		2.28684806824
4.2044699192		2.50504589081
4.20797085762		2.81965732574
4.21147799492		2.68772315979
4.21498680115		2.40863323212
4.21847081184		2.29699611664
4.22197079659		2.63190555573
4.22546482086		2.81458282471
4.2289648056		2.59638500214
4.23246788979		2.33759117126
4.23597598076		2.36803817749
4.23947477341		2.74861621857
4.24298381805		2.76383876801
4.24647283554		2.51519489288
4.2499768734		2.2919216156
4.25348877907		2.48474884033
4.25697898865		2.81458282471
4.26047587395		2.69787216187
4.26398396492		2.42893028259
4.26748895645		2.29699611664
4.27099394798		2.62175655365
4.27447891235		2.81458282471
4.27797889709		2.61160755157
4.28148889542		2.3426656723
4.28497982025		2.35281467438
4.28847885132		2.73339271545
4.29198789597		2.77398777008
4.29548192024		2.53041744232
4.29897999763		2.29699611664
4.30248880386		2.46445083618
4.30598282814		2.80443382263
4.30949497223		2.7029466629
4.31299495697		2.43907928467
4.31648397446		2.28684806824
4.31998682022		2.59638500214
4.32348394394		2.81965732574
4.32700181007		2.62175655365
4.33048582077		2.35788917542
4.33398795128		2.3426656723
4.33748793602		2.71817016602
4.34098696709		2.78921127319
4.34448885918		2.5405664444
4.34798789024		2.29699611664
4.35149788857		2.44415378571
4.35498785973		2.79428577423
4.35849094391		2.71817016602
4.36199784279		2.45430183411
4.36550188065		2.2817735672
4.36899185181		2.57608699799
4.37249994278		2.82473182678
4.37599277496		2.6420545578
4.37949085236		2.36803817749
4.38301682472		2.32744312286
4.38649177551		2.7029466629
4.38999295235		2.79428577423
4.39349579811		2.55578994751
4.3969938755		2.30207061768
4.40049600601		2.42893028259
4.40399599075		2.78413677216
4.40749692917		2.73339271545
4.41100287437		2.46445083618
4.414498806		2.28684806824
4.41799688339		2.55578994751
4.4215118885		2.81965732574
4.42499279976		2.6522026062
4.42849087715		2.38326072693
4.43199777603		2.31729412079
4.43550086021		2.68264961243
4.43903398514		2.79936027527
4.44250798225		2.56593894958
4.44600081444		2.31729412079
4.44950199127		2.41370677948
4.4530107975		2.77906227112
4.4565038681		2.74861621857
4.46000289917		2.48474884033
4.46350479126		2.28684806824
4.46700286865		2.53549194336
4.47050380707		2.81965732574
4.47400593758		2.66742610931
4.47751688957		2.393409729
4.48100590706		2.31221961975
4.48450684547		2.66742610931
4.48800897598		2.80950832367
4.49151396751		2.58116149902
4.49502491951		2.32236862183
4.49850988388		2.393409729
4.50200891495		2.76891326904
4.50550985336		2.7536907196
4.50901079178		2.49997138977
4.51251578331		2.28684806824
4.51600980759		2.51519489288
4.51951599121		2.81965732574
4.52302098274		2.67757511139
4.52651190758		2.40863323212
4.53001189232		2.30714511871
4.53352594376		2.6420545578
4.53701591492		2.81458282471
4.54051399231		2.5913105011
4.54401493073		2.33251667023
4.54751396179		2.37311172485
4.55103182793		2.7536907196
4.55451893806		2.76383876801
4.55801677704		2.51012039185
4.56152486801		2.2919216156
4.56501579285		2.49489688873
4.56851696968		2.81458282471
4.57202577591		2.68772315979
4.57551980019		2.42385578156
4.57901787758		2.29699611664
4.58252000809		2.62175655365
4.5860209465		2.81965732574
4.5895318985		2.60653305054
4.59302783012		2.3426656723
4.59651994705		2.35788917542
4.60002183914		2.73846721649
4.60352396965		2.77398777008
4.60703992844		2.52534389496
4.61052393913		2.29699611664
4.6140229702		2.46952533722
4.61752295494		2.80950832367
4.62102293968		2.7029466629
4.62452197075		2.43907928467
4.62802195549		2.2919216156
4.63152194023		2.60653305054
4.63503098488		2.81458282471
4.63852596283		2.61668205261
4.64203500748		2.35281467438
4.64553880692		2.34774017334
4.64903187752		2.72324466705
4.65253591537		2.78413677216
4.65602898598		2.5405664444
4.65952897072		2.30207061768
4.66304779053		2.45430183411
4.66652989388		2.80443382263
4.67003488541		2.71309566498
4.67354083061		2.44922733307
4.67703485489		2.28684806824
4.68053197861		2.58116149902
4.68403697014		2.81965732574
4.68753385544		2.63698005676
4.69103384018		2.36803817749
4.69453477859		2.33759117126
4.69803500175		2.7029466629
4.7015478611		2.78921127319
4.70503687859		2.55071544647
4.70853686333		2.30207061768
4.71203780174		2.43907928467
4.71553897858		2.78921127319
4.71905493736		2.72831821442
4.72254490852		2.46445083618
4.72603797913		2.28684806824
4.72953796387		2.56086444855
4.73304080963		2.81965732574
4.73654580116		2.64712810516
4.74004077911		2.37818622589
4.74354290962		2.32744312286
4.74704098701		2.68772315979
4.75053977966		2.79428577423
4.75404286385		2.56593894958
4.75755286217		2.31221961975
4.76104688644		2.41878128052
4.76454591751		2.77906227112
4.76804494858		2.73846721649
4.77155089378		2.47459983826
4.77506184578		2.28684806824
4.77854299545		2.54564094543
4.78204679489		2.81965732574
4.78554677963		2.66235160828
4.78904485703		2.393409729
4.79254794121		2.31729412079
4.79604697227		2.66742610931
4.79954695702		2.80443382263
4.80304980278		2.57608699799
4.8065469265		2.32236862183
4.81004881859		2.39848423004
4.81356287003		2.76891326904
4.81705284119		2.7536907196
4.8205499649		2.49489688873
4.82404780388		2.2919216156
4.82754182816		2.52026939392
4.83105778694		2.81458282471
4.83455586433		2.67250061035
4.83805394173		2.40355873108
4.84156084061		2.30714511871
4.845058918		2.6522026062
4.8485558033		2.80950832367
4.85206198692		2.58623600006
4.85555481911		2.33251667023
4.85905385017		2.37818622589
4.86255598068		2.75876522064
4.86605787277		2.76383876801
4.86956882477		2.50504589081
4.87306189537		2.2919216156
4.876557827		2.49997138977
4.88005900383		2.81458282471
4.88356089592		2.68264961243
4.88707494736		2.41878128052
4.89055991173		2.30207061768
4.89406085014		2.63190555573
4.89755797386		2.81458282471
4.90105986595		2.59638500214
4.90456581116		2.3426656723
4.90806078911		2.36803817749
4.91156578064		2.74354171753
4.91506385803		2.76891326904
4.9185628891		2.52026939392
4.92207098007		2.29699611664
4.9255797863		2.48474884033
4.92906594276		2.80950832367
4.9325709343		2.69787216187
4.93606686592		2.42893028259
4.93956589699		2.2919216156
4.94308185577		2.61160755157
4.94656682014		2.81458282471
4.95006680489		2.61160755157
4.95357680321		2.34774017334
4.95706892014		2.34774017334
4.96056890488		2.72831821442
4.96407580376		2.77906227112
4.96756982803		2.53041744232
4.97106981277		2.29699611664
4.9745759964		2.46445083618
4.97806978226		2.80443382263
4.98158478737		2.70802116394
4.98507380486		2.44415378571
4.98857188225		2.2919216156
4.99207878113		2.58623600006
4.9955728054		2.81965732574
4.99908995628		2.62683105469
